 	Volume (pixel^3)	Surface (pixel^2)	Nb of obj. voxels	Nb of surf. voxels	IntDen	Mean	StdDev	Median	Min	Max	X	Y	Z	Mean dist. to surf. (pixel)	SD dist. to surf. (pixel)	Median dist. to surf. (pixel)	XM	YM	ZM	BX	BY	BZ	B-width	B-height	B-depth
1	2472	1566	2472	949	59328	24	0	24	24	24	861.427	428.119	6.814	8.580	2.280	8.459	861.427	428.119	6.814	853	416	1	18	26	12
2	3872	2218	3872	1241	197472	51	0	51	51	51	885.496	466.362	7.356	10.228	3.094	9.906	885.499	466.362	7.356	874	454	1	29	26	15
3	5464	2878	5464	1844	305984	56	0	56	56	56	859.200	504.581	7.418	11.925	3.611	12.040	859.231	504.582	7.418	842	486	1	35	32	13
4	3398	2026	3398	1248	95144	28	0	28	28	28	799.507	512.788	6.376	9.849	2.669	9.882	799.512	512.788	6.376	788	496	1	24	28	15
5	3194	2238	3194	1349	92626	29	0	29	29	29	801.647	532.649	7.151	9.189	2.403	9.373	801.637	532.649	7.151	791	524	1	21	23	17
6	3801	1990	3801	1280	334488	88	0	88	88	88	842.620	544.665	7.812	9.993	2.566	9.963	842.639	544.666	7.812	831	534	1	28	22	14
7	8663	4134	8663	2503	1983827	229	0	229	229	229	818.433	597.099	8.571	13.521	3.728	13.573	818.436	597.102	8.571	795	581	1	41	33	18
8	3780	2232	3780	1358	136080	36	0	36	36	36	766.786	597.875	6.613	10.114	2.727	10.220	766.768	597.875	6.613	752	584	1	27	28	12
9	1642	1094	1642	679	62396	38	0	38	38	38	801.880	615.794	6.079	7.148	1.559	7.107	801.887	615.794	6.079	794	609	1	19	16	12
10	8099	4386	8099	2712	550732	68	0	68	68	68	809.867	635.555	6.302	14.585	5.064	14.523	809.852	635.554	6.302	788	615	1	38	46	13
11	1522	1078	1522	666	25874	17	0	17	17	17	776.578	376.568	6.057	7.092	1.809	7.379	776.574	376.568	6.057	766	370	2	21	15	10
12	6448	4032	6448	2279	780208	121	0	121	121	121	900.591	387.455	8.450	13.287	4.457	13.500	900.588	387.454	8.450	888	365	2	31	45	14
13	1357	1442	1357	749	24426	18	0	18	18	18	756.880	381.812	5.680	8.618	3.593	8.402	756.880	381.812	5.680	745	366	2	24	28	8
14	2492	1394	2492	893	304024	122	0	122	122	122	883.568	389.127	8.996	8.333	1.682	8.218	883.564	389.127	8.996	874	382	2	19	18	14
15	1584	1220	1584	696	33264	21	0	21	21	21	791.107	400.115	5.725	7.490	2.136	7.589	791.100	400.115	5.725	781	390	2	23	20	8
16	4625	2558	4625	1622	346875	75	0	75	75	75	859.410	389.836	7.520	11.084	3.223	11.189	859.416	389.835	7.520	848	374	2	25	34	13
17	1077	940	1077	509	23694	22	0	22	22	22	875.270	401.334	6.556	6.507	2.039	6.356	875.270	401.334	6.556	867	394	2	21	21	10
18	2158	1388	2158	836	99268	46	0	46	46	46	762.257	405.772	7.068	8.153	2.091	7.910	762.267	405.772	7.068	755	395	2	17	25	11
19	3783	2458	3783	1346	177801	47	0	47	47	47	916.119	418.459	7.119	11.248	4.400	10.075	916.123	418.460	7.119	903	394	2	27	44	12
20	2469	1968	2469	1085	120981	49	0	49	49	49	787.273	428.074	6.903	9.854	3.963	9.464	787.267	428.073	6.903	775	413	2	33	28	10
21	1354	972	1354	585	105612	78	0	78	78	78	851.476	438.632	7.586	6.950	1.819	6.596	851.483	438.632	7.586	842	433	2	22	11	12
22	735	704	735	408	144060	196	0	196	196	196	893.275	444.850	9.707	5.542	1.558	5.464	893.271	444.850	9.707	886	440	2	16	10	13
23	3138	1752	3138	1081	407940	130	0	130	130	130	760.624	455.021	8.524	9.103	1.932	9.115	760.619	455.020	8.524	748	448	2	27	19	14
24	5366	3130	5366	1855	429280	80	0	80	80	80	839.293	449.551	8.900	12.802	4.760	12.299	839.273	449.551	8.900	822	436	2	45	28	15
25	1309	936	1309	552	32725	25	0	25	25	25	774.646	461.552	6.543	6.516	1.307	6.697	774.640	461.552	6.543	769	453	2	14	17	11
26	186	302	186	133	1116	6	0	6	6	6	698.774	470.968	5.231	3.700	1.249	3.670	698.774	470.968	5.231	694	467	2	10	10	7
27	6838	4198	6838	2417	1873612	274	0	274	274	274	868.971	460.298	10.272	14.180	5.355	14.127	868.969	460.297	10.272	850	439	2	51	43	15
28	2052	1362	2052	794	170316	83	0	83	83	83	762.288	474.369	8.301	7.834	1.698	8.028	762.291	474.370	8.301	753	466	2	20	17	12
29	1853	1184	1853	704	100062	54	0	54	54	54	877.057	488.787	7.910	7.628	1.777	7.339	877.065	488.788	7.910	872	479	2	13	20	13
30	1468	1000	1468	622	38168	26	0	26	26	26	780.815	493.986	6.595	6.869	1.439	7.065	780.815	493.986	6.595	773	485	2	17	16	13
31	6162	3154	6162	1927	523770	85	0	85	85	85	759.198	498.772	7.839	12.261	3.564	12.196	759.189	498.773	7.839	738	484	2	37	32	14
32	2294	1516	2294	903	121582	53	0	53	53	53	855.744	487.827	7.776	8.469	2.204	8.397	855.738	487.827	7.776	845	475	2	22	22	12
33	555	768	555	350	14985	27	0	27	27	27	691.841	495.786	6.189	5.523	2.203	5.328	691.841	495.786	6.189	683	485	2	17	18	10
34	2350	1396	2350	881	202100	86	0	86	86	86	776.728	507.683	7.927	8.109	1.627	8.047	776.735	507.683	7.927	769	499	2	19	17	14
35	2560	1740	2560	1058	151040	59	0	59	59	59	783.057	526.153	6.132	9.359	3.332	9.087	783.061	526.152	6.132	771	512	2	21	37	10
36	1370	1074	1370	641	79460	58	0	58	58	58	755.426	518.173	6.909	7.377	2.515	6.963	755.420	518.173	6.909	741	514	2	26	10	11
37	4579	2550	4579	1617	274740	60	0	60	60	60	847.581	526.001	7.354	11.355	3.581	11.018	847.601	525.999	7.354	828	516	2	39	20	12
38	1990	1340	1990	832	59700	30	0	30	30	30	759.907	531.075	5.881	8.184	2.477	8.197	759.915	531.075	5.881	747	524	2	29	20	9
39	1361	1162	1361	660	390607	287	0	287	287	287	815.824	532.463	9.943	7.137	2.056	6.872	815.826	532.467	9.943	804	528	2	22	19	16
40	1668	1178	1668	693	148452	89	0	89	89	89	774.612	544.847	7.517	7.365	1.863	7.450	774.608	544.847	7.517	765	536	2	21	16	10
41	5919	3384	5919	1936	846417	143	0	143	143	143	631.520	527.608	9.219	12.105	3.601	12.432	631.521	527.611	9.219	617	512	2	37	36	14
42	2221	1588	2221	895	135481	61	0	61	61	61	667.148	539.985	7.032	8.391	2.409	8.458	667.144	539.985	7.032	656	526	2	20	26	12
43	3925	2650	3925	1434	361100	92	0	92	92	92	752.751	558.537	8.593	10.303	2.735	10.418	752.764	558.537	8.593	737	545	2	33	27	15
44	2014	1384	2014	827	64448	32	0	32	32	32	779.170	558.776	6.376	8.026	2.273	8.114	779.170	558.776	6.376	767	551	2	25	18	10
45	2944	1776	2944	1082	182528	62	0	62	62	62	689.619	561.137	7.234	9.065	2.287	9.421	689.629	561.138	7.234	679	552	2	24	20	12
46	2363	1848	2363	1014	682907	289	0	289	289	289	822.777	543.350	10.245	8.915	2.903	8.356	822.788	543.351	10.245	811	530	2	20	31	15
47	4555	2888	4555	1689	428170	94	0	94	94	94	800.716	565.109	8.972	11.581	3.975	10.954	800.724	565.109	8.972	786	551	2	33	31	17
48	4391	2766	4391	1669	281024	64	0	64	64	64	806.893	577.284	7.721	10.904	3.206	10.885	806.893	577.284	7.721	790	567	2	33	29	17
49	2162	1806	2162	974	209714	97	0	97	97	97	830.005	575.332	8.468	8.392	2.627	8.549	830.007	575.332	8.468	821	562	2	23	23	14
50	2746	1768	2746	1028	178490	65	0	65	65	65	690.985	580.517	7.430	9.098	2.672	9.048	690.980	580.516	7.430	678	572	2	29	20	12
51	3441	2492	3441	1385	127317	37	0	37	37	37	781.456	608.065	6.535	11.138	4.134	11.045	781.449	608.065	6.535	765	587	2	30	41	15
52	1290	1036	1290	576	45150	35	0	35	35	35	794.626	594.970	6.447	6.863	1.900	6.735	794.631	594.970	6.447	786	585	2	17	21	13
53	2497	1840	2497	975	986315	395	0	395	395	395	784.029	629.397	12.507	8.482	2.231	8.712	784.030	629.397	12.507	775	620	2	20	25	17
54	2052	1432	2052	858	80028	39	0	39	39	39	696.760	640.325	6.981	7.741	1.772	7.842	696.768	640.326	6.981	686	632	2	23	17	14
55	3088	1840	3088	1114	370560	120	0	120	120	120	703.709	371.216	9.184	9.308	2.344	9.082	703.723	371.216	9.184	693	359	3	23	22	13
56	2033	1490	2033	860	32528	16	0	16	16	16	725.790	368.940	6.547	8.225	2.329	8.412	725.790	368.940	6.547	716	359	3	25	24	9
57	2522	1486	2522	920	474136	188	0	188	188	188	879.914	372.491	9.768	8.317	1.583	8.393	879.921	372.491	9.768	872	360	3	16	22	14
58	1761	1140	1761	711	130314	74	0	74	74	74	716.012	384.133	7.573	7.388	1.696	7.606	716.004	384.133	7.573	706	375	3	21	17	13
59	1600	1234	1600	775	32000	20	0	20	20	20	775.189	392.902	6.261	8.096	3.184	7.694	775.189	392.902	6.261	764	384	3	30	20	7
60	707	678	707	322	31815	45	0	45	45	45	932.936	392.204	7.246	5.525	1.454	5.278	932.933	392.204	7.246	926	385	3	14	16	10
61	1777	1222	1777	757	40871	23	0	23	23	23	747.249	403.792	6.383	7.673	2.070	7.782	747.256	403.792	6.383	736	390	3	19	23	10
62	628	624	628	351	47728	76	0	76	76	76	887.293	406.701	7.745	5.508	1.996	5.147	887.293	406.701	7.745	874	401	3	22	10	9
63	2423	1566	2423	954	116304	48	0	48	48	48	749.281	422.216	6.416	8.693	2.495	8.903	749.281	422.216	6.416	736	414	3	26	20	8
64	2982	2032	2982	1181	372750	125	0	125	125	125	880.205	420.944	8.252	10.318	4.236	9.823	880.202	420.944	8.252	868	407	3	35	27	11
65	876	794	876	455	67452	77	0	77	77	77	847.755	424.075	7.554	6.227	1.853	6.073	847.752	424.075	7.554	838	416	3	16	16	11
66	1762	1416	1762	793	473978	269	0	269	269	269	730.556	428.649	10.438	7.811	2.264	7.569	730.557	428.649	10.438	723	419	3	17	24	13
67	2448	1628	2448	985	193392	79	0	79	79	79	757.838	440.209	9.083	8.606	2.207	8.508	757.842	440.208	9.083	744	428	3	25	19	12
68	2275	1468	2275	834	441350	194	0	194	194	194	894.133	429.604	10.185	8.024	1.823	8.423	894.132	429.605	10.185	885	419	3	20	22	13
69	2090	1442	2090	783	407550	195	0	195	195	195	776.532	443.377	10.263	7.963	1.946	7.902	776.531	443.376	10.263	769	434	3	22	20	14
70	569	666	569	310	74539	131	0	131	131	131	740.763	459.856	8.063	5.174	1.483	5.213	740.764	459.856	8.063	733	454	3	15	13	13
71	2264	1750	2264	922	853528	377	0	377	377	377	796.151	473.941	12.195	8.247	2.291	8.728	796.152	473.942	12.195	785	462	3	24	23	15
72	1231	1078	1231	582	166185	135	0	135	135	135	651.952	479.395	9.128	6.759	1.766	6.915	651.953	479.394	9.128	644	473	3	18	17	11
73	4844	2568	4844	1565	266420	55	0	55	55	55	395.696	494.697	7.314	11.306	3.577	11.233	395.702	494.697	7.314	375	482	3	38	25	10
74	3320	2372	3320	1297	670640	202	0	202	202	202	577.622	488.108	10.715	10.124	3.109	10.158	577.620	488.107	10.715	563	474	3	30	26	15
75	3508	2714	3508	1392	1329532	379	0	379	379	379	740.956	489.915	12.033	9.875	2.888	9.664	740.955	489.914	12.033	725	472	3	29	30	16
76	3424	2308	3424	1330	1133344	331	0	331	331	331	814.754	507.593	11.133	9.891	2.953	9.689	814.756	507.594	11.133	801	494	3	28	28	15
77	1897	1492	1897	812	267477	141	0	141	141	141	695.577	515.813	8.754	7.805	1.887	7.699	695.576	515.812	8.754	685	503	3	21	22	13
78	3017	1822	3017	1050	841743	279	0	279	279	279	680.867	505.682	11.261	9.089	2.090	9.246	680.866	505.682	11.261	668	495	3	28	21	15
79	3402	2346	3402	1375	952560	280	0	280	280	280	605.745	511.976	9.603	10.074	3.175	9.980	605.753	511.975	9.603	592	502	3	32	22	13
80	197	290	197	136	1773	9	0	9	9	9	665.980	511.909	5.122	3.636	1.289	3.366	665.980	511.909	5.122	663	506	3	7	13	6
81	4548	2496	4548	1501	959628	211	0	211	211	211	270.954	524.685	9.623	10.574	2.712	10.631	270.955	524.689	9.623	260	512	3	22	32	15
82	3793	2400	3793	1400	1077212	284	0	284	284	284	681.081	526.199	9.632	10.776	3.885	9.983	681.084	526.199	9.632	666	517	3	36	18	14
83	683	812	683	383	59421	87	0	87	87	87	708.441	525.886	9.073	5.953	2.005	6.063	708.442	525.886	9.073	703	515	3	11	18	14
84	2794	1750	2794	1067	407924	146	0	146	146	146	685.893	542.565	8.529	8.839	2.021	8.797	685.890	542.564	8.529	676	534	3	24	19	13
85	1406	1178	1406	632	302290	215	0	215	215	215	751.080	541.316	10.063	6.949	1.700	6.884	751.080	541.315	10.063	743	533	3	20	17	13
86	2630	1722	2630	973	236700	90	0	90	90	90	646.211	547.361	7.706	8.753	2.292	9.087	646.205	547.360	7.706	631	535	3	27	24	11
87	1725	1078	1725	652	163875	95	0	95	95	95	627.507	573.223	8.180	7.220	1.484	7.520	627.509	573.223	8.180	618	565	3	18	16	12
88	2237	1576	2237	925	214752	96	0	96	96	96	646.536	574.603	7.653	8.611	2.547	8.588	646.536	574.603	7.653	637	562	3	26	22	10
89	1744	1442	1744	767	268576	154	0	154	154	154	573.800	583.404	8.220	7.771	2.265	7.755	573.797	583.404	8.220	562	573	3	23	23	11
90	4475	3476	4475	1907	438550	98	0	98	98	98	749.286	583.992	8.476	12.135	4.278	11.992	749.276	583.991	8.476	730	570	3	39	37	15
91	3715	2108	3715	1224	835875	225	0	225	225	225	530.852	582.489	10.258	9.858	2.512	9.794	530.860	582.479	10.258	516	571	3	28	25	14
92	1547	1142	1547	641	102102	66	0	66	66	66	512.463	583.504	7.630	7.138	1.761	7.265	512.458	583.504	7.630	501	574	3	20	19	12
93	1897	1184	1897	764	187803	99	0	99	99	99	631.176	589.731	8.132	7.687	1.773	7.997	631.179	589.731	8.132	623	582	3	17	18	11
94	210	352	210	161	630	3	0	3	3	3	707.776	594.210	4.552	4.159	1.584	4.169	707.776	594.210	4.552	700	589	3	14	12	5
95	4035	2324	4035	1406	649635	161	0	161	161	161	514.230	605.122	8.848	10.498	2.919	10.784	514.231	605.123	8.848	502	594	3	26	26	13
96	2179	1446	2179	854	220079	101	0	101	101	101	648.209	594.509	8.263	8.213	2.072	8.258	648.206	594.509	8.263	639	585	3	23	21	11
97	3484	2160	3484	1208	564408	162	0	162	162	162	673.310	613.737	8.715	9.875	2.708	10.003	673.306	613.736	8.715	657	601	3	29	27	12
98	186	308	186	133	1860	10	0	10	10	10	714.903	603.457	5.753	3.702	1.277	3.733	714.903	603.457	5.753	711	599	3	9	11	7
99	3893	2918	3893	1550	1533842	394	0	394	394	394	752.790	613.040	12.808	10.738	3.538	10.582	752.791	613.041	12.808	740	597	3	27	35	16
100	244	354	244	171	2684	11	0	11	11	11	720.762	615.803	5.246	4.140	1.526	4.106	720.762	615.803	5.246	715	610	3	12	12	6
101	2570	1766	2570	967	264710	103	0	103	103	103	697.156	621.396	7.801	8.860	2.468	9.091	697.157	621.396	7.801	685	607	3	23	25	10
102	2582	1792	2582	1027	622262	241	0	241	241	241	639.246	639.016	10.201	9.133	2.817	8.848	639.246	639.016	10.201	633	622	3	17	32	14
103	2237	1548	2237	891	380290	170	0	170	170	170	625.867	636.170	9.024	8.601	2.822	8.080	625.865	636.170	9.024	617	624	3	15	29	13
104	3644	1930	3644	1202	382620	105	0	105	105	105	737.323	648.384	8.568	9.686	2.315	9.512	737.323	648.381	8.568	727	638	3	20	29	14
105	261	352	261	170	3393	13	0	13	13	13	601.234	645.912	5.383	3.944	1.207	3.809	601.234	645.912	5.383	595	641	3	12	9	7
106	2289	1698	2289	1024	556227	243	0	243	243	243	698.360	655.090	9.994	8.599	2.517	8.371	698.359	655.092	9.994	685	645	3	28	21	13
107	160	234	160	103	2400	15	0	15	15	15	793.013	658.069	5.306	3.057	0.610	3.168	793.013	658.069	5.306	790	654	3	7	8	6
108	167	300	167	125	6847	41	0	41	41	41	506.275	657.683	5.994	3.678	1.332	3.462	506.275	657.683	5.994	502	653	3	10	12	6
109	756	970	756	458	52164	69	0	69	69	69	554.046	662.705	6.647	6.303	2.231	6.149	554.044	662.705	6.647	545	654	3	19	19	8
110	5352	2968	5352	1709	1321944	247	0	247	247	247	608.245	670.442	10.285	12.054	3.943	11.604	608.247	670.445	10.285	597	652	3	26	42	14
111	3176	1904	3176	1132	558976	176	0	176	176	176	679.684	652.954	9.355	9.392	2.298	9.528	679.696	652.954	9.355	668	642	3	22	28	13
112	153	250	153	102	6426	42	0	42	42	42	665.516	659.941	5.719	3.116	0.832	3.012	665.516	659.941	5.719	661	656	3	10	9	6
113	1791	1542	1791	774	195219	109	0	109	109	109	711.424	663.190	9.117	8.176	2.796	7.647	711.422	663.190	9.117	702	649	3	21	30	13
114	1964	1360	1964	763	347628	177	0	177	177	177	520.497	671.775	8.934	7.841	1.987	7.847	520.497	671.776	8.934	510	660	3	22	22	11
115	3234	1994	3234	1162	355740	110	0	110	110	110	489.448	667.651	8.815	9.622	2.768	9.783	489.453	667.652	8.815	476	654	3	27	25	12
116	2333	1534	2333	885	415274	178	0	178	178	178	688.814	673.017	8.760	8.387	2.047	8.462	688.810	673.015	8.760	678	665	3	24	20	11
117	1665	1142	1665	697	189810	114	0	114	114	114	426.189	681.705	7.678	7.510	2.030	7.626	426.185	681.705	7.678	415	674	3	23	18	10
118	2105	1354	2105	816	151560	72	0	72	72	72	490.573	688.351	7.399	8.011	2.043	8.418	490.573	688.351	7.399	478	680	3	24	19	9
119	1964	1338	1964	810	231752	118	0	118	118	118	426.192	700.001	8.172	7.966	2.202	7.875	426.197	699.998	8.172	414	692	3	26	20	12
120	6326	3604	6326	2096	1613130	255	0	255	255	255	203.756	705.496	9.398	12.877	4.215	12.766	203.759	705.489	9.398	188	688	3	40	45	14
121	2084	1452	2084	809	389708	187	0	187	187	187	688.867	362.600	9.936	7.946	1.965	8.232	688.868	362.600	9.936	676	354	4	24	19	11
122	1761	1380	1761	774	128553	73	0	73	73	73	777.689	361.237	7.838	7.875	2.366	7.698	777.685	361.237	7.838	767	352	4	25	17	10
123	173	316	173	133	45672	264	0	264	264	264	899.364	363.584	10.439	4.092	1.849	3.882	899.364	363.584	10.439	894	360	4	13	9	11
124	2229	1626	2229	914	590685	265	0	265	265	265	862.279	370.586	10.655	8.189	1.949	8.329	862.278	370.586	10.655	852	358	4	19	22	13
125	2551	1492	2551	933	482139	189	0	189	189	189	838.296	379.833	10.138	8.455	1.783	8.360	838.297	379.833	10.138	828	370	4	21	21	13
126	2059	1662	2059	919	667116	324	0	324	324	324	660.989	384.159	12.251	8.876	3.219	8.603	660.985	384.159	12.251	648	373	4	26	25	13
127	1618	1094	1618	638	430388	266	0	266	266	266	697.456	388.674	10.523	7.037	1.262	7.141	697.453	388.674	10.523	690	382	4	16	16	14
128	3476	2048	3476	1237	660440	190	0	190	190	190	844.943	400.961	9.596	10.286	3.374	10.251	844.944	400.960	9.596	832	388	4	28	28	13
129	2377	1676	2377	893	470646	198	0	198	198	198	592.801	456.414	9.583	8.438	2.138	8.682	592.803	456.413	9.583	580	445	4	24	23	12
130	3971	2372	3971	1344	528143	133	0	133	133	133	510.267	464.466	9.307	10.592	3.249	10.494	510.266	464.465	9.307	496	448	4	29	32	12
131	1928	1324	1928	727	524416	272	0	272	272	272	612.998	452.544	10.975	7.544	1.605	7.729	612.994	452.544	10.975	605	443	4	18	19	12
132	577	656	577	341	216375	375	0	375	375	375	829.468	469.381	12.395	5.117	1.354	5.093	829.468	469.382	12.395	824	465	4	12	10	14
133	176	272	176	127	8800	50	0	50	50	50	458.227	465.176	7.080	3.525	1.232	3.514	458.227	465.176	7.080	455	460	4	8	11	6
134	762	842	762	450	64008	84	0	84	84	84	662.507	486.419	7.451	6.000	1.996	6.023	662.507	486.419	7.451	656	477	4	13	19	9
135	3216	2254	3216	1251	646416	201	0	201	201	201	681.427	481.428	10.210	9.880	2.848	9.753	681.428	481.427	10.210	670	467	4	27	27	13
136	4717	2844	4717	1609	650946	138	0	138	138	138	431.223	492.087	9.792	11.298	3.484	11.396	431.218	492.086	9.792	415	477	4	32	30	12
137	1413	1006	1413	642	192168	136	0	136	136	136	601.863	481.464	9.184	6.950	1.744	6.917	601.863	481.464	9.184	592	476	4	21	12	11
138	2290	1968	2290	1036	865620	378	0	378	378	378	713.141	484.068	12.996	8.720	2.661	8.522	713.141	484.067	12.996	698	474	4	29	21	15
139	4701	2840	4701	1691	1302177	277	0	277	277	277	834.554	496.682	10.700	12.360	4.626	11.432	834.556	496.680	10.700	822	476	4	24	43	14
140	1600	1068	1600	661	219200	137	0	137	137	137	599.347	495.772	9.042	7.120	1.595	7.445	599.344	495.771	9.042	589	489	4	19	15	10
141	1375	1196	1375	646	382250	278	0	278	278	278	512.937	493.998	10.563	6.963	2.089	6.917	512.939	493.998	10.563	502	485	4	23	19	11
142	3085	2018	3085	1112	635510	206	0	206	206	206	454.242	508.531	9.272	9.815	3.060	9.436	454.245	508.532	9.272	445	495	4	26	33	12
143	3143	2034	3143	1134	650601	207	0	207	207	207	581.736	509.442	10.274	9.557	2.621	9.661	581.735	509.441	10.274	569	499	4	26	24	13
144	1933	1354	1933	764	268687	139	0	139	139	139	409.619	509.942	9.240	7.670	1.793	7.883	409.621	509.941	9.240	400	500	4	20	20	10
145	229	398	229	170	13053	57	0	57	57	57	708.790	509.389	7.197	4.406	1.916	4.079	708.790	509.389	7.197	703	506	4	14	11	8
146	3216	1994	3216	1102	668928	208	0	208	208	208	480.355	509.349	10.036	9.325	2.249	9.247	480.350	509.348	10.036	469	497	4	25	29	13
147	1375	980	1375	555	192500	140	0	140	140	140	436.165	513.662	9.318	6.677	1.382	6.724	436.167	513.662	9.318	427	508	4	18	14	10
148	1969	1356	1969	786	279598	142	0	142	142	142	468.163	522.311	9.073	7.846	2.009	8.101	468.167	522.311	9.073	459	512	4	22	21	10
149	939	806	939	473	196251	209	0	209	209	209	391.216	513.048	9.895	5.888	1.483	6.063	391.214	513.048	9.895	383	507	4	16	13	10
150	3417	1988	3417	1116	717570	210	0	210	210	210	249.569	523.191	10.739	9.731	2.780	9.420	249.565	523.190	10.739	238	512	4	25	29	13
151	1186	876	1186	565	394938	333	0	333	333	333	816.336	521.891	11.212	6.404	1.380	6.222	816.337	521.892	11.212	806	517	4	19	10	14
152	2426	1518	2426	901	693836	286	0	286	286	286	395.095	529.207	10.460	8.523	2.097	8.645	395.097	529.208	10.460	385	519	4	21	21	13
153	239	414	239	178	7409	31	0	31	31	31	487.749	531.213	6.155	4.395	1.569	4.467	487.749	531.213	6.155	481	526	4	14	12	6
154	1782	1200	1782	732	256608	144	0	144	144	144	608.975	528.499	9.320	7.437	1.741	7.684	608.975	528.499	9.320	600	521	4	18	18	11
155	2449	1574	2449	859	820415	335	0	335	335	335	369.692	535.478	11.923	8.234	1.843	8.584	369.692	535.479	11.923	359	526	4	22	20	13
156	3000	1850	3000	1054	870000	290	0	290	290	290	309.183	540.821	11.611	9.168	2.273	9.199	309.181	540.821	11.611	295	532	4	25	21	14
157	2047	1378	2047	765	302956	148	0	148	148	148	619.443	552.854	8.705	7.852	1.914	8.220	619.436	552.854	8.705	609	543	4	24	20	10
158	401	496	401	240	58947	147	0	147	147	147	705.913	548.596	9.855	4.383	1.084	4.539	705.914	548.596	9.855	702	544	4	9	10	13
159	3648	2110	3648	1147	795264	218	0	218	218	218	362.118	557.126	10.212	9.741	2.444	9.568	362.115	557.125	10.212	350	546	4	32	23	14
160	1343	1074	1343	609	290088	216	0	216	216	216	397.426	547.589	10.168	6.835	1.724	7.034	397.426	547.590	10.168	389	541	4	18	17	12
161	1754	1240	1754	660	263100	150	0	150	150	150	567.976	558.494	8.891	7.478	1.813	7.588	567.980	558.494	8.891	555	551	4	24	17	10
162	2036	1602	2036	919	189348	93	0	93	93	93	840.247	563.505	8.370	8.505	2.792	8.244	840.244	563.505	8.370	824	556	4	26	22	12
163	387	516	387	246	85140	220	0	220	220	220	706.848	559.656	9.863	4.647	1.508	4.740	706.848	559.656	9.863	703	555	4	11	11	13
164	2474	1634	2474	938	373574	151	0	151	151	151	394.737	571.494	8.546	8.632	2.355	9.067	394.740	571.493	8.546	385	558	4	20	29	10
165	179	282	179	127	11277	63	0	63	63	63	346.358	566.838	6.821	3.481	1.109	3.562	346.358	566.838	6.821	342	563	4	10	10	7
166	198	290	198	133	6534	33	0	33	33	33	535.323	566.924	6.045	3.551	1.093	3.590	535.323	566.924	6.045	531	562	4	9	10	7
167	5073	2732	5073	1597	1131279	223	0	223	223	223	367.551	575.564	9.980	11.306	3.368	10.975	367.555	575.561	9.980	351	561	4	34	28	13
168	2220	1414	2220	882	490620	221	0	221	221	221	502.243	562.448	9.703	8.253	2.261	8.461	502.244	562.450	9.703	493	548	4	17	26	12
169	252	410	252	198	8568	34	0	34	34	34	341.190	581.103	6.075	4.497	1.729	4.514	341.190	581.103	6.075	336	575	4	13	13	5
170	1550	1064	1550	597	237150	153	0	153	153	153	191.704	576.101	8.934	6.954	1.593	7.445	191.702	576.100	8.934	184	567	4	17	19	10
171	1889	1408	1889	753	653594	346	0	346	346	346	548.205	592.353	12.033	7.635	1.654	7.469	548.204	592.353	12.033	538	582	4	20	22	14
172	2054	1690	2054	897	322478	157	0	157	157	157	613.949	593.251	9.450	8.626	2.873	8.267	613.949	593.252	9.450	602	581	4	20	31	11
173	2331	1514	2331	856	361305	155	0	155	155	155	279.398	585.920	9.174	8.328	2.178	8.675	279.400	585.920	9.174	270	575	4	22	24	10
174	1972	1270	1972	698	307632	156	0	156	156	156	431.130	590.858	8.742	7.576	1.579	7.881	431.135	590.859	8.742	422	580	4	19	22	11
175	2178	1348	2178	769	217800	100	0	100	100	100	475.991	591.822	8.575	7.935	1.914	8.370	475.985	591.821	8.575	465	582	4	25	21	10
176	2028	1366	2028	777	320424	158	0	158	158	158	267.858	601.975	9.165	7.877	2.024	8.265	267.861	601.976	9.165	258	592	4	21	21	10
177	4150	2672	4150	1549	1772050	427	0	427	427	427	572.047	618.571	13.967	11.779	4.417	11.669	572.049	618.574	13.967	561	598	4	22	40	16
178	2129	1300	2129	776	632313	297	0	297	297	297	181.952	591.646	11.383	7.763	1.577	8.092	181.951	591.645	11.383	174	582	4	18	20	13
179	1541	1084	1541	635	157182	102	0	102	102	102	460.848	607.796	8.202	7.119	1.832	7.541	460.852	607.795	8.202	448	599	4	22	18	9
180	1711	1184	1711	686	395241	231	0	231	231	231	493.807	604.488	10.411	7.382	1.848	7.380	493.808	604.488	10.411	486	595	4	15	22	12
181	176	266	176	125	11792	67	0	67	67	67	656.858	607.909	7.000	3.287	0.977	3.218	656.858	607.909	7.000	652	605	4	11	8	6
182	2005	1260	2005	729	328820	164	0	164	164	164	235.950	613.306	8.912	7.682	1.829	8.099	235.948	613.306	8.912	226	603	4	20	21	10
183	2013	1464	2013	830	320067	159	0	159	159	159	537.287	602.785	9.416	7.911	1.963	8.157	537.287	602.783	9.416	528	592	4	23	22	14
184	1435	1156	1435	630	500815	349	0	349	349	349	539.426	632.102	11.931	7.110	1.953	7.160	539.425	632.102	11.931	531	621	4	17	21	13
185	1362	1078	1362	587	473976	348	0	348	348	348	516.195	627.789	11.239	6.834	1.601	6.828	516.198	627.790	11.239	508	620	4	17	17	12
186	1330	1138	1330	629	317870	239	0	239	239	239	134.048	637.074	9.959	7.041	2.079	7.185	134.049	637.073	9.959	125	627	4	22	20	10
187	1600	1386	1600	728	377600	236	0	236	236	236	336.288	629.019	9.931	7.677	2.412	7.609	336.292	629.019	9.931	324	619	4	24	21	11
188	2094	1262	2094	783	358074	171	0	171	171	171	460.330	637.618	8.670	7.814	1.757	8.268	460.333	637.617	8.670	451	628	4	19	20	10
189	1710	1234	1710	697	297540	174	0	174	174	174	349.974	639.309	8.823	7.397	1.886	7.676	349.977	639.308	8.823	340	628	4	21	21	10
190	8969	5344	8969	2995	2744514	306	0	306	306	306	763.175	646.880	11.170	15.115	4.944	15.461	763.177	646.879	11.170	744	625	4	46	45	15
191	1413	1014	1413	584	247275	175	0	175	175	175	226.958	642.124	8.640	6.826	1.567	7.142	226.959	642.126	8.640	218	632	4	18	18	10
192	1687	1308	1687	717	514535	305	0	305	305	305	677.641	633.557	10.891	7.277	1.669	7.398	677.641	633.557	10.891	668	625	4	20	19	12
193	242	426	242	179	57596	238	0	238	238	238	503.657	637.380	9.021	4.424	1.726	4.161	503.657	637.380	9.021	499	630	4	10	14	11
194	176	304	176	127	18304	104	0	104	104	104	587.466	640.648	7.080	3.904	1.542	3.921	587.466	640.648	7.080	581	637	4	13	9	7
195	2199	1464	2199	856	380427	173	0	173	173	173	478.337	642.054	8.914	8.440	2.647	8.553	478.336	642.052	8.914	470	630	4	27	23	10
196	1373	1048	1373	585	481923	351	0	351	351	351	313.480	650.598	12.069	6.748	1.628	6.849	313.481	650.600	12.069	304	644	4	20	15	13
197	4030	2550	4030	1414	1253330	311	0	311	311	311	587.269	672.747	10.534	10.493	2.939	10.331	587.266	672.750	10.534	575	653	4	23	34	14
198	2845	1742	2845	972	699870	246	0	246	246	246	324.555	668.287	9.641	9.039	2.399	9.105	324.557	668.286	9.641	314	649	4	22	30	12
199	1541	1030	1541	637	166428	108	0	108	108	108	425.439	664.864	7.891	7.050	1.666	7.419	425.439	664.863	7.891	417	657	4	19	16	9
200	3256	2338	3256	1292	582824	179	0	179	179	179	542.578	681.593	8.986	9.981	2.964	10.135	542.578	681.593	8.986	530	667	4	29	36	12
201	1792	1164	1792	676	198912	111	0	111	111	111	443.059	672.102	7.731	7.408	1.762	7.810	443.062	672.101	7.731	433	663	4	22	19	9
202	214	308	214	135	14980	70	0	70	70	70	721.192	674.159	7.234	3.571	0.993	3.533	721.192	674.159	7.234	718	669	4	9	10	8
203	1411	1150	1411	648	355572	252	0	252	252	252	313.693	681.172	9.640	7.371	2.276	7.147	313.696	681.173	9.640	305	667	4	18	24	13
204	1457	1314	1457	675	361336	248	0	248	248	248	630.274	678.826	9.863	7.879	2.805	7.066	630.280	678.827	9.863	619	667	4	22	27	12
205	2865	1644	2865	937	713385	249	0	249	249	249	401.958	677.801	9.704	8.746	1.828	8.848	401.958	677.800	9.704	389	668	4	26	22	13
206	1252	932	1252	555	88892	71	0	71	71	71	507.896	681.319	7.524	6.598	1.641	6.920	507.900	681.319	7.524	501	671	4	16	20	8
207	2984	1820	2984	1072	746000	250	0	250	250	250	168.802	680.342	10.017	9.421	2.762	9.129	168.800	680.340	10.017	157	670	4	32	22	12
208	3140	2210	3140	1306	568340	181	0	181	181	181	408.694	693.096	9.333	10.928	4.239	10.452	408.693	693.096	9.333	387	680	4	36	27	11
209	1689	1160	1689	634	195924	116	0	116	116	116	214.459	688.313	8.017	7.215	1.614	7.441	214.459	688.313	8.017	205	680	4	19	19	11
210	3128	1852	3128	1020	985320	315	0	315	315	315	261.621	692.824	10.982	9.127	2.047	9.047	261.621	692.822	10.982	252	681	4	26	25	14
211	2394	1742	2394	990	435708	182	0	182	182	182	522.653	692.708	8.967	8.777	2.636	9.062	522.656	692.707	8.967	511	683	4	24	28	11
212	1879	1180	1879	702	219843	117	0	117	117	117	470.387	697.328	7.927	7.506	1.860	7.991	470.384	697.328	7.927	461	688	4	20	20	9
213	1669	1240	1669	683	527404	316	0	316	316	316	299.575	693.299	10.993	7.363	1.904	7.649	299.578	693.301	10.993	291	684	4	21	20	12
214	1882	1336	1882	744	344406	183	0	183	183	183	60.439	700.497	8.578	8.039	2.630	7.894	60.439	700.497	8.578	50	691	4	24	24	10
215	2042	1358	2042	778	375728	184	0	184	184	184	160.101	713.383	9.053	7.870	1.930	8.238	160.101	713.384	9.053	150	704	4	24	19	10
216	856	676	856	415	274776	321	0	321	321	321	202.207	726.419	10.915	5.694	1.193	5.615	202.206	726.419	10.915	199	721	4	8	15	13
217	1905	1314	1905	800	501015	263	0	263	263	263	847.113	361.174	10.868	7.880	2.232	8.094	847.115	361.174	10.868	839	350	5	24	22	11
218	3155	2132	3155	1238	602605	191	0	191	191	191	710.114	399.573	9.990	9.861	2.847	9.524	710.122	399.573	9.990	696	385	5	32	29	13
219	1925	1364	1925	755	236775	123	0	123	123	123	630.579	413.243	9.524	7.874	2.231	8.153	630.581	413.243	9.524	620	402	5	21	26	9
220	1857	1428	1857	748	501390	270	0	270	270	270	626.306	438.130	10.558	7.973	2.402	7.744	626.307	438.131	10.558	618	424	5	18	28	11
221	1405	988	1405	581	178435	127	0	127	127	127	653.828	441.426	9.412	6.783	1.491	7.080	653.831	441.425	9.412	647	433	5	17	18	9
222	298	450	298	202	97446	327	0	327	327	327	508.953	436.376	10.128	4.881	2.184	4.491	508.954	436.376	10.128	505	429	5	8	17	11
223	1763	1266	1763	727	347311	197	0	197	197	197	638.442	447.556	9.897	7.830	2.472	7.600	638.441	447.556	9.897	631	437	5	18	28	10
224	388	528	388	242	50052	129	0	129	129	129	520.979	450.369	8.876	4.772	1.667	4.546	520.979	450.368	8.876	517	444	5	10	16	10
225	529	922	529	400	144417	273	0	273	273	273	543.733	458.149	9.733	6.560	3.106	6.201	543.732	458.149	9.733	536	444	5	17	25	12
226	1485	1178	1485	638	196020	132	0	132	132	132	661.562	458.856	9.331	7.282	2.159	7.363	661.556	458.855	9.331	652	450	5	24	19	9
227	613	840	613	381	49653	81	0	81	81	81	533.809	462.654	8.586	5.778	2.036	5.628	533.807	462.654	8.586	525	454	5	17	17	9
228	186	304	186	137	24924	134	0	134	134	134	476.661	473.602	9.516	3.451	0.999	3.427	476.661	473.602	9.516	473	469	5	9	10	9
229	1599	1324	1599	777	596427	373	0	373	373	373	602.941	468.595	11.836	8.119	3.230	7.543	602.940	468.595	11.836	587	458	5	27	19	12
230	243	454	243	193	19926	82	0	82	82	82	715.280	466.477	7.848	4.758	1.899	4.686	715.280	466.477	7.848	710	459	5	11	17	6
231	1313	1336	1313	716	493688	376	0	376	376	376	843.759	474.190	12.006	6.699	1.946	6.852	843.765	474.191	12.006	832	465	5	22	19	12
232	2361	1646	2361	881	651636	276	0	276	276	276	526.576	481.538	10.808	8.346	2.179	8.446	526.571	481.537	10.808	517	471	5	22	22	12
233	188	328	188	137	9776	52	0	52	52	52	828.436	481.154	7.404	4.308	1.991	4.184	828.436	481.154	7.404	823	476	5	15	11	6
234	1218	968	1218	552	248472	204	0	204	204	204	614.878	493.172	9.323	6.500	1.548	6.729	614.882	493.172	9.323	608	485	5	16	16	9
235	157	306	157	133	32185	205	0	205	205	205	498.280	504.917	9.439	3.605	1.380	3.583	498.280	504.917	9.439	494	501	5	10	10	8
236	1303	1014	1303	559	539442	414	0	414	414	414	316.185	519.925	13.262	6.597	1.522	6.692	316.186	519.925	13.262	310	513	5	16	17	14
237	1714	1388	1714	818	483348	282	0	282	282	282	287.030	525.048	9.831	8.306	3.378	7.580	287.030	525.048	9.831	282	514	5	12	31	12
238	2470	1480	2470	845	703950	285	0	285	285	285	526.934	524.670	11.157	8.225	1.899	8.736	526.933	524.667	11.157	517	515	5	21	21	11
239	2341	1552	2341	939	777212	332	0	332	332	332	300.823	521.681	12.085	8.427	2.207	8.296	300.826	521.682	12.085	293	511	5	20	23	13
240	3676	2602	3676	1474	1407908	383	0	383	383	383	734.656	533.130	13.387	10.272	2.939	10.534	734.661	533.139	13.387	717	521	5	30	27	14
241	3293	1928	3293	1051	958263	291	0	291	291	291	469.016	544.317	10.757	9.207	2.001	9.305	469.015	544.318	10.757	457	533	5	25	24	13
242	2030	1246	2030	739	432390	213	0	213	213	213	212.169	542.035	10.221	7.643	1.599	7.926	212.168	542.036	10.221	202	533	5	21	19	11
243	1909	1312	1909	726	549792	288	0	288	288	288	346.138	542.624	11.263	7.611	1.916	7.956	346.138	542.624	11.263	335	533	5	22	20	11
244	1677	1140	1677	639	358878	214	0	214	214	214	564.745	541.864	10.002	7.167	1.520	7.496	564.748	541.864	10.002	555	534	5	20	17	11
245	4620	2774	4620	1570	1561560	338	0	338	338	338	128.740	550.595	12.184	10.895	2.992	11.153	128.738	550.597	12.184	117	536	5	26	32	14
246	1221	1102	1221	574	181929	149	0	149	149	149	197.890	552.403	9.363	6.707	1.880	6.929	197.889	552.403	9.363	190	542	5	17	21	9
247	1207	934	1207	565	354858	294	0	294	294	294	413.096	553.962	10.501	6.559	1.700	6.975	413.098	553.961	10.501	404	544	5	18	18	10
248	2034	1286	2034	717	593928	292	0	292	292	292	249.973	549.343	11.679	7.687	1.715	8.075	249.970	549.343	11.679	240	537	5	20	23	12
249	1447	1042	1447	595	313999	217	0	217	217	217	220.126	557.422	9.681	6.867	1.585	7.197	220.125	557.421	9.681	210	549	5	20	17	9
250	2409	1654	2409	908	823878	342	0	342	342	342	313.472	563.035	12.217	8.480	2.275	8.578	313.474	563.034	12.217	302	552	5	23	23	13
251	1245	952	1245	539	367275	295	0	295	295	295	157.316	571.561	10.640	6.586	1.660	6.843	157.317	571.560	10.640	150	562	5	16	20	10
252	2001	1438	2001	831	682341	341	0	341	341	341	516.882	558.588	11.255	8.200	2.602	8.117	516.883	558.588	11.255	511	541	5	15	30	12
253	1246	1034	1246	608	189392	152	0	152	152	152	173.388	571.876	9.027	6.777	1.854	6.946	173.388	571.876	9.027	166	561	5	17	18	10
254	1307	956	1307	540	292768	224	0	224	224	224	241.425	574.082	10.613	6.561	1.433	6.679	241.425	574.082	10.613	233	567	5	18	14	10
255	271	408	271	182	93495	345	0	345	345	345	712.159	570.911	11.081	4.082	1.254	4.202	712.158	570.911	11.081	707	566	5	11	10	11
256	1149	940	1149	557	255078	222	0	222	222	222	412.010	569.693	9.604	6.573	1.794	6.621	412.012	569.692	9.604	405	563	5	15	19	9
257	2397	1506	2397	909	544119	227	0	227	227	227	166.895	587.887	10.260	8.348	1.947	8.227	166.896	587.888	10.260	158	577	5	23	22	12
258	1607	1018	1607	616	363182	226	0	226	226	226	241.062	588.552	9.694	7.033	1.499	7.286	241.060	588.552	9.694	232	582	5	19	15	9
259	1663	1210	1663	696	379164	228	0	228	228	228	148.688	590.970	9.509	7.723	2.535	7.709	148.688	590.970	9.509	133	582	5	25	19	9
260	1707	1212	1707	682	510393	299	0	299	299	299	374.507	593.944	10.735	7.302	1.737	7.743	374.508	593.945	10.735	365	585	5	19	19	11
261	1161	872	1161	492	185760	160	0	160	160	160	98.177	605.206	9.659	6.327	1.385	6.373	98.177	605.206	9.659	91	597	5	15	19	10
262	2093	1342	2093	794	341159	163	0	163	163	163	112.782	612.407	9.335	8.057	2.104	8.255	112.784	612.408	9.335	103	600	5	21	23	9
263	1640	1164	1640	639	380480	232	0	232	232	232	134.696	608.115	9.407	7.316	1.922	7.471	134.696	608.115	9.407	126	600	5	22	19	9
264	1380	1040	1380	615	321540	233	0	233	233	233	434.457	611.347	9.605	6.943	1.939	7.352	434.456	611.346	9.605	426	603	5	18	20	10
265	1184	884	1184	489	357568	302	0	302	302	302	161.814	610.092	11.247	6.315	1.322	6.578	161.815	610.092	11.247	154	603	5	17	16	11
266	290	502	290	201	48140	166	0	166	166	166	648.597	616.872	9.272	4.517	1.548	4.467	648.597	616.872	9.272	643	609	5	12	15	9
267	1573	1096	1573	615	368082	234	0	234	234	234	174.549	620.055	10.345	7.041	1.552	7.328	174.547	620.055	10.345	166	611	5	18	19	10
268	2103	1538	2103	831	351201	167	0	167	167	167	388.527	620.846	9.976	8.184	2.244	8.508	388.529	620.847	9.976	376	607	5	23	28	10
269	842	924	842	490	138930	165	0	165	165	165	502.855	621.010	8.283	6.333	2.381	6.184	502.854	621.010	8.283	491	613	5	25	16	7
270	2108	1452	2108	776	640832	304	0	304	304	304	737.777	628.476	11.162	7.880	1.785	8.184	737.787	628.476	11.162	728	615	5	20	22	12
271	761	636	761	371	127848	168	0	168	168	168	101.348	630.030	8.945	5.694	1.680	5.345	101.348	630.030	8.945	92	625	5	20	9	8
272	1834	1280	1834	724	434658	237	0	237	237	237	310.120	636.028	10.710	7.491	1.721	7.674	310.119	636.029	10.710	301	627	5	20	19	11
273	888	692	888	440	152736	172	0	172	172	172	101.401	638.416	8.976	5.963	1.745	5.824	101.401	638.416	8.976	93	635	5	19	9	9
274	1008	786	1008	481	106848	106	0	106	106	106	225.834	656.322	8.159	6.125	1.591	6.214	225.834	656.322	8.159	218	651	5	17	14	7
275	2207	1388	2207	843	534094	242	0	242	242	242	96.174	652.469	9.992	8.051	1.908	8.528	96.172	652.469	9.992	85	643	5	23	20	10
276	2093	1312	2093	778	512785	245	0	245	245	245	178.688	665.869	9.674	7.901	1.839	7.968	178.688	665.868	9.674	166	657	5	24	17	11
277	1405	1164	1405	649	342820	244	0	244	244	244	344.592	668.902	9.455	7.047	2.068	7.527	344.589	668.902	9.455	336	660	5	18	20	9
278	337	412	337	193	104470	310	0	310	310	310	734.905	666.012	11.267	4.224	1.142	4.223	734.906	666.012	11.267	730	661	5	10	10	12
279	2225	1690	2225	927	694200	312	0	312	312	312	640.420	671.254	12.254	8.779	2.785	8.432	640.428	671.254	12.254	632	659	5	21	29	13
280	271	404	271	186	30352	112	0	112	112	112	570.672	675.144	7.624	4.248	1.600	3.963	570.672	675.144	7.624	566	667	5	9	16	6
281	1176	832	1176	536	211680	180	0	180	180	180	185.408	684.311	8.793	6.409	1.562	6.641	185.408	684.311	8.793	179	676	5	15	17	8
282	196	302	196	132	22540	115	0	115	115	115	558.500	685.163	7.480	3.652	1.327	3.254	558.500	685.163	7.480	555	678	5	9	13	7
283	3060	1762	3060	986	960840	314	0	314	314	314	346.927	694.421	11.326	8.933	1.840	9.038	346.926	694.419	11.326	338	683	5	19	24	13
284	2315	1522	2315	880	831085	359	0	359	359	359	49.940	708.695	12.093	7.973	1.403	8.147	49.941	708.694	12.093	42	698	5	18	19	15
285	2972	1860	2972	1130	754888	254	0	254	254	254	34.757	703.754	10.138	9.495	2.864	9.497	34.757	703.753	10.138	23	689	5	25	30	11
286	1160	1026	1160	544	415280	358	0	358	358	358	287.116	705.521	11.371	6.457	1.638	6.448	287.118	705.521	11.371	281	697	5	14	19	12
287	1729	1114	1729	696	549822	318	0	318	318	318	421.910	712.953	10.901	7.330	1.742	7.626	421.912	712.953	10.901	413	707	5	19	16	11
288	1601	1174	1601	652	409856	256	0	256	256	256	140.199	713.261	10.048	7.105	1.656	7.365	140.199	713.261	10.048	131	704	5	18	19	10
289	2786	1678	2786	930	1002960	360	0	360	360	360	250.710	710.938	12.117	8.605	1.785	8.835	250.705	710.938	12.117	241	701	5	20	24	13
290	1499	1108	1499	652	277315	185	0	185	185	185	102.674	725.482	9.242	7.083	1.954	7.641	102.674	725.484	9.242	93	717	5	21	18	9
291	2158	1422	2158	874	554606	257	0	257	257	257	218.198	721.117	10.167	8.229	2.285	8.234	218.197	721.118	10.167	210	708	5	17	26	12
292	2040	1356	2040	805	652800	320	0	320	320	320	189.215	725.539	11.114	7.942	1.923	7.972	189.215	725.539	11.114	179	715	5	19	21	11
293	2268	1330	2268	858	589680	260	0	260	260	260	7.164	725.924	10.675	8.048	1.802	8.276	7.164	725.925	10.675	0	716	5	18	19	12
294	1902	1320	1902	786	492618	259	0	259	259	259	50.555	724.608	10.772	7.556	1.519	7.609	50.556	724.607	10.772	42	718	5	19	16	13
295	1887	1378	1887	757	350982	186	0	186	186	186	60.735	735.959	10.064	8.072	2.496	7.933	60.735	735.958	10.064	46	727	5	26	18	12
296	184	316	184	134	21896	119	0	119	119	119	628.125	364.103	8.815	4.091	1.853	3.983	628.125	364.103	8.815	624	361	6	14	8	7
297	1692	1182	1692	643	549900	325	0	325	325	325	653.081	411.517	12.447	7.135	1.496	7.450	653.081	411.517	12.447	645	403	6	19	18	11
298	703	632	703	341	135679	193	0	193	193	193	726.400	413.053	10.464	5.283	1.172	5.270	726.398	413.052	10.464	719	408	6	16	10	10
299	978	996	978	502	318828	326	0	326	326	326	665.555	431.628	12.699	6.168	1.607	6.187	665.557	431.628	12.699	657	424	6	17	17	12
300	184	342	184	137	23184	126	0	126	126	126	600.908	433.174	8.478	4.243	2.104	3.619	600.908	433.174	8.478	592	428	6	18	10	7
301	1572	1344	1572	725	584784	372	0	372	372	372	691.047	453.852	12.125	7.884	2.704	8.034	691.045	453.851	12.125	683	439	6	23	26	11
302	195	344	195	154	39585	203	0	203	203	203	812.985	489.436	9.821	4.083	1.692	3.761	812.985	489.436	9.821	807	485	6	15	9	8
303	2994	2208	2994	1213	1236522	413	0	413	413	413	726.992	509.670	13.172	10.359	3.907	10.030	726.993	509.670	13.172	708	496	6	34	28	13
304	1217	1032	1217	548	462460	380	0	380	380	380	561.670	500.383	12.371	6.433	1.666	6.782	561.674	500.383	12.371	553	489	6	18	20	11
305	979	966	979	525	275099	281	0	281	281	281	227.866	524.246	11.311	6.336	1.897	6.588	227.865	524.246	11.311	221	515	6	16	19	9
306	1995	1262	1995	774	564585	283	0	283	283	283	205.942	527.217	11.381	7.826	1.915	8.035	205.943	527.217	11.381	198	518	6	19	20	11
307	407	480	407	263	59015	145	0	145	145	145	190.958	539.022	9.592	4.724	1.679	4.545	190.958	539.023	9.592	186	535	6	16	11	7
308	629	812	629	377	211344	336	0	336	336	336	710.940	537.335	11.954	5.393	1.546	5.391	710.940	537.335	11.954	703	531	6	17	15	11
309	1862	1184	1862	706	631218	339	0	339	339	339	327.351	546.989	12.399	7.453	1.588	7.798	327.351	546.990	12.399	320	538	6	17	19	11
310	2691	1786	2691	974	914940	340	0	340	340	340	273.796	550.062	12.958	9.129	2.617	8.830	273.792	550.063	12.958	264	535	6	23	29	13
311	1564	1054	1564	638	650624	416	0	416	416	416	110.003	546.382	14.075	6.999	1.447	7.128	110.003	546.382	14.075	102	538	6	15	17	13
312	3510	2064	3510	1221	1207440	344	0	344	344	344	113.624	569.182	12.418	9.988	2.900	9.829	113.624	569.182	12.418	103	556	6	22	30	13
313	1251	1292	1251	646	527922	422	0	422	422	422	736.514	569.213	12.682	6.768	1.947	6.525	736.514	569.212	12.682	729	561	6	16	19	14
314	844	770	844	406	289492	343	0	343	343	343	767.911	571.142	12.903	5.685	1.279	5.866	767.912	571.142	12.903	761	564	6	14	16	11
315	1659	1082	1659	620	494382	298	0	298	298	298	204.637	588.170	10.683	7.112	1.545	7.557	204.635	588.169	10.683	197	579	6	17	19	10
316	1443	1068	1443	600	500721	347	0	347	347	347	86.274	596.385	11.502	6.871	1.672	7.030	86.275	596.385	11.502	78	589	6	17	17	11
317	1133	878	1133	491	260590	230	0	230	230	230	110.333	595.791	10.220	6.244	1.351	6.432	110.333	595.792	10.220	101	588	6	19	15	10
318	1341	1026	1341	604	402300	300	0	300	300	300	683.446	597.143	10.859	7.072	2.222	6.906	683.450	597.144	10.859	674	589	6	24	18	9
319	1191	876	1191	514	201279	169	0	169	169	169	120.434	630.648	9.516	6.390	1.606	6.774	120.433	630.648	9.516	113	622	6	16	18	8
320	2050	1376	2050	748	631400	308	0	308	308	308	251.140	659.685	10.812	7.739	1.824	8.285	251.136	659.684	10.812	241	650	6	20	21	10
321	2703	1778	2703	1006	954159	353	0	353	353	353	109.369	667.681	11.884	9.371	2.914	9.021	109.368	667.685	11.884	97	655	6	28	24	12
322	239	320	239	161	25573	107	0	107	107	107	70.201	660.075	8.448	3.966	1.437	3.815	70.201	660.075	8.448	64	657	6	14	9	5
323	2108	1414	2108	802	651372	309	0	309	309	309	387.144	666.272	10.536	8.150	2.335	8.321	387.144	666.271	10.536	377	653	6	21	28	9
324	178	288	178	126	20114	113	0	113	113	113	670.601	678.219	8.326	3.655	1.391	3.640	670.601	678.219	8.326	665	675	6	12	7	7
325	1064	916	1064	471	267064	251	0	251	251	251	50.344	684.772	10.187	6.386	1.763	6.379	50.344	684.772	10.187	41	677	6	19	16	10
326	2545	1690	2545	1039	906020	356	0	356	356	356	326.833	691.513	11.367	8.912	2.509	8.750	326.830	691.512	11.367	313	680	6	24	20	12
327	621	956	621	420	270135	435	0	435	435	435	16.451	689.010	13.348	6.319	2.182	6.429	16.451	689.009	13.348	8	681	6	19	19	12
328	3207	2122	3207	1221	1289214	402	0	402	402	402	328.815	707.597	13.377	10.042	3.405	9.881	328.813	707.597	13.377	313	700	6	35	19	13
329	1176	996	1176	560	424536	361	0	361	361	361	297.503	709.375	11.528	6.418	1.359	6.481	297.504	709.375	11.528	292	702	6	13	17	11
330	1071	960	1071	501	339507	317	0	317	317	317	109.595	704.450	11.466	6.304	1.686	6.453	109.594	704.450	11.466	101	695	6	18	18	10
331	2331	1482	2331	935	601398	258	0	258	258	258	27.213	724.528	10.455	8.766	2.699	8.692	27.213	724.529	10.455	17	715	6	24	19	10
332	1457	1108	1457	643	588628	404	0	404	404	404	231.992	715.929	13.167	7.046	1.945	7.123	231.990	715.929	13.167	227	706	6	14	21	12
333	713	676	713	370	260245	365	0	365	365	365	77.150	733.137	11.539	5.533	1.607	5.500	77.150	733.138	11.539	73	725	6	11	17	10
334	1406	1066	1406	629	366966	261	0	261	261	261	159.881	730.117	10.625	7.041	1.971	7.163	159.879	730.117	10.625	149	724	6	23	15	9
335	2242	1506	2242	836	721924	322	0	322	322	322	12.562	743.558	11.043	8.294	2.193	8.351	12.562	743.556	11.043	1	736	6	24	20	11
336	210	320	210	146	55020	262	0	262	262	262	786.681	338.938	10.924	3.563	1.154	3.544	786.682	338.938	10.924	783	334	7	7	12	8
337	2726	1530	2726	970	880498	323	0	323	323	323	827.833	365.412	11.901	8.560	1.664	8.859	827.837	365.412	11.901	819	357	7	20	19	12
338	191	268	191	124	36672	192	0	192	192	192	671.984	410.476	9.990	3.313	0.768	3.333	671.984	410.476	9.990	668	407	7	9	8	6
339	2565	1916	2565	1026	946485	369	0	369	369	369	713.245	424.787	13.102	9.044	2.809	8.976	713.245	424.788	13.102	700	413	7	23	32	12
340	2541	2054	2541	1118	833448	328	0	328	328	328	557.536	429.700	11.926	9.863	3.575	9.909	557.529	429.699	11.926	543	411	7	26	34	10
341	1416	1046	1416	566	580560	410	0	410	410	410	565.360	454.941	14.056	6.739	1.465	6.831	565.359	454.941	14.056	557	447	7	18	17	12
342	1693	1308	1693	712	695823	411	0	411	411	411	818.620	457.242	13.478	7.648	2.234	7.384	818.620	457.242	13.478	810	446	7	16	27	12
343	196	274	196	119	39200	200	0	200	200	200	467.959	477.378	10.352	3.291	0.615	3.275	467.959	477.378	10.352	465	474	7	7	8	8
344	1997	1316	1997	774	762854	382	0	382	382	382	189.287	523.731	13.171	7.886	2.055	7.920	189.289	523.732	13.171	180	514	7	19	24	11
345	745	756	745	401	157940	212	0	212	212	212	591.753	530.046	10.174	5.622	1.536	5.812	591.752	530.046	10.174	583	523	7	16	14	8
346	920	1000	920	511	384560	418	0	418	418	418	732.479	552.449	12.946	6.164	1.977	6.010	732.479	552.450	12.946	722	545	7	21	16	12
347	1502	1072	1502	630	639852	426	0	426	426	426	551.641	610.849	13.955	7.000	1.720	7.273	551.639	610.848	13.955	542	603	7	19	18	12
348	1343	1042	1343	599	315605	235	0	235	235	235	84.759	623.146	10.103	6.873	1.938	7.276	84.760	623.146	10.103	76	613	7	19	19	7
349	1291	936	1291	543	309840	240	0	240	240	240	82.208	639.742	10.021	6.590	1.652	6.919	82.208	639.742	10.021	73	633	7	19	16	7
350	2164	1342	2164	776	761728	352	0	352	352	352	86.548	667.479	12.405	7.903	1.746	8.270	86.548	667.479	12.405	77	658	7	20	22	10
351	254	386	254	181	64262	253	0	253	253	253	656.118	684.902	10.882	4.104	1.471	4.147	656.117	684.901	10.882	652	680	7	11	10	9
352	1418	1062	1418	614	501972	354	0	354	354	354	102.274	688.181	12.471	6.939	1.901	7.313	102.273	688.180	12.471	94	680	7	19	19	10
353	1907	1198	1907	751	680799	357	0	357	357	357	363.841	698.965	11.868	7.640	1.934	7.908	363.840	698.964	11.868	357	689	7	17	21	9
354	1432	986	1432	607	456808	319	0	319	319	319	403.790	713.475	10.906	6.900	1.676	7.359	403.792	713.481	10.906	395	706	7	17	17	8
355	1405	1034	1405	582	563405	401	0	401	401	401	127.856	704.170	12.722	6.800	1.532	7.121	127.856	704.171	12.722	120	695	7	18	19	10
356	483	744	483	337	174846	362	0	362	362	362	447.116	706.592	12.068	5.663	2.285	5.519	447.115	706.592	12.068	438	699	7	20	17	9
357	1375	1026	1375	583	558250	406	0	406	406	406	66.078	717.704	12.965	6.757	1.613	7.149	66.078	717.704	12.965	58	709	7	17	18	11
358	2108	1428	2108	813	771528	366	0	366	366	366	826.035	347.999	13.844	8.061	1.994	8.301	826.037	347.999	13.844	814	335	8	22	22	11
359	1120	866	1120	490	455840	407	0	407	407	407	812.291	373.169	13.532	6.233	1.289	6.388	812.290	373.169	13.532	805	367	8	15	15	11
360	1617	1088	1617	634	595056	368	0	368	368	368	822.006	385.409	12.769	7.202	1.676	7.375	822.014	385.409	12.769	814	376	8	17	20	10
361	169	256	169	113	45292	268	0	268	268	268	540.183	427.065	11.101	3.198	0.833	3.166	540.183	427.065	11.101	537	423	8	8	9	7
362	206	328	206	151	40994	199	0	199	199	199	725.189	470.267	9.612	4.144	1.720	3.980	725.190	470.267	9.612	721	464	8	9	15	5
363	1821	1194	1821	688	608214	334	0	334	334	334	148.585	530.020	11.697	7.573	2.032	7.712	148.587	530.019	11.697	139	521	8	26	19	8
364	282	436	282	199	61758	219	0	219	219	219	166.539	557.844	9.833	4.747	1.751	4.711	166.539	557.844	9.833	161	552	8	15	12	5
365	349	512	349	225	135063	387	0	387	387	387	724.636	561.054	12.524	4.752	1.712	4.630	724.636	561.054	12.524	720	556	8	11	14	10
366	2099	1302	2099	780	881580	420	0	420	420	420	96.206	557.472	14.419	7.928	1.862	8.179	96.205	557.472	14.419	87	547	8	18	23	12
367	1443	982	1443	584	559884	388	0	388	388	388	49.103	567.741	13.083	6.801	1.521	7.143	49.103	567.741	13.083	40	561	8	19	16	10
368	876	888	876	486	341640	390	0	390	390	390	780.946	569.808	12.525	6.524	2.384	5.902	780.946	569.807	12.525	775	557	8	11	24	9
369	422	578	422	268	124912	296	0	296	296	296	779.424	583.988	11.351	4.887	1.705	4.861	779.424	583.988	11.351	773	577	8	15	15	8
370	1527	1072	1527	635	597057	391	0	391	391	391	101.167	583.398	13.094	7.009	1.697	7.354	101.168	583.399	13.094	93	574	8	18	20	10
371	1045	896	1045	493	314545	301	0	301	301	301	333.509	606.339	11.152	6.222	1.690	6.622	333.508	606.339	11.152	325	599	8	18	17	7
372	2091	1412	2091	869	888675	425	0	425	425	425	4.846	609.613	13.407	9.091	3.570	8.452	4.846	609.613	13.407	0	597	8	15	33	11
373	2376	1426	2376	825	940896	396	0	396	396	396	53.371	646.318	13.220	8.156	1.900	8.634	53.371	646.319	13.220	43	636	8	21	21	10
374	160	328	160	135	49120	307	0	307	307	307	293.663	659.025	10.919	3.499	1.266	3.617	293.663	659.025	10.919	289	653	8	11	12	7
375	382	494	382	233	135610	355	0	355	355	355	622.565	690.670	11.293	4.897	1.838	4.778	622.566	690.671	11.293	615	686	8	18	9	9
376	1545	1284	1545	732	567015	367	0	367	367	367	809.742	357.102	12.999	7.527	2.185	7.624	809.744	357.102	12.999	798	345	9	20	23	9
377	384	518	384	247	142464	371	0	371	371	371	670.461	444.120	13.753	4.696	1.570	4.682	670.461	444.120	13.753	664	440	9	12	13	9
378	582	682	582	356	191478	329	0	329	329	329	818.332	437.478	12.632	5.648	2.043	5.579	818.331	437.477	12.632	810	431	9	18	16	8
379	215	318	215	151	58265	271	0	271	271	271	731.116	448.167	12.158	3.631	1.078	3.653	731.117	448.168	12.158	727	444	9	10	8	8
380	438	436	438	249	120450	275	0	275	275	275	776.459	477.386	10.922	4.520	1.214	4.558	776.460	477.386	10.922	773	471	9	10	14	5
381	1343	998	1343	556	553316	412	0	412	412	412	572.010	467.843	14.380	6.706	1.593	6.825	572.012	467.843	14.380	563	460	9	18	17	10
382	1636	1124	1636	638	628224	384	0	384	384	384	157.949	543.229	13.530	7.165	1.683	7.425	157.949	543.229	13.530	148	534	9	20	19	9
383	1621	1064	1621	654	675957	417	0	417	417	417	78.193	552.527	13.924	7.132	1.684	7.555	78.192	552.523	13.924	69	544	9	19	18	9
384	1381	988	1381	552	533066	386	0	386	386	386	14.233	552.540	13.474	6.761	1.594	7.029	14.233	552.542	13.474	5	545	9	19	16	9
385	1562	1108	1562	642	660726	423	0	423	423	423	82.216	580.793	13.485	7.170	1.833	7.421	82.216	580.794	13.485	73	572	9	19	18	9
386	891	840	891	462	350163	393	0	393	393	393	564.310	596.011	12.621	5.921	1.648	6.251	564.309	596.012	12.621	557	588	9	16	17	8
387	180	314	180	138	54540	303	0	303	303	303	714.061	609.883	11.594	3.755	1.502	3.626	714.061	609.883	11.594	709	606	9	12	11	7
388	1080	990	1080	557	378000	350	0	350	350	350	547.857	645.216	12.706	7.009	2.723	6.669	547.859	645.218	12.706	538	638	9	26	16	9
389	1102	946	1102	498	472758	429	0	429	429	429	294.726	675.198	13.691	6.609	1.949	6.398	294.725	675.197	13.691	284	664	9	19	21	9
390	167	274	167	112	52271	313	0	313	313	313	564.192	688.024	11.198	3.310	1.059	3.089	564.191	688.024	11.198	561	683	9	8	11	9
391	160	242	160	110	63680	398	0	398	398	398	669.006	687.638	12.462	3.223	0.985	3.063	669.007	687.638	12.462	664	685	9	11	6	7
392	248	366	248	170	98952	399	0	399	399	399	574.190	692.016	12.423	4.294	1.644	4.328	574.190	692.016	12.423	568	689	9	14	7	8
393	571	552	571	331	230113	403	0	403	403	403	309.331	709.296	12.713	5.099	1.444	4.913	309.332	709.296	12.713	306	701	9	8	17	8
394	150	284	150	112	54450	363	0	363	363	363	349.047	720.327	12.433	3.564	1.373	3.381	349.047	720.327	12.433	344	716	9	9	11	8
395	224	342	224	151	73920	330	0	330	330	330	486.259	464.469	11.719	4.253	1.806	4.013	486.259	464.469	11.719	482	458	10	12	13	5
396	1664	1202	1664	677	690560	415	0	415	415	415	87.133	538.267	13.782	7.488	2.119	7.609	87.134	538.263	13.782	78	524	10	19	25	8
397	275	326	275	147	105875	385	0	385	385	385	715.469	553.418	13.542	3.679	0.534	3.746	715.468	553.418	13.542	712	550	10	9	9	8
398	1055	802	1055	446	410395	389	0	389	389	389	16.876	567.513	13.161	6.084	1.359	6.182	16.876	567.514	13.161	9	562	10	17	13	8
399	211	386	211	163	89464	424	0	424	424	424	722.209	584.445	13.408	4.380	1.889	4.257	722.209	584.445	13.408	717	575	10	11	16	7
400	839	904	839	460	364126	434	0	434	434	434	586.694	652.272	14.752	6.358	2.248	6.446	586.693	652.271	14.752	579	643	10	19	19	9
401	1993	1256	1993	739	853004	428	0	428	428	428	16.002	655.520	14.164	7.677	1.848	8.158	16.002	655.521	14.164	6	646	10	21	21	10
402	1515	1050	1515	607	652965	431	0	431	431	431	137.958	689.644	13.603	6.978	1.701	7.407	137.959	689.642	13.603	129	681	10	19	19	8
403	1322	914	1322	556	571104	432	0	432	432	432	243.797	692.877	13.876	6.672	1.566	6.900	243.797	692.877	13.876	236	684	10	15	18	9
404	536	618	536	301	233696	436	0	436	436	436	15.601	705.597	14.726	5.183	1.579	5.097	15.601	705.597	14.726	8	699	10	15	15	9
405	245	324	245	167	99225	405	0	405	405	405	439.539	713.359	13.045	3.764	1.130	3.664	439.538	713.359	13.045	434	709	10	11	8	6
406	1097	990	1097	555	448673	409	0	409	409	409	799.692	440.413	14.276	6.590	2.029	6.930	799.692	440.413	14.276	790	431	11	19	19	7
407	1126	854	1126	507	471794	419	0	419	419	419	48.580	553.505	14.361	6.343	1.712	6.521	48.580	553.506	14.361	40	545	11	18	15	8
408	1033	966	1033	516	434893	421	0	421	421	421	67.592	566.458	13.574	6.745	2.134	7.041	67.592	566.459	13.574	60	558	11	20	19	7
409	165	270	165	124	64680	392	0	392	392	392	295.030	590.545	12.418	3.837	1.558	3.650	295.030	590.545	12.418	290	586	11	12	9	5
410	760	638	760	378	301720	397	0	397	397	397	307.104	672.970	13.676	5.529	1.439	5.537	307.103	672.969	13.676	302	666	11	14	17	7
411	1171	902	1171	519	503530	430	0	430	430	430	119.567	685.426	14.341	6.435	1.631	6.790	119.568	685.426	14.341	112	677	11	17	18	7
412	356	448	356	236	145248	408	0	408	408	408	642.444	390.781	14.028	4.452	1.477	4.438	642.444	390.781	14.028	638	384	12	9	15	5
413	531	508	531	287	229923	433	0	433	433	433	707.887	496.075	14.847	4.998	1.468	4.654	707.886	496.075	14.847	700	493	12	17	9	7
