 	Volume (pixel^3)	Surface (pixel^2)	Nb of obj. voxels	Nb of surf. voxels	IntDen	Mean	StdDev	Median	Min	Max	X	Y	Z	Mean dist. to surf. (pixel)	SD dist. to surf. (pixel)	Median dist. to surf. (pixel)	XM	YM	ZM	BX	BY	BZ	B-width	B-height	B-depth
1	2919	1792	2919	1079	154707	53	0	53	53	53	947.031	639.113	6.880	9.126	2.565	8.722	947.027	639.112	6.880	939	622	1	17	33	16
2	4841	2900	4841	1728	213004	44	0	44	44	44	944.735	558.221	6.953	12.312	4.584	12.113	944.757	558.221	6.953	931	546	2	38	27	12
3	3497	2156	3497	1259	353197	101	0	101	101	101	919.976	561.251	7.634	10.211	2.982	9.730	919.975	561.254	7.634	907	545	2	23	33	14
4	4130	2382	4130	1538	731010	177	0	177	177	177	1013.508	566.892	8.503	11.230	3.791	10.930	1013.519	566.891	8.503	1007	547	2	15	36	14
5	3642	2540	3642	1437	163890	45	0	45	45	45	963.504	573.357	6.600	10.567	3.360	10.774	963.499	573.356	6.600	947	559	2	32	28	12
6	7341	3812	7341	2327	1314039	179	0	179	179	179	994.606	568.982	9.646	13.283	4.075	13.220	994.601	568.978	9.646	974	543	2	33	41	15
7	3888	2396	3888	1346	408240	105	0	105	105	105	941.218	586.559	7.540	10.246	2.768	10.523	941.219	586.558	7.540	928	573	2	28	28	14
8	6260	3616	6260	2152	1151840	184	0	184	184	184	988.438	605.326	7.975	13.181	4.522	12.670	988.450	605.325	7.975	972	583	2	37	42	15
9	5087	3166	5087	1822	920747	181	0	181	181	181	962.884	600.013	8.376	11.237	3.788	11.193	962.881	600.010	8.376	943	586	2	35	32	15
10	642	588	642	312	8346	13	0	13	13	13	924.810	610.889	5.824	5.053	0.930	5.175	924.810	610.889	5.824	919	605	2	13	12	10
11	4520	2634	4520	1628	1342440	297	0	297	297	297	957.216	623.319	10.143	11.058	3.396	10.454	957.217	623.321	10.143	940	611	2	34	28	16
12	938	730	938	404	14070	15	0	15	15	15	940.619	619.704	6.389	5.749	0.846	5.698	940.619	619.704	6.389	936	610	2	11	17	11
13	4235	2358	4235	1367	796180	188	0	188	188	188	989.356	626.527	8.825	9.940	1.903	9.910	989.363	626.531	8.825	977	617	2	25	22	15
14	4361	2844	4361	1556	811146	186	0	186	186	186	907.228	617.370	9.695	11.802	4.174	11.677	907.226	617.369	9.695	894	591	2	26	44	15
15	729	650	729	388	35721	49	0	49	49	49	931.929	622.608	6.989	5.502	1.418	5.427	931.927	622.608	6.989	928	614	2	11	15	11
16	3215	1984	3215	1234	160750	50	0	50	50	50	919.601	631.548	6.545	9.883	2.979	9.772	919.589	631.549	6.545	907	618	2	31	27	12
17	1941	1238	1941	780	31056	16	0	16	16	16	931.621	642.893	6.075	7.797	1.969	7.945	931.621	642.893	6.075	921	633	2	19	19	10
18	3180	1920	3180	1134	954000	300	0	300	300	300	965.529	641.543	9.143	9.281	2.404	9.254	965.529	641.543	9.143	955	633	2	26	19	15
19	160	246	160	112	320	2	0	2	2	2	905.525	658.075	4.262	3.293	1.087	3.058	905.525	658.075	4.262	901	654	2	11	8	5
20	1498	1512	1498	754	80892	54	0	54	54	54	925.942	656.787	7.631	7.904	3.071	7.546	925.949	656.788	7.631	916	649	2	27	17	13
21	5021	3668	5021	2080	582436	116	0	116	116	116	983.088	670.683	7.501	12.492	4.305	12.413	983.081	670.683	7.501	969	651	2	38	36	13
22	5840	3696	5840	2157	332880	57	0	57	57	57	944.542	682.214	6.710	13.628	5.049	13.567	944.538	682.215	6.710	926	656	2	37	50	13
23	6129	3694	6129	2144	1201284	196	0	196	196	196	631.194	671.236	9.412	12.917	3.983	12.983	631.188	671.234	9.412	609	654	2	40	36	16
24	2095	1458	2095	804	236735	113	0	113	113	113	711.977	674.074	7.537	8.164	2.218	7.943	711.976	674.076	7.537	699	659	2	23	26	13
25	2046	1594	2046	876	38874	19	0	19	19	19	880.213	672.868	6.613	8.817	2.982	8.591	880.224	672.868	6.613	863	660	2	29	23	10
26	2185	1508	2185	945	437000	200	0	200	200	200	983.962	689.423	8.068	8.825	2.998	8.134	983.950	689.422	8.068	970	681	2	29	16	13
27	4904	2818	4904	1609	975896	199	0	199	199	199	904.900	687.772	8.591	11.018	2.858	11.022	904.902	687.770	8.591	891	673	2	31	29	14
28	1947	1452	1947	839	114873	59	0	59	59	59	872.644	686.638	6.534	8.431	2.876	8.218	872.649	686.638	6.534	856	677	2	30	20	10
29	1264	836	1264	607	77104	61	0	61	61	61	977.472	702.499	6.619	6.563	1.366	6.667	977.468	702.497	6.619	972	696	2	14	14	11
30	1646	1350	1646	753	103698	63	0	63	63	63	991.318	704.928	7.127	7.586	2.175	7.322	991.321	704.930	7.127	985	696	2	23	22	13
31	6755	3290	6755	1975	1378020	204	0	204	204	204	886.915	706.034	7.793	12.447	3.468	12.658	886.916	706.034	7.793	869	684	2	37	41	14
32	601	600	601	309	12020	20	0	20	20	20	913.750	707.694	6.755	5.177	1.319	4.851	913.750	707.694	6.755	909	699	2	9	18	11
33	516	520	516	273	10836	21	0	21	21	21	951.744	719.566	5.893	4.797	1.158	4.828	951.744	719.566	5.893	945	714	2	12	12	8
34	1700	1312	1700	733	40800	24	0	24	24	24	969.528	730.103	6.237	7.462	2.001	7.545	969.528	730.103	6.237	959	721	2	22	21	12
35	3565	2104	3565	1209	452755	127	0	127	127	127	1011.662	747.108	8.051	10.040	2.928	9.837	1011.648	747.117	8.051	1002	732	2	20	32	14
36	1979	1358	1979	765	144467	73	0	73	73	73	948.854	758.069	6.779	7.858	2.024	8.067	948.851	758.068	6.779	939	748	2	19	20	11
37	7865	4702	7865	2708	1714570	218	0	218	218	218	912.152	765.586	7.927	14.268	4.556	14.582	912.153	765.587	7.927	892	744	2	38	46	13
38	7431	4172	7431	2358	1649682	222	0	222	222	222	967.089	783.950	8.530	14.162	5.002	14.110	967.086	783.950	8.530	944	764	2	47	40	14
39	2339	1716	2339	977	205832	88	0	88	88	88	879.808	837.460	6.690	8.956	2.902	8.438	879.818	837.460	6.690	871	822	2	20	29	11
40	2102	1236	2102	759	302688	144	0	144	144	144	864.271	833.702	8.068	7.742	1.538	7.879	864.271	833.702	8.068	855	824	2	19	20	12
41	3005	1884	3005	1011	501835	167	0	167	167	167	768.453	935.405	7.823	9.173	2.318	9.222	768.454	935.406	7.823	758	924	2	23	28	12
42	380	532	380	241	4180	11	0	11	11	11	986.645	548.776	7.000	4.856	1.870	4.642	986.645	548.776	7.000	981	543	3	17	13	11
43	2894	1932	2894	1107	847942	293	0	293	293	293	892.648	568.123	10.211	9.254	2.582	9.266	892.647	568.125	10.211	881	557	3	27	20	14
44	4083	2222	4083	1445	734940	180	0	180	180	180	1002.593	590.114	8.979	10.645	3.184	10.107	1002.588	590.114	8.979	986	583	3	35	19	13
45	2676	1634	2676	899	792096	296	0	296	296	296	797.612	596.413	9.436	8.721	2.060	8.749	797.604	596.413	9.436	788	581	3	21	28	13
46	2525	1700	2525	942	992325	393	0	393	393	393	896.182	586.853	10.603	8.691	2.197	8.739	896.182	586.854	10.603	884	577	3	23	21	14
47	157	242	157	106	471	3	0	3	3	3	915.841	596.153	5.166	3.361	1.165	3.174	915.841	596.153	5.166	913	591	3	7	12	5
48	1497	1040	1497	565	70359	47	0	47	47	47	811.965	606.701	7.519	6.866	1.479	7.081	811.971	606.702	7.519	803	598	3	19	18	9
49	209	310	209	140	2926	14	0	14	14	14	874.239	613.029	5.612	3.666	1.206	3.752	874.239	613.029	5.612	869	609	3	10	10	6
50	423	496	423	255	45261	107	0	107	107	107	1015.080	618.858	7.683	4.698	1.367	4.626	1015.082	618.859	7.683	1009	616	3	12	8	11
51	1919	1410	1919	746	358853	187	0	187	187	187	706.822	620.561	8.563	7.871	2.125	7.740	706.822	620.562	8.563	698	605	3	19	26	12
52	3184	2438	3184	1376	165568	52	0	52	52	52	1006.947	638.376	7.347	10.409	3.493	10.384	1006.931	638.375	7.347	990	625	3	31	27	11
53	151	222	151	105	151	1	0	1	1	1	857.497	636.662	4.404	3.168	0.994	2.946	857.497	636.662	4.404	855	632	3	6	11	4
54	2277	1666	2277	922	116127	51	0	51	51	51	714.294	640.959	7.264	8.647	2.555	8.725	714.300	640.959	7.264	700	630	3	27	23	11
55	2811	1840	2811	1060	534090	190	0	190	190	190	738.162	637.264	8.973	9.108	2.435	9.224	738.165	637.265	8.973	727	626	3	27	25	13
56	1826	1282	1826	721	202686	111	0	111	111	111	694.711	646.587	7.950	7.644	1.955	7.670	694.715	646.586	7.950	686	636	3	20	20	10
57	1860	1428	1860	767	985800	530	0	530	530	530	880.954	641.146	12.223	7.719	2.020	7.839	880.953	641.146	12.223	870	632	3	21	20	15
58	3595	2414	3595	1383	402640	112	0	112	112	112	644.218	653.420	8.074	10.750	3.658	10.861	644.218	653.420	8.074	628	639	3	34	29	12
59	2661	1714	2661	939	510912	192	0	192	192	192	678.853	655.048	8.826	8.835	2.382	8.432	678.853	655.048	8.826	665	645	3	30	20	13
60	1937	1410	1937	778	375778	194	0	194	194	194	703.994	664.360	8.311	7.918	2.188	7.619	703.992	664.360	8.311	697	653	3	19	24	13
61	3916	2994	3916	1549	1194380	305	0	305	305	305	775.228	671.094	9.387	11.646	4.393	10.511	775.228	671.092	9.387	756	655	3	39	42	14
62	251	374	251	174	4267	17	0	17	17	17	1013.430	665.980	5.761	4.353	1.636	4.341	1013.430	665.980	5.761	1008	661	3	12	13	6
63	553	542	553	300	9954	18	0	18	18	18	691.333	671.599	6.024	5.026	1.466	5.017	691.333	671.599	6.024	686	663	3	10	16	7
64	2954	1586	2954	961	339710	115	0	115	115	115	652.674	679.317	8.101	8.881	1.968	8.725	652.675	679.319	8.101	641	669	3	23	20	12
65	1442	1088	1442	642	164388	114	0	114	114	114	964.169	674.130	7.884	7.019	1.829	7.007	964.165	674.130	7.884	953	668	3	20	14	12
66	1080	806	1080	504	126360	117	0	117	117	117	963.481	686.985	8.356	6.192	1.308	6.088	963.479	686.985	8.356	960	679	3	9	17	12
67	1331	1004	1331	573	79860	60	0	60	60	60	700.482	688.204	6.549	6.740	1.688	7.020	700.482	688.204	6.549	692	680	3	18	17	8
68	2763	1750	2763	964	555363	201	0	201	201	201	750.645	693.122	8.678	8.960	2.228	8.927	750.645	693.121	8.678	738	683	3	26	20	12
69	3117	1940	3117	1206	370923	119	0	119	119	119	927.597	696.088	7.688	10.004	3.274	10.061	927.600	696.087	7.688	918	678	3	20	33	13
70	1632	1212	1632	662	192576	118	0	118	118	118	716.859	695.336	7.527	7.307	1.937	7.530	716.863	695.336	7.527	709	684	3	17	21	12
71	4856	2734	4856	1601	1505360	310	0	310	310	310	809.431	705.877	9.195	11.510	3.815	11.131	809.431	705.876	9.195	792	693	3	38	26	14
72	2594	1840	2594	1127	160828	62	0	62	62	62	959.865	706.957	6.921	9.481	3.148	9.543	959.875	706.956	6.921	942	696	3	29	30	10
73	1760	1170	1760	696	116160	66	0	66	66	66	977.620	716.852	7.101	7.235	1.440	7.311	977.612	716.851	7.101	968	711	3	19	15	12
74	2346	1512	2346	869	286212	122	0	122	122	122	719.172	713.807	7.992	8.413	2.201	8.374	719.167	713.809	7.992	707	705	3	24	18	11
75	3026	2200	3026	1163	626382	207	0	207	207	207	845.107	719.440	9.062	9.570	2.667	9.698	845.106	719.441	9.062	832	705	3	25	29	12
76	1710	1154	1710	663	111150	65	0	65	65	65	928.775	716.185	7.156	7.304	1.675	7.401	928.770	716.185	7.156	918	710	3	22	15	11
77	3734	2004	3734	1214	765470	205	0	205	205	205	754.317	713.761	8.963	9.672	2.022	9.783	754.319	713.756	8.963	740	704	3	28	21	14
78	2251	1582	2251	859	913906	406	0	406	406	406	1004.667	717.905	10.805	8.135	1.986	8.315	1004.666	717.906	10.805	992	708	3	24	21	14
79	1257	962	1257	538	154611	123	0	123	123	123	691.521	719.632	7.586	6.597	1.575	6.793	691.523	719.632	7.586	681	712	3	20	17	9
80	1222	940	1222	523	251732	206	0	206	206	206	815.448	720.005	8.092	6.757	1.984	6.363	815.452	720.004	8.092	803	713	3	24	14	11
81	1096	902	1096	498	74528	68	0	68	68	68	705.137	724.654	6.986	6.296	1.640	6.408	705.137	724.654	6.986	697	716	3	17	19	10
82	816	978	816	486	17952	22	0	22	22	22	909.223	725.368	8.060	6.077	1.906	6.306	909.223	725.368	8.060	901	718	3	18	17	10
83	4606	2956	4606	1704	1874642	407	0	407	407	407	630.474	727.890	9.391	11.818	4.091	11.532	630.473	727.888	9.391	615	714	3	37	35	14
84	1352	986	1352	570	421824	312	0	312	312	312	748.768	728.843	9.263	6.700	1.443	6.746	748.773	728.844	9.263	739	724	3	19	15	12
85	1849	1304	1849	722	229276	124	0	124	124	124	867.417	721.852	7.632	7.747	2.100	7.789	867.425	721.851	7.632	858	712	3	19	22	11
86	1808	1528	1808	850	124752	69	0	69	69	69	928.017	735.759	6.763	8.682	3.159	8.295	928.013	735.759	6.763	915	726	3	29	19	9
87	2503	2060	2503	1099	315378	126	0	126	126	126	869.753	739.418	7.840	9.778	3.592	9.247	869.759	739.420	7.840	850	731	3	38	23	11
88	4200	2832	4200	1557	886200	211	0	211	211	211	511.504	741.499	9.061	11.399	3.837	11.354	511.506	741.498	9.061	489	728	3	37	29	13
89	1919	1424	1919	806	134330	70	0	70	70	70	955.719	739.884	6.898	8.011	2.308	8.035	955.726	739.884	6.898	944	730	3	25	21	9
90	3732	2652	3732	1435	806112	216	0	216	216	216	823.051	752.744	8.797	11.017	3.778	11.020	823.061	752.745	8.797	809	737	3	35	33	13
91	4184	2710	4184	1513	899560	215	0	215	215	215	991.181	759.293	8.974	11.449	3.962	11.155	991.181	759.292	8.974	975	741	3	31	39	14
92	2854	2120	2854	1232	202634	71	0	71	71	71	971.388	750.763	7.472	10.380	3.830	10.136	971.390	750.762	7.472	957	736	3	31	31	11
93	1282	1022	1282	537	271784	212	0	212	212	212	703.966	743.365	9.391	6.774	1.754	6.743	703.961	743.364	9.391	696	735	3	20	16	11
94	1828	1348	1828	754	233984	128	0	128	128	128	498.361	755.449	7.904	7.884	2.385	7.987	498.361	755.449	7.904	485	747	3	27	18	11
95	908	852	908	474	486688	536	0	536	536	536	834.959	761.711	11.722	5.869	1.557	5.944	834.963	761.711	11.722	828	756	3	16	12	14
96	1173	862	1173	545	89148	76	0	76	76	76	933.872	765.392	6.766	6.533	1.764	6.604	933.877	765.392	6.766	929	756	3	13	20	8
97	532	656	532	316	40964	77	0	77	77	77	1007.820	768.945	7.590	5.076	1.493	4.978	1007.817	768.945	7.590	999	764	3	17	14	10
98	3014	1914	3014	1080	241120	80	0	80	80	80	944.422	779.145	7.526	9.534	2.831	9.606	944.422	779.145	7.526	931	769	3	27	25	12
99	218	386	218	170	17222	79	0	79	79	79	996.376	775.798	6.798	4.592	1.946	4.275	996.376	775.798	6.798	990	771	3	13	14	8
100	1811	1698	1811	892	398420	220	0	220	220	220	884.318	779.663	7.934	8.644	3.235	8.429	884.321	779.660	7.934	868	769	3	27	23	14
101	1800	1386	1800	817	401400	223	0	223	223	223	502.191	776.041	8.766	7.741	2.175	8.037	502.192	776.048	8.766	492	766	3	20	22	13
102	2399	1642	2399	940	537376	224	0	224	224	224	902.044	787.732	8.256	8.597	2.362	8.502	902.044	787.732	8.256	893	778	3	22	24	13
103	5875	3784	5875	2201	1856500	316	0	316	316	316	829.957	781.074	9.822	13.352	4.896	12.895	829.961	781.077	9.822	808	765	3	48	32	14
104	197	266	197	130	985	5	0	5	5	5	993.817	788.386	5.325	3.420	0.980	3.371	993.817	788.386	5.325	989	785	3	10	7	5
105	2315	1678	2315	963	305580	132	0	132	132	132	523.868	783.419	8.505	8.957	2.954	8.648	523.861	783.419	8.505	511	774	3	28	22	12
106	3012	1942	3012	1176	680712	226	0	226	226	226	828.437	798.570	9.708	9.400	2.590	9.249	828.432	798.571	9.708	813	791	3	29	17	14
107	630	686	630	343	53550	85	0	85	85	85	403.162	801.841	7.111	5.340	1.473	5.478	403.161	801.841	7.111	396	795	3	14	17	8
108	3004	1904	3004	1081	952268	317	0	317	317	317	766.423	793.561	9.803	9.334	2.548	9.517	766.424	793.565	9.803	752	784	3	27	25	13
109	2233	1594	2233	868	194271	87	0	87	87	87	905.337	816.369	7.393	8.809	2.959	8.400	905.340	816.369	7.393	892	804	3	25	31	10
110	2077	1396	2077	797	276241	133	0	133	133	133	739.103	805.216	8.394	8.142	2.257	8.150	739.102	805.215	8.394	731	794	3	22	25	11
111	3105	1906	3105	1159	425385	137	0	137	137	137	752.315	818.827	8.703	9.708	2.950	9.597	752.311	818.827	8.703	742	806	3	22	30	14
112	2876	1972	2876	1100	385384	134	0	134	134	134	873.147	812.013	7.390	9.384	2.793	9.201	873.150	812.013	7.390	861	800	3	30	25	11
113	1446	1484	1446	737	614550	425	0	425	425	425	992.053	819.214	10.530	7.828	2.859	7.586	992.054	819.214	10.530	982	803	3	21	28	14
114	2604	1686	2604	974	369768	142	0	142	142	142	925.455	825.905	7.890	8.832	2.342	8.800	925.460	825.905	7.890	913	812	3	25	23	11
115	4136	2816	4136	1580	558360	135	0	135	135	135	826.452	815.733	8.636	12.123	4.893	11.710	826.453	815.728	8.636	803	800	3	41	29	12
116	5308	3220	5308	1857	1735716	327	0	327	327	327	730.144	830.726	8.680	11.809	3.412	11.955	730.145	830.728	8.680	716	814	3	34	34	14
117	1700	1354	1700	744	719100	423	0	423	423	423	413.454	814.523	10.558	6.991	1.458	7.129	413.453	814.522	10.558	405	806	3	18	16	15
118	3077	1732	3077	961	996948	324	0	324	324	324	457.475	820.494	9.552	8.854	1.668	8.894	457.471	820.495	9.552	445	809	3	22	25	14
119	524	502	524	275	73360	140	0	140	140	140	500.891	823.118	7.704	4.744	0.912	4.707	500.891	823.118	7.704	497	817	3	8	12	11
120	3448	2024	3448	1171	1468848	426	0	426	426	426	398.053	825.614	10.481	9.531	2.224	9.518	398.052	825.610	10.481	384	814	3	30	20	15
121	4613	2662	4613	1527	1503838	326	0	326	326	326	421.494	832.957	9.354	11.315	3.647	11.022	421.495	832.957	9.354	408	821	3	27	35	14
122	3488	2194	3488	1233	816192	234	0	234	234	234	806.814	837.890	8.429	10.179	3.102	9.878	806.816	837.891	8.429	795	826	3	28	32	12
123	5707	3662	5707	2088	833222	146	0	146	146	146	754.476	845.107	8.878	12.638	4.339	12.721	754.473	845.105	8.878	737	829	3	43	33	13
124	172	248	172	115	1204	7	0	7	7	7	897.657	834.698	4.570	3.281	1.001	3.164	897.657	834.698	4.570	892	831	3	11	8	4
125	3377	1964	3377	1245	1114410	330	0	330	330	330	475.427	833.569	9.968	10.189	3.396	9.794	475.426	833.568	9.968	459	826	3	35	20	13
126	157	240	157	106	1256	8	0	8	8	8	847.000	836.548	4.873	3.206	0.950	2.919	847.000	836.548	4.873	842	833	3	11	7	5
127	3597	2060	3597	1132	1212189	337	0	337	337	337	954.098	847.747	10.231	9.879	2.671	9.530	954.098	847.748	10.231	945	836	3	21	31	15
128	4826	2694	4826	1585	1143762	237	0	237	237	237	861.194	851.739	8.690	11.398	3.656	10.725	861.194	851.739	8.690	844	840	3	38	25	14
129	2898	1770	2898	1033	1251936	432	0	432	432	432	935.124	853.617	10.538	8.964	2.244	8.939	935.136	853.617	10.538	924	842	3	20	24	14
130	2096	1416	2096	831	492560	235	0	235	235	235	484.481	845.785	8.333	8.083	2.019	8.140	484.482	845.783	8.333	474	838	3	23	20	12
131	4540	2838	4540	1547	1080520	238	0	238	238	238	707.320	856.215	9.270	11.742	4.162	11.365	707.319	856.219	9.270	686	842	3	34	35	14
132	2059	1310	2059	780	298555	145	0	145	145	145	921.909	843.164	8.143	7.825	1.803	8.022	921.907	843.164	8.143	907	836	3	27	18	11
133	1886	1368	1886	762	633696	336	0	336	336	336	892.659	848.421	9.917	7.761	2.030	7.842	892.649	848.420	9.917	884	839	3	19	22	13
134	3672	2406	3672	1347	1270512	346	0	346	346	346	740.535	869.130	9.626	10.575	3.413	10.500	740.532	869.129	9.626	726	856	3	28	36	14
135	2142	1566	2142	903	325584	152	0	152	152	152	430.519	866.305	8.436	8.280	2.311	8.222	430.519	866.307	8.436	417	856	3	26	19	13
136	2458	1406	2458	845	371158	151	0	151	151	151	447.699	863.910	7.882	8.180	1.653	8.517	447.701	863.910	7.882	440	854	3	19	22	10
137	1968	1468	1968	891	682896	347	0	347	347	347	866.603	868.673	9.671	8.357	2.558	8.033	866.603	868.671	9.671	851	862	3	28	19	14
138	1366	988	1366	542	121574	89	0	89	89	89	592.245	871.513	7.313	6.691	1.560	7.033	592.241	871.514	7.313	584	863	3	18	18	9
139	237	298	237	152	2133	9	0	9	9	9	790.430	871.215	4.561	3.577	0.960	3.663	790.430	871.215	4.561	786	867	3	10	11	5
140	7031	3858	7031	2361	1708533	243	0	243	243	243	844.655	878.771	8.453	13.500	4.344	13.667	844.657	878.771	8.453	823	862	3	49	37	13
141	1956	1392	1956	788	477264	244	0	244	244	244	716.576	879.479	8.388	8.011	2.269	8.074	716.571	879.479	8.388	707	866	3	21	23	11
142	1471	1138	1471	639	133861	91	0	91	91	91	784.102	886.764	6.687	7.092	1.934	7.459	784.105	886.764	6.687	775	876	3	19	21	8
143	1887	1238	1887	728	673659	357	0	357	357	357	826.723	891.003	9.789	7.488	1.527	7.681	826.723	891.004	9.789	816	883	3	21	16	13
144	221	306	221	147	8398	38	0	38	38	38	747.516	888.896	6.014	3.483	0.787	3.367	747.516	888.896	6.014	744	885	3	8	10	7
145	1765	1190	1765	689	444780	252	0	252	252	252	715.841	897.146	8.641	7.389	1.761	7.706	715.845	897.146	8.641	703	890	3	24	17	11
146	629	646	629	316	57868	92	0	92	92	92	757.237	895.785	6.709	5.299	1.492	5.153	757.237	895.785	6.709	752	888	3	12	17	8
147	1794	1254	1794	714	166842	93	0	93	93	93	595.789	903.776	7.398	7.680	2.058	7.886	595.787	903.777	7.398	583	894	3	22	20	10
148	4146	2844	4146	1517	1484268	358	0	358	358	358	815.597	907.774	9.423	10.759	3.386	10.628	815.595	907.781	9.423	798	894	3	33	27	16
149	1103	1180	1103	592	172068	156	0	156	156	156	735.787	901.839	7.563	7.635	3.078	7.263	735.792	901.839	7.563	723	893	3	28	18	10
150	2671	1544	2671	871	958889	359	0	359	359	359	791.391	913.404	10.478	8.490	1.567	8.697	791.391	913.405	10.478	783	903	3	20	20	14
151	3765	2754	3765	1472	1396815	371	0	371	371	371	377.551	937.077	8.889	10.511	3.141	10.895	377.550	937.076	8.889	363	923	3	30	29	13
152	3343	2032	3343	1110	1216852	364	0	364	364	364	804.910	927.086	9.947	9.749	2.718	9.487	804.914	927.084	9.947	793	916	3	26	27	15
153	1201	1204	1201	596	198165	165	0	165	165	165	723.509	928.441	8.277	6.857	2.140	6.710	723.507	928.442	8.277	714	921	3	23	15	11
154	1053	970	1053	528	174798	166	0	166	166	166	787.538	931.189	8.375	6.677	2.115	6.294	787.541	931.189	8.375	781	923	3	12	22	11
155	2106	1482	2106	784	566514	269	0	269	269	269	671.046	944.300	9.338	7.963	2.002	7.967	671.046	944.301	9.338	662	934	3	22	20	13
156	4955	2584	4955	1542	1912630	386	0	386	386	386	673.550	974.485	9.850	11.129	3.125	10.862	673.556	974.449	9.850	659	956	3	28	29	14
157	263	324	263	165	11046	42	0	42	42	42	650.475	966.863	5.810	3.714	0.883	3.643	650.475	966.863	5.810	645	963	3	11	8	6
158	3313	2158	3313	1212	569836	172	0	172	172	172	567.415	974.099	8.403	9.970	3.116	9.904	567.422	974.099	8.403	549	961	3	33	26	12
159	271	400	271	176	11653	43	0	43	43	43	587.572	1002.694	5.775	4.099	1.333	4.027	587.572	1002.694	5.775	581	998	3	13	12	6
160	2404	1642	2404	965	420700	175	0	175	175	175	569.786	1015.451	7.958	9.169	3.348	8.956	569.787	1015.450	7.958	551	1005	3	32	18	13
161	3561	2294	3561	1288	1000641	281	0	281	281	281	629.634	992.383	9.413	10.662	3.737	10.309	629.635	992.387	9.413	615	980	3	27	34	14
162	2323	1426	2323	856	671347	289	0	289	289	289	1003.402	490.707	9.629	8.211	1.944	8.555	1003.399	490.706	9.629	994	478	4	20	23	11
163	1207	918	1207	539	350030	290	0	290	290	290	988.063	496.917	9.621	6.420	1.347	6.434	988.066	496.918	9.621	980	489	4	15	15	11
164	2219	1676	2219	970	869848	392	0	392	392	392	983.996	511.424	10.768	8.535	2.420	8.805	983.989	511.423	10.768	972	500	4	23	23	13
165	2215	1534	2215	933	644565	291	0	291	291	291	1004.633	508.707	9.976	8.498	2.461	8.411	1004.633	508.705	9.976	996	499	4	24	21	13
166	1638	1268	1638	726	858312	524	0	524	524	524	1009.338	522.385	12.016	7.247	1.721	7.163	1009.340	522.384	12.016	1001	514	4	19	16	14
167	542	572	542	289	53658	99	0	99	99	99	974.260	551.638	8.500	4.806	1.003	4.796	974.262	551.639	8.500	969	547	4	13	10	11
168	252	358	252	164	3024	12	0	12	12	12	880.722	551.893	6.667	4.032	1.389	3.821	880.722	551.893	6.667	874	548	4	13	8	7
169	2218	1576	2218	882	394804	178	0	178	178	178	873.496	571.810	9.189	8.665	2.811	8.352	873.493	571.810	9.189	864	558	4	20	29	13
170	285	412	285	189	29070	102	0	102	102	102	829.105	563.744	7.814	4.382	1.599	4.206	829.105	563.744	7.814	824	560	4	12	12	9
171	904	762	904	418	93112	103	0	103	103	103	812.385	587.389	7.949	5.892	1.467	5.970	812.388	587.389	7.949	805	581	4	16	14	8
172	2100	1316	2100	762	222600	106	0	106	106	106	777.700	597.248	7.976	7.864	1.872	8.259	777.695	597.248	7.976	768	587	4	20	21	11
173	1967	1390	1967	851	580265	295	0	295	295	295	1014.893	601.238	9.477	8.373	2.715	8.236	1014.893	601.238	9.477	1008	591	4	13	24	12
174	1350	1330	1350	679	245700	182	0	182	182	182	878.399	600.562	9.179	7.234	2.501	7.189	878.401	600.562	9.179	863	592	4	25	18	11
175	2690	1768	2690	952	1065240	396	0	396	396	396	749.794	625.917	10.883	8.778	2.146	8.725	749.796	625.916	10.883	740	613	4	20	25	14
176	511	562	511	286	24528	48	0	48	48	48	885.667	619.971	7.534	4.918	1.327	4.858	885.667	619.971	7.534	879	613	4	15	13	7
177	1981	1294	1981	738	782495	395	0	395	395	395	729.913	619.796	11.132	7.587	1.657	7.959	729.915	619.793	11.132	720	610	4	21	20	12
178	1814	1380	1814	803	195912	108	0	108	108	108	680.185	637.426	8.421	8.109	2.794	7.953	680.193	637.427	8.421	666	626	4	23	22	11
179	1373	1028	1373	580	259497	189	0	189	189	189	696.116	630.044	8.692	6.901	1.739	6.907	696.115	630.044	8.692	689	620	4	22	19	10
180	1164	1248	1164	622	128040	110	0	110	110	110	830.524	639.692	9.594	7.196	2.571	7.039	830.529	639.691	9.594	824	626	4	15	25	13
181	653	654	653	357	71177	109	0	109	109	109	983.202	641.221	8.092	5.422	1.521	5.121	983.200	641.221	8.092	977	637	4	13	14	11
182	2006	1532	2006	823	798388	398	0	398	398	398	814.568	643.987	10.360	8.312	2.745	8.047	814.570	643.988	10.360	795	635	4	31	19	13
183	2408	1602	2408	917	719992	299	0	299	299	299	662.576	640.339	9.506	8.648	2.481	8.626	662.579	640.338	9.506	653	625	4	20	27	11
184	879	778	879	388	167889	191	0	191	191	191	768.590	644.891	9.490	5.660	1.164	5.753	768.591	644.893	9.490	762	638	4	14	14	11
185	757	756	757	392	229371	303	0	303	303	303	867.057	654.638	10.192	5.647	1.561	5.788	867.059	654.638	10.192	860	647	4	14	18	10
186	3487	1874	3487	1148	1060048	304	0	304	304	304	961.395	658.331	10.174	9.366	2.055	9.509	961.411	658.330	10.174	949	650	4	25	20	13
187	1260	1408	1260	702	505260	401	0	401	401	401	846.892	658.590	10.079	7.003	2.320	6.857	846.892	658.590	10.079	835	650	4	22	19	13
188	1977	1270	1977	728	381561	193	0	193	193	193	822.775	658.512	9.177	7.702	1.694	7.910	822.780	658.512	9.177	812	649	4	21	19	11
189	376	482	376	242	20680	55	0	55	55	55	1016.184	675.564	6.500	4.787	1.756	4.733	1016.185	675.564	6.500	1010	668	4	11	16	6
190	680	768	680	382	38080	56	0	56	56	56	731.832	683.219	7.449	6.040	2.111	5.986	731.832	683.219	7.449	725	676	4	17	19	7
191	1493	1276	1493	663	295614	198	0	198	198	198	786.155	683.162	9.102	7.425	2.197	7.050	786.158	683.161	9.102	775	675	4	25	17	13
192	2491	1524	2491	992	503182	202	0	202	202	202	647.304	695.300	8.527	9.225	3.120	8.897	647.301	695.301	8.527	630	689	4	29	16	10
193	1467	1336	1467	711	297801	203	0	203	203	203	841.122	698.401	8.278	7.490	2.260	7.479	841.123	698.400	8.278	831	688	4	21	20	10
194	2144	1296	2144	770	660352	308	0	308	308	308	667.277	693.773	10.437	7.791	1.523	8.154	667.273	693.773	10.437	660	684	4	18	19	12
195	1713	1198	1713	697	688626	402	0	402	402	402	819.749	687.721	11.013	7.286	1.670	7.535	819.748	687.721	11.013	811	679	4	19	16	12
196	1281	1004	1281	543	517524	404	0	404	404	404	998.970	695.989	11.045	6.769	1.736	6.788	998.967	695.989	11.045	991	687	4	17	22	12
197	1307	964	1307	559	83648	64	0	64	64	64	699.128	705.364	6.840	6.706	1.645	6.887	699.128	705.364	6.840	690	698	4	19	16	8
198	814	808	814	431	98494	121	0	121	121	121	735.280	711.608	7.135	6.517	2.520	6.007	735.279	711.608	7.135	728	699	4	13	24	8
199	2281	1546	2281	839	923805	405	0	405	405	405	664.547	712.352	10.639	8.095	1.784	8.372	664.546	712.355	10.639	655	704	4	20	20	12
200	709	706	709	400	85080	120	0	120	120	120	636.678	710.913	7.553	5.548	1.597	5.776	636.678	710.913	7.553	629	704	4	17	13	7
201	1981	1370	1981	774	416010	210	0	210	210	210	614.013	735.962	8.761	7.942	2.198	7.941	614.010	735.962	8.761	605	725	4	17	27	10
202	1103	854	1103	493	137875	125	0	125	125	125	731.849	730.721	8.193	6.498	1.792	6.394	731.848	730.723	8.193	723	725	4	19	13	10
203	3039	2252	3039	1209	647307	213	0	213	213	213	666.681	744.634	9.519	10.599	4.015	9.537	666.681	744.639	9.519	649	735	4	39	19	12
204	1441	1150	1441	624	698885	485	0	485	485	485	535.710	748.085	11.768	6.870	1.724	7.144	535.710	748.086	11.768	527	740	4	18	18	14
205	1570	1604	1570	773	492980	314	0	314	314	314	554.266	754.054	9.028	7.786	2.519	7.853	554.264	754.053	9.028	543	743	4	24	26	11
206	279	360	279	172	7812	28	0	28	28	28	869.104	759.864	5.835	3.972	1.201	3.987	869.104	759.864	5.835	865	753	4	9	13	5
207	3250	2172	3250	1208	422500	130	0	130	130	130	664.264	763.453	8.606	10.141	3.362	9.733	664.260	763.452	8.606	644	752	4	35	25	12
208	521	632	521	318	38554	74	0	74	74	74	710.395	761.100	6.718	5.351	1.866	5.108	710.395	761.100	6.718	705	753	4	15	19	6
209	1853	1352	1853	743	405807	219	0	219	219	219	516.479	766.126	8.260	7.866	2.223	7.728	516.479	766.126	8.260	506	757	4	27	18	11
210	526	660	526	326	114142	217	0	217	217	217	698.947	762.245	9.034	5.400	1.891	5.115	698.945	762.246	9.034	689	753	4	16	16	9
211	1491	1450	1491	763	612801	411	0	411	411	411	764.243	775.692	9.820	8.140	2.980	7.868	764.244	775.691	9.820	748	764	4	27	19	13
212	3803	2836	3803	1529	1559230	410	0	410	410	410	427.836	768.848	10.627	10.894	3.662	10.915	427.835	768.846	10.627	412	749	4	34	32	14
213	1377	1046	1377	579	572832	416	0	416	416	416	490.663	784.993	11.061	6.678	1.316	6.820	490.663	784.993	11.061	483	776	4	15	18	12
214	3063	1798	3063	1058	974034	318	0	318	318	318	509.930	794.371	9.931	9.250	2.319	9.079	509.931	794.360	9.931	496	785	4	29	19	12
215	160	250	160	111	4640	29	0	29	29	29	698.162	789.806	6.206	3.262	1.138	3.087	698.162	789.806	6.206	696	785	4	6	11	5
216	1177	1288	1177	634	491986	418	0	418	418	418	467.670	798.492	9.695	6.778	2.149	6.903	467.670	798.490	9.695	459	789	4	21	19	11
217	427	548	427	280	34587	81	0	81	81	81	874.965	791.993	6.674	5.086	1.826	5.063	874.963	791.993	6.674	868	786	4	15	14	7
218	238	348	238	162	7378	31	0	31	31	31	862.248	795.660	5.487	3.940	1.396	4.019	862.248	795.660	5.487	858	789	4	9	14	4
219	297	442	297	199	24651	83	0	83	83	83	804.165	795.222	6.717	4.137	1.304	3.979	804.166	795.222	6.717	797	791	4	14	10	7
220	346	472	346	213	28372	82	0	82	82	82	658.107	793.419	7.691	4.344	1.335	4.291	658.107	793.419	7.691	653	789	4	14	10	8
221	2729	2064	2729	1123	1148909	421	0	421	421	421	668.700	810.258	9.685	9.720	3.308	9.515	668.700	810.258	9.685	655	794	4	25	32	13
222	701	802	701	412	58884	84	0	84	84	84	884.133	798.909	7.240	5.629	1.717	5.543	884.133	798.909	7.240	876	793	4	17	13	9
223	1261	974	1261	544	108446	86	0	86	86	86	425.763	807.893	6.859	6.764	1.911	6.812	425.766	807.893	6.859	418	799	4	16	22	7
224	3753	2300	3753	1403	859437	229	0	229	229	229	482.571	818.111	9.324	10.586	3.388	10.484	482.569	818.110	9.324	468	798	4	31	30	12
225	2094	1450	2094	779	670080	320	0	320	320	320	650.751	807.722	9.607	7.980	1.787	8.131	650.751	807.722	9.607	641	798	4	20	22	13
226	1407	1042	1407	599	690837	491	0	491	491	491	722.815	805.810	11.321	6.751	1.473	6.968	722.816	805.809	11.321	715	797	4	15	17	13
227	4075	2574	4075	1420	1719650	422	0	422	422	422	515.071	816.446	10.397	10.709	3.090	10.794	515.072	816.445	10.397	503	804	4	32	28	13
228	1538	1080	1538	595	493698	321	0	321	321	321	1015.088	815.748	9.248	6.979	1.478	7.082	1015.099	815.749	9.248	1006	807	4	17	21	11
229	1719	1146	1719	667	238941	139	0	139	139	139	568.826	822.472	8.535	7.304	1.662	7.657	568.828	822.471	8.535	560	813	4	18	20	10
230	1364	1258	1364	687	440572	323	0	323	323	323	804.729	820.194	9.842	7.872	2.979	7.642	804.729	820.194	9.842	789	812	4	30	15	14
231	2092	1756	2092	920	288696	138	0	138	138	138	370.445	819.603	8.092	8.210	2.321	8.222	370.442	819.602	8.092	359	805	4	25	28	13
232	920	776	920	422	125120	136	0	136	136	136	769.260	816.275	8.641	6.018	1.541	5.866	769.260	816.275	8.641	762	810	4	18	11	11
233	2276	1776	2276	954	518928	228	0	228	228	228	700.425	821.175	9.260	8.563	2.460	8.538	700.421	821.175	9.260	688	810	4	25	23	13
234	1886	1254	1886	750	269698	143	0	143	143	143	583.808	831.282	7.818	7.649	1.882	8.017	583.810	831.282	7.818	574	819	4	20	22	9
235	182	290	182	132	5824	32	0	32	32	32	632.055	827.824	6.352	3.481	1.265	3.555	632.055	827.824	6.352	628	824	4	10	10	5
236	1452	1176	1452	668	204732	141	0	141	141	141	768.179	827.124	9.455	6.988	1.599	7.032	768.178	827.127	9.455	761	821	4	19	13	13
237	3887	2212	3887	1322	1298258	334	0	334	334	334	382.150	844.461	8.886	10.353	2.977	10.126	382.151	844.465	8.886	372	825	4	20	34	12
238	4043	2348	4043	1408	1338233	331	0	331	331	331	354.572	835.382	9.330	10.795	3.389	10.687	354.573	835.385	9.330	340	826	4	34	20	13
239	873	796	873	447	201663	231	0	231	231	231	707.274	834.666	8.503	5.844	1.444	6.011	707.275	834.667	8.503	699	828	4	16	13	10
240	2275	1410	2275	831	530075	233	0	233	233	233	500.056	839.253	9.766	8.010	1.717	8.116	500.057	839.252	9.766	494	829	4	15	23	12
241	1159	1130	1159	585	268888	232	0	232	232	232	825.013	835.049	8.619	6.970	2.345	6.596	825.007	835.049	8.619	818	826	4	15	25	10
242	155	244	155	112	5115	33	0	33	33	33	327.748	836.232	6.039	3.333	1.124	3.242	327.748	836.232	6.039	323	833	4	11	8	5
243	3341	2030	3341	1197	1112553	333	0	333	333	333	522.537	841.450	10.020	9.552	2.489	9.491	522.535	841.444	10.020	509	832	4	28	19	13
244	4161	2748	4161	1566	1364808	328	0	328	328	328	305.396	831.732	9.778	11.276	3.698	11.393	305.389	831.733	9.778	292	813	4	29	35	12
245	2065	1422	2065	747	890015	431	0	431	431	431	459.717	845.251	10.422	7.708	1.553	7.891	459.717	845.251	10.422	450	835	4	21	20	14
246	2090	1320	2090	804	693880	332	0	332	332	332	284.118	839.569	10.045	7.879	1.783	8.027	284.121	839.569	10.045	276	830	4	19	20	11
247	1911	1348	1911	775	628719	329	0	329	329	329	443.959	834.572	9.511	7.935	2.232	8.167	443.959	834.573	9.511	433	825	4	23	21	11
248	1447	1004	1447	584	212709	147	0	147	147	147	577.205	847.235	8.283	6.836	1.482	7.006	577.207	847.236	8.283	569	839	4	18	17	10
249	153	226	153	102	5202	34	0	34	34	34	975.379	842.575	5.667	3.047	0.748	2.994	975.379	842.575	5.667	972	839	4	9	8	5
250	2491	1654	2491	927	834485	335	0	335	335	335	405.723	845.897	10.391	8.632	2.199	8.342	405.723	845.898	10.391	396	833	4	20	27	15
251	1533	1202	1533	688	518154	338	0	338	338	338	364.748	847.534	10.573	7.089	1.777	6.885	364.746	847.535	10.573	355	840	4	17	19	15
252	4223	3266	4223	1756	1456935	345	0	345	345	345	649.260	861.327	9.732	11.569	3.807	11.702	649.259	861.328	9.732	632	842	4	31	40	12
253	1559	1190	1559	675	372601	239	0	239	239	239	358.221	858.777	9.320	7.404	2.126	7.145	358.223	858.776	9.320	353	847	4	14	26	11
254	1961	1510	1961	835	292189	149	0	149	149	149	344.887	855.592	8.479	8.322	2.910	7.778	344.885	855.593	8.479	336	845	4	16	33	13
255	164	256	164	116	5740	35	0	35	35	35	916.366	861.232	5.750	3.399	1.324	3.038	916.366	861.232	5.750	912	856	4	11	10	5
256	2596	2016	2596	1063	893024	344	0	344	344	344	560.061	867.588	10.603	8.959	2.632	8.942	560.067	867.587	10.603	551	855	4	22	28	14
257	1671	1322	1671	743	257334	154	0	154	154	154	884.213	870.002	8.051	7.647	2.258	7.908	884.211	870.002	8.051	876	858	4	18	25	9
258	1437	988	1437	578	490017	341	0	341	341	341	278.876	855.350	9.529	6.772	1.369	7.007	278.875	855.348	9.529	270	849	4	18	15	11
259	486	604	486	307	74358	153	0	153	153	153	233.255	865.484	8.228	5.144	1.687	5.251	233.255	865.484	8.228	228	857	4	14	15	8
260	356	428	356	205	32040	90	0	90	90	90	415.663	872.492	7.452	4.225	1.056	4.061	415.663	872.492	7.452	411	868	4	9	11	8
261	3093	2482	3093	1311	1094922	354	0	354	354	354	497.061	887.098	9.592	10.522	3.696	10.335	497.058	887.100	9.592	477	873	4	37	30	14
262	1370	1164	1370	611	335650	245	0	245	245	245	300.242	880.342	9.772	7.109	1.834	6.711	300.242	880.342	9.772	294	870	4	16	22	12
263	1610	1230	1610	749	404110	251	0	251	251	251	537.270	894.645	9.628	7.379	1.921	7.156	537.270	894.644	9.628	532	886	4	18	19	13
264	2708	1762	2708	977	1177980	435	0	435	435	435	553.448	892.113	10.401	8.978	2.462	8.862	553.448	892.111	10.401	544	882	4	28	21	14
265	2623	2174	2623	1127	653127	249	0	249	249	249	669.923	889.682	8.806	10.400	4.158	9.256	669.922	889.685	8.806	650	873	4	38	32	11
266	3524	2416	3524	1466	1254544	356	0	356	356	356	227.189	888.998	10.347	11.310	4.331	10.594	227.186	889.000	10.347	212	873	4	38	36	14
267	2000	1388	2000	836	492000	246	0	246	246	246	243.818	883.440	8.533	8.324	2.566	8.272	243.821	883.438	8.533	236	870	4	20	25	11
268	3495	2112	3495	1295	873750	250	0	250	250	250	447.784	896.513	10.013	10.290	3.235	10.198	447.782	896.513	10.013	432	885	4	32	21	13
269	2043	1480	2043	841	900963	441	0	441	441	441	837.100	903.201	10.569	8.272	2.440	7.992	837.100	903.201	10.569	820	896	4	28	18	12
270	3631	3086	3631	1615	918643	253	0	253	253	253	479.652	907.682	8.956	11.744	4.866	11.458	479.652	907.688	8.956	465	888	4	36	40	14
271	1419	1158	1419	670	361845	255	0	255	255	255	203.972	908.442	8.275	7.217	2.232	7.611	203.973	908.444	8.275	194	897	4	20	24	8
272	1763	1244	1763	760	276791	157	0	157	157	157	614.649	904.239	8.441	7.615	2.097	7.818	614.648	904.237	8.441	606	894	4	20	19	12
273	2383	1672	2383	934	1062818	446	0	446	446	446	386.875	914.783	10.543	8.518	2.314	8.495	386.877	914.776	10.543	377	905	4	23	21	12
274	492	524	492	252	78228	159	0	159	159	159	667.100	908.425	8.492	4.746	1.286	4.717	667.101	908.424	8.492	661	902	4	13	12	9
275	1910	1474	1910	804	305600	160	0	160	160	160	748.787	915.461	7.570	8.092	2.477	8.216	748.787	915.461	7.570	734	904	4	28	23	10
276	1840	1372	1840	759	296240	161	0	161	161	161	590.045	921.361	7.383	7.925	2.389	7.990	590.045	921.364	7.383	580	912	4	26	23	8
277	174	308	174	135	6786	39	0	39	39	39	686.282	920.466	5.971	4.219	1.440	4.415	686.282	920.466	5.971	681	915	4	12	13	5
278	4505	2424	4505	1470	1635315	363	0	363	363	363	140.523	918.523	9.778	10.897	3.206	10.832	140.524	918.522	9.778	130	896	4	25	35	13
279	171	308	171	133	7011	41	0	41	41	41	661.117	925.333	6.041	4.300	2.048	4.171	661.117	925.333	6.041	655	919	4	14	12	5
280	1872	1612	1872	890	939744	502	0	502	502	502	277.838	913.596	10.542	8.730	3.312	8.380	277.839	913.597	10.542	269	902	4	28	23	12
281	1939	1502	1939	867	316057	163	0	163	163	163	164.158	927.005	7.779	8.937	3.611	8.373	164.160	927.005	7.779	152	915	4	32	23	9
282	2138	1422	2138	778	957824	448	0	448	448	448	529.768	921.368	10.403	7.973	1.799	7.876	529.768	921.368	10.403	522	911	4	18	25	13
283	421	582	421	267	69044	164	0	164	164	164	477.948	927.242	7.924	5.107	1.936	5.047	477.948	927.242	7.924	468	923	4	19	9	8
284	1158	1056	1158	599	431934	373	0	373	373	373	650.503	936.718	8.806	7.397	2.816	7.196	650.502	936.720	8.806	641	923	4	18	23	11
285	1408	1048	1408	607	367488	261	0	261	261	261	266.026	936.273	8.859	6.976	1.849	7.271	266.025	936.273	8.859	257	926	4	19	20	9
286	5688	3700	5688	2087	3117024	548	0	548	548	548	84.165	932.164	12.795	12.676	4.245	12.421	84.163	932.159	12.795	63	917	4	42	32	16
287	2475	1838	2475	1004	648450	262	0	262	262	262	416.294	936.391	8.831	9.277	3.094	8.964	416.295	936.391	8.831	403	921	4	24	32	11
288	7603	4240	7603	2478	3421350	450	0	450	450	450	140.749	942.515	9.972	15.070	5.944	14.427	140.747	942.522	9.972	115	930	4	52	35	13
289	1605	1228	1605	706	605085	377	0	377	377	377	735.591	946.325	9.321	7.401	2.099	7.230	735.591	946.328	9.321	731	935	4	13	22	12
290	1645	1084	1645	647	434280	264	0	264	264	264	637.833	941.624	9.526	7.163	1.576	7.456	637.826	941.623	9.526	629	933	4	17	20	11
291	1232	928	1232	560	206976	168	0	168	168	168	724.405	943.038	7.872	6.580	1.658	6.718	724.403	943.038	7.872	717	935	4	13	19	10
292	2187	1542	2187	862	986337	451	0	451	451	451	572.440	938.960	11.291	8.375	2.488	8.308	572.442	938.958	11.291	562	930	4	27	20	13
293	1854	1228	1854	677	689688	372	0	372	372	372	748.095	938.191	9.757	7.475	1.555	7.588	748.092	938.191	9.757	740	929	4	18	20	12
294	3289	2112	3289	1190	1236664	376	0	376	376	376	545.729	942.042	9.780	9.912	3.167	9.771	545.735	942.046	9.780	532	926	4	25	34	12
295	1621	1116	1621	629	440912	272	0	272	272	272	625.354	952.187	8.850	7.129	1.572	7.341	625.353	952.187	8.850	617	942	4	18	20	11
296	1561	1142	1561	638	594741	381	0	381	381	381	585.650	959.546	9.976	7.382	2.208	7.510	585.650	959.547	9.976	577	947	4	18	22	11
297	741	890	741	436	200070	270	0	270	270	270	696.285	944.157	9.089	6.097	2.222	6.049	696.286	944.156	9.089	689	936	4	19	17	9
298	2104	1610	2104	861	580704	276	0	276	276	276	181.107	959.740	8.368	8.805	3.324	8.290	181.105	959.740	8.368	161	949	4	34	20	11
299	2276	1620	2276	917	623624	274	0	274	274	274	653.231	954.284	9.181	8.512	2.344	8.437	653.229	954.287	9.181	639	946	4	28	20	12
300	1672	1138	1672	654	456456	273	0	273	273	273	270.879	955.287	8.996	7.248	1.811	7.646	270.878	955.287	8.996	261	947	4	20	18	10
301	4630	3222	4630	1847	791730	171	0	171	171	171	60.637	966.967	9.704	12.816	5.139	12.324	60.638	966.962	9.704	38	954	4	49	33	14
302	2915	2094	2915	1201	1492480	512	0	512	512	512	693.043	970.234	11.391	9.735	3.154	9.636	693.043	970.234	11.391	685	956	4	19	32	14
303	1663	1232	1663	684	635266	382	0	382	382	382	612.381	960.946	10.090	7.279	1.702	7.230	612.383	960.947	10.090	600	952	4	24	16	12
304	2396	1726	2396	963	1224356	511	0	511	511	511	479.616	963.476	11.434	8.723	2.539	8.719	479.614	963.477	11.434	465	952	4	26	25	14
305	4727	3186	4727	1778	1819895	385	0	385	385	385	234.118	975.635	10.059	12.132	4.314	11.953	234.117	975.672	10.059	216	962	4	38	30	12
306	2280	1550	2280	854	638400	280	0	280	280	280	260.546	976.735	9.020	8.540	2.481	8.295	260.549	976.736	9.020	252	962	4	19	30	11
307	2918	2120	2918	1153	1120512	384	0	384	384	384	457.068	968.441	10.088	10.539	4.311	9.707	457.068	968.441	10.088	437	951	4	33	31	14
308	1209	1034	1209	595	550095	455	0	455	455	455	624.661	973.483	10.171	6.437	1.444	6.428	624.661	973.486	10.171	619	966	4	15	15	12
309	1991	1300	1991	746	553498	278	0	278	278	278	184.679	976.280	8.742	7.793	1.820	7.955	184.681	976.280	8.742	173	969	4	23	17	11
310	2153	1634	2153	859	981768	456	0	456	456	456	491.715	974.596	10.689	8.385	2.474	7.972	491.710	974.594	10.689	481	963	4	26	20	14
311	2251	1448	2251	867	1033209	459	0	459	459	459	608.577	976.309	10.264	8.046	1.763	8.322	608.577	976.311	10.264	599	968	4	19	20	13
312	3974	2382	3974	1340	1537938	387	0	387	387	387	430.239	980.652	9.368	10.626	3.298	10.575	430.239	980.650	9.368	415	963	4	31	31	13
313	2873	1826	2873	1062	1114724	388	0	388	388	388	642.484	979.824	10.219	9.563	3.020	9.497	642.481	979.830	10.219	631	966	4	23	29	12
314	4328	2968	4328	1666	2003864	463	0	463	463	463	485.384	990.448	9.396	11.427	3.847	11.417	485.385	990.445	9.396	467	975	4	40	32	12
315	3702	2460	3702	1403	1691814	457	0	457	457	457	20.403	976.123	10.723	10.746	3.710	10.123	20.403	976.120	10.723	0	968	4	37	24	15
316	2303	1536	2303	853	1061683	461	0	461	461	461	587.494	988.528	10.618	8.457	2.255	8.413	587.492	988.527	10.618	575	980	4	25	18	13
317	2580	1568	2580	914	1191960	462	0	462	462	462	673.575	993.064	10.112	8.453	1.871	8.672	673.576	993.067	10.112	662	986	4	22	19	12
318	1891	1354	1891	721	979538	518	0	518	518	518	558.571	990.779	11.795	7.544	1.489	7.740	558.571	990.779	11.795	549	983	4	19	18	15
319	2257	1646	2257	956	638731	283	0	283	283	283	85.302	993.805	8.962	8.636	2.452	8.890	85.303	993.804	8.962	73	981	4	23	23	11
320	2226	1574	2226	858	1023960	460	0	460	460	460	35.151	983.844	10.436	8.272	2.150	8.049	35.151	983.842	10.436	24	971	4	18	25	14
321	3012	1756	3012	988	1400580	465	0	465	465	465	652.193	1002.908	10.656	8.961	1.992	9.018	652.193	1002.909	10.656	643	991	4	20	26	13
322	2232	1682	2232	905	872712	391	0	391	391	391	615.796	1013.392	10.288	8.587	2.704	8.390	615.796	1013.390	10.288	605	999	4	25	23	13
323	1363	1046	1363	592	387092	284	0	284	284	284	474.005	1004.225	9.459	6.837	1.753	6.942	474.009	1004.225	9.459	465	995	4	19	19	10
324	1869	1410	1869	809	538272	288	0	288	288	288	508.832	1013.809	10.103	7.919	2.355	7.935	508.832	1013.809	10.103	498	1003	4	22	20	11
325	1148	978	1148	538	641732	559	0	559	559	559	641.328	1017.637	11.571	7.383	2.798	6.475	641.328	1017.638	11.571	629	1012	4	25	10	14
326	769	876	769	436	224548	292	0	292	292	292	987.748	526.915	9.792	5.863	2.048	5.505	987.744	526.916	9.792	978	521	5	19	16	12
327	891	1040	891	512	421443	473	0	473	473	473	974.640	541.354	11.361	6.180	2.173	5.910	974.640	541.354	11.361	966	532	5	20	17	11
328	299	404	299	187	29302	98	0	98	98	98	934.816	541.819	8.033	4.387	1.583	4.173	934.816	541.819	8.033	927	539	5	16	7	8
329	469	616	469	296	46900	100	0	100	100	100	898.977	555.337	8.183	5.683	2.499	4.868	898.977	555.337	8.183	890	547	5	17	17	8
330	233	362	233	174	24232	104	0	104	104	104	870.476	590.219	8.253	3.981	1.406	3.809	870.476	590.219	8.253	864	586	5	15	10	7
331	1672	1196	1672	728	795872	476	0	476	476	476	973.793	621.274	12.242	7.794	2.576	7.314	973.795	621.274	12.242	969	609	5	12	29	13
332	219	284	219	140	40515	185	0	185	185	185	693.598	615.845	9.023	3.513	0.881	3.406	693.597	615.845	9.023	689	612	5	9	9	7
333	1430	1084	1430	622	567710	397	0	397	397	397	901.610	644.800	11.319	7.074	1.922	7.354	901.609	644.799	11.319	891	636	5	21	19	11
334	1664	1104	1664	619	665600	400	0	400	400	400	760.249	658.180	11.282	7.118	1.453	7.452	760.241	658.179	11.282	752	650	5	18	18	11
335	1389	1106	1389	627	666720	480	0	480	480	480	666.654	665.700	12.420	7.123	2.071	7.188	666.654	665.700	12.420	658	657	5	19	19	12
336	1144	932	1144	505	225368	197	0	197	197	197	831.128	673.966	9.385	6.328	1.578	6.728	831.127	673.965	9.385	823	666	5	16	17	10
337	197	272	197	133	11426	58	0	58	58	58	1008.766	684.320	7.010	3.394	0.873	3.346	1008.766	684.320	7.010	1006	679	5	7	10	5
338	1500	1204	1500	678	463500	309	0	309	309	309	1013.891	700.608	9.669	7.544	2.480	7.122	1013.888	700.608	9.669	1006	685	5	15	27	12
339	167	326	167	134	67301	403	0	403	403	403	763.748	688.126	10.575	4.055	1.903	3.662	763.749	688.126	10.575	758	683	5	12	10	11
340	153	252	153	113	10251	67	0	67	67	67	538.503	719.425	6.935	3.411	1.251	3.268	538.503	719.425	6.935	533	717	5	12	7	5
341	1052	876	1052	489	329276	313	0	313	313	313	734.772	741.204	10.195	6.273	1.568	6.338	734.771	741.203	10.195	725	736	5	18	14	10
342	6336	3546	6336	2073	1995840	315	0	315	315	315	459.165	757.562	10.747	12.975	4.263	13.288	459.168	757.559	10.747	443	733	5	35	43	13
343	205	312	205	138	14760	72	0	72	72	72	772.590	755.307	7.361	4.044	1.542	4.000	772.590	755.307	7.361	769	749	5	8	14	5
344	224	308	224	145	29344	131	0	131	131	131	785.786	768.116	7.406	3.703	1.139	3.510	785.786	768.116	7.406	781	764	5	11	9	6
345	746	786	746	389	164866	221	0	221	221	221	801.357	778.705	9.083	5.843	1.801	5.733	801.356	778.705	9.083	795	768	5	13	20	9
346	1621	1144	1621	646	671094	414	0	414	414	414	784.846	785.232	11.307	7.145	1.603	7.433	784.846	785.232	11.307	777	777	5	18	18	11
347	2128	1416	2128	777	887376	417	0	417	417	417	710.883	791.219	11.061	7.986	2.012	8.189	710.879	791.220	11.061	701	782	5	22	20	11
348	4764	2848	4764	1661	2334360	490	0	490	490	490	423.371	790.185	11.494	11.825	4.064	11.653	423.370	790.185	11.494	403	781	5	41	22	13
349	1896	1688	1896	904	1018152	537	0	537	537	537	603.435	797.179	11.707	7.864	2.333	7.865	603.435	797.179	11.707	595	786	5	21	25	13
350	1151	1090	1151	570	482269	419	0	419	419	419	634.152	799.663	11.273	6.493	1.882	6.675	634.152	799.661	11.273	622	791	5	21	16	11
351	443	636	443	289	186060	420	0	420	420	420	361.573	804.770	10.205	4.866	1.653	4.908	361.573	804.770	10.205	355	799	5	13	14	12
352	1190	994	1190	565	641410	539	0	539	539	539	325.445	826.712	12.438	6.455	1.512	6.328	325.445	826.712	12.438	319	819	5	12	17	13
353	1477	1072	1477	598	797580	540	0	540	540	540	549.743	831.487	12.429	6.842	1.539	7.165	549.745	831.487	12.429	542	824	5	17	17	12
354	819	870	819	436	188370	230	0	230	230	230	611.474	828.169	9.354	6.024	1.963	6.040	611.475	828.168	9.354	604	820	5	16	17	10
355	1026	890	1026	558	440154	429	0	429	429	429	395.625	841.367	11.031	6.635	2.203	6.682	395.624	841.365	11.031	390	835	5	13	20	12
356	2082	1502	2082	842	1126362	541	0	541	541	541	322.594	845.302	12.250	7.739	1.995	7.858	322.594	845.304	12.250	313	836	5	20	20	13
357	1059	858	1059	498	249924	236	0	236	236	236	266.892	845.215	8.809	6.432	2.033	6.243	266.892	845.216	8.809	253	839	5	22	15	11
358	2244	1680	2244	894	762960	340	0	340	340	340	544.339	851.880	9.639	8.580	2.589	8.668	544.336	851.881	9.639	530	837	5	27	26	11
359	1005	792	1005	454	148740	148	0	148	148	148	592.178	853.836	7.905	6.067	1.459	6.292	592.175	853.836	7.905	586	846	5	15	18	7
360	269	398	269	184	91998	342	0	342	342	342	412.844	856.732	10.126	4.014	1.280	3.747	412.844	856.733	10.126	410	852	5	9	10	13
361	564	624	564	308	84600	150	0	150	150	150	303.266	861.089	8.929	5.301	1.651	5.349	303.266	861.089	8.929	297	855	5	12	15	9
362	1709	1454	1709	757	411869	241	0	241	241	241	398.698	865.556	10.096	7.845	2.339	7.667	398.695	865.557	10.096	388	856	5	24	22	11
363	2354	1812	2354	1021	569668	242	0	242	242	242	218.245	870.239	8.761	8.988	2.930	9.210	218.242	870.237	8.761	207	855	5	22	29	9
364	4656	2864	4656	1582	1624944	349	0	349	349	349	322.380	871.739	10.261	11.595	3.923	11.464	322.378	871.739	10.261	309	855	5	32	37	12
365	1484	1082	1484	600	356160	240	0	240	240	240	378.474	865.699	9.404	7.131	1.899	7.076	378.474	865.700	9.404	367	859	5	22	15	12
366	1671	1314	1671	750	586521	351	0	351	351	351	541.526	875.048	9.554	7.721	2.293	7.793	541.525	875.055	9.554	532	862	5	20	23	9
367	2186	1488	2186	838	771658	353	0	353	353	353	435.483	882.683	10.045	8.132	1.897	7.944	435.485	882.687	10.045	424	876	5	23	19	11
368	2505	1838	2505	945	1365225	545	0	545	545	545	186.590	878.885	12.479	8.763	2.432	8.543	186.591	878.885	12.479	170	867	5	28	23	14
369	493	828	493	367	216427	439	0	439	439	439	382.657	897.148	11.138	6.236	2.489	6.198	382.658	897.148	11.138	373	886	5	18	20	12
370	2414	1566	2414	919	1199758	497	0	497	497	497	523.651	896.526	11.771	8.467	2.245	8.096	523.651	896.527	11.771	515	883	5	17	25	13
371	1360	1064	1360	627	482800	355	0	355	355	355	287.764	885.007	9.934	7.335	2.617	6.974	287.765	885.006	9.934	280	875	5	14	30	9
372	2449	1744	2449	928	1067764	436	0	436	436	436	127.950	895.566	10.559	8.933	2.826	8.861	127.948	895.566	10.559	113	884	5	27	22	12
373	1739	1312	1739	755	765160	440	0	440	440	440	234.807	901.924	11.167	7.849	2.248	7.530	234.809	901.927	11.167	222	897	5	26	15	13
374	1963	1206	1963	722	869609	443	0	443	443	443	542.235	909.293	10.726	7.499	1.314	7.655	542.235	909.294	10.726	533	903	5	19	16	11
375	2362	1454	2362	908	850320	360	0	360	360	360	123.480	917.446	10.129	8.410	2.002	8.077	123.480	917.446	10.129	115	907	5	16	22	12
376	164	208	164	100	25912	158	0	158	158	158	424.024	908.091	8.067	2.995	0.401	3.059	424.024	908.091	8.067	422	905	5	5	7	7
377	2145	1590	2145	909	952380	444	0	444	444	444	445.671	912.301	10.303	8.807	2.980	8.404	445.674	912.297	10.303	432	904	5	29	20	11
378	1346	1046	1346	606	341884	254	0	254	254	254	251.935	905.408	9.106	7.098	2.142	7.007	251.937	905.407	9.106	241	897	5	21	20	11
379	480	556	480	277	77760	162	0	162	162	162	845.642	917.454	8.021	5.214	1.978	4.998	845.639	917.454	8.021	839	909	5	14	16	7
380	2840	1966	2840	1085	1422840	501	0	501	501	501	364.811	918.117	11.155	9.462	3.163	9.326	364.812	918.118	11.155	355	903	5	21	34	12
381	749	678	749	385	376747	503	0	503	503	503	618.502	916.591	11.736	5.451	1.296	5.552	618.502	916.591	11.736	612	913	5	15	10	12
382	1214	940	1214	549	438254	361	0	361	361	361	262.147	918.427	9.535	6.520	1.590	6.691	262.146	918.427	9.535	254	908	5	15	20	11
383	249	338	249	150	64242	258	0	258	258	258	291.831	918.442	8.871	3.634	0.702	3.589	291.831	918.442	8.871	288	915	5	9	9	8
384	922	1134	922	560	238798	259	0	259	259	259	407.542	918.975	9.503	6.688	2.354	6.746	407.543	918.975	9.503	399	908	5	18	24	10
385	1893	1320	1893	757	846171	447	0	447	447	447	773.876	916.970	10.721	7.708	2.027	7.902	773.884	916.980	10.721	764	908	5	19	22	12
386	358	432	358	201	160742	449	0	449	449	449	821.087	931.654	10.500	4.242	1.109	4.352	821.086	931.652	10.500	817	926	5	9	11	11
387	1617	1118	1617	623	596673	369	0	369	369	369	299.309	933.139	9.706	7.122	1.616	7.515	299.309	933.140	9.706	291	925	5	18	20	9
388	1100	884	1100	515	403700	367	0	367	367	367	516.250	929.432	9.828	6.234	1.491	6.502	516.252	929.433	9.828	509	921	5	14	16	10
389	1601	1314	1601	719	421063	263	0	263	263	263	489.446	939.315	8.780	7.837	2.684	7.812	489.447	939.314	8.780	473	931	5	28	18	8
390	779	760	779	404	207214	266	0	266	266	266	172.633	943.624	8.714	5.651	1.633	5.875	172.633	943.623	8.714	164	938	5	17	13	8
391	941	882	941	491	355698	378	0	378	378	378	255.876	949.236	9.844	6.300	2.006	6.155	255.875	949.236	9.844	251	939	5	13	22	9
392	1184	1104	1184	577	442816	374	0	374	374	374	610.437	942.446	10.321	6.613	1.784	6.911	610.438	942.446	10.321	600	934	5	20	18	12
393	372	496	372	240	99324	267	0	267	267	267	509.422	940.167	9.629	4.620	1.445	4.676	509.423	940.166	9.629	502	935	5	13	10	10
394	1371	1132	1371	605	371541	271	0	271	271	271	428.829	949.880	9.277	7.053	2.069	7.094	428.830	949.880	9.277	415	940	5	22	19	9
395	2757	1904	2757	1121	1246164	452	0	452	452	452	43.781	946.538	10.855	8.978	2.390	8.882	43.781	946.541	10.855	36	933	5	18	28	14
396	1559	1310	1559	707	791972	508	0	508	508	508	340.713	951.229	11.515	7.672	2.527	7.517	340.715	951.226	11.515	329	942	5	27	19	13
397	2550	1582	2550	930	1290300	506	0	506	506	506	81.160	949.530	12.116	8.566	2.066	8.613	81.159	949.534	12.116	71	943	5	23	17	14
398	2586	1698	2586	950	1305930	505	0	505	505	505	240.739	948.548	11.465	8.658	2.222	8.632	240.738	948.548	11.465	230	937	5	20	25	13
399	4443	2582	4443	1536	2261487	509	0	509	509	509	25.113	955.629	11.595	10.776	2.884	10.856	25.112	955.646	11.595	11	939	5	27	28	15
400	1535	1186	1535	643	581765	379	0	379	379	379	468.498	950.814	10.319	7.161	1.865	7.451	468.499	950.812	10.319	456	943	5	23	17	10
401	449	740	449	327	76330	170	0	170	170	170	320.147	960.728	8.546	5.261	1.788	5.297	320.147	960.729	8.546	314	954	5	15	17	10
402	521	542	521	277	265710	510	0	510	510	510	3.033	962.290	11.090	4.825	1.237	4.748	3.033	962.290	11.090	0	955	5	8	15	11
403	710	772	710	375	271930	383	0	383	383	383	82.104	969.415	9.755	5.970	2.153	5.437	82.104	969.414	9.755	74	964	5	23	12	10
404	1937	1342	1937	844	887146	458	0	458	458	458	52.186	976.689	10.743	8.129	2.395	7.801	52.186	976.686	10.743	42	971	5	24	17	12
405	179	296	179	134	17184	96	0	96	96	96	149.961	981.061	7.056	3.875	1.766	3.667	149.961	981.061	7.056	142	978	5	15	7	6
406	1778	1636	1778	915	501396	282	0	282	282	282	337.406	986.559	8.836	8.896	3.662	8.661	337.404	986.560	8.836	326	972	5	29	27	9
407	4425	2838	4425	1617	2296575	519	0	519	519	519	54.210	995.124	11.388	11.057	3.066	11.386	54.211	995.122	11.388	41	983	5	31	29	13
408	1717	1316	1717	735	669630	390	0	390	390	390	101.467	1003.302	9.780	7.618	1.985	7.657	101.468	1003.300	9.780	94	990	5	19	25	11
409	2062	1416	2062	773	956768	464	0	464	464	464	455.649	993.360	10.665	7.836	1.922	8.416	455.644	993.360	10.665	446	983	5	20	21	12
410	398	688	398	306	113828	286	0	286	286	286	161.698	1008.098	10.246	5.181	1.761	5.385	161.698	1008.098	10.246	154	1003	5	16	11	12
411	302	438	302	196	86070	285	0	285	285	285	230.444	1005.394	9.209	4.304	1.577	4.260	230.444	1005.394	9.209	227	997	5	9	15	8
412	3102	2096	3102	1185	1451736	468	0	468	468	468	85.455	1013.744	10.626	10.251	3.871	9.684	85.454	1013.741	10.626	63	1005	5	40	18	12
413	187	358	187	147	18139	97	0	97	97	97	203.476	1018.283	7.770	4.948	2.266	4.844	203.476	1018.284	7.770	194	1015	5	18	7	7
414	269	352	269	171	47344	176	0	176	176	176	1017.427	482.989	8.732	4.401	1.746	4.090	1017.427	482.989	8.732	1015	475	6	5	16	6
415	154	284	154	116	45276	294	0	294	294	294	786.714	576.227	9.032	3.514	1.066	3.648	786.714	576.227	9.032	784	572	6	8	10	7
416	1260	1438	1260	733	597240	474	0	474	474	474	836.972	576.951	11.026	7.677	3.006	7.581	836.971	576.951	11.026	822	567	6	27	22	11
417	255	436	255	177	49725	195	0	195	195	195	580.694	671.114	9.471	4.680	1.970	4.532	580.695	671.114	9.471	575	666	6	14	11	10
418	1356	1000	1356	570	414936	306	0	306	306	306	599.661	678.833	9.868	6.747	1.711	7.164	599.659	678.833	9.868	591	670	6	18	19	8
419	1736	1290	1736	700	708288	408	0	408	408	408	553.849	729.107	11.157	7.547	1.998	7.659	553.854	729.107	11.157	542	721	6	22	18	12
420	599	632	599	312	291114	486	0	486	486	486	776.457	772.691	12.661	4.986	0.987	4.934	776.458	772.692	12.661	771	767	6	14	13	12
421	3171	2254	3171	1297	1563303	493	0	493	493	493	342.951	819.795	12.267	10.914	4.151	10.771	342.951	819.795	12.267	327	806	6	35	29	12
422	2005	1570	2005	879	645610	322	0	322	322	322	620.493	815.772	10.211	8.378	2.598	8.392	620.492	815.772	10.211	605	803	6	28	24	10
423	1687	1222	1687	664	830004	492	0	492	492	492	971.967	818.048	12.436	7.373	1.874	7.573	971.970	818.047	12.436	963	809	6	19	21	11
424	909	804	909	459	489042	538	0	538	538	538	525.403	826.611	12.641	5.988	1.529	5.861	525.402	826.611	12.641	517	820	6	18	12	12
425	255	468	255	201	82875	325	0	325	325	325	596.353	822.816	10.753	5.380	2.389	5.230	596.353	822.816	10.753	587	815	6	16	16	10
426	1659	1206	1659	690	710052	428	0	428	428	428	269.499	833.112	11.282	7.284	1.662	7.214	269.501	833.111	11.282	257	824	6	21	17	13
427	1533	1182	1533	702	757302	494	0	494	494	494	524.744	856.741	12.088	7.553	2.321	7.164	524.745	856.741	12.088	513	850	6	24	15	11
428	348	526	348	245	119364	343	0	343	343	343	203.333	859.897	9.963	4.893	1.870	4.771	203.334	859.897	9.963	198	852	6	13	18	8
429	379	540	379	246	93992	248	0	248	248	248	903.264	889.929	10.082	4.736	1.562	4.835	903.264	889.929	10.082	896	883	6	13	16	9
430	1379	1372	1379	712	604002	438	0	438	438	438	309.013	898.022	10.057	7.951	3.004	7.817	309.014	898.022	10.057	292	885	6	30	23	9
431	1967	1250	1967	699	983500	500	0	500	500	500	559.497	910.806	12.630	7.568	1.483	7.761	559.495	910.806	12.630	552	901	6	18	21	13
432	511	588	511	280	227395	445	0	445	445	445	859.229	910.875	11.106	4.944	1.424	4.818	859.228	910.876	11.106	851	907	6	15	9	10
433	1317	1014	1317	609	482022	366	0	366	366	366	281.181	929.699	10.650	6.852	1.894	7.137	281.183	929.700	10.650	271	921	6	19	18	9
434	432	600	432	279	156384	362	0	362	362	362	427.956	920.211	9.303	5.239	2.028	4.870	427.955	920.210	9.303	423	911	6	9	20	8
435	1136	990	1136	525	572544	504	0	504	504	504	332.083	936.841	11.057	6.398	1.623	6.568	332.084	936.840	11.057	323	929	6	20	17	11
436	155	228	155	108	41540	268	0	268	268	268	586.174	944.232	8.710	3.019	0.690	2.978	586.174	944.232	8.710	583	942	6	8	8	6
437	185	274	185	126	31265	169	0	169	169	169	14.086	947.681	8.000	3.459	1.092	3.276	14.086	947.681	8.000	10	942	6	9	11	5
438	640	642	640	359	240000	375	0	375	375	375	516.452	945.822	9.973	5.495	1.755	5.551	516.452	945.822	9.973	507	938	6	16	14	9
439	1067	938	1067	571	609257	571	0	571	571	571	63.775	949.352	12.935	6.210	1.445	6.207	63.775	949.352	12.935	56	941	6	14	15	13
440	684	804	684	384	391932	573	0	573	573	573	123.075	956.307	12.553	5.337	1.502	5.420	123.074	956.306	12.553	118	950	6	13	14	13
441	508	534	508	296	193040	380	0	380	380	380	637.559	960.240	9.917	4.769	1.274	4.762	637.561	960.240	9.917	629	955	6	15	10	9
442	2406	1836	2406	985	1234278	513	0	513	513	513	128.555	978.230	11.037	10.254	4.978	9.093	128.555	978.229	11.037	118	964	6	21	42	12
443	311	384	311	179	86769	279	0	279	279	279	95.042	978.267	8.958	3.945	0.945	4.090	95.042	978.267	8.958	90	973	6	10	11	7
444	1766	1310	1766	707	976598	553	0	553	553	553	105.909	986.780	12.273	7.361	1.635	7.615	105.908	986.781	12.273	95	977	6	22	20	13
445	154	226	154	96	26642	173	0	173	173	173	691.130	992.701	8.312	2.972	0.521	2.994	691.130	992.701	8.312	688	988	6	7	9	6
446	414	618	414	285	215280	520	0	520	520	520	116.454	1004.778	11.280	5.126	1.929	4.926	116.454	1004.777	11.280	112	996	6	14	17	11
447	1415	970	1415	554	665050	470	0	470	470	470	463.498	1015.901	10.955	6.837	1.615	6.881	463.499	1015.902	10.955	454	1009	6	21	14	10
448	327	452	327	209	154017	471	0	471	471	471	228.385	1018.905	10.196	4.931	1.965	4.864	228.386	1018.905	10.196	221	1015	6	17	7	10
449	1356	1032	1356	594	713256	526	0	526	526	526	1013.145	536.732	13.095	6.942	1.859	6.960	1013.145	536.731	13.095	1005	530	7	16	19	11
450	193	288	193	135	76042	394	0	394	394	394	923.249	592.171	11.181	3.508	1.057	3.422	923.248	592.171	11.181	920	587	7	7	10	9
451	192	292	192	140	35136	183	0	183	183	183	938.073	604.484	8.464	3.464	1.077	3.479	938.074	604.484	8.464	934	600	7	10	9	5
452	179	242	179	108	53342	298	0	298	298	298	638.743	635.911	9.905	3.185	0.580	3.160	638.743	635.911	9.905	635	633	7	8	7	7
453	645	760	645	371	194145	301	0	301	301	301	616.820	650.437	10.214	6.174	2.407	5.783	616.820	650.438	10.214	606	645	7	21	11	10
454	272	410	272	185	83504	307	0	307	307	307	555.438	686.298	9.945	4.262	1.505	4.247	555.438	686.298	9.945	551	681	7	12	12	9
455	1330	1502	1330	747	641060	482	0	482	482	482	551.032	698.566	12.245	7.688	2.656	7.739	551.031	698.568	12.245	540	686	7	24	24	11
456	171	282	171	127	82764	484	0	484	484	484	498.345	719.251	12.491	3.807	1.591	3.584	498.345	719.251	12.491	495	716	7	7	10	11
457	239	342	239	165	49712	208	0	208	208	208	574.234	723.900	9.084	3.785	1.190	3.778	574.234	723.900	9.084	570	719	7	10	11	5
458	735	766	735	401	228585	311	0	311	311	311	518.239	724.131	10.083	5.865	1.936	5.751	518.241	724.131	10.083	508	714	7	18	20	7
459	448	594	448	301	100800	225	0	225	225	225	542.734	786.562	8.862	5.427	1.963	5.494	542.734	786.563	8.862	536	779	7	13	17	5
460	1274	902	1274	553	620438	487	0	487	487	487	451.078	782.760	12.035	6.636	1.610	6.844	451.078	782.761	12.035	444	776	7	16	16	9
461	859	812	859	450	274021	319	0	319	319	319	589.168	796.973	10.159	6.093	1.866	5.980	589.168	796.971	10.159	583	787	7	12	21	9
462	238	376	238	164	80682	339	0	339	339	339	980.437	849.311	10.399	4.020	1.444	3.874	980.437	849.312	10.399	974	846	7	14	8	9
463	1069	914	1069	530	581536	544	0	544	544	544	335.300	862.796	12.507	6.484	1.909	6.258	335.300	862.796	12.507	331	852	7	13	22	10
464	248	336	248	161	86304	348	0	348	348	348	937.165	868.758	10.185	4.090	1.616	3.711	937.166	868.758	10.185	932	865	7	14	8	8
465	980	772	980	449	428260	437	0	437	437	437	865.226	893.364	11.021	6.047	1.468	6.081	865.226	893.364	11.021	859	885	7	13	16	10
466	221	340	221	144	110279	499	0	499	499	499	872.615	906.330	11.145	3.706	1.076	3.545	872.616	906.330	11.145	868	903	7	12	8	8
467	164	276	164	119	41984	256	0	256	256	256	91.835	912.976	8.646	3.704	1.515	3.738	91.835	912.976	8.646	86	909	7	13	8	4
468	270	378	270	162	69390	257	0	257	257	257	699.715	917.482	9.344	4.275	1.513	4.186	699.714	917.481	9.344	695	912	7	12	13	6
469	282	356	282	171	102930	365	0	365	365	365	833.979	928.011	9.791	3.933	1.072	3.792	833.978	928.011	9.791	829	921	7	11	11	7
470	410	582	410	276	151700	370	0	370	370	370	434.493	932.156	10.980	4.797	1.615	4.898	434.492	932.156	10.980	428	925	7	12	14	10
471	1108	866	1108	505	630452	569	0	569	569	569	347.413	937.475	13.532	6.271	1.479	6.573	347.413	937.474	13.532	340	930	7	16	16	11
472	177	278	177	123	46905	265	0	265	265	265	806.768	940.797	9.282	3.658	1.398	3.371	806.768	940.797	9.282	802	938	7	13	7	5
473	849	846	849	482	466101	549	0	549	549	549	55.188	942.095	13.077	6.984	3.237	6.213	55.188	942.096	13.077	52	926	7	7	27	12
474	3098	2008	3098	1115	1710096	552	0	552	552	552	107.635	963.632	13.153	9.364	2.517	9.517	107.633	963.630	13.153	96	951	7	25	26	13
475	252	322	252	157	69804	277	0	277	277	277	549.901	972.226	9.274	3.704	0.932	3.667	549.900	972.226	9.274	545	968	7	10	9	6
476	592	612	592	343	230288	389	0	389	389	389	349.554	990.760	10.000	5.194	1.579	5.288	349.553	990.760	10.000	345	984	7	11	16	10
477	1872	1214	1872	672	965952	516	0	516	516	516	380.671	987.201	12.261	7.471	1.639	7.790	380.669	987.206	12.261	372	978	7	20	19	11
478	1472	1504	1472	776	821376	558	0	558	558	558	396.622	1013.636	13.437	8.139	2.855	8.045	396.622	1013.634	13.437	380	1001	7	28	21	12
479	253	380	253	168	118151	467	0	467	467	467	54.937	1014.838	10.506	3.960	1.262	4.035	54.937	1014.839	10.506	49	1010	7	11	11	8
480	388	478	388	237	202924	523	0	523	523	523	110.616	1018.925	11.490	4.896	1.777	4.508	110.616	1018.925	11.490	104	1015	7	16	7	9
481	521	504	521	278	291760	560	0	560	560	560	526.493	1018.288	12.576	4.877	1.312	4.799	526.493	1018.287	12.576	521	1014	7	14	8	11
482	742	850	742	411	389550	525	0	525	525	525	996.179	535.571	12.646	6.142	2.017	6.205	996.179	535.572	12.646	986	529	8	18	15	9
483	1983	1458	1983	796	941925	475	0	475	475	475	850.256	602.567	12.469	8.803	3.540	8.006	850.256	602.567	12.469	833	590	8	29	23	10
484	351	568	351	240	169533	483	0	483	483	483	530.348	704.852	12.775	4.889	1.818	4.811	530.348	704.852	12.775	522	699	8	16	12	10
485	488	592	488	284	260104	533	0	533	533	533	556.963	712.434	12.666	5.054	1.630	4.799	556.963	712.434	12.666	549	709	8	18	8	11
486	178	280	178	126	73870	415	0	415	415	415	866.573	783.904	11.135	3.387	0.981	3.265	866.573	783.905	11.135	864	779	8	6	11	8
487	210	296	210	131	86730	413	0	413	413	413	386.924	784.400	11.290	3.432	0.780	3.360	386.924	784.400	11.290	382	780	8	10	10	7
488	696	644	696	352	297192	427	0	427	427	427	944.102	825.287	11.424	5.330	1.328	5.483	944.102	825.287	11.424	939	818	8	12	15	8
489	215	346	215	147	91160	424	0	424	424	424	278.763	818.581	10.972	3.974	1.487	3.709	278.763	818.581	10.972	272	814	8	13	12	6
490	161	270	161	118	69230	430	0	430	430	430	209.236	845.043	10.652	3.702	1.501	3.436	209.236	845.044	10.652	204	840	8	11	9	6
491	271	360	271	176	95392	352	0	352	352	352	525.070	877.808	9.911	3.858	1.088	3.809	525.070	877.808	9.911	519	874	8	12	9	5
492	277	342	277	183	120218	434	0	434	434	434	451.061	881.303	11.444	3.778	0.883	3.671	451.061	881.303	11.444	448	878	8	9	8	9
493	170	252	170	109	75140	442	0	442	442	442	76.959	908.353	10.947	3.220	0.813	3.238	76.959	908.353	10.947	73	905	8	9	8	7
494	157	226	157	107	57776	368	0	368	368	368	35.580	930.866	9.783	3.114	0.779	3.069	35.580	930.866	9.783	32	928	8	8	8	5
495	262	354	262	155	143314	547	0	547	547	547	26.622	933.931	12.347	3.770	0.841	3.748	26.622	933.931	12.347	22	930	8	9	9	10
496	221	388	221	158	100334	454	0	454	454	454	301.516	954.208	10.719	3.798	1.290	3.565	301.516	954.208	10.719	296	948	8	10	14	8
497	1887	1510	1887	832	971805	515	0	515	515	515	285.111	981.975	12.582	8.390	2.856	8.216	285.111	981.971	12.582	273	974	8	30	17	11
498	215	342	215	151	111155	517	0	517	517	517	712.581	989.772	11.553	3.788	1.242	3.629	712.581	989.772	11.553	708	984	8	9	12	7
499	250	426	250	186	116500	466	0	466	466	466	125.712	1013.316	11.256	3.972	1.267	3.972	125.712	1013.316	11.256	121	1009	8	11	10	8
500	344	494	344	222	161336	469	0	469	469	469	277.927	1015.137	10.951	4.304	1.448	4.445	277.927	1015.137	10.951	271	1011	8	14	11	7
501	157	234	157	104	82739	527	0	527	527	527	801.236	574.605	12.713	3.138	0.811	2.943	801.236	574.605	12.713	797	572	9	9	6	7
502	1001	784	1001	463	528528	528	0	528	528	528	898.079	604.712	13.089	6.060	1.460	6.057	898.073	604.712	13.089	891	595	9	14	19	9
503	286	360	286	166	136708	478	0	478	478	478	749.759	648.608	12.105	3.926	0.944	3.758	749.760	648.608	12.105	744	645	9	11	9	7
504	279	492	279	211	133083	477	0	477	477	477	784.509	644.513	12.014	5.156	2.186	4.953	784.509	644.512	12.014	779	635	9	13	17	8
505	1051	852	1051	495	505531	481	0	481	481	481	904.969	670.574	12.017	6.288	1.797	6.375	904.963	670.575	12.017	896	663	9	19	15	8
506	251	470	251	199	145329	579	0	579	579	579	571.048	748.709	13.478	4.891	1.973	4.820	571.048	748.709	13.478	565	741	9	15	17	9
507	208	340	208	154	85696	412	0	412	412	412	477.726	777.841	10.990	4.306	1.745	3.927	477.726	777.841	10.990	472	771	9	10	15	5
508	306	488	306	221	149634	489	0	489	489	489	471.134	784.036	12.111	4.422	1.634	4.314	471.134	784.036	12.111	467	776	9	9	16	9
509	990	864	990	485	491040	496	0	496	496	496	288.997	865.280	11.868	6.284	1.844	6.346	288.997	865.280	11.868	280	857	9	20	17	7
510	251	456	251	192	124245	495	0	495	495	495	260.550	865.315	12.598	4.577	2.056	4.500	260.550	865.315	12.598	254	859	9	13	19	8
511	802	702	802	414	458744	572	0	572	572	572	356.218	951.310	14.086	5.634	1.476	6.023	356.220	951.310	14.086	350	944	9	15	16	9
512	164	254	164	105	74292	453	0	453	453	453	788.384	950.628	11.000	3.342	1.080	3.243	788.384	950.628	11.000	784	947	9	11	8	6
513	851	748	851	435	489325	575	0	575	575	575	286.070	967.078	14.092	5.873	1.651	5.903	286.071	967.083	14.092	279	960	9	17	14	9
514	664	802	664	396	365864	551	0	551	551	551	745.291	960.893	13.696	6.027	2.264	5.823	745.292	960.894	13.696	738	951	9	15	21	9
515	693	722	693	373	361746	522	0	522	522	522	426.818	1016.089	12.160	5.822	2.033	5.664	426.817	1016.090	12.160	419	1007	9	17	15	7
516	232	290	232	141	109504	472	0	472	472	472	1002.203	469.159	12.457	3.500	0.692	3.522	1002.203	469.159	12.457	997	466	10	10	8	6
517	228	312	228	150	121068	531	0	531	531	531	891.750	656.461	13.263	3.556	0.850	3.560	891.750	656.460	13.263	886	654	10	11	7	8
518	189	272	189	131	90531	479	0	479	479	479	856.714	659.323	12.190	3.345	0.886	3.309	856.715	659.323	12.190	853	655	10	8	11	6
519	162	266	162	113	66258	409	0	409	409	409	480.673	733.883	12.444	3.283	0.980	3.204	480.672	733.883	12.444	477	730	10	8	9	8
520	1196	910	1196	510	638664	534	0	534	534	534	804.314	746.032	12.921	6.437	1.618	6.731	804.315	746.033	12.921	796	738	10	18	17	7
521	893	748	893	410	477755	535	0	535	535	535	780.873	758.358	13.394	5.784	1.421	6.030	780.874	758.358	13.394	773	751	10	16	15	7
522	393	516	393	236	221652	564	0	564	564	564	531.522	804.038	13.232	4.560	1.304	4.592	531.521	804.038	13.232	525	798	10	13	13	8
523	794	732	794	405	448610	565	0	565	565	565	338.510	843.480	14.219	5.706	1.580	5.684	338.510	843.480	14.219	333	835	10	14	18	8
524	250	344	250	164	124500	498	0	498	498	498	496.608	904.324	12.324	4.084	1.521	3.850	496.607	904.324	12.324	491	899	10	13	10	5
525	276	496	276	201	161736	586	0	586	586	586	66.808	914.489	14.159	4.832	1.894	4.654	66.808	914.489	14.159	59	908	10	14	15	9
526	202	292	202	130	102414	507	0	507	507	507	452.188	951.510	12.188	3.387	0.765	3.323	452.189	951.510	12.188	447	948	10	10	8	7
527	1961	1280	1961	739	1131497	577	0	577	577	577	291.340	999.948	14.171	7.715	1.868	8.092	291.338	999.962	14.171	281	990	10	23	20	10
528	153	272	153	121	85068	556	0	556	556	556	4.863	1006.928	12.797	3.758	1.433	3.712	4.863	1006.928	12.797	0	1002	10	10	10	6
529	231	362	231	154	120351	521	0	521	521	521	677.900	1010.922	12.900	4.263	1.744	4.214	677.901	1010.922	12.900	673	1004	10	13	13	8
530	192	312	192	139	106944	557	0	557	557	557	301.438	1012.948	12.823	3.567	1.117	3.427	301.437	1012.948	12.823	295	1009	10	12	8	7
531	361	506	361	245	202521	561	0	561	561	561	413.778	1016.438	12.629	4.809	1.759	4.803	413.778	1016.439	12.629	409	1007	10	10	16	6
532	182	298	182	135	96278	529	0	529	529	529	764.846	634.313	12.962	3.604	1.245	3.524	764.846	634.313	12.962	760	631	11	12	8	5
533	531	782	531	368	298422	562	0	562	562	562	621.614	688.814	13.701	6.097	2.628	5.648	621.613	688.813	13.701	613	681	11	21	20	7
534	426	538	426	271	241116	566	0	566	566	566	297.786	849.937	13.660	4.829	1.682	4.844	297.787	849.937	13.660	290	845	11	18	11	7
535	952	798	952	435	539784	567	0	567	567	567	205.867	890.449	14.383	5.972	1.493	6.238	205.867	890.449	14.383	198	883	11	16	16	8
536	159	222	159	107	87450	550	0	550	550	550	757.862	948.547	12.755	3.077	0.761	2.990	757.862	948.547	12.755	753	946	11	11	6	5
537	242	406	242	178	139392	576	0	576	576	576	147.785	980.545	14.198	4.251	1.627	4.132	147.785	980.545	14.198	142	977	11	14	8	8
538	475	638	475	301	263150	554	0	554	554	554	539.101	991.844	13.817	5.155	1.591	5.294	539.100	991.844	13.817	534	985	11	14	14	8
539	204	300	204	134	114852	563	0	563	563	563	507.961	707.328	13.931	3.739	1.487	3.322	507.961	707.329	13.931	501	703	12	13	11	6
540	283	464	283	209	164140	580	0	580	580	580	593.735	763.459	14.505	5.052	2.263	4.761	593.734	763.459	14.505	587	758	12	17	14	7
541	328	462	328	212	190568	581	0	581	581	581	572.152	889.274	14.415	4.551	1.634	4.701	572.152	889.275	14.415	567	884	12	11	14	7
542	153	340	153	130	87822	574	0	574	574	574	708.863	970.477	13.471	4.877	2.383	4.775	708.863	970.477	13.471	704	962	12	10	19	4
543	164	270	164	123	95612	583	0	583	583	583	536.305	977.561	15.433	3.393	1.178	3.700	536.305	977.561	15.433	532	973	14	9	10	4
