 	Volume (pixel^3)	Surface (pixel^2)	Nb of obj. voxels	Nb of surf. voxels	IntDen	Mean	StdDev	Median	Min	Max	X	Y	Z	Mean dist. to surf. (pixel)	SD dist. to surf. (pixel)	Median dist. to surf. (pixel)	XM	YM	ZM	BX	BY	BZ	B-width	B-height	B-depth
1	2062	1478	2062	915	6186	3	0	3	3	3	821.345	155.580	7.025	8.337	2.495	8.798	821.345	155.580	7.025	810	142	3	23	24	9
2	1596	1028	1596	687	6384	4	0	4	4	4	806.748	173.305	6.967	7.239	1.833	7.456	806.748	173.305	6.967	798	163	3	16	19	8
3	3144	1898	3144	1282	18864	6	0	6	6	6	823.603	182.111	7.212	10.306	3.469	10.194	823.603	182.111	7.212	815	167	3	28	32	9
4	2284	1474	2284	939	11420	5	0	5	5	5	835.884	171.119	7.003	8.696	2.841	8.626	835.884	171.119	7.003	826	161	3	28	19	9
5	1755	1394	1755	876	80730	46	0	46	46	46	831.628	218.938	7.505	8.708	3.371	8.287	831.638	218.938	7.505	818	213	3	32	17	9
6	1571	1292	1571	751	25136	16	0	16	16	16	792.285	241.227	7.074	8.476	3.704	7.819	792.285	241.227	7.074	781	228	3	18	35	8
7	2764	1700	2764	1089	71864	26	0	26	26	26	948.899	290.454	7.113	9.299	2.690	9.184	948.882	290.454	7.113	934	279	3	29	21	9
8	3422	2002	3422	1308	99238	29	0	29	29	29	913.854	311.869	7.230	10.340	3.445	10.197	913.845	311.869	7.230	898	300	3	26	31	9
9	4626	2588	4626	1793	148032	32	0	32	32	32	933.333	318.732	7.259	12.073	4.378	11.955	933.333	318.732	7.259	916	300	3	35	39	9
10	1248	978	1248	659	46176	37	0	37	37	37	725.216	388.609	7.223	7.929	3.165	7.681	725.210	388.609	7.223	712	382	3	26	12	9
11	4952	2562	4952	1845	485296	98	0	98	98	98	733.775	404.770	7.560	11.836	3.779	11.991	733.765	404.770	7.560	719	393	3	35	27	10
12	868	836	868	448	1736	2	0	2	2	2	840.033	157.432	7.414	6.283	1.983	5.847	840.033	157.432	7.414	832	151	4	20	12	8
13	2325	2034	2325	1128	99975	43	0	43	43	43	863.465	185.508	7.468	9.659	3.579	9.618	863.470	185.508	7.468	847	170	4	33	30	8
14	1655	1116	1655	718	11585	7	0	7	7	7	806.493	190.503	7.015	7.544	2.198	7.718	806.493	190.503	7.015	797	183	4	18	23	7
15	1690	1302	1690	763	13520	8	0	8	8	8	886.591	195.787	7.031	7.887	2.566	7.961	886.591	195.787	7.031	880	184	4	18	26	7
16	1423	1222	1423	693	62612	44	0	44	44	44	839.575	200.827	7.618	7.385	2.320	7.521	839.575	200.827	7.618	828	188	4	22	24	8
17	568	578	568	334	5112	9	0	9	9	9	875.771	197.106	7.460	5.269	1.673	4.975	875.771	197.106	7.460	869	187	4	13	19	7
18	842	730	842	395	8420	10	0	10	10	10	903.398	202.667	7.274	5.802	1.499	5.688	903.398	202.667	7.274	894	195	4	18	15	8
19	836	696	836	419	9196	11	0	11	11	11	826.325	208.856	7.626	5.940	1.752	5.619	826.325	208.856	7.626	818	203	4	19	10	8
20	2878	2102	2878	1239	135266	47	0	47	47	47	869.068	216.210	7.797	9.904	3.325	10.218	869.074	216.210	7.797	851	204	4	32	26	8
21	1395	1164	1395	666	16740	12	0	12	12	12	914.899	215.183	7.330	7.226	2.185	7.399	914.899	215.183	7.330	903	205	4	23	21	8
22	1452	1130	1452	675	18876	13	0	13	13	13	892.782	217.705	7.490	7.439	2.307	7.628	892.782	217.705	7.490	884	209	4	22	19	8
23	1773	1220	1773	749	79785	45	0	45	45	45	805.401	217.818	7.390	7.759	2.293	7.814	805.395	217.818	7.390	796	207	4	18	25	8
24	821	786	821	415	12315	15	0	15	15	15	933.311	225.694	7.149	6.217	2.111	5.959	933.311	225.694	7.149	925	218	4	18	16	7
25	1495	1206	1495	782	20930	14	0	14	14	14	818.708	229.591	7.378	8.563	3.762	7.549	818.708	229.591	7.378	811	211	4	16	38	8
26	603	510	603	299	28944	48	0	48	48	48	898.595	225.630	7.483	4.909	0.854	4.955	898.595	225.630	7.483	894	222	4	12	10	8
27	1888	1422	1888	891	32096	17	0	17	17	17	806.992	241.114	7.100	8.469	2.877	8.482	806.984	241.114	7.100	799	229	4	22	25	8
28	2657	1566	2657	1018	140821	53	0	53	53	53	885.572	237.293	8.204	8.812	2.391	9.275	885.567	237.293	8.204	871	224	4	27	24	9
29	1340	1020	1340	569	24120	18	0	18	18	18	949.430	240.143	7.307	7.032	2.125	6.990	949.430	240.143	7.307	939	231	4	23	17	8
30	1574	1278	1574	773	86570	55	0	55	55	55	839.915	251.027	7.436	7.861	2.530	7.927	839.920	251.027	7.436	828	243	4	22	20	8
31	1067	842	1067	548	59752	56	0	56	56	56	895.761	252.537	7.908	6.760	2.384	6.194	895.761	252.537	7.908	890	241	4	11	26	8
32	2688	1698	2688	1066	158592	59	0	59	59	59	876.312	254.358	8.064	9.238	2.837	9.309	876.317	254.358	8.064	863	244	4	27	23	9
33	2130	1540	2130	922	42600	20	0	20	20	20	954.532	258.070	6.967	8.569	2.810	8.773	954.532	258.070	6.967	940	249	4	32	23	8
34	635	596	635	345	36195	57	0	57	57	57	855.239	252.894	7.617	5.238	1.352	5.148	855.237	252.894	7.617	851	246	4	12	15	8
35	1413	964	1413	648	81954	58	0	58	58	58	908.006	251.515	8.111	7.051	1.859	7.197	907.998	251.515	8.111	902	243	4	15	17	9
36	2268	1516	2268	940	47628	21	0	21	21	21	908.208	268.695	7.484	8.577	2.562	8.478	908.196	268.695	7.484	894	261	4	29	16	9
37	2217	1694	2217	955	144105	65	0	65	65	65	967.546	275.699	7.553	9.346	3.637	9.145	967.539	275.699	7.553	957	258	4	24	36	8
38	1772	1434	1772	823	113408	64	0	64	64	64	942.703	273.160	7.632	8.388	2.961	7.898	942.703	273.160	7.632	927	262	4	29	19	8
39	1002	1030	1002	556	22044	22	0	22	22	22	821.895	273.497	6.932	7.297	2.900	6.914	821.895	273.497	6.932	814	259	4	17	28	8
40	2126	1604	2126	948	53150	25	0	25	25	25	884.297	281.012	7.744	8.575	2.709	8.974	884.286	281.012	7.744	870	267	4	28	28	8
41	2758	1628	2758	1091	77224	28	0	28	28	28	907.364	288.185	7.434	9.098	2.562	9.634	907.367	288.185	7.434	896	278	4	25	22	8
42	1466	1128	1466	689	101154	69	0	69	69	69	925.815	292.911	7.492	7.348	2.161	7.517	925.812	292.910	7.492	918	279	4	17	24	8
43	2032	1242	2032	811	60960	30	0	30	30	30	953.673	308.992	7.337	7.904	2.047	8.333	953.686	308.992	7.337	945	300	4	20	20	8
44	2627	2056	2627	1248	81437	31	0	31	31	31	743.834	312.426	7.359	10.093	3.714	10.030	743.844	312.426	7.359	732	290	4	25	35	8
45	3367	2448	3367	1500	245791	73	0	73	73	73	787.626	323.039	8.097	10.984	3.840	11.102	787.623	323.040	8.097	774	306	4	34	30	9
46	3841	2424	3841	1618	126753	33	0	33	33	33	739.312	333.948	7.494	11.167	3.726	11.422	739.303	333.949	7.494	719	321	4	36	29	8
47	4142	2448	4142	1682	314792	76	0	76	76	76	765.379	333.946	7.969	11.836	4.427	11.579	765.394	333.946	7.969	755	311	4	24	42	9
48	1283	1140	1283	683	221959	173	0	173	173	173	835.214	343.486	8.387	7.480	2.536	7.266	835.213	343.487	8.387	827	330	4	20	21	9
49	1578	1242	1578	777	127818	81	0	81	81	81	709.386	356.187	7.932	7.775	2.524	7.711	709.383	356.186	7.932	697	344	4	22	26	9
50	2970	1874	2970	1251	228690	77	0	77	77	77	789.876	346.577	8.198	9.801	3.140	9.990	789.873	346.577	8.198	777	337	4	32	25	9
51	3294	2094	3294	1349	263520	80	0	80	80	80	752.816	358.995	7.794	10.251	3.356	10.631	752.816	358.995	7.794	733	346	4	33	29	8
52	3120	1906	3120	1292	255840	82	0	82	82	82	774.234	365.226	7.739	10.211	3.595	10.141	774.227	365.225	7.739	755	352	4	33	28	9
53	4171	2202	4171	1478	346193	83	0	83	83	83	801.979	369.060	7.761	10.604	2.985	11.200	801.981	369.059	7.761	789	354	4	30	32	9
54	3542	2050	3542	1404	297528	84	0	84	84	84	726.741	366.045	7.929	10.330	3.115	10.632	726.726	366.044	7.929	716	348	4	26	30	9
55	2044	1270	2044	837	173740	85	0	85	85	85	704.717	372.394	8.269	8.037	2.201	8.255	704.715	372.394	8.269	694	362	4	21	22	9
56	1763	1274	1763	838	61705	35	0	35	35	35	783.539	382.273	7.496	8.051	2.586	8.089	783.546	382.273	7.496	774	368	4	20	29	8
57	866	716	866	492	76208	88	0	88	88	88	723.297	381.793	7.630	6.759	2.834	6.044	723.297	381.793	7.630	715	378	4	23	9	8
58	1757	1392	1757	865	165158	94	0	94	94	94	744.733	383.603	7.671	8.234	2.647	8.411	744.738	383.603	7.671	736	369	4	20	24	8
59	1607	1136	1607	767	57852	36	0	36	36	36	766.402	388.017	7.174	7.686	2.316	7.826	766.402	388.017	7.174	755	380	4	22	17	7
60	4505	2860	4505	1851	405450	90	0	90	90	90	839.752	388.473	7.903	12.727	5.231	12.536	839.745	388.473	7.903	818	371	4	38	42	9
61	2981	2206	2981	1355	277233	93	0	93	93	93	865.772	385.158	7.909	10.642	3.919	10.415	865.770	385.158	7.909	856	365	4	24	35	8
62	2023	1424	2023	959	186116	92	0	92	92	92	694.884	388.429	8.140	9.731	3.966	9.430	694.894	388.429	8.140	678	381	4	34	17	9
63	3392	2666	3392	1626	325632	96	0	96	96	96	801.261	399.745	7.685	11.522	4.185	11.735	801.261	399.745	7.685	782	387	4	39	33	8
64	694	630	694	405	65930	95	0	95	95	95	693.030	397.965	7.653	5.930	2.241	5.398	693.033	397.965	7.653	681	394	4	20	10	8
65	2126	1664	2126	1068	80788	38	0	38	38	38	765.516	404.472	7.364	9.266	3.329	9.016	765.525	404.472	7.364	752	397	4	31	18	8
66	3404	2508	3404	1504	350612	103	0	103	103	103	879.808	414.808	7.871	11.433	4.499	11.320	879.810	414.808	7.871	862	395	4	37	35	9
67	5218	2670	5218	1940	516582	99	0	99	99	99	702.509	409.439	7.834	12.323	4.111	12.721	702.511	409.438	7.834	685	392	4	33	33	9
68	932	832	932	474	90404	97	0	97	97	97	846.848	403.679	7.972	6.242	1.947	6.198	846.845	403.679	7.972	837	398	4	22	13	8
69	1044	844	1044	520	105444	101	0	101	101	101	677.790	407.263	7.671	6.535	2.075	6.382	677.787	407.264	7.671	673	393	4	12	24	8
70	1754	1342	1754	824	178908	102	0	102	102	102	664.873	410.869	7.456	8.335	3.084	8.173	664.879	410.869	7.456	653	392	4	22	28	8
71	1147	864	1147	531	119288	104	0	104	104	104	754.715	417.377	7.534	6.543	1.747	6.739	754.715	417.377	7.534	748	408	4	16	18	9
72	3335	2584	3335	1468	350175	105	0	105	105	105	833.303	422.591	7.910	11.242	4.267	11.006	833.301	422.590	7.910	809	408	4	42	32	9
73	2584	1996	2584	1327	273904	106	0	106	106	106	662.352	432.574	7.587	10.229	3.733	10.333	662.347	432.574	7.587	645	419	4	28	30	8
74	3834	2048	3834	1471	414072	108	0	108	108	108	726.737	427.296	7.987	10.580	3.261	10.653	726.749	427.297	7.987	714	416	4	31	22	9
75	5505	2932	5505	2066	605550	110	0	110	110	110	696.341	434.500	8.076	12.822	4.447	13.115	696.347	434.499	8.076	677	414	4	36	37	9
76	1671	1312	1671	848	66840	40	0	40	40	40	775.991	423.391	7.670	8.132	2.692	8.184	775.991	423.391	7.670	765	415	4	26	18	8
77	960	750	960	480	104640	109	0	109	109	109	760.474	430.981	8.233	6.175	1.591	6.102	760.471	430.982	8.233	752	425	4	17	11	9
78	3563	2084	3563	1432	406182	114	0	114	114	114	741.079	443.570	8.017	11.244	4.415	10.725	741.074	443.570	8.017	727	421	4	25	39	9
79	2835	1994	2835	1319	320355	113	0	113	113	113	763.615	442.979	8.072	11.774	5.642	11.227	763.611	442.979	8.072	751	433	4	42	22	9
80	4554	2346	4554	1674	510048	112	0	112	112	112	714.859	451.359	8.456	11.543	3.855	11.557	714.876	451.359	8.456	696	438	4	37	27	10
81	1562	1070	1562	678	276474	177	0	177	177	177	728.945	464.920	8.403	7.275	1.931	7.295	728.942	464.920	8.403	721	458	4	19	18	10
82	4059	2474	4059	1654	487080	120	0	120	120	120	778.601	460.351	8.046	11.563	4.004	11.574	778.620	460.351	8.046	766	443	4	34	34	10
83	2304	1494	2304	964	285696	124	0	124	124	124	742.540	476.931	8.220	8.878	2.807	8.563	742.549	476.931	8.220	725	468	4	30	23	10
84	2014	1280	2014	853	251750	125	0	125	125	125	763.133	479.490	8.021	7.993	2.064	8.252	763.131	479.490	8.021	754	472	4	20	20	9
85	2740	1774	2740	1160	345240	126	0	126	126	126	704.038	480.791	8.216	9.558	3.145	9.536	704.042	480.790	8.216	690	466	4	32	26	9
86	1083	816	1083	551	139707	129	0	129	129	129	775.396	486.729	7.731	6.683	2.106	6.640	775.395	486.729	7.731	768	477	4	15	19	8
87	8088	4266	8088	2877	1035264	128	0	128	128	128	614.899	487.205	8.120	15.202	5.564	15.078	614.899	487.205	8.120	588	462	4	54	41	9
88	2740	1610	2740	1156	361680	132	0	132	132	132	791.227	489.373	7.763	9.283	2.783	9.654	791.219	489.372	7.763	781	476	4	20	28	8
89	4051	2874	4051	1823	526630	130	0	130	130	130	812.929	484.882	8.097	12.546	4.920	12.402	812.921	484.882	8.097	801	462	4	35	47	9
90	5383	2812	5383	1974	705173	131	0	131	131	131	733.425	495.935	8.187	12.461	4.259	12.507	733.426	495.935	8.187	717	480	4	34	36	9
91	4694	2438	4694	1706	638384	136	0	136	136	136	783.647	510.062	8.162	11.440	3.572	11.827	783.628	510.063	8.162	766	497	4	42	27	10
92	1902	1294	1902	888	256770	135	0	135	135	135	595.505	509.876	8.300	8.266	2.520	8.153	595.506	509.875	8.300	588	499	4	18	26	9
93	2225	1306	2225	915	407175	183	0	183	183	183	656.729	505.021	8.413	8.330	2.185	8.603	656.731	505.019	8.413	648	496	4	24	18	10
94	4445	2306	4445	1583	617855	139	0	139	139	139	722.150	515.552	8.321	10.870	3.137	11.387	722.152	515.550	8.321	709	501	4	31	27	10
95	8545	4280	8545	3112	1204845	141	0	141	141	141	747.554	523.685	8.261	17.386	7.317	17.033	747.558	523.680	8.261	720	491	4	51	53	10
96	6819	3272	6819	2335	981936	144	0	144	144	144	774.039	544.838	8.300	14.003	5.321	13.579	774.008	544.837	8.300	763	520	4	25	55	10
97	743	536	743	378	106249	143	0	143	143	143	757.431	535.978	8.129	5.222	0.720	5.147	757.433	535.979	8.129	753	532	4	11	9	9
98	2072	1164	2072	862	306656	148	0	148	148	148	752.430	548.100	8.236	8.118	2.170	8.144	752.423	548.101	8.236	742	542	4	21	14	9
99	3894	2006	3894	1482	599676	154	0	154	154	154	748.298	565.119	8.225	10.801	3.503	10.640	748.294	565.120	8.225	733	556	4	32	22	9
100	5050	2570	5050	1765	797900	158	0	158	158	158	534.276	580.041	8.581	12.004	4.164	11.720	534.280	580.041	8.581	514	569	4	42	26	10
101	1070	758	1070	546	171200	160	0	160	160	160	732.204	582.695	7.747	6.401	1.760	6.455	732.204	582.695	7.747	725	575	4	15	16	8
102	2495	1720	2495	1115	516465	207	0	207	207	207	542.753	602.860	8.561	11.171	5.274	9.689	542.755	602.858	8.561	528	594	4	41	21	10
103	2519	1370	2519	1018	591965	235	0	235	235	235	638.846	652.150	8.777	8.639	2.213	8.777	638.846	652.152	8.777	630	642	4	19	21	10
104	1687	1202	1687	753	84350	50	0	50	50	50	837.439	233.615	8.080	7.663	2.246	7.870	837.431	233.615	8.080	828	224	5	21	19	8
105	1365	1062	1365	634	70980	52	0	52	52	52	908.516	235.153	7.908	7.212	2.257	7.137	908.516	235.153	7.908	899	227	5	22	16	8
106	194	334	194	147	9506	49	0	49	49	49	777.186	227.881	7.598	4.172	1.850	3.837	777.186	227.881	7.598	770	223	5	16	11	6
107	2086	1390	2086	837	106386	51	0	51	51	51	858.163	236.546	8.107	8.108	2.284	8.500	858.169	236.546	8.107	848	225	5	23	23	7
108	164	292	164	124	3116	19	0	19	19	19	767.049	242.841	7.762	3.724	1.521	3.557	767.049	242.841	7.762	760	238	5	13	10	6
109	263	378	263	186	16043	61	0	61	61	61	760.338	264.114	7.886	3.991	1.216	3.932	760.338	264.114	7.886	755	259	5	11	12	7
110	806	902	806	477	19344	24	0	24	24	24	831.466	278.782	7.257	6.444	2.168	6.632	831.466	278.782	7.257	825	267	5	18	21	6
111	1263	1588	1263	845	85884	68	0	68	68	68	768.655	289.124	7.879	8.971	3.978	8.444	768.655	289.124	7.879	753	276	5	33	28	7
112	271	454	271	199	7317	27	0	27	27	27	847.166	294.587	7.395	4.935	2.278	4.582	847.166	294.587	7.395	843	287	5	10	19	6
113	1615	1510	1615	858	114665	71	0	71	71	71	826.995	295.399	7.571	9.284	4.383	8.423	826.999	295.400	7.571	801	287	5	41	20	7
114	441	632	441	290	75411	171	0	171	171	171	790.760	298.633	8.549	5.227	1.856	5.113	790.761	298.633	8.549	780	292	5	17	16	7
115	1533	1588	1533	898	114975	75	0	75	75	75	821.906	328.693	8.397	8.959	3.973	8.703	821.910	328.693	8.397	809	307	5	26	33	7
116	2716	1664	2716	1171	211848	78	0	78	78	78	816.588	350.981	7.968	9.480	3.000	9.424	816.595	350.981	7.968	804	339	5	23	28	8
117	1723	1232	1723	827	136117	79	0	79	79	79	835.149	358.889	8.302	7.814	2.215	8.142	835.153	358.890	8.302	827	352	5	19	20	8
118	2329	1614	2329	1020	200294	86	0	86	86	86	819.661	380.843	7.749	9.060	3.101	8.964	819.668	380.843	7.749	802	367	5	30	28	7
119	810	912	810	463	72090	89	0	89	89	89	883.901	378.028	7.828	6.708	2.540	6.640	883.899	378.028	7.828	877	368	5	18	25	7
120	761	678	761	400	66207	87	0	87	87	87	685.824	379.499	7.778	5.954	2.002	5.576	685.827	379.499	7.778	675	373	5	21	13	7
121	838	668	838	401	83800	100	0	100	100	100	871.708	405.874	8.427	5.746	1.393	5.607	871.706	405.874	8.427	863	399	5	15	13	8
122	868	708	868	496	92876	107	0	107	107	107	676.138	429.061	7.662	6.803	2.757	6.490	676.141	429.061	7.662	673	417	5	7	26	7
123	283	540	283	241	11037	39	0	39	39	39	802.336	420.300	7.329	5.377	2.258	5.374	802.336	420.300	7.329	794	412	5	17	19	6
124	3017	2084	3017	1206	334887	111	0	111	111	111	853.460	436.338	8.185	9.994	3.409	10.011	853.459	436.338	8.185	841	421	5	29	34	8
125	348	596	348	250	14616	42	0	42	42	42	815.905	446.888	7.411	5.502	2.360	5.298	815.905	446.888	7.411	806	436	5	18	19	6
126	3650	2258	3650	1482	423400	116	0	116	116	116	641.710	451.884	8.290	10.804	3.596	10.986	641.699	451.885	8.290	627	436	5	37	29	8
127	3841	2478	3841	1582	676016	176	0	176	176	176	685.889	459.570	8.802	11.551	4.327	11.236	685.906	459.571	8.802	665	444	5	36	38	9
128	1002	1150	1002	630	119238	119	0	119	119	119	824.787	461.287	8.083	7.601	3.114	7.218	824.789	461.288	8.083	809	450	5	30	23	7
129	2430	1424	2430	1017	432540	178	0	178	178	178	755.484	463.168	8.556	8.937	2.859	8.725	755.482	463.168	8.556	741	456	5	29	16	8
130	2484	1724	2484	1122	293112	118	0	118	118	118	662.437	465.911	8.410	9.221	2.940	9.681	662.443	465.911	8.410	651	452	5	26	26	8
131	2483	1706	2483	1093	305409	123	0	123	123	123	639.332	473.366	8.397	9.738	3.658	9.059	639.333	473.366	8.397	623	462	5	33	33	8
132	1089	730	1089	528	131769	121	0	121	121	121	713.658	469.988	8.439	6.238	1.448	6.293	713.657	469.988	8.439	705	464	5	16	12	8
133	1382	948	1382	647	175514	127	0	127	127	127	650.985	486.695	8.266	7.138	2.124	7.137	650.987	486.695	8.266	643	477	5	16	20	7
134	2135	1370	2135	881	386435	181	0	181	181	181	667.155	489.331	8.600	8.210	2.125	8.478	667.154	489.330	8.600	655	479	5	22	21	9
135	5171	2828	5171	1965	961806	186	0	186	186	186	681.182	509.962	8.990	12.909	4.838	12.599	681.180	509.962	8.990	668	486	5	27	43	9
136	2063	1336	2063	897	375466	182	0	182	182	182	705.303	497.910	8.713	8.334	2.463	8.225	705.305	497.910	8.713	692	487	5	24	20	9
137	2095	1480	2095	887	278635	133	0	133	133	133	822.078	500.265	8.294	8.551	2.907	8.551	822.076	500.266	8.294	813	487	5	24	27	8
138	3773	2078	3773	1505	505582	134	0	134	134	134	632.398	508.928	8.266	10.982	3.909	10.932	632.401	508.929	8.266	618	497	5	29	34	8
139	1553	1044	1553	716	285752	184	0	184	184	184	610.092	509.995	8.677	7.362	2.010	7.319	610.096	509.995	8.677	604	502	5	16	20	8
140	2401	1744	2401	1126	328937	137	0	137	137	137	579.975	515.224	8.154	9.605	3.403	9.243	579.974	515.224	8.154	567	498	5	22	34	7
141	2243	1478	2243	983	414955	185	0	185	185	185	700.475	516.743	8.849	8.753	2.841	8.750	700.475	516.743	8.849	692	502	5	18	33	9
142	1689	1198	1689	733	233082	138	0	138	138	138	806.536	517.624	8.150	7.612	2.087	7.729	806.532	517.623	8.150	796	509	5	23	19	9
143	1114	822	1114	557	208318	187	0	187	187	187	665.196	521.947	8.624	6.501	1.761	6.306	665.195	521.947	8.624	661	510	5	10	22	9
144	5584	2836	5584	2033	1049792	188	0	188	188	188	643.724	527.999	8.612	12.576	4.250	12.774	643.731	527.998	8.612	620	515	5	40	32	9
145	1716	1450	1716	899	240240	140	0	140	140	140	562.914	524.209	8.287	8.423	2.917	8.555	562.921	524.210	8.287	550	510	5	29	26	7
146	2901	1718	2901	1141	548289	189	0	189	189	189	794.551	533.656	8.512	9.681	3.244	9.673	794.552	533.656	8.512	784	523	5	24	31	8
147	1297	1090	1297	672	184174	142	0	142	142	142	605.349	527.925	8.400	7.957	3.208	7.550	605.353	527.925	8.400	590	522	5	28	13	8
148	3025	1680	3025	1163	580800	192	0	192	192	192	669.124	539.540	8.813	9.376	2.564	9.750	669.124	539.540	8.813	656	530	5	26	22	9
149	975	696	975	483	186225	191	0	191	191	191	710.962	532.007	8.927	6.076	1.572	5.960	710.964	532.007	8.927	701	527	5	18	10	8
150	1148	856	1148	558	218120	190	0	190	190	190	688.969	534.027	9.144	6.556	1.718	6.510	688.972	534.028	9.144	682	528	5	18	15	9
151	1183	904	1183	591	171535	145	0	145	145	145	600.792	539.180	8.247	6.891	2.185	6.761	600.790	539.181	8.247	590	533	5	24	13	7
152	1031	844	1031	512	151557	147	0	147	147	147	632.932	544.574	8.476	6.355	1.709	6.362	632.934	544.575	8.476	625	538	5	17	16	8
153	892	760	892	483	130232	146	0	146	146	146	711.027	541.691	8.545	6.371	2.033	6.201	711.023	541.691	8.545	702	538	5	21	13	8
154	2335	1408	2335	940	455325	195	0	195	195	195	692.131	548.867	8.783	8.474	2.327	8.861	692.131	548.868	8.783	679	538	5	25	21	8
155	3854	2552	3854	1649	755384	196	0	196	196	196	552.351	545.577	8.585	11.896	4.567	11.879	552.344	545.578	8.585	527	525	5	42	34	8
156	1059	736	1059	504	157791	149	0	149	149	149	733.971	549.029	8.371	6.111	1.221	6.186	733.969	549.028	8.371	726	544	5	15	12	8
157	994	866	994	523	192836	194	0	194	194	194	651.456	549.073	8.655	6.879	2.686	6.223	651.452	549.074	8.655	641	543	5	27	11	9
158	2810	1800	2810	1246	553570	197	0	197	197	197	580.088	547.733	8.693	9.637	2.960	10.135	580.086	547.733	8.693	569	532	5	24	27	8
159	6943	3830	6943	2670	1381657	199	0	199	199	199	716.012	566.426	8.626	14.085	4.759	14.743	716.014	566.423	8.626	695	544	5	43	43	9
160	5393	3088	5393	2221	819736	152	0	152	152	152	590.822	568.289	8.396	13.687	5.312	13.154	590.837	568.289	8.396	570	548	5	47	42	8
161	1000	766	1000	513	150000	150	0	150	150	150	601.564	552.049	8.337	6.302	1.748	6.127	601.567	552.049	8.337	594	547	5	19	11	8
162	2616	1758	2616	1149	405480	155	0	155	155	155	626.904	563.442	8.281	9.424	3.050	9.521	626.905	563.442	8.281	614	551	5	24	29	8
163	1763	1124	1763	775	266213	151	0	151	151	151	541.858	560.400	8.417	7.621	1.977	8.019	541.859	560.400	8.417	534	552	5	18	20	8
164	4337	2276	4337	1592	871737	201	0	201	201	201	664.174	565.421	8.839	11.062	3.363	11.314	664.173	565.422	8.839	650	551	5	28	31	9
165	1890	1160	1890	817	289170	153	0	153	153	153	644.377	565.281	8.310	7.859	2.109	7.904	644.376	565.282	8.310	637	555	5	16	22	8
166	1242	964	1242	630	248400	200	0	200	200	200	686.239	563.219	8.588	7.126	2.356	7.139	686.236	563.219	8.588	679	553	5	20	17	8
167	2333	1480	2333	1016	363948	156	0	156	156	156	561.629	569.773	8.311	8.841	2.735	8.992	561.636	569.774	8.311	551	557	5	24	25	8
168	2418	1508	2418	1003	478764	198	0	198	198	198	522.860	559.295	8.951	8.800	2.584	9.194	522.864	559.295	8.951	511	544	5	22	26	8
169	1212	930	1212	611	190284	157	0	157	157	157	607.216	578.793	8.222	6.977	2.188	6.809	607.215	578.793	8.222	602	571	5	16	20	8
170	2694	1622	2694	1085	544188	202	0	202	202	202	680.444	580.516	8.802	9.179	2.751	9.501	680.442	580.515	8.802	667	571	5	28	21	9
171	1192	870	1192	583	191912	161	0	161	161	161	639.511	579.397	8.197	7.170	2.646	6.599	639.509	579.396	8.197	626	575	5	26	9	8
172	1667	1114	1667	728	270054	162	0	162	162	162	747.630	581.930	8.286	7.518	2.067	7.640	747.627	581.929	8.286	739	575	5	20	19	8
173	740	670	740	395	117660	159	0	159	159	159	618.970	581.846	8.230	5.697	1.702	5.593	618.972	581.846	8.230	612	573	5	13	17	8
174	2948	1704	2948	1201	486420	165	0	165	165	165	642.698	592.742	8.315	9.675	3.090	9.688	642.697	592.743	8.315	626	581	5	28	22	9
175	2796	1776	2796	1190	455748	163	0	163	163	163	579.773	589.279	8.347	9.562	3.032	9.794	579.774	589.279	8.347	564	578	5	33	23	8
176	3192	1740	3192	1262	651168	204	0	204	204	204	664.012	595.069	8.449	9.789	2.875	9.863	664.018	595.069	8.449	654	582	5	25	27	9
177	2341	1772	2341	1172	475223	203	0	203	203	203	508.879	582.352	8.768	10.679	4.652	10.331	508.880	582.353	8.768	497	559	5	21	44	8
178	1841	1184	1841	789	301924	164	0	164	164	164	557.290	591.152	8.036	7.798	2.193	7.993	557.284	591.152	8.036	546	580	5	23	20	8
179	6417	3416	6417	2365	1078056	168	0	168	168	168	707.041	601.204	8.424	13.634	4.731	13.881	707.026	601.204	8.424	691	582	5	36	43	8
180	1660	1192	1660	758	277220	167	0	167	167	167	728.455	598.924	8.181	7.588	2.269	7.785	728.456	598.924	8.181	720	588	5	21	23	7
181	1736	1196	1736	768	362824	209	0	209	209	209	599.325	601.176	8.698	7.651	2.069	8.014	599.324	601.178	8.698	589	591	5	21	19	9
182	3195	2174	3195	1380	664560	208	0	208	208	208	496.562	598.682	8.670	10.356	3.494	10.604	496.556	598.681	8.670	475	581	5	38	30	9
183	1811	1140	1811	747	371255	205	0	205	205	205	523.752	597.297	8.754	7.590	1.868	7.787	523.751	597.298	8.754	516	586	5	19	23	8
184	1357	980	1357	652	279542	206	0	206	206	206	683.461	600.199	8.749	7.172	2.195	7.038	683.462	600.198	8.749	674	588	5	17	21	8
185	2014	1248	2014	859	422940	210	0	210	210	210	582.227	610.015	8.691	8.096	2.299	8.282	582.226	610.015	8.691	573	601	5	20	20	8
186	1993	1338	1993	890	422516	212	0	212	212	212	639.944	609.459	8.527	8.594	3.054	8.225	639.938	609.460	8.527	624	602	5	29	16	8
187	1080	762	1080	524	227880	211	0	211	211	211	549.498	609.694	8.722	6.489	1.907	6.254	549.499	609.695	8.722	539	606	5	20	8	9
188	3926	2170	3926	1467	848016	216	0	216	216	216	510.470	617.468	8.843	10.735	3.398	10.968	510.480	617.469	8.843	491	604	5	36	30	9
189	1058	846	1058	521	226412	214	0	214	214	214	565.809	610.523	9.312	6.588	2.110	6.177	565.811	610.523	9.312	560	598	5	13	22	9
190	3589	2046	3589	1463	789580	220	0	220	220	220	658.308	620.478	8.587	10.650	3.505	10.835	658.314	620.477	8.587	637	607	5	34	29	9
191	5029	2692	5029	1898	1101351	219	0	219	219	219	608.398	620.732	8.792	12.310	4.175	12.456	608.399	620.733	8.792	592	606	5	35	35	9
192	2468	1520	2468	1029	530620	215	0	215	215	215	546.057	620.932	9.084	8.980	2.821	8.784	546.058	620.932	9.084	533	613	5	29	22	9
193	4708	2526	4708	1769	1021636	217	0	217	217	217	682.528	623.026	8.867	11.696	3.790	12.013	682.526	623.026	8.867	669	609	5	31	31	9
194	3754	2140	3754	1487	855912	228	0	228	228	228	641.620	633.255	8.795	11.334	4.325	10.890	641.616	633.254	8.795	627	614	5	32	33	9
195	2204	1378	2204	905	489288	222	0	222	222	222	531.495	629.056	9.101	8.606	2.763	8.534	531.497	629.056	9.101	521	616	5	20	28	10
196	1665	1012	1665	727	367965	221	0	221	221	221	575.930	624.702	8.942	7.283	1.724	7.598	575.928	624.703	8.942	569	616	5	16	19	9
197	1909	1356	1909	873	416162	218	0	218	218	218	484.202	620.173	8.966	8.229	2.471	8.389	484.200	620.174	8.966	474	606	5	21	26	8
198	2131	1380	2131	893	475213	223	0	223	223	223	560.947	631.336	8.923	8.334	2.469	8.326	560.950	631.332	8.923	550	619	5	20	28	9
199	2198	1392	2198	923	371462	169	0	169	169	169	494.050	636.656	8.624	8.484	2.499	8.421	494.049	636.656	8.624	486	623	5	22	28	9
200	2403	1560	2403	1011	538272	224	0	224	224	224	521.017	639.947	8.867	9.082	2.971	9.048	521.017	639.947	8.867	509	626	5	26	27	9
201	1468	1014	1468	684	330300	225	0	225	225	225	590.069	634.412	8.856	7.494	2.510	6.986	590.071	634.413	8.856	583	622	5	15	24	9
202	2814	1582	2814	1087	638778	227	0	227	227	227	615.560	637.510	9.070	9.367	2.964	9.061	615.561	637.506	9.070	599	629	5	30	17	9
203	6291	3668	6291	2612	1440639	229	0	229	229	229	468.105	640.828	8.999	14.939	6.114	14.547	468.104	640.828	8.999	444	615	5	42	51	9
204	2527	1576	2527	1064	581210	230	0	230	230	230	580.209	645.419	8.678	9.112	2.886	9.061	580.211	645.419	8.678	568	634	5	26	26	9
205	4728	3116	4728	2082	1115808	236	0	236	236	236	503.726	657.534	9.196	13.010	4.991	12.930	503.731	657.534	9.196	482	637	5	36	49	9
206	3576	1942	3576	1334	829632	232	0	232	232	232	549.648	648.448	9.244	10.153	2.982	10.350	549.638	648.448	9.244	538	634	5	27	31	9
207	8065	4376	8065	3087	1951730	242	0	242	242	242	613.086	661.561	8.841	15.367	5.512	15.666	613.084	661.553	8.841	591	642	5	42	47	9
208	2328	1690	2328	1014	551736	237	0	237	237	237	658.939	655.229	9.133	9.264	3.462	9.213	658.940	655.227	9.133	649	646	5	34	22	9
209	2055	1306	2055	877	495255	241	0	241	241	241	568.501	657.997	8.832	8.510	2.807	8.262	568.499	657.995	8.832	556	648	5	29	17	9
210	4462	2586	4462	1777	1102114	247	0	247	247	247	585.755	676.916	9.260	12.130	4.609	11.822	585.752	676.919	9.260	572	660	5	27	43	9
211	2299	1550	2299	955	570152	248	0	248	248	248	642.140	671.806	8.996	8.748	2.718	8.708	642.149	671.806	8.996	632	664	5	27	25	9
212	915	696	915	463	224175	245	0	245	245	245	564.268	669.954	9.015	5.921	1.466	5.788	564.267	669.955	9.015	555	666	5	17	11	9
213	2303	1502	2303	1023	573447	249	0	249	249	249	541.220	672.294	8.971	9.258	3.576	9.101	541.219	672.294	8.971	518	663	5	33	26	8
214	593	512	593	338	148250	250	0	250	250	250	554.654	674.998	8.843	5.219	1.592	5.111	554.653	674.998	8.843	552	666	5	8	16	8
215	3026	1760	3026	1186	777682	257	0	257	257	257	569.699	688.286	9.295	9.786	3.278	9.595	569.704	688.289	9.295	558	676	5	25	29	9
216	714	542	714	372	182784	256	0	256	256	256	550.699	686.965	9.132	5.225	0.973	5.302	550.699	686.965	9.132	545	683	5	12	9	9
217	1449	1124	1449	729	368046	254	0	254	254	254	475.864	685.169	9.170	8.565	4.154	7.526	475.866	685.168	9.170	468	678	5	30	20	9
218	3497	2244	3497	1521	891735	255	0	255	255	255	526.750	685.456	9.201	10.908	3.696	10.928	526.750	685.448	9.201	509	671	5	35	30	9
219	7185	4306	7185	3071	1882470	262	0	262	262	262	395.499	711.136	9.369	15.752	6.033	15.543	395.501	711.141	9.369	368	695	5	54	41	10
220	4892	2890	4892	1983	1276812	261	0	261	261	261	483.910	699.607	9.489	12.923	4.811	12.810	483.910	699.609	9.489	468	681	5	37	36	9
221	319	460	319	218	20097	63	0	63	63	63	771.640	269.097	7.897	4.593	1.669	4.248	771.640	269.097	7.897	767	262	6	15	15	6
222	154	326	154	141	3542	23	0	23	23	23	792.766	272.753	7.623	5.266	2.806	5.106	792.766	272.753	7.623	784	265	6	17	17	4
223	176	288	176	135	11616	66	0	66	66	66	760.364	276.227	7.841	3.717	1.490	3.455	760.364	276.227	7.841	755	272	6	14	9	5
224	382	590	382	289	25594	67	0	67	67	67	752.442	284.458	7.791	5.531	2.359	5.144	752.443	284.458	7.791	748	274	6	12	22	6
225	1205	1278	1205	721	209670	174	0	174	174	174	852.417	362.516	8.625	8.307	3.495	7.988	852.419	362.517	8.625	840	347	6	28	26	6
226	220	326	220	162	20020	91	0	91	91	91	893.505	384.645	7.818	3.689	1.151	3.684	893.504	384.645	7.818	888	380	6	11	11	5
227	575	778	575	406	66125	115	0	115	115	115	833.035	451.310	8.177	5.999	2.451	5.806	833.036	451.309	8.177	826	440	6	20	20	6
228	189	356	189	160	7749	41	0	41	41	41	796.116	443.714	7.545	3.962	1.594	3.897	796.116	443.714	7.545	790	439	6	14	12	4
229	257	492	257	218	46003	179	0	179	179	179	851.883	463.230	8.327	4.745	1.969	4.590	851.884	463.229	8.327	842	456	6	17	13	6
230	338	386	338	205	41236	122	0	122	122	122	796.281	471.246	8.237	4.066	0.866	4.155	796.281	471.246	8.237	792	466	6	11	10	7
231	365	458	365	231	65700	180	0	180	180	180	681.921	480.241	8.874	4.359	1.339	4.484	681.921	480.241	8.874	676	474	6	13	12	7
232	713	722	713	424	137609	193	0	193	193	193	617.360	543.858	8.527	5.875	1.962	5.726	617.359	543.859	8.527	611	533	6	13	21	7
233	703	668	703	409	116698	166	0	166	166	166	614.568	597.875	8.495	5.695	1.792	5.867	614.570	597.875	8.495	609	591	6	14	15	6
234	222	328	222	160	47286	213	0	213	213	213	468.869	611.608	8.802	3.641	1.079	3.683	468.869	611.608	8.802	463	606	6	10	10	6
235	949	808	949	500	219219	231	0	231	231	231	666.183	642.642	9.073	6.391	2.049	6.177	666.184	642.643	9.073	659	635	6	22	14	7
236	1318	1222	1318	766	307094	233	0	233	233	233	450.256	639.842	8.924	9.301	4.302	9.175	450.256	639.841	8.924	440	619	6	17	33	7
237	740	816	740	507	176860	239	0	239	239	239	432.503	657.276	8.895	7.246	3.096	7.338	432.504	657.277	8.895	420	648	6	24	18	6
238	1106	1252	1106	692	263228	238	0	238	238	238	409.266	655.816	9.180	7.666	3.026	7.534	409.268	655.818	9.180	393	647	6	29	18	7
239	984	772	984	496	236160	240	0	240	240	240	533.502	657.131	9.234	6.382	2.030	6.018	533.502	657.131	9.234	528	645	6	12	23	7
240	660	556	660	367	160380	243	0	243	243	243	522.568	659.885	9.008	5.381	1.439	5.281	522.569	659.885	9.008	519	653	6	9	15	7
241	1665	1158	1665	791	406260	244	0	244	244	244	470.339	665.513	9.302	7.761	2.327	8.092	470.335	665.512	9.302	458	657	6	22	20	8
242	1288	994	1288	667	316848	246	0	246	246	246	484.598	668.612	9.284	7.191	2.278	7.356	484.600	668.613	9.284	477	658	6	20	19	7
243	6731	3710	6731	2607	1696212	252	0	252	252	252	394.203	679.452	9.276	13.973	4.608	14.632	394.206	679.461	9.276	374	659	6	40	37	8
244	2173	1658	2173	1103	623651	287	0	287	287	287	441.313	673.922	9.501	9.495	3.383	9.716	441.315	673.925	9.501	429	662	6	24	29	8
245	1501	1136	1501	765	379753	253	0	253	253	253	461.015	680.189	9.198	8.064	3.043	7.782	461.014	680.189	9.198	454	664	6	16	30	7
246	1653	1234	1653	827	414903	251	0	251	251	251	420.338	679.332	9.262	8.380	3.043	8.085	420.339	679.333	9.262	412	665	6	16	28	8
247	1215	970	1215	642	349920	288	0	288	288	288	435.495	687.694	9.523	7.009	2.130	7.151	435.495	687.694	9.523	426	681	6	19	17	8
248	3385	2458	3385	1526	978265	289	0	289	289	289	366.150	690.715	9.373	10.975	3.681	10.985	366.149	690.715	9.373	345	672	6	37	33	8
249	1652	1262	1652	800	479080	290	0	290	290	290	457.102	697.021	9.806	8.503	3.202	8.288	457.100	697.020	9.806	440	688	6	29	22	8
250	7322	3998	7322	2766	1925686	263	0	263	263	263	552.114	707.936	9.627	14.460	4.868	14.951	552.112	707.934	9.627	530	692	6	46	39	8
251	2754	2086	2754	1397	713286	259	0	259	259	259	427.690	707.004	9.267	10.603	3.955	10.604	427.690	707.005	9.267	415	693	6	27	34	8
252	1257	1076	1257	682	326820	260	0	260	260	260	449.267	707.294	9.728	7.452	2.807	7.290	449.264	707.294	9.728	441	699	6	16	27	8
253	7298	4020	7298	2906	1941268	266	0	266	266	266	350.049	723.558	9.165	14.916	5.279	15.287	350.048	723.560	9.165	335	696	6	35	52	8
254	3154	2410	3154	1619	832656	264	0	264	264	264	513.370	707.142	9.459	11.262	4.185	11.377	513.361	707.144	9.459	493	687	6	37	32	8
255	2379	1708	2379	1094	694668	292	0	292	292	292	468.611	720.606	9.812	9.774	3.711	9.545	468.607	720.606	9.812	454	708	6	34	22	8
256	1683	1368	1683	823	449361	267	0	267	267	267	325.777	718.478	9.281	8.376	3.205	8.231	325.778	718.480	9.281	311	704	6	25	34	7
257	2308	1780	2308	1135	618544	268	0	268	268	268	306.361	731.167	9.233	10.482	4.913	9.465	306.365	731.168	9.233	294	715	6	21	43	8
258	3148	1902	3148	1368	846812	269	0	269	269	269	322.239	739.818	8.867	10.406	3.624	10.342	322.238	739.820	8.867	313	723	6	24	35	7
259	2176	1732	2176	1182	659328	303	0	303	303	303	496.702	739.970	9.600	11.137	4.688	11.212	496.702	739.968	9.600	477	723	6	42	25	8
260	1377	1084	1377	712	373167	271	0	271	271	271	298.102	749.806	9.031	7.504	2.409	7.651	298.103	749.807	9.031	286	739	6	22	19	7
261	2331	1894	2331	1246	699300	300	0	300	300	300	256.305	737.023	9.605	10.245	4.078	9.841	256.308	737.024	9.605	236	719	6	35	28	8
262	3844	2720	3844	1805	1057100	275	0	275	275	275	457.948	753.502	9.271	13.365	6.045	12.197	457.949	753.501	9.271	434	738	6	47	33	8
263	682	580	682	388	208692	306	0	306	306	306	280.400	748.411	9.614	5.461	1.542	5.442	280.399	748.410	9.614	275	742	6	16	12	7
264	1979	1520	1979	1014	546204	276	0	276	276	276	402.706	756.184	9.153	9.318	3.437	9.124	402.702	756.183	9.153	390	740	6	28	25	7
265	403	472	403	276	110019	273	0	273	273	273	428.864	751.670	9.392	4.746	1.679	4.705	428.863	751.669	9.392	424	742	6	11	16	6
266	7616	4490	7616	3247	2368576	311	0	311	311	311	259.350	764.333	9.960	16.189	6.305	16.097	259.351	764.333	9.961	230	747	6	55	40	9
267	2797	1728	2797	1217	875461	313	0	313	313	313	375.164	765.097	9.553	9.728	3.184	9.686	375.164	765.095	9.553	364	751	6	23	30	8
268	2336	1622	2336	1099	651744	279	0	279	279	279	398.396	770.286	9.222	10.036	3.890	9.959	398.397	770.286	9.222	386	753	6	30	27	7
269	4231	3038	4231	1980	1332765	315	0	315	315	315	467.563	769.612	9.728	13.864	5.848	13.640	467.564	769.613	9.728	443	752	6	50	38	8
270	4122	2856	4122	2017	1154160	280	0	280	280	280	352.780	774.730	9.445	12.774	4.936	12.641	352.788	774.729	9.445	332	754	6	44	38	8
271	1594	1078	1594	744	503704	316	0	316	316	316	206.652	772.253	10.139	7.847	2.708	7.590	206.654	772.255	10.139	190	767	6	28	14	8
272	3755	2338	3755	1623	1201600	320	0	320	320	320	220.108	780.912	9.708	11.899	4.483	12.143	220.108	780.912	9.708	203	760	6	31	41	8
273	5039	2894	5039	2016	1637675	325	0	325	325	325	242.411	789.517	9.807	12.550	4.483	12.691	242.411	789.512	9.807	227	763	6	33	47	8
274	3466	2744	3466	1805	977412	282	0	282	282	282	166.180	788.505	9.461	13.684	6.733	12.337	166.178	788.508	9.461	136	763	6	49	43	8
275	1573	1068	1573	728	501787	319	0	319	319	319	190.832	782.456	9.544	7.456	2.163	7.691	190.832	782.460	9.544	181	773	6	21	18	8
276	1575	1028	1575	705	447300	284	0	284	284	284	186.817	797.201	9.181	7.311	1.899	7.380	186.818	797.202	9.181	178	788	6	20	17	8
277	2016	1350	2016	909	574560	285	0	285	285	285	190.708	814.491	9.436	8.799	3.066	8.514	190.707	814.490	9.436	175	801	6	27	22	8
278	2101	1408	2101	978	693330	330	0	330	330	330	209.328	811.033	9.655	8.719	2.847	8.729	209.326	811.033	9.655	201	802	6	23	24	8
279	7565	4302	7565	3056	2534275	335	0	335	335	335	299.960	810.211	10.120	16.490	6.881	16.001	299.960	810.211	10.120	266	783	6	57	53	9
280	422	368	422	253	139682	331	0	331	331	331	182.972	808.739	9.986	4.275	0.759	4.229	182.972	808.739	9.986	179	806	6	10	7	8
281	2521	1528	2521	1091	839493	333	0	333	333	333	167.069	811.952	9.861	9.077	2.736	9.429	167.068	811.954	9.861	158	800	6	20	26	9
282	2850	2018	2850	1354	957600	336	0	336	336	336	145.933	817.968	10.011	10.254	3.477	10.456	145.933	817.967	10.011	130	802	6	29	30	9
283	1856	1130	1856	823	631040	340	0	340	340	340	174.865	832.756	9.910	7.953	2.322	7.997	174.863	832.757	9.910	167	823	6	15	23	9
284	2241	1296	2241	940	759699	339	0	339	339	339	190.452	832.589	9.627	8.431	2.318	8.606	190.453	832.589	9.627	183	823	6	20	21	8
285	2205	1674	2205	1118	745290	338	0	338	338	338	294.672	834.010	10.299	9.231	2.998	9.311	294.671	834.008	10.299	285	826	6	26	25	9
286	2858	1806	2858	1289	991726	347	0	347	347	347	192.702	854.569	10.197	9.979	3.405	9.989	192.703	854.568	10.197	181	836	6	23	36	9
287	270	378	270	184	47250	175	0	175	175	175	644.256	430.396	8.626	4.046	1.290	3.868	644.257	430.396	8.626	638	425	7	13	10	5
288	430	540	430	298	97180	226	0	226	226	226	440.305	637.458	8.853	4.936	1.668	4.977	440.304	637.458	8.853	433	632	7	14	14	5
289	183	296	183	132	42822	234	0	234	234	234	425.814	649.842	8.678	3.633	1.352	3.388	425.814	649.842	8.678	422	647	7	13	8	5
290	259	362	259	196	66822	258	0	258	258	258	606.402	692.208	9.417	4.029	1.368	4.046	606.401	692.208	9.417	600	689	7	14	9	5
291	807	958	807	507	234837	291	0	291	291	291	591.208	704.352	9.970	8.000	3.891	7.458	591.209	704.353	9.970	576	692	7	26	26	6
292	2539	1906	2539	1274	743927	293	0	293	293	293	523.011	728.994	9.691	10.055	3.714	10.150	523.010	728.994	9.691	505	719	7	37	25	6
293	413	476	413	285	121422	294	0	294	294	294	415.278	729.039	9.412	4.722	1.473	4.638	415.279	729.038	9.412	411	723	7	9	14	6
294	549	576	549	342	161955	295	0	295	295	295	391.262	730.117	9.568	5.599	2.127	5.516	391.263	730.116	9.568	381	726	7	20	9	6
295	1195	1048	1195	670	354915	297	0	297	297	297	495.587	727.957	9.936	7.086	2.247	7.393	495.587	727.958	9.936	487	716	7	18	20	7
296	2035	1704	2035	1128	608465	299	0	299	299	299	282.218	731.892	9.886	9.305	3.287	9.629	282.218	731.892	9.886	269	715	7	25	29	6
297	2369	1720	2369	1190	644368	272	0	272	272	272	376.657	742.599	9.471	9.407	3.117	9.898	376.657	742.598	9.471	364	726	7	25	28	7
298	1015	950	1015	589	274050	270	0	270	270	270	396.836	741.647	9.700	6.842	2.326	6.968	396.839	741.649	9.700	389	735	7	20	15	6
299	285	382	285	218	86070	302	0	302	302	302	416.996	741.568	9.975	4.182	1.432	4.154	416.997	741.569	9.975	410	737	7	13	11	6
300	1462	1256	1462	799	444448	304	0	304	304	304	441.640	744.888	9.715	8.065	2.933	8.110	441.640	744.889	9.715	428	734	7	24	20	7
301	559	474	559	297	170495	305	0	305	305	305	269.290	747.369	10.038	4.809	0.955	4.836	269.289	747.370	10.038	264	741	7	10	12	7
302	1512	1140	1512	768	465696	308	0	308	308	308	353.401	753.928	9.852	7.592	2.358	7.930	353.399	753.927	9.852	344	743	7	19	21	7
303	591	578	591	345	161934	274	0	274	274	274	335.112	754.409	9.345	5.285	1.595	5.232	335.111	754.410	9.345	327	749	7	16	12	6
304	2231	1602	2231	1070	689379	309	0	309	309	309	498.110	757.083	9.750	9.190	3.203	9.192	498.109	757.082	9.750	482	749	7	34	20	7
305	837	832	837	544	262818	314	0	314	314	314	423.757	762.337	9.650	6.733	2.696	6.627	423.756	762.337	9.650	417	748	7	16	23	6
306	2387	1920	2387	1193	739970	310	0	310	310	310	211.985	756.906	10.090	10.826	4.959	9.864	211.987	756.903	10.090	195	740	7	40	26	8
307	1887	1598	1887	1088	524586	278	0	278	278	278	296.321	768.014	9.272	9.177	3.326	9.340	296.323	768.013	9.272	284	759	7	30	23	6
308	649	622	649	407	179773	277	0	277	277	277	323.975	763.579	9.501	5.643	1.934	5.732	323.974	763.580	9.501	315	757	7	16	16	6
309	1128	1036	1128	657	357576	317	0	317	317	317	317.105	773.480	9.706	7.663	2.950	7.611	317.104	773.478	9.706	304	761	7	28	21	6
310	2795	1892	2795	1254	905580	324	0	324	324	324	394.438	789.800	9.731	9.907	3.269	10.077	394.434	789.805	9.731	381	779	7	30	26	7
311	480	498	480	310	134880	281	0	281	281	281	305.702	783.465	9.127	5.274	1.915	4.997	305.701	783.465	9.127	298	780	7	18	8	5
312	2960	1904	2960	1339	964960	326	0	326	326	326	281.804	793.459	9.930	10.625	3.978	10.138	281.806	793.461	9.930	263	781	7	34	23	8
313	1100	934	1100	617	360800	328	0	328	328	328	361.546	797.851	10.128	7.206	2.872	6.934	361.546	797.850	10.128	354	788	7	15	27	7
314	890	746	890	508	251870	283	0	283	283	283	208.327	796.790	9.389	7.055	2.895	7.031	208.328	796.790	9.389	198	790	7	25	11	6
315	1235	1182	1235	736	403845	327	0	327	327	327	374.391	795.556	10.117	8.102	3.295	7.665	374.392	795.556	10.117	368	781	7	18	31	7
316	3647	2662	3647	1826	1199863	329	0	329	329	329	339.920	805.746	9.941	13.379	5.722	13.145	339.919	805.742	9.941	319	792	7	46	33	7
317	3424	2120	3424	1471	1143616	334	0	334	334	334	231.942	813.664	9.731	10.833	3.806	10.886	231.944	813.664	9.731	217	802	7	34	26	7
318	2474	1760	2474	1160	821368	332	0	332	332	332	267.903	809.796	10.438	9.915	3.698	9.419	267.906	809.797	10.438	252	791	7	35	29	8
319	2117	1754	2117	1125	713429	337	0	337	337	337	337.144	821.734	10.392	9.408	3.304	9.440	337.143	821.735	10.392	322	812	7	33	24	7
320	3351	2098	3351	1438	1142691	341	0	341	341	341	272.352	834.460	10.348	10.765	3.903	10.663	272.351	834.462	10.348	250	821	7	34	35	8
321	2022	1458	2022	961	693546	343	0	343	343	343	232.942	836.551	10.030	9.185	3.607	8.678	232.942	836.552	10.030	222	825	7	23	32	7
322	1898	1528	1898	978	668096	352	0	352	352	352	156.580	836.744	10.238	8.996	3.243	9.043	156.580	836.745	10.238	143	825	7	26	25	8
323	3824	2280	3824	1594	1315456	344	0	344	344	344	214.721	841.654	10.027	11.550	4.423	11.248	214.726	841.653	10.027	202	826	7	31	36	8
324	1782	1380	1782	954	609444	342	0	342	342	342	249.494	837.464	10.040	9.095	3.867	8.731	249.496	837.465	10.040	241	825	7	19	34	7
325	8642	5524	8642	3882	3059268	354	0	354	354	354	160.344	866.185	10.701	18.534	7.794	18.295	160.342	866.190	10.701	121	845	7	72	53	9
326	994	952	994	581	342930	345	0	345	345	345	256.181	850.250	9.840	6.974	2.535	6.864	256.180	850.250	9.840	247	844	7	20	20	7
327	1585	1254	1585	793	553165	349	0	349	349	349	211.134	861.676	10.135	7.932	2.725	8.193	211.134	861.678	10.135	203	853	7	25	20	7
328	3482	2476	3482	1547	1239592	356	0	356	356	356	177.689	882.904	11.112	12.448	5.577	11.419	177.685	882.904	11.112	156	872	7	51	26	9
329	502	610	502	366	148592	296	0	296	296	296	426.867	729.249	9.277	5.725	2.351	5.600	426.867	729.249	9.277	421	722	8	19	15	5
330	1262	1272	1262	768	376076	298	0	298	298	298	457.882	732.408	10.084	9.678	4.192	9.967	457.880	732.409	10.084	440	719	8	36	24	6
331	573	562	573	344	175911	307	0	307	307	307	515.215	748.909	9.705	5.160	1.481	5.373	515.215	748.909	9.705	510	743	8	16	14	5
332	252	348	252	186	78624	312	0	312	312	312	189.159	765.885	9.833	3.994	1.423	3.955	189.159	765.885	9.833	185	759	8	9	14	5
333	1732	1900	1732	1188	550776	318	0	318	318	318	425.683	779.628	9.828	10.806	4.476	10.977	425.685	779.631	9.828	410	770	8	35	26	5
334	464	492	464	313	148944	321	0	321	321	321	336.261	786.241	10.071	4.917	1.574	5.031	336.260	786.242	10.071	332	779	8	10	14	6
335	451	490	451	292	145673	323	0	323	323	323	325.435	788.308	9.909	4.708	1.320	4.836	325.435	788.309	9.909	321	782	8	10	14	5
336	4783	4588	4783	2937	1678833	351	0	351	351	351	121.399	839.600	10.391	15.575	6.290	15.745	121.400	839.600	10.391	94	811	8	48	58	6
337	844	1222	844	669	299620	355	0	355	355	355	103.250	874.216	10.810	8.009	3.563	7.830	103.251	874.215	10.810	85	859	9	29	31	4
338	394	522	394	295	141840	360	0	360	360	360	122.426	870.261	11.190	5.310	2.245	5.119	122.426	870.261	11.190	115	864	9	16	15	5
339	280	410	280	204	100240	358	0	358	358	358	128.375	892.282	11.193	4.410	1.775	4.345	128.375	892.282	11.193	120	887	9	14	13	5
340	183	304	183	161	65331	357	0	357	357	357	119.213	883.727	11.290	3.700	1.466	3.659	119.213	883.727	11.290	111	880	10	14	9	3
