 	Volume (pixel^3)	Surface (pixel^2)	Nb of obj. voxels	Nb of surf. voxels	IntDen	Mean	StdDev	Median	Min	Max	X	Y	Z	Mean dist. to surf. (pixel)	SD dist. to surf. (pixel)	Median dist. to surf. (pixel)	XM	YM	ZM	BX	BY	BZ	B-width	B-height	B-depth
1	2074	1306	2074	787	4148	2	0	2	2	2	720.384	42.896	5.541	7.898	2.024	8.323	720.384	42.896	5.541	711	32	1	20	22	9
2	1680	1280	1680	759	5040	3	0	3	3	3	909.241	43.249	5.235	8.067	2.807	7.940	909.241	43.249	5.235	896	35	1	29	20	8
3	2372	1410	2372	829	113856	48	0	48	48	48	839.304	122.289	5.667	8.289	1.975	8.487	839.304	122.289	5.667	831	109	1	22	25	10
4	1244	860	1244	531	9952	8	0	8	8	8	823.400	124.590	5.086	6.490	1.474	6.646	823.400	124.590	5.086	816	116	1	14	18	9
5	3182	2022	3182	1236	38184	12	0	12	12	12	475.140	25.157	5.881	10.055	3.302	10.093	475.140	25.157	5.881	459	14	2	32	27	9
6	1518	1038	1518	598	16698	11	0	11	11	11	513.173	21.357	6.293	7.022	1.744	7.104	513.173	21.357	6.293	504	15	2	20	15	10
7	1628	1084	1628	660	22792	14	0	14	14	14	668.453	30.324	6.365	7.222	1.815	7.521	668.453	30.324	6.365	659	22	2	20	18	9
8	2150	1630	2150	948	38700	18	0	18	18	18	707.477	33.996	6.154	10.138	4.943	9.348	707.477	33.996	6.154	696	25	2	36	21	9
9	1415	964	1415	576	22640	16	0	16	16	16	739.101	34.818	5.686	6.809	1.586	7.218	739.101	34.818	5.686	731	27	2	18	17	8
10	2178	1530	2178	882	222156	102	0	102	102	102	771.184	38.220	6.478	8.771	3.061	8.545	771.189	38.220	6.478	756	28	2	27	25	10
11	4369	2794	4369	1699	96118	22	0	22	22	22	461.232	53.561	6.253	12.673	5.065	11.929	461.241	53.561	6.253	447	32	2	33	47	9
12	1471	1006	1471	614	33833	23	0	23	23	23	514.347	58.786	5.977	6.932	1.690	7.366	514.348	58.786	5.977	506	50	2	17	17	9
13	1191	952	1191	540	4764	4	0	4	4	4	897.459	56.942	5.462	6.519	1.793	6.895	897.459	56.942	5.462	889	48	2	18	18	8
14	985	806	985	470	25610	26	0	26	26	26	779.198	66.745	6.115	6.088	1.616	6.424	779.198	66.745	6.115	772	59	2	17	16	8
15	1097	900	1097	518	115185	105	0	105	105	105	812.603	55.671	6.333	6.387	1.732	6.750	812.600	55.671	6.333	805	47	2	17	19	9
16	3058	2380	3058	1384	15290	5	0	5	5	5	863.930	67.275	5.629	10.692	4.053	10.723	863.930	67.275	5.629	849	55	2	39	27	8
17	1449	978	1449	578	39123	27	0	27	27	27	566.989	69.131	5.805	6.838	1.637	7.098	566.993	69.131	5.805	558	61	2	19	17	8
18	1517	1082	1517	634	160802	106	0	106	106	106	737.979	62.291	6.515	7.073	1.901	7.468	737.974	62.291	6.515	729	53	2	19	20	9
19	998	990	998	549	998	1	0	1	1	1	683.965	77.447	4.481	6.551	2.101	6.811	683.965	77.447	4.481	675	68	2	19	22	6
20	1600	1136	1600	685	9600	6	0	6	6	6	751.518	77.806	5.559	7.390	2.088	7.509	751.518	77.806	5.559	742	70	2	25	17	8
21	357	400	357	212	10710	30	0	30	30	30	721.238	78.291	5.529	4.208	1.016	4.171	721.238	78.291	5.529	715	74	2	12	9	7
22	1362	982	1362	595	46308	34	0	34	34	34	860.557	86.692	6.056	6.796	1.711	7.124	860.553	86.692	6.056	852	80	2	19	16	8
23	979	896	979	520	34265	35	0	35	35	35	709.146	85.959	5.949	7.153	2.897	6.674	709.150	85.959	5.949	697	78	2	26	15	8
24	1231	968	1231	561	44316	36	0	36	36	36	876.264	92.795	6.079	6.646	1.884	7.016	876.264	92.795	6.079	868	81	2	17	21	8
25	2970	1844	2970	1108	338580	114	0	114	114	114	446.126	98.984	6.403	9.602	3.077	9.476	446.120	98.984	6.403	433	85	2	27	29	9
26	1304	982	1304	577	53464	41	0	41	41	41	684.196	102.798	6.434	6.727	1.778	7.121	684.190	102.798	6.434	675	94	2	19	19	8
27	1736	1402	1736	797	65968	38	0	38	38	38	837.406	95.069	6.006	8.140	2.784	8.122	837.415	95.069	6.006	829	84	2	19	28	9
28	754	778	754	434	5278	7	0	7	7	7	542.057	106.016	5.434	5.758	1.759	6.103	542.057	106.016	5.434	534	99	2	17	17	7
29	1483	1054	1483	634	62286	42	0	42	42	42	437.530	114.960	6.015	7.018	1.848	7.272	437.530	114.960	6.015	428	106	2	20	19	8
30	2763	1610	2763	993	129861	47	0	47	47	47	691.760	120.567	6.022	8.889	2.280	9.239	691.766	120.567	6.022	680	109	2	24	23	9
31	2151	1506	2151	955	105399	49	0	49	49	49	760.141	123.083	6.213	9.081	3.165	9.035	760.136	123.083	6.213	750	107	2	20	28	9
32	1488	1074	1488	671	75888	51	0	51	51	51	792.585	126.584	6.187	7.346	2.132	7.347	792.591	126.584	6.187	782	117	2	21	18	8
33	2590	1714	2590	1046	145040	56	0	56	56	56	810.529	138.724	5.635	9.283	3.018	9.258	810.529	138.724	5.635	795	125	2	29	25	9
34	3478	2060	3478	1373	198246	57	0	57	57	57	764.888	147.197	6.774	10.648	3.654	10.796	764.884	147.197	6.774	749	134	2	30	29	10
35	1740	1174	1740	736	93960	54	0	54	54	54	429.200	141.618	6.019	7.476	1.900	8.054	429.202	141.618	6.019	420	132	2	20	20	10
36	2756	1762	2756	1128	159848	58	0	58	58	58	791.843	146.061	6.606	9.601	3.239	9.660	791.832	146.061	6.606	780	135	2	30	24	10
37	2357	1786	2357	1046	141420	60	0	60	60	60	719.672	166.935	6.657	9.534	3.455	9.444	719.682	166.935	6.657	703	153	2	30	28	9
38	2542	1682	2542	1068	162688	64	0	64	64	64	823.192	181.102	6.103	9.414	3.298	9.337	823.192	181.102	6.103	814	163	2	20	33	9
39	3335	2260	3335	1432	203435	61	0	61	61	61	550.704	178.275	6.414	10.582	3.573	10.896	550.699	178.275	6.414	536	163	2	33	29	9
40	1516	1038	1516	612	100056	66	0	66	66	66	534.457	197.140	6.230	6.993	1.660	7.365	534.452	197.140	6.230	526	188	2	18	19	9
41	1775	1158	1775	719	253825	143	0	143	143	143	595.777	206.687	7.181	7.491	1.912	7.935	595.778	206.687	7.181	587	197	2	19	20	9
42	1907	1220	1907	745	133490	70	0	70	70	70	640.297	216.880	6.306	7.683	1.841	8.102	640.304	216.880	6.306	632	207	2	18	23	10
43	1290	982	1290	626	212850	165	0	165	165	165	750.336	245.019	6.674	6.925	2.005	6.874	750.335	245.019	6.674	740	237	2	21	15	9
44	1536	1130	1536	698	119808	78	0	78	78	78	725.764	237.344	6.042	7.298	2.045	7.622	725.771	237.344	6.042	716	228	2	18	21	8
45	1686	1196	1686	740	150054	89	0	89	89	89	679.689	274.142	5.702	7.762	2.601	7.876	679.685	274.142	5.702	662	264	2	29	20	8
46	1447	1068	1447	664	146147	101	0	101	101	101	686.220	36.839	6.500	7.108	1.968	7.543	686.217	36.839	6.500	677	28	3	18	19	8
47	1037	912	1037	506	19703	19	0	19	19	19	498.994	41.030	6.069	6.553	2.259	6.514	498.994	41.030	6.069	485	33	3	22	17	7
48	1297	1200	1297	708	19455	15	0	15	15	15	581.276	30.833	5.978	7.847	3.081	7.549	581.276	30.833	5.978	572	19	3	24	26	7
49	1377	1162	1377	646	141831	103	0	103	103	103	754.208	45.348	6.144	7.571	2.806	7.488	754.211	45.348	6.144	745	36	3	26	19	8
50	787	734	787	437	15740	20	0	20	20	20	593.549	51.384	6.358	5.824	1.831	5.968	593.549	51.384	6.358	586	44	3	18	16	7
51	1900	1334	1900	809	197600	104	0	104	104	104	793.603	49.529	6.802	7.893	2.302	8.271	793.598	49.529	6.802	780	40	3	25	21	8
52	415	554	415	269	8715	21	0	21	21	21	877.113	51.880	5.696	5.415	2.154	5.281	877.113	51.880	5.696	868	46	3	18	16	6
53	765	718	765	402	18360	24	0	24	24	24	604.935	58.182	5.877	5.594	1.494	5.988	604.935	58.182	5.877	598	51	3	15	16	7
54	1227	934	1227	573	30675	25	0	25	25	25	531.165	62.525	5.844	6.733	1.950	7.024	531.165	62.525	5.844	524	53	3	18	18	7
55	1226	908	1226	558	131182	107	0	107	107	107	759.689	65.836	6.616	6.705	1.937	6.914	759.692	65.836	6.616	749	58	3	20	16	8
56	1013	796	1013	456	28364	28	0	28	28	28	473.577	72.594	6.402	6.059	1.532	6.365	473.577	72.594	6.402	467	65	3	15	17	8
57	709	642	709	400	20561	29	0	29	29	29	533.822	76.605	6.377	5.534	1.594	5.616	533.822	76.605	6.377	527	72	3	16	12	7
58	1130	846	1130	529	122040	108	0	108	108	108	516.332	73.795	6.724	6.403	1.676	6.597	516.332	73.795	6.724	508	68	3	18	14	8
59	1209	906	1209	495	37479	31	0	31	31	31	576.573	80.868	6.172	6.425	1.495	6.529	576.576	80.868	6.172	568	73	3	18	16	9
60	1218	902	1218	558	38976	32	0	32	32	32	767.359	83.527	6.442	6.535	1.724	6.842	767.359	83.527	6.442	759	75	3	18	18	7
61	1738	1410	1738	802	67782	39	0	39	39	39	658.861	96.659	6.303	8.373	3.159	8.070	658.868	96.659	6.303	641	87	3	30	20	8
62	1526	1170	1526	675	169386	111	0	111	111	111	608.939	97.415	6.326	7.303	2.137	7.562	608.941	97.415	6.326	601	88	3	18	22	9
63	874	798	874	452	96140	110	0	110	110	110	710.759	94.127	6.603	6.345	2.234	5.990	710.763	94.127	6.603	700	90	3	23	11	8
64	1107	882	1107	520	125091	113	0	113	113	113	804.396	97.414	6.706	6.391	1.785	6.791	804.393	97.414	6.706	796	90	3	21	16	8
65	1516	1176	1516	711	56092	37	0	37	37	37	819.647	89.668	6.562	7.690	2.683	7.700	819.640	89.668	6.562	809	79	3	20	27	7
66	970	848	970	486	38800	40	0	40	40	40	526.918	97.689	5.640	6.225	1.800	6.470	526.918	97.689	5.640	519	89	3	17	17	7
67	1833	1364	1833	803	210795	115	0	115	115	115	503.614	110.967	6.628	7.847	2.313	8.310	503.617	110.967	6.628	494	100	3	21	25	9
68	1303	886	1303	530	57332	44	0	44	44	44	813.325	112.322	6.222	6.540	1.479	6.934	813.325	112.322	6.222	805	105	3	18	16	8
69	1592	1126	1592	683	68456	43	0	43	43	43	746.134	114.964	6.424	7.287	1.957	7.694	746.140	114.964	6.424	736	105	3	20	20	8
70	1692	1288	1692	801	76140	45	0	45	45	45	520.171	117.326	6.319	8.357	2.940	8.304	520.166	117.326	6.319	511	107	3	23	23	7
71	2077	1568	2077	944	240932	116	0	116	116	116	605.204	127.081	6.871	9.125	3.351	9.175	605.196	127.081	6.871	595	114	3	21	28	8
72	939	796	939	486	43194	46	0	46	46	46	672.639	118.538	6.338	6.132	1.798	6.289	672.639	118.538	6.338	665	110	3	17	18	7
73	1317	962	1317	592	65850	50	0	50	50	50	708.048	127.656	5.699	6.800	1.895	7.035	708.043	127.656	5.699	699	118	3	18	20	7
74	1443	1078	1443	625	168831	117	0	117	117	117	500.213	129.095	6.636	7.042	1.868	7.332	500.211	129.095	6.636	491	121	3	19	21	8
75	1514	1080	1514	624	370930	245	0	245	245	245	573.649	122.114	7.400	7.002	1.766	7.379	573.648	122.114	7.400	565	113	3	18	19	9
76	1032	818	1032	527	53664	52	0	52	52	52	773.967	131.042	6.391	6.323	1.770	6.433	773.967	131.042	6.391	768	122	3	14	18	7
77	1288	952	1288	571	70840	55	0	55	55	55	739.623	138.305	6.356	6.692	1.781	7.115	739.628	138.305	6.356	731	129	3	17	19	7
78	1459	1030	1459	644	77327	53	0	53	53	53	833.828	139.559	6.013	7.057	1.875	7.268	833.823	139.559	6.013	825	133	3	19	16	8
79	1667	1108	1667	678	200040	120	0	120	120	120	579.224	139.326	7.069	7.279	1.841	7.796	579.224	139.326	7.069	570	131	3	20	18	8
80	988	814	988	460	117572	119	0	119	119	119	517.608	138.235	6.510	6.060	1.596	6.428	517.611	138.235	6.510	510	131	3	17	15	8
81	2630	2106	2630	1266	328750	125	0	125	125	125	569.205	159.089	6.995	10.180	3.705	10.249	569.203	159.089	6.995	557	145	3	31	30	8
82	1247	1038	1247	573	150887	121	0	121	121	121	705.116	149.612	7.069	6.736	1.925	7.051	705.114	149.612	7.069	696	142	3	21	18	8
83	1427	1020	1427	619	176948	124	0	124	124	124	750.474	155.969	6.630	6.969	1.755	7.200	750.481	155.969	6.630	742	147	3	18	21	8
84	1230	896	1230	516	72570	59	0	59	59	59	481.082	162.493	6.175	6.457	1.556	6.844	481.086	162.493	6.175	473	154	3	17	17	7
85	1353	1032	1353	619	171831	127	0	127	127	127	617.627	172.873	7.054	6.969	1.988	7.227	617.629	172.873	7.054	609	164	3	18	22	9
86	1924	1256	1924	787	242424	126	0	126	126	126	634.541	164.669	6.738	7.783	2.112	8.273	634.547	164.670	6.738	624	155	3	22	20	8
87	3715	2206	3715	1402	482950	130	0	130	130	130	803.347	179.308	6.801	10.731	3.593	10.795	803.343	179.308	6.801	787	165	3	29	30	9
88	1513	1364	1513	782	198203	131	0	131	131	131	436.410	174.886	7.122	7.826	2.531	8.137	436.412	174.887	7.122	424	164	3	24	20	8
89	1396	1144	1396	664	87948	63	0	63	63	63	755.110	181.948	6.574	7.166	2.107	7.339	755.114	181.948	6.574	747	171	3	20	22	8
90	1813	1310	1813	808	232064	128	0	128	128	128	738.299	170.480	7.028	7.837	2.239	8.230	738.299	170.480	7.028	728	160	3	23	23	8
91	1069	894	1069	514	143246	134	0	134	134	134	725.497	183.778	6.935	6.292	1.612	6.571	725.501	183.778	6.935	716	177	3	18	17	8
92	1060	910	1060	513	139920	132	0	132	132	132	525.084	176.782	6.723	6.334	1.761	6.600	525.083	176.782	6.723	517	168	3	17	18	9
93	872	796	872	460	115976	133	0	133	133	133	575.614	179.954	6.984	6.076	1.962	6.318	575.612	179.954	6.984	569	172	3	15	20	8
94	222	326	222	157	30636	138	0	138	138	138	568.847	192.095	6.392	3.830	1.311	3.790	568.847	192.095	6.392	563	188	3	14	9	6
95	1226	916	1226	545	170414	139	0	139	139	139	712.217	193.706	7.338	6.546	1.579	6.942	712.219	193.706	7.338	705	185	3	17	18	9
96	2187	1520	2187	956	146529	67	0	67	67	67	516.028	196.624	6.348	8.809	2.892	9.032	516.032	196.624	6.348	505	184	3	22	26	8
97	1107	850	1107	525	156087	141	0	141	141	141	726.901	202.970	7.256	6.337	1.655	6.753	726.899	202.970	7.256	719	194	3	17	17	8
98	1860	1360	1860	843	267840	144	0	144	144	144	805.453	207.421	6.304	8.517	2.996	8.583	805.453	207.421	6.304	797	195	3	20	26	8
99	1080	908	1080	545	151200	140	0	140	140	140	439.560	204.227	6.956	6.612	2.044	6.746	439.560	204.227	6.956	434	195	3	14	19	8
100	1735	1292	1735	782	426810	246	0	246	246	246	422.964	201.056	7.180	7.804	2.358	8.075	422.966	201.057	7.180	412	192	3	22	21	9
101	1673	1112	1673	712	244258	146	0	146	146	146	745.220	209.666	7.221	7.372	1.967	7.739	745.217	209.666	7.221	735	201	3	21	17	9
102	1597	1122	1597	682	237953	149	0	149	149	149	787.017	213.668	7.095	7.307	1.980	7.652	787.017	213.668	7.095	776	205	3	22	17	9
103	1526	1030	1526	630	105294	69	0	69	69	69	622.900	215.535	6.363	7.024	1.663	7.376	622.896	215.535	6.363	614	206	3	17	18	8
104	1207	956	1207	596	184671	153	0	153	153	153	724.070	218.715	6.771	6.701	1.925	7.038	724.068	218.715	6.771	716	212	3	18	16	8
105	4228	2582	4228	1699	663796	157	0	157	157	157	752.591	225.812	6.756	12.651	5.105	12.470	752.592	225.812	6.756	735	210	3	40	33	9
106	1520	1260	1520	764	215840	142	0	142	142	142	561.688	207.114	6.776	8.484	3.748	7.990	561.693	207.114	6.776	551	194	3	28	25	8
107	1597	1166	1597	686	247535	155	0	155	155	155	602.753	224.477	7.007	7.283	1.975	7.589	602.754	224.476	7.007	593	216	3	21	19	9
108	750	724	750	426	53250	71	0	71	71	71	659.877	220.528	5.863	6.329	2.283	6.188	659.880	220.528	5.863	651	215	3	18	16	7
109	1100	874	1100	511	79200	72	0	72	72	72	705.933	222.590	6.242	6.294	1.751	6.634	705.933	222.590	6.242	697	216	3	18	14	7
110	365	448	365	242	3285	9	0	9	9	9	672.625	222.973	5.203	4.677	1.743	4.480	672.625	222.973	5.203	669	215	3	9	16	5
111	303	346	303	193	22119	73	0	73	73	73	682.446	223.340	5.861	3.970	1.019	4.016	682.446	223.340	5.861	678	218	3	9	11	6
112	1427	1050	1427	619	222612	156	0	156	156	156	583.324	228.666	7.036	6.922	1.865	7.405	583.330	228.666	7.036	575	221	3	18	18	9
113	1666	1126	1666	687	126616	76	0	76	76	76	651.301	231.927	5.944	7.335	1.887	7.721	651.305	231.927	5.944	641	223	3	21	19	8
114	1452	1032	1452	604	107448	74	0	74	74	74	539.187	229.782	6.501	6.922	1.803	7.358	539.183	229.782	6.501	529	221	3	20	19	8
115	1716	1218	1716	770	132132	77	0	77	77	77	629.486	233.273	6.370	7.702	2.247	8.026	629.482	233.272	6.370	619	223	3	22	23	8
116	2014	1498	2014	862	322240	160	0	160	160	160	471.940	233.910	6.874	8.573	2.799	8.319	471.940	233.910	6.874	462	221	3	20	28	9
117	1391	1054	1391	673	223951	161	0	161	161	161	567.655	237.689	6.914	7.098	2.083	7.622	567.653	237.689	6.914	558	228	3	20	20	8
118	478	544	478	295	35850	75	0	75	75	75	688.308	228.182	6.178	5.326	1.951	5.297	688.309	228.182	6.178	680	218	3	15	18	6
119	984	844	984	466	160392	163	0	163	163	163	703.716	237.142	6.639	6.075	1.644	6.332	703.718	237.142	6.639	696	231	3	17	15	8
120	1109	838	1109	502	87611	79	0	79	79	79	550.048	243.299	6.280	6.288	1.611	6.699	550.051	243.299	6.280	542	235	3	17	18	8
121	1247	874	1247	554	204508	164	0	164	164	164	766.757	236.678	7.245	6.492	1.474	6.879	766.751	236.678	7.245	758	230	3	18	15	9
122	1930	1356	1930	785	482500	250	0	250	250	250	421.386	248.071	7.538	7.896	2.226	8.289	421.384	248.071	7.538	411	233	3	21	27	9
123	1294	968	1294	575	103520	80	0	80	80	80	459.315	244.680	6.547	6.721	1.783	7.128	459.315	244.680	6.547	451	236	3	18	18	8
124	4637	2724	4637	1820	774379	167	0	167	167	167	772.629	253.758	6.677	12.892	5.003	12.713	772.631	253.758	6.677	758	236	3	36	39	9
125	1283	922	1283	551	106489	83	0	83	83	83	563.821	255.405	6.413	6.625	1.698	7.045	563.824	255.405	6.413	555	248	3	18	17	8
126	501	534	501	290	83166	166	0	166	166	166	648.830	256.182	6.489	4.888	1.445	4.993	648.832	256.182	6.489	642	251	3	13	17	7
127	1074	818	1074	487	88068	82	0	82	82	82	538.902	254.234	6.525	6.192	1.600	6.625	538.899	254.234	6.525	529	246	3	19	17	7
128	2642	1596	2642	1086	227212	86	0	86	86	86	746.140	262.801	6.491	9.026	2.602	9.582	746.147	262.801	6.491	733	253	3	24	22	8
129	1938	1346	1938	808	164730	85	0	85	85	85	664.812	262.502	6.182	8.083	2.355	8.249	664.809	262.502	6.182	651	252	3	25	21	8
130	977	804	977	444	165113	169	0	169	169	169	549.589	266.247	6.718	6.004	1.497	6.299	549.587	266.247	6.718	542	259	3	17	16	8
131	920	784	920	454	80040	87	0	87	87	87	499.846	269.233	6.541	5.954	1.620	6.152	499.848	269.233	6.541	492	261	3	16	17	7
132	836	744	836	391	142120	170	0	170	170	170	587.254	267.555	6.907	5.677	1.356	5.893	587.251	267.555	6.907	580	260	3	16	16	8
133	1006	798	1006	471	88528	88	0	88	88	88	638.297	267.959	6.393	6.127	1.600	6.481	638.297	267.959	6.393	631	261	3	17	16	7
134	1916	1244	1916	746	172440	90	0	90	90	90	619.939	276.680	6.195	7.725	2.049	8.083	619.933	276.680	6.195	609	267	3	22	20	8
135	1570	1200	1570	692	271610	173	0	173	173	173	711.251	279.724	6.504	7.398	2.233	7.728	711.250	279.723	6.504	701	271	3	21	20	8
136	1624	1082	1624	694	147784	91	0	91	91	91	395.033	281.888	6.432	7.304	1.882	7.581	395.035	281.888	6.432	387	273	3	19	20	9
137	1284	944	1284	590	326136	254	0	254	254	254	450.990	287.139	7.452	6.819	1.951	7.222	450.992	287.139	7.452	443	277	3	18	20	9
138	1088	792	1088	481	190400	175	0	175	175	175	379.798	281.250	7.629	6.233	1.368	6.242	379.799	281.250	7.629	373	273	3	13	16	9
139	2053	1670	2053	1065	369540	180	0	180	180	180	574.207	292.218	6.645	9.926	3.943	10.026	574.201	292.217	6.645	561	277	3	29	34	8
140	1644	1110	1644	675	151248	92	0	92	92	92	669.330	287.975	6.257	7.332	1.956	7.633	669.336	287.975	6.257	661	278	3	19	20	8
141	1849	1304	1849	874	321726	174	0	174	174	174	757.215	280.092	6.865	8.300	2.767	8.102	757.218	280.092	6.865	740	273	3	30	15	8
142	1533	1066	1533	616	272874	178	0	178	178	178	410.082	290.753	7.177	7.029	1.693	7.246	410.079	290.753	7.177	401	281	3	19	20	9
143	957	774	957	479	89001	93	0	93	93	93	759.939	292.863	6.375	6.353	2.137	6.136	759.936	292.863	6.375	749	287	3	23	14	7
144	1511	1048	1511	625	275002	182	0	182	182	182	747.784	302.447	6.907	7.037	1.769	7.476	747.787	302.447	6.907	739	293	3	19	19	8
145	1848	1256	1848	757	340032	184	0	184	184	184	458.129	304.019	6.817	7.738	1.991	8.101	458.131	304.019	6.817	450	294	3	20	22	9
146	1912	1228	1912	814	346072	181	0	181	181	181	386.873	297.175	7.217	7.851	2.153	8.246	386.871	297.175	7.217	375	289	3	23	19	8
147	1493	1086	1493	652	279191	187	0	187	187	187	558.996	312.023	7.463	7.181	1.942	7.509	558.997	312.023	7.463	547	304	3	22	18	9
148	1844	1168	1844	737	346672	188	0	188	188	188	381.661	315.176	7.099	7.582	1.927	8.029	381.665	315.176	7.099	372	307	3	20	19	8
149	2490	1606	2490	970	475590	191	0	191	191	191	440.558	314.529	7.400	8.831	2.598	8.957	440.559	314.529	7.400	430	299	3	22	29	9
150	4614	2782	4614	1804	895116	194	0	194	194	194	727.782	330.256	7.137	12.849	4.986	12.663	727.786	330.256	7.137	715	309	3	30	40	9
151	1687	1368	1687	828	161952	96	0	96	96	96	448.826	341.090	6.920	8.030	2.591	8.182	448.826	341.090	6.920	438	329	3	22	25	9
152	837	796	837	456	165726	198	0	198	198	198	709.404	341.969	6.665	6.559	2.643	6.117	709.406	341.969	6.665	704	329	3	10	25	7
153	2787	1654	2787	1017	554613	199	0	199	199	199	413.918	346.442	6.991	8.937	2.333	9.360	413.919	346.441	6.991	403	335	3	24	24	9
154	2041	1386	2041	856	397995	195	0	195	195	195	584.593	341.820	6.989	8.209	2.366	8.568	584.594	341.820	6.989	576	329	3	20	23	8
155	2137	1490	2137	861	438085	205	0	205	205	205	431.014	355.029	7.078	8.571	2.806	8.315	431.013	355.029	7.078	421	336	3	21	32	10
156	1763	1338	1763	791	352600	200	0	200	200	200	624.644	348.727	7.070	7.897	2.450	8.187	624.637	348.727	7.070	613	339	3	26	21	9
157	1889	1278	1889	801	185122	98	0	98	98	98	613.280	365.618	6.465	7.809	2.090	8.284	613.273	365.618	6.465	605	355	3	18	22	9
158	1426	954	1426	624	295182	207	0	207	207	207	592.555	361.986	6.900	6.852	1.624	7.086	592.557	361.985	6.900	585	353	3	17	18	9
159	1731	1140	1731	730	360048	208	0	208	208	208	697.496	368.268	6.818	7.585	2.042	7.803	697.496	368.268	6.818	687	361	3	21	18	8
160	2408	1720	2408	1001	503272	209	0	209	209	209	505.617	366.645	6.817	9.018	2.975	9.145	505.615	366.644	6.817	494	351	3	24	31	9
161	4895	2892	4895	1821	1027950	210	0	210	210	210	595.430	382.382	7.213	12.169	4.165	12.289	595.427	382.382	7.213	572	362	3	41	40	9
162	2234	1388	2234	853	471374	211	0	211	211	211	519.879	383.619	6.912	8.228	2.172	8.636	519.880	383.620	6.912	509	373	3	25	22	8
163	1292	944	1292	562	356592	276	0	276	276	276	539.495	420.960	7.575	6.664	1.719	7.053	539.491	420.960	7.575	531	412	3	17	18	9
164	2109	1330	2109	863	472416	224	0	224	224	224	660.451	451.263	6.678	8.226	2.244	8.090	660.451	451.263	6.678	651	440	3	19	24	9
165	2011	1284	2011	828	446442	222	0	222	222	222	611.230	444.637	7.045	7.969	2.093	8.457	611.233	444.638	7.045	601	435	3	20	22	9
166	4207	2494	4207	1577	946575	225	0	225	225	225	545.161	455.575	7.409	11.663	4.245	11.396	545.160	455.570	7.409	527	442	3	37	30	9
167	636	676	636	354	143736	226	0	226	226	226	594.527	453.088	7.069	5.557	1.773	5.757	594.525	453.088	7.069	586	447	3	16	16	8
168	2192	1296	2192	816	626912	286	0	286	286	286	645.631	458.026	7.778	7.952	1.838	8.146	645.634	458.026	7.778	637	447	3	17	22	10
169	1273	936	1273	581	297882	234	0	234	234	234	626.612	490.553	6.948	6.665	1.713	6.935	626.609	490.554	6.948	617	482	3	18	16	8
170	1462	978	1462	613	343570	235	0	235	235	235	642.969	493.772	7.131	6.917	1.689	7.319	642.969	493.772	7.131	636	484	3	16	19	8
171	1233	890	1233	528	290988	236	0	236	236	236	628.827	505.082	7.052	6.483	1.534	6.742	628.831	505.082	7.052	620	499	3	19	15	8
172	4112	2406	4112	1530	1270608	309	0	309	309	309	321.566	517.748	7.414	11.183	3.836	11.135	321.566	517.747	7.414	302	504	3	37	27	10
173	838	788	838	442	10894	13	0	13	13	13	568.483	24.013	6.581	6.138	2.066	6.202	568.483	24.013	6.581	559	18	4	21	17	6
174	303	368	303	188	30300	100	0	100	100	100	622.614	22.353	6.706	4.341	1.566	4.159	622.614	22.353	6.706	615	20	4	16	6	6
175	880	748	880	450	14960	17	0	17	17	17	513.253	38.120	6.455	5.873	1.642	6.016	513.253	38.120	6.455	507	31	4	15	16	7
176	765	666	765	391	83385	109	0	109	109	109	789.737	76.655	6.827	5.574	1.551	5.812	789.735	76.655	6.827	782	70	4	16	14	7
177	584	566	584	321	19272	33	0	33	33	33	728.676	84.988	6.060	5.297	1.725	5.144	728.676	84.988	6.060	724	75	4	11	19	6
178	1037	894	1037	511	116144	112	0	112	112	112	594.587	91.947	6.661	6.319	1.839	6.432	594.587	91.947	6.661	586	83	4	18	19	7
179	1227	918	1227	572	144786	118	0	118	118	118	443.679	131.102	6.690	6.636	1.804	6.991	443.682	131.102	6.690	435	123	4	19	18	6
180	1339	986	1339	595	164697	123	0	123	123	123	498.963	154.447	6.668	6.811	1.845	7.182	498.965	154.447	6.668	491	146	4	18	18	7
181	1920	1340	1920	823	234240	122	0	122	122	122	609.480	154.583	7.289	8.108	2.421	8.289	609.475	154.583	7.289	600	143	4	20	24	7
182	1318	986	1318	578	177930	135	0	135	135	135	452.577	181.096	7.458	6.784	1.901	7.056	452.579	181.096	7.458	443	171	4	19	20	8
183	1992	1228	1992	775	270912	136	0	136	136	136	634.733	184.631	7.111	7.794	2.052	8.263	634.727	184.631	7.111	625	176	4	21	20	7
184	1878	1232	1878	788	257286	137	0	137	137	137	740.810	191.368	7.151	7.840	2.163	8.193	740.809	191.369	7.151	731	178	4	20	25	8
185	1223	1056	1223	623	79495	65	0	65	65	65	696.204	188.223	6.482	7.193	2.433	7.226	696.200	188.223	6.482	685	176	4	21	23	7
186	1171	952	1171	561	79628	68	0	68	68	68	763.391	199.769	6.612	6.593	1.863	6.913	763.391	199.769	6.612	755	191	4	19	18	6
187	582	546	582	318	143754	247	0	247	247	247	453.333	205.376	7.706	4.978	1.252	5.196	453.335	205.376	7.706	449	199	4	11	14	7
188	1488	1174	1488	685	218736	147	0	147	147	147	406.782	212.170	7.450	7.322	2.234	7.688	406.783	212.170	7.450	398	202	4	19	23	8
189	1120	852	1120	520	168000	150	0	150	150	150	508.470	216.970	6.712	6.345	1.650	6.756	508.473	216.970	6.712	501	210	4	16	16	7
190	1405	938	1405	627	203725	145	0	145	145	145	578.809	211.267	7.517	6.912	1.808	7.386	578.807	211.267	7.517	570	203	4	17	18	7
191	1203	942	1203	557	181653	151	0	151	151	151	525.966	217.924	6.687	6.633	1.836	6.921	525.968	217.924	6.687	517	210	4	19	18	7
192	440	466	440	259	65120	148	0	148	148	148	658.418	211.064	6.989	4.832	1.626	4.541	658.418	211.064	6.989	651	207	4	17	8	7
193	1247	996	1247	566	192038	154	0	154	154	154	429.102	223.383	7.026	6.645	1.842	7.065	429.099	223.383	7.026	421	215	4	18	18	7
194	1234	902	1234	559	194972	158	0	158	158	158	786.539	229.271	7.109	6.615	1.698	6.856	786.542	229.271	7.109	778	223	4	20	15	8
195	163	316	163	131	40587	249	0	249	249	249	400.656	231.650	7.601	4.163	1.659	4.131	400.656	231.650	7.601	395	224	4	12	13	7
196	1558	1070	1558	684	252396	162	0	162	162	162	613.843	236.680	7.259	7.297	2.016	7.410	613.839	236.680	7.259	605	226	4	16	22	7
197	727	720	727	416	58887	81	0	81	81	81	581.612	250.865	6.564	5.768	1.835	5.909	581.609	250.865	6.564	574	244	4	18	15	6
198	203	328	203	140	17052	84	0	84	84	84	449.611	259.759	6.537	3.822	1.509	3.654	449.611	259.759	6.537	446	255	4	8	14	6
199	1310	964	1310	550	220080	168	0	168	168	168	404.243	262.564	7.361	6.631	1.654	7.071	404.243	262.564	7.361	396	254	4	18	18	8
200	993	796	993	482	170796	172	0	172	172	172	514.643	275.181	6.878	6.128	1.709	6.526	514.646	275.181	6.878	507	267	4	16	17	7
201	1097	932	1097	525	187587	171	0	171	171	171	600.871	276.131	6.727	6.586	2.051	6.921	600.872	276.131	6.727	594	267	4	15	19	7
202	1550	1098	1550	667	392150	253	0	253	253	253	485.891	277.613	7.885	7.246	1.954	7.583	485.891	277.613	7.885	477	268	4	19	20	8
203	1029	918	1029	544	259308	252	0	252	252	252	467.603	280.155	7.758	6.430	1.919	6.799	467.606	280.156	7.758	459	272	4	18	17	8
204	1978	1302	1978	810	348128	176	0	176	176	176	736.231	287.322	7.155	7.952	2.206	8.423	736.231	287.322	7.155	726	277	4	22	22	8
205	1039	866	1039	536	183903	177	0	177	177	177	560.038	289.198	7.245	6.373	1.847	6.762	560.036	289.198	7.245	551	282	4	17	16	7
206	2299	1720	2299	1040	586245	255	0	255	255	255	433.231	291.894	7.480	9.347	3.277	9.492	433.232	291.894	7.480	420	278	4	27	27	8
207	167	310	167	132	29893	179	0	179	179	179	775.988	290.611	6.982	3.677	1.388	3.536	775.989	290.611	6.982	772	286	4	10	11	8
208	1928	1280	1928	783	352824	183	0	183	183	183	637.935	302.524	7.010	7.777	2.079	8.174	637.936	302.524	7.010	628	292	4	21	22	7
209	1234	972	1234	562	315904	256	0	256	256	256	580.253	313.232	7.596	6.809	2.158	6.975	580.253	313.232	7.596	572	299	4	17	24	8
210	648	718	648	386	119880	185	0	185	185	185	595.728	307.008	6.605	5.602	1.718	5.829	595.727	307.008	6.605	588	299	4	17	16	6
211	1740	1196	1740	725	323640	186	0	186	186	186	620.995	310.376	7.199	7.487	2.005	7.843	620.992	310.376	7.199	612	300	4	19	21	8
212	627	580	627	337	119130	190	0	190	190	190	471.499	313.391	7.164	5.420	1.707	5.183	471.501	313.391	7.164	467	304	4	9	18	7
213	158	312	158	129	1580	10	0	10	10	10	410.924	316.449	6.494	3.728	1.368	3.693	410.924	316.449	6.494	407	311	4	10	12	8
214	628	584	628	337	118692	189	0	189	189	189	480.500	312.841	7.328	5.432	1.752	5.166	480.499	312.841	7.328	477	304	4	9	18	7
215	170	254	170	123	32810	193	0	193	193	193	453.500	325.282	6.229	3.257	0.920	3.198	453.500	325.282	6.229	450	321	4	9	8	6
216	460	574	460	292	88320	192	0	192	192	192	689.787	325.430	7.459	5.230	1.979	5.197	689.787	325.430	7.459	682	321	4	17	11	7
217	1661	1264	1661	733	430199	259	0	259	259	259	466.066	333.781	7.627	8.033	2.787	8.127	466.066	333.781	7.627	457	325	4	23	19	8
218	1824	1164	1824	713	470592	258	0	258	258	258	641.839	323.450	8.086	7.524	1.941	7.931	641.836	323.449	8.086	632	314	4	20	20	8
219	1436	1124	1436	657	281456	196	0	196	196	196	394.578	343.054	7.216	7.289	2.236	7.303	394.575	343.054	7.216	383	334	4	22	22	8
220	1546	1064	1546	653	304562	197	0	197	197	197	565.468	344.412	7.481	7.140	1.887	7.603	565.466	344.412	7.481	556	336	4	19	19	8
221	2620	1818	2620	1098	526620	201	0	201	201	201	364.750	353.727	7.380	9.559	3.263	9.447	364.749	353.726	7.380	355	338	4	23	32	8
222	3702	2482	3702	1585	973626	263	0	263	263	263	535.600	359.079	7.524	11.927	4.554	11.773	535.601	359.081	7.524	517	341	4	41	35	8
223	850	762	850	404	222700	262	0	262	262	262	524.418	346.364	7.356	5.813	1.644	5.888	524.419	346.363	7.356	515	339	4	19	15	8
224	908	816	908	491	185232	204	0	204	204	204	699.944	352.631	6.751	6.392	2.240	6.289	699.948	352.631	6.751	692	339	4	16	21	7
225	907	766	907	455	374591	413	0	413	413	413	458.487	354.252	8.632	6.021	1.793	6.249	458.487	354.252	8.632	450	346	4	17	16	8
226	2092	1444	2092	864	424676	203	0	203	203	203	643.215	357.179	7.056	8.242	2.317	8.599	643.216	357.179	7.056	632	345	4	23	24	8
227	1890	1308	1890	866	389340	206	0	206	206	206	718.332	358.716	6.999	8.347	2.756	8.594	718.334	358.716	6.999	709	350	4	22	22	8
228	1411	1004	1411	639	372504	264	0	264	264	264	577.607	358.203	7.556	7.026	1.947	7.150	577.602	358.203	7.556	569	350	4	22	17	8
229	1316	960	1316	573	265832	202	0	202	202	202	475.252	350.967	7.770	6.728	1.778	7.141	475.250	350.967	7.770	467	343	4	18	17	8
230	844	714	844	445	224504	266	0	266	266	266	628.259	368.873	7.396	5.870	1.706	5.789	628.258	368.873	7.396	624	360	4	11	19	7
231	1166	884	1166	528	308990	265	0	265	265	265	551.395	368.181	8.310	6.413	1.615	6.700	551.395	368.181	8.310	542	362	4	19	15	9
232	1194	844	1194	486	319992	268	0	268	268	268	482.349	376.739	7.693	6.323	1.292	6.549	482.353	376.739	7.693	474	370	4	17	14	9
233	456	502	456	251	188784	414	0	414	414	414	392.077	378.268	8.292	4.770	1.372	4.721	392.078	378.268	8.292	388	372	4	10	14	9
234	1286	1046	1286	593	345934	269	0	269	269	269	408.143	380.170	7.719	6.918	2.043	7.208	408.142	380.171	7.719	397	372	4	21	18	8
235	1801	1136	1801	701	381812	212	0	212	212	212	619.149	389.887	7.188	7.459	1.833	7.876	619.144	389.887	7.188	610	381	4	20	18	8
236	987	760	987	450	210231	213	0	213	213	213	478.036	390.460	7.410	5.994	1.466	6.150	478.035	390.460	7.410	470	384	4	17	15	7
237	1079	878	1079	495	291330	270	0	270	270	270	350.064	398.818	7.878	6.285	1.661	6.583	350.066	398.818	7.878	342	391	4	18	16	8
238	1667	1474	1667	815	356738	214	0	214	214	214	686.744	400.475	7.309	8.563	3.198	8.629	686.746	400.475	7.309	676	389	4	22	26	8
239	1706	1222	1706	745	366790	215	0	215	215	215	622.317	409.897	7.753	7.982	2.669	7.779	622.317	409.898	7.753	613	400	4	17	25	8
240	1086	782	1086	478	234576	216	0	216	216	216	567.631	419.452	7.272	6.201	1.484	6.278	567.631	419.452	7.272	562	412	4	14	17	8
241	1956	1248	1956	755	545724	279	0	279	279	279	671.984	425.167	7.788	7.750	1.943	8.251	671.984	425.168	7.788	662	416	4	24	19	8
242	1166	834	1166	506	255354	219	0	219	219	219	377.980	430.648	7.381	6.341	1.511	6.611	377.982	430.648	7.381	371	423	4	16	17	8
243	1004	824	1004	466	218872	218	0	218	218	218	579.851	429.947	7.466	6.067	1.562	6.398	579.848	429.947	7.466	571	423	4	17	16	8
244	991	804	991	476	218020	220	0	220	220	220	634.312	432.102	7.210	6.119	1.687	6.337	634.316	432.102	7.210	626	424	4	18	15	7
245	636	572	636	341	140556	221	0	221	221	221	492.239	436.591	7.395	5.158	1.297	5.439	492.238	436.591	7.395	487	430	4	13	13	7
246	1343	960	1343	577	378726	282	0	282	282	282	566.501	440.180	7.544	6.757	1.766	7.182	566.499	440.180	7.544	558	432	4	18	18	8
247	980	784	980	471	277340	283	0	283	283	283	673.093	442.357	7.652	6.184	1.734	6.301	673.093	442.357	7.652	664	436	4	17	16	9
248	1913	1258	1913	804	426599	223	0	223	223	223	630.184	447.309	7.427	7.926	2.160	7.972	630.185	447.309	7.427	621	437	4	23	20	8
249	2721	1820	2721	1138	780927	287	0	287	287	287	366.984	452.913	7.617	9.749	3.432	9.910	366.986	452.919	7.617	354	438	4	27	30	9
250	2298	1412	2298	894	523944	228	0	228	228	228	617.273	463.412	7.614	8.562	2.502	8.579	617.267	463.411	7.614	605	455	4	23	20	9
251	589	574	589	329	133703	227	0	227	227	227	584.784	461.127	7.280	5.398	1.742	5.244	584.785	461.127	7.280	577	456	4	18	10	7
252	1587	1160	1587	732	365010	230	0	230	230	230	634.621	467.942	7.116	7.940	2.597	7.717	634.624	467.942	7.116	626	456	4	21	24	9
253	965	750	965	459	278885	289	0	289	289	289	662.226	467.159	7.616	6.088	1.649	5.877	662.225	467.158	7.616	652	463	4	19	11	8
254	960	750	960	432	276480	288	0	288	288	288	379.724	462.950	7.852	5.893	1.405	6.221	379.724	462.950	7.852	372	456	4	17	15	8
255	1541	1098	1541	670	448431	291	0	291	291	291	537.844	471.661	8.046	7.294	2.095	7.599	537.844	471.659	8.046	528	464	4	23	16	9
256	1780	1372	1780	798	519760	292	0	292	292	292	400.459	475.747	7.707	7.884	2.302	8.252	400.455	475.747	7.707	389	467	4	22	20	8
257	579	542	579	307	132591	229	0	229	229	229	586.425	469.052	7.639	5.221	1.673	5.018	586.424	469.052	7.639	577	465	4	18	9	8
258	1448	1036	1448	616	424264	293	0	293	293	293	420.224	475.471	8.081	6.970	1.781	7.284	420.224	475.471	8.081	412	467	4	18	18	8
259	1653	1066	1653	683	381843	231	0	231	231	231	653.549	478.891	7.062	7.274	1.824	7.543	653.548	478.891	7.062	644	470	4	20	19	7
260	2109	1628	2109	937	622155	295	0	295	295	295	560.842	480.868	7.844	8.844	3.053	8.815	560.842	480.868	7.844	552	468	4	20	30	9
261	2535	1896	2535	1064	1054560	416	0	416	416	416	372.342	479.100	8.204	9.952	3.676	9.715	372.342	479.100	8.204	360	467	4	29	28	9
262	1753	1118	1753	705	515382	294	0	294	294	294	465.296	470.035	8.363	7.471	2.005	7.623	465.298	470.035	8.363	455	462	4	21	15	9
263	1161	934	1161	538	269352	232	0	232	232	232	584.344	483.009	7.302	6.583	1.805	6.803	584.342	483.009	7.302	575	475	4	18	19	7
264	2604	1846	2604	1119	770784	296	0	296	296	296	467.033	488.435	7.599	9.397	3.068	9.659	467.027	488.435	7.599	455	478	4	25	29	9
265	928	864	928	477	216224	233	0	233	233	233	599.179	485.484	7.487	6.525	2.504	6.237	599.177	485.483	7.487	592	477	4	15	25	7
266	931	800	931	467	278369	299	0	299	299	299	411.614	492.903	8.072	6.008	1.715	6.389	411.615	492.903	8.072	404	486	4	16	15	8
267	2344	1636	2344	1005	712576	304	0	304	304	304	362.477	502.018	7.907	9.252	3.232	9.183	362.477	502.018	7.907	345	492	4	33	22	9
268	1095	880	1095	491	330690	302	0	302	302	302	425.622	502.088	7.648	6.313	1.661	6.489	425.624	502.088	7.648	419	492	4	17	20	8
269	2114	1846	2114	1057	503132	238	0	238	238	238	501.456	520.331	7.606	10.216	4.209	10.078	501.459	520.332	7.606	492	502	4	21	34	7
270	1737	1154	1737	679	531522	306	0	306	306	306	542.465	503.740	8.277	7.349	1.776	7.804	542.464	503.741	8.277	532	495	4	21	19	9
271	1321	952	1321	569	313077	237	0	237	237	237	615.783	515.568	7.544	6.728	1.745	7.023	615.782	515.568	7.544	607	507	4	19	19	7
272	1246	938	1246	539	383768	308	0	308	308	308	377.983	515.541	7.615	6.522	1.673	6.933	377.980	515.541	7.615	369	506	4	17	19	8
273	1756	1178	1756	706	419684	239	0	239	239	239	424.906	530.708	7.630	7.453	1.981	7.905	424.907	530.708	7.630	416	522	4	20	20	9
274	1873	1274	1873	765	593741	317	0	317	317	317	538.444	537.808	8.281	7.828	2.119	7.957	538.444	537.808	8.281	530	526	4	18	24	9
275	606	528	606	307	145440	240	0	240	240	240	322.399	536.647	6.762	4.984	1.092	5.122	322.399	536.647	6.762	317	532	4	12	12	7
276	1443	1060	1443	633	447330	310	0	310	310	310	406.689	525.742	8.078	7.025	1.868	7.419	406.690	525.741	8.078	398	517	4	19	20	8
277	2495	1686	2495	1013	788420	316	0	316	316	316	379.554	541.605	7.905	9.347	3.202	9.543	379.558	541.605	7.905	367	530	4	27	27	10
278	1146	900	1146	541	358698	313	0	313	313	313	307.839	531.652	7.733	6.436	1.750	6.817	307.839	531.653	7.733	299	523	4	18	18	8
279	1835	1196	1835	763	578025	315	0	315	315	315	520.616	532.767	8.383	7.627	1.906	8.099	520.616	532.767	8.383	511	523	4	19	19	9
280	4381	2750	4381	1777	1401920	320	0	320	320	320	459.062	541.148	8.033	11.655	3.942	12.164	459.062	541.148	8.033	443	523	4	36	33	9
281	1586	1188	1586	721	510692	322	0	322	322	322	511.724	547.750	8.113	7.665	2.348	7.560	511.722	547.748	8.113	503	535	4	17	26	9
282	1395	1120	1395	692	447795	321	0	321	321	321	526.011	551.238	8.239	7.675	2.901	7.348	526.012	551.237	8.239	513	542	4	25	22	9
283	1652	1136	1652	693	525336	318	0	318	318	318	624.468	541.915	8.070	7.424	2.019	7.584	624.470	541.915	8.070	614	533	4	21	20	9
284	1472	1106	1472	617	354752	241	0	241	241	241	590.026	556.082	7.410	7.197	1.992	7.211	590.027	556.084	7.410	577	548	4	24	16	9
285	1227	918	1227	559	296934	242	0	242	242	242	608.034	560.261	7.528	6.853	1.992	6.525	608.033	560.260	7.528	599	551	4	15	23	8
286	1546	1044	1546	634	377224	244	0	244	244	244	621.263	562.083	7.588	7.185	1.869	7.239	621.260	562.083	7.588	615	551	4	16	22	8
287	1596	1058	1596	678	515508	323	0	323	323	323	481.022	553.546	8.431	7.171	1.716	7.445	481.022	553.546	8.431	471	545	4	21	16	9
288	527	580	527	284	128061	243	0	243	243	243	568.063	561.055	7.307	4.961	1.347	5.090	568.063	561.055	7.307	562	555	4	14	14	7
289	2650	1472	2650	1000	879800	332	0	332	332	332	482.178	572.409	8.093	8.818	2.294	8.925	482.181	572.410	8.093	473	562	4	20	24	10
290	2067	1260	2067	850	684177	331	0	331	331	331	464.356	565.886	8.123	8.000	2.032	8.252	464.356	565.886	8.123	455	556	4	18	20	9
291	2058	1232	2058	835	687372	334	0	334	334	334	449.846	576.276	8.064	7.953	2.009	8.284	449.847	576.277	8.064	441	567	4	21	19	9
292	2625	1786	2625	1116	1107750	422	0	422	422	422	335.397	586.397	7.958	9.612	3.334	9.757	335.398	586.400	7.958	320	575	4	30	24	9
293	773	696	773	378	261274	338	0	338	338	338	413.847	580.525	8.411	5.584	1.387	5.569	413.846	580.524	8.411	407	572	4	15	18	9
294	1553	1020	1553	615	528020	340	0	340	340	340	468.486	584.778	7.891	6.985	1.533	7.355	468.483	584.777	7.891	460	577	4	19	17	9
295	2383	1662	2383	1105	807837	339	0	339	339	339	436.448	583.548	8.347	9.758	3.668	9.653	436.448	583.550	8.347	423	567	4	33	31	9
296	2871	1924	2871	1160	990495	345	0	345	345	345	548.553	597.024	8.246	9.642	3.114	9.764	548.552	597.024	8.246	537	581	4	27	30	9
297	2713	1634	2713	1039	933272	344	0	344	344	344	425.534	597.036	8.687	9.053	2.609	9.205	425.540	597.036	8.687	413	583	4	28	26	10
298	4247	2210	4247	1556	1473709	347	0	347	347	347	454.980	603.684	8.020	10.809	3.234	11.098	454.980	603.683	8.020	441	592	4	31	23	9
299	1581	1018	1581	667	547026	346	0	346	346	346	299.658	601.866	7.832	7.150	1.632	7.390	299.656	601.867	7.832	289	594	4	19	15	9
300	1406	966	1406	565	482258	343	0	343	343	343	489.972	593.034	8.075	6.748	1.579	7.233	489.973	593.034	8.075	482	585	4	17	18	9
301	2618	1610	2618	992	911064	348	0	348	348	348	318.024	606.121	8.017	8.890	2.422	9.053	318.027	606.121	8.017	309	593	4	20	26	10
302	1554	1254	1554	769	543900	350	0	350	350	350	585.192	610.473	7.943	7.990	2.781	7.920	585.195	610.473	7.943	575	602	4	25	18	8
303	1091	856	1091	499	380759	349	0	349	349	349	566.283	608.641	7.789	6.264	1.553	6.568	566.283	608.641	7.789	558	600	4	16	17	8
304	3628	1968	3628	1315	1287940	355	0	355	355	355	306.008	620.488	8.403	10.474	3.378	10.365	306.009	620.489	8.403	293	610	4	30	22	10
305	3156	1916	3156	1297	1114068	353	0	353	353	353	430.116	618.854	8.422	10.249	3.466	10.279	430.114	618.852	8.422	414	604	4	27	28	9
306	1588	1068	1588	669	557388	351	0	351	351	351	284.582	612.581	8.255	7.243	1.783	7.380	284.582	612.585	8.255	275	601	4	17	22	9
307	2954	1652	2954	1120	1057532	358	0	358	358	358	451.477	624.929	8.198	9.231	2.420	9.573	451.478	624.929	8.198	436	616	4	27	22	10
308	1789	1286	1789	784	629728	352	0	352	352	352	471.601	621.830	8.042	7.681	2.165	8.239	471.601	621.830	8.042	463	610	4	20	22	8
309	699	724	699	383	249543	357	0	357	357	357	509.132	622.040	8.089	6.025	2.129	5.816	509.132	622.041	8.089	502	615	4	14	19	9
310	4820	2690	4820	1726	1749660	363	0	363	363	363	538.506	639.137	8.545	12.405	4.747	12.041	538.504	639.139	8.545	519	625	4	43	27	9
311	2195	1344	2195	826	803370	366	0	366	366	366	577.351	642.747	8.400	8.094	2.055	8.352	577.352	642.748	8.400	566	632	4	23	22	9
312	2331	1442	2331	918	855477	367	0	367	367	367	311.624	642.870	8.499	8.549	2.362	8.658	311.624	642.871	8.499	302	632	4	20	25	9
313	2767	1582	2767	1016	1026557	371	0	371	371	371	569.145	660.417	8.424	8.898	2.351	9.264	569.143	660.419	8.424	560	648	4	22	25	9
314	5041	2836	5041	1902	2187794	434	0	434	434	434	525.707	655.143	8.587	12.641	4.630	12.689	525.706	655.143	8.587	506	634	4	41	36	10
315	2137	1302	2137	818	929595	435	0	435	435	435	413.194	656.496	8.556	7.944	1.873	8.309	413.194	656.497	8.556	402	646	4	23	20	10
316	3078	1712	3078	1175	1148094	373	0	373	373	373	549.968	666.953	8.365	9.702	3.032	9.503	549.969	666.951	8.365	540	653	4	21	30	9
317	1621	1136	1621	717	716482	442	0	442	442	442	532.658	678.347	8.701	7.419	2.037	7.532	532.656	678.345	8.701	523	670	4	18	21	9
318	2249	1322	2249	853	850122	378	0	378	378	378	445.460	689.532	8.214	8.166	1.986	8.651	445.458	689.533	8.214	436	679	4	19	21	9
319	1804	1192	1804	695	683716	379	0	379	379	379	481.191	690.885	8.231	7.516	1.898	7.813	481.192	690.884	8.231	471	682	4	20	19	9
320	2905	1662	2905	1141	1109710	382	0	382	382	382	410.293	696.140	8.445	9.341	2.665	9.605	410.294	696.133	8.445	401	683	4	21	26	10
321	1483	1104	1483	643	673282	454	0	454	454	454	426.412	710.102	8.143	7.078	1.919	7.439	426.413	710.104	8.143	419	701	4	18	19	9
322	1990	1300	1990	757	899480	452	0	452	452	452	310.570	705.572	8.641	7.774	1.881	8.146	310.568	705.570	8.641	301	696	4	20	21	10
323	936	702	936	446	359424	384	0	384	384	384	553.235	702.085	8.094	5.857	1.303	5.962	553.235	702.085	8.094	545	697	4	16	13	8
324	3024	1990	3024	1210	1182384	391	0	391	391	391	539.780	713.739	8.417	9.809	3.211	9.573	539.780	713.742	8.417	525	700	4	28	30	10
325	2363	1388	2363	956	921570	390	0	390	390	390	408.510	718.820	8.058	8.509	2.322	8.864	408.512	718.822	8.058	398	709	4	22	21	9
326	2988	1808	2988	1223	1174284	393	0	393	393	393	528.308	727.228	7.965	10.298	3.876	9.964	528.308	727.230	7.965	512	716	4	39	24	9
327	1829	1204	1829	805	726113	397	0	397	397	397	526.495	742.507	8.136	8.073	2.611	7.945	526.494	742.504	8.136	513	736	4	27	15	9
328	1408	976	1408	641	561792	399	0	399	399	399	392.561	754.046	8.312	6.919	1.695	7.162	392.562	754.045	8.312	385	747	4	18	17	10
329	3541	2106	3541	1448	1430564	404	0	404	404	404	403.041	788.506	8.669	11.305	4.559	10.752	403.038	788.508	8.669	377	778	4	42	20	9
330	2938	1920	2938	1248	1189890	405	0	405	405	405	428.074	790.111	8.138	10.394	3.804	10.297	428.075	790.114	8.138	417	773	4	29	37	10
331	4131	2474	4131	1675	1681317	407	0	407	407	407	406.981	805.762	8.764	12.513	5.360	12.045	406.982	805.763	8.764	379	791	4	44	30	10
332	1008	884	1008	518	414288	411	0	411	411	411	413.977	139.262	8.794	6.689	2.552	6.482	413.978	139.262	8.794	407	125	5	15	25	8
333	993	864	993	500	409116	412	0	412	412	412	420.611	155.165	9.379	6.266	1.806	6.445	420.614	155.165	9.379	410	148	5	21	17	8
334	1131	888	1131	559	145899	129	0	129	129	129	766.828	170.552	7.360	6.586	1.975	6.796	766.826	170.552	7.360	755	164	5	22	15	6
335	764	646	764	396	116128	152	0	152	152	152	494.088	216.085	7.064	5.547	1.576	5.717	494.088	216.085	7.064	488	208	5	12	17	6
336	892	718	892	405	221216	248	0	248	248	248	456.460	218.846	7.476	5.752	1.359	6.035	456.460	218.846	7.476	449	212	5	16	15	7
337	910	934	910	504	228410	251	0	251	251	251	440.978	249.886	7.615	6.379	2.098	6.631	440.979	249.886	7.615	433	239	5	16	20	6
338	553	596	553	313	143780	260	0	260	260	260	481.438	334.897	7.624	5.489	1.997	5.201	481.437	334.897	7.624	473	324	5	14	18	6
339	909	722	909	435	242703	267	0	267	267	267	640.616	374.839	7.926	5.847	1.435	6.050	640.617	374.839	7.926	634	367	5	15	16	7
340	865	850	865	439	234415	271	0	271	271	271	666.876	402.897	8.128	5.772	1.622	6.106	666.876	402.897	8.128	660	395	5	16	16	8
341	1441	1012	1441	637	394834	274	0	274	274	274	639.473	413.700	7.695	7.086	2.021	7.460	639.471	413.700	7.695	631	405	5	19	19	7
342	848	792	848	453	230656	272	0	272	272	272	400.940	408.020	7.923	5.911	1.723	6.233	400.940	408.020	7.923	393	400	5	17	16	6
343	1052	772	1052	501	291404	277	0	277	277	277	554.747	423.048	7.872	6.234	1.602	6.229	554.746	423.048	7.872	549	415	5	12	18	7
344	998	776	998	457	277444	278	0	278	278	278	363.838	425.428	8.298	6.018	1.470	6.367	363.839	425.427	8.298	357	418	5	15	16	7
345	847	684	847	437	183799	217	0	217	217	217	617.491	427.615	7.017	5.769	1.609	6.011	617.490	427.615	7.017	610	420	5	16	16	5
346	732	686	732	401	201300	275	0	275	275	275	477.156	423.624	7.753	5.762	1.858	5.763	477.157	423.624	7.753	468	417	5	19	12	6
347	1397	1064	1397	646	392557	281	0	281	281	281	477.115	438.417	7.805	7.118	1.980	7.395	477.115	438.418	7.805	469	430	5	18	19	7
348	500	492	500	279	140000	280	0	280	280	280	550.312	437.338	7.958	4.854	1.384	4.921	550.312	437.338	7.958	543	432	5	14	11	6
349	882	748	882	444	251370	285	0	285	285	285	500.697	451.187	8.142	5.882	1.685	6.110	500.697	451.187	8.142	495	443	5	14	17	7
350	1920	1288	1920	818	556800	290	0	290	290	290	486.909	469.725	8.300	7.910	2.236	8.403	486.906	469.726	8.300	477	460	5	23	21	7
351	1786	1186	1786	716	532228	298	0	298	298	298	505.676	486.656	8.292	7.497	1.967	7.984	505.674	486.656	8.292	496	477	5	20	21	8
352	545	550	545	309	161865	297	0	297	297	297	543.250	484.943	7.574	5.012	1.375	4.983	543.249	484.942	7.574	536	481	5	16	11	6
353	465	466	465	254	139500	300	0	300	300	300	395.553	495.630	7.886	4.708	1.251	4.513	395.553	495.630	7.886	389	492	5	14	8	7
354	1337	1224	1337	672	402437	301	0	301	301	301	328.374	494.829	8.330	7.772	3.088	7.456	328.373	494.829	8.330	311	486	5	34	19	7
355	267	366	267	172	80901	303	0	303	303	303	453.457	500.408	7.648	4.036	1.314	3.943	453.458	500.408	7.648	447	498	5	13	8	6
356	421	450	421	240	128405	305	0	305	305	305	397.066	503.150	8.131	4.620	1.398	4.509	397.066	503.149	8.131	389	500	5	16	8	7
357	777	710	777	451	238539	307	0	307	307	307	411.991	508.604	7.759	5.759	1.716	6.193	411.992	508.603	7.759	404	502	5	17	15	6
358	1711	1158	1711	706	715198	418	0	418	418	418	552.759	519.677	8.622	7.417	2.007	7.890	552.757	519.677	8.622	543	510	5	20	20	8
359	1489	988	1489	627	463079	311	0	311	311	311	628.615	526.647	7.886	6.992	1.772	7.209	628.615	526.647	7.886	619	518	5	20	16	7
360	1139	874	1139	525	355368	312	0	312	312	312	486.356	531.669	7.654	6.427	1.741	6.782	486.358	531.669	7.654	478	522	5	17	19	7
361	904	756	904	443	283856	314	0	314	314	314	367.829	531.938	7.782	5.902	1.594	6.185	367.827	531.938	7.782	360	525	5	17	16	7
362	994	814	994	475	317086	319	0	319	319	319	495.644	544.411	8.157	6.094	1.581	6.333	495.644	544.412	8.157	487	536	5	17	18	7
363	999	878	999	485	323676	324	0	324	324	324	391.031	554.282	7.773	6.284	2.007	6.562	391.028	554.282	7.773	383	545	5	19	18	7
364	1783	1312	1783	790	748860	420	0	420	420	420	428.101	565.397	8.337	7.847	2.339	8.059	428.099	565.397	8.337	418	554	5	20	24	8
365	877	698	877	443	285025	325	0	325	325	325	446.170	559.735	8.107	5.823	1.526	5.886	446.169	559.735	8.107	439	553	5	15	13	8
366	636	564	636	327	207336	326	0	326	326	326	496.542	559.808	7.915	5.228	1.388	5.063	496.544	559.808	7.915	490	555	5	16	9	7
367	1111	898	1111	522	366630	330	0	330	330	330	597.185	568.852	8.383	6.432	1.840	6.610	597.184	568.852	8.383	585	562	5	21	15	8
368	1109	864	1109	520	362643	327	0	327	327	327	334.728	568.397	8.149	6.390	1.719	6.563	334.729	568.396	8.149	326	561	5	19	17	7
369	589	506	589	311	193192	328	0	328	328	328	497.467	568.316	8.331	4.995	1.185	4.974	497.467	568.316	8.331	491	565	5	15	9	7
370	910	772	910	436	299390	329	0	329	329	329	534.206	566.118	8.432	5.932	1.525	6.155	534.205	566.118	8.432	527	559	5	16	15	7
371	1198	936	1198	514	402528	336	0	336	336	336	581.196	574.841	8.073	6.548	1.739	6.744	581.196	574.841	8.073	573	564	5	18	20	7
372	673	728	673	400	225455	335	0	335	335	335	303.588	575.437	8.137	5.832	1.965	5.902	303.589	575.438	8.137	298	566	5	16	18	7
373	306	346	306	189	103122	337	0	337	337	337	292.108	578.278	7.938	3.943	0.927	3.966	292.107	578.278	7.938	287	574	5	10	9	6
374	2395	1660	2395	1048	819090	342	0	342	342	342	386.171	592.970	8.434	9.143	3.009	9.324	386.173	592.969	8.434	375	581	5	24	27	7
375	1455	1128	1455	682	612555	421	0	421	421	421	364.151	589.089	8.865	7.228	2.105	7.624	364.150	589.087	8.865	354	579	5	21	20	8
376	448	532	448	276	189504	423	0	423	423	423	403.603	590.913	8.583	4.744	1.533	4.666	403.603	590.913	8.583	400	581	5	11	16	7
377	1758	1230	1758	741	747150	425	0	425	425	425	348.447	622.359	8.338	7.586	2.154	8.074	348.446	622.361	8.338	337	613	5	22	21	8
378	811	736	811	416	287094	354	0	354	354	354	365.525	619.932	8.751	5.884	1.722	5.933	365.524	619.932	8.751	360	612	5	13	17	8
379	996	912	996	485	422304	424	0	424	424	424	384.037	614.834	9.111	6.393	1.954	6.380	384.036	614.834	9.111	373	608	5	21	15	9
380	1488	1096	1488	614	535680	360	0	360	360	360	552.238	623.333	8.276	7.024	1.828	7.412	552.233	623.332	8.276	544	614	5	19	19	9
381	913	864	913	487	325028	356	0	356	356	356	535.148	616.927	8.194	6.093	1.822	6.408	535.145	616.927	8.194	527	609	5	17	17	7
382	1558	1070	1558	701	663708	426	0	426	426	426	275.214	625.322	8.897	7.381	2.103	7.465	275.212	625.323	8.897	266	617	5	24	16	8
383	1413	1030	1413	648	510093	361	0	361	361	361	291.264	632.779	8.752	7.101	1.924	7.344	291.263	632.779	8.752	282	624	5	22	18	9
384	390	472	390	240	166530	427	0	427	427	427	379.713	624.946	8.956	4.726	1.561	4.633	379.713	624.946	8.956	373	621	5	16	9	8
385	782	854	782	451	283084	362	0	362	362	362	360.592	635.162	8.208	6.107	2.154	6.247	360.591	635.163	8.208	351	628	5	18	18	7
386	1179	864	1179	577	429156	364	0	364	364	364	459.842	641.635	8.317	6.657	1.797	6.661	459.845	641.635	8.317	453	632	5	14	20	8
387	679	682	679	377	290612	428	0	428	428	428	333.056	639.159	8.421	5.706	1.929	5.422	333.057	639.158	8.421	324	634	5	18	11	8
388	3152	1892	3152	1254	1159936	368	0	368	368	368	441.477	646.135	8.464	10.219	3.491	10.101	441.487	646.136	8.464	429	631	5	24	32	8
389	1666	1166	1666	764	608090	365	0	365	365	365	476.227	642.065	8.319	7.754	2.449	8.056	476.226	642.065	8.319	468	633	5	24	19	7
390	1246	1042	1246	586	535780	430	0	430	430	430	378.363	641.344	8.747	6.777	2.030	7.088	378.364	641.344	8.747	369	633	5	21	18	8
391	1697	1086	1697	671	728013	429	0	429	429	429	422.879	641.179	8.749	7.293	1.682	7.625	422.878	641.178	8.749	413	633	5	19	19	9
392	2552	1506	2552	985	1099912	431	0	431	431	431	277.514	644.966	8.851	8.770	2.407	9.057	277.515	644.966	8.851	267	634	5	23	23	9
393	2398	1512	2398	920	1038334	433	0	433	433	433	395.137	651.959	8.942	8.482	2.325	8.919	395.137	651.958	8.942	385	641	5	21	25	9
394	1207	890	1207	540	521424	432	0	432	432	432	298.229	653.398	8.791	6.488	1.610	6.619	298.229	653.398	8.791	290	645	5	17	18	8
395	1934	1352	1934	845	713646	369	0	369	369	369	465.588	661.291	8.100	8.664	3.100	8.563	465.587	661.290	8.100	457	650	5	18	28	8
396	1433	978	1433	621	530210	370	0	370	370	370	480.726	659.484	8.289	6.921	1.792	7.454	480.724	659.486	8.289	473	652	5	18	17	8
397	2508	1642	2508	1031	1093488	436	0	436	436	436	503.190	661.911	8.807	9.026	2.745	9.170	503.187	661.914	8.807	491	650	5	23	28	9
398	2379	1496	2379	936	1042002	438	0	438	438	438	266.154	664.097	8.898	8.704	2.578	8.917	266.155	664.096	8.898	255	652	5	22	25	9
399	1562	1170	1562	754	581064	372	0	372	372	372	285.752	665.025	8.214	7.840	2.661	7.861	285.749	665.025	8.214	276	655	5	21	24	7
400	4636	3064	4636	1940	2025932	437	0	437	437	437	330.258	661.856	8.393	12.594	4.604	12.585	330.257	661.857	8.393	305	645	5	47	37	8
401	1868	1214	1868	775	698632	374	0	374	374	374	451.408	669.297	8.166	7.741	2.114	8.190	451.410	669.296	8.166	441	660	5	21	20	7
402	1341	910	1341	575	591381	441	0	441	441	441	401.231	672.714	9.022	6.809	1.790	6.718	401.231	672.714	9.022	394	664	5	13	19	9
403	806	620	806	426	353834	439	0	439	439	439	411.386	673.237	8.727	5.725	1.491	5.575	411.386	673.238	8.727	408	667	5	9	16	8
404	1974	1212	1974	755	874482	443	0	443	443	443	423.906	675.679	8.912	7.695	1.875	7.931	423.907	675.679	8.912	416	666	5	18	21	9
405	433	460	433	266	162375	375	0	375	375	375	498.363	678.127	8.148	4.612	1.330	4.506	498.363	678.127	8.148	491	674	5	16	8	7
406	1547	1184	1547	696	689962	446	0	446	446	446	342.421	681.854	8.478	7.479	2.288	7.740	342.423	681.853	8.478	332	672	5	24	21	8
407	746	646	746	392	280496	376	0	376	376	376	498.815	687.564	8.466	5.551	1.538	5.627	498.815	687.564	8.466	492	683	5	16	11	7
408	1432	1050	1432	665	640104	447	0	447	447	447	550.416	688.494	8.446	7.193	2.054	7.132	550.419	688.490	8.446	540	681	5	23	16	8
409	1180	950	1180	582	444860	377	0	377	377	377	315.710	687.872	8.242	6.702	1.995	7.071	315.709	687.872	8.242	306	680	5	20	17	7
410	956	720	956	454	425420	445	0	445	445	445	269.044	682.521	9.304	5.956	1.508	5.992	269.043	682.522	9.304	261	677	5	17	11	8
411	1215	1102	1215	601	462915	381	0	381	381	381	461.571	692.566	8.377	7.150	2.344	6.956	461.571	692.567	8.377	456	683	5	15	24	9
412	1757	1200	1757	697	787136	448	0	448	448	448	293.392	692.899	8.869	7.476	1.831	7.704	293.392	692.899	8.869	284	681	5	20	22	9
413	1994	1372	1994	878	895306	449	0	449	449	449	261.628	695.177	8.834	8.466	2.759	8.135	261.628	695.188	8.834	246	686	5	31	18	9
414	1093	882	1093	531	415340	380	0	380	380	380	389.141	690.974	8.462	6.343	1.646	6.739	389.143	690.974	8.462	380	684	5	17	15	9
415	3276	1840	3276	1263	1484028	453	0	453	453	453	390.685	709.131	8.461	10.350	3.848	9.996	390.684	709.131	8.461	380	688	5	21	34	9
416	1879	1292	1879	871	845550	450	0	450	450	450	276.591	700.804	8.903	8.227	2.771	8.166	276.590	700.805	8.903	259	691	5	28	21	9
417	816	666	816	420	312528	383	0	383	383	383	536.142	697.062	8.000	5.684	1.408	5.848	536.144	697.061	8.000	531	689	5	13	15	8
418	3820	2186	3820	1460	1474520	386	0	386	386	386	371.301	711.320	8.311	11.174	4.020	11.070	371.300	711.317	8.311	359	694	5	24	37	8
419	1727	1250	1727	755	668349	387	0	387	387	387	498.284	703.589	8.048	7.805	2.431	7.906	498.284	703.590	8.048	488	695	5	26	19	8
420	398	418	398	219	179498	451	0	451	451	451	335.322	703.658	8.487	4.228	0.791	4.236	335.322	703.658	8.487	331	699	5	9	10	8
421	1000	858	1000	539	385000	385	0	385	385	385	448.908	706.198	8.184	6.506	2.017	6.521	448.907	706.196	8.184	440	701	5	19	14	8
422	1553	972	1553	657	708168	456	0	456	456	456	268.153	715.268	8.263	7.045	1.543	7.247	268.150	715.268	8.263	262	708	5	17	17	9
423	1317	1010	1317	604	512313	389	0	389	389	389	326.970	715.747	8.322	6.799	1.880	7.179	326.970	715.746	8.322	317	706	5	20	19	8
424	1624	1080	1624	650	738920	455	0	455	455	455	509.725	714.018	8.549	7.181	1.701	7.395	509.725	714.020	8.549	500	705	5	21	18	8
425	2317	1560	2317	1002	1061186	458	0	458	458	458	255.455	720.990	8.496	8.893	2.822	9.076	255.454	720.989	8.496	243	706	5	27	25	9
426	802	714	802	407	311176	388	0	388	388	388	341.852	709.763	8.423	5.895	1.796	5.899	341.850	709.763	8.423	335	699	5	14	20	7
427	812	606	812	439	319928	394	0	394	394	394	389.530	726.490	7.847	5.814	1.629	5.698	389.528	726.489	7.847	382	722	5	17	9	7
428	1767	1234	1767	710	816354	462	0	462	462	462	424.754	732.799	8.785	7.720	2.271	7.841	424.756	732.798	8.785	415	724	5	25	19	8
429	2534	1752	2534	1109	1000930	395	0	395	395	395	322.401	732.116	8.434	9.742	3.567	9.548	322.402	732.115	8.434	308	723	5	31	19	9
430	3085	1860	3085	1208	1437610	466	0	466	466	466	295.652	736.387	8.517	9.625	2.829	10.063	295.651	736.387	8.517	282	722	5	26	27	9
431	1893	1244	1893	797	880245	465	0	465	465	465	507.875	734.531	8.808	7.782	2.100	8.188	507.874	734.532	8.808	498	724	5	21	22	9
432	1414	1008	1414	625	654682	463	0	463	463	463	367.832	735.704	8.730	6.994	1.919	6.984	367.832	735.703	8.730	358	728	5	21	15	9
433	1062	886	1062	470	489582	461	0	461	461	461	347.378	731.499	9.029	6.263	1.544	6.422	347.377	731.500	9.029	340	724	5	18	16	9
434	2479	1384	2479	955	981684	396	0	396	396	396	407.284	740.925	8.329	8.515	2.146	9.081	407.286	740.925	8.329	398	731	5	22	21	8
435	4748	2618	4748	1747	2226812	469	0	469	469	469	249.510	744.502	8.682	12.549	4.782	12.405	249.509	744.496	8.682	235	732	5	38	35	10
436	1551	972	1551	668	724317	467	0	467	467	467	388.930	738.944	8.730	7.053	1.552	7.318	388.931	738.945	8.730	380	732	5	17	15	8
437	1444	1376	1444	726	766764	531	0	531	531	531	457.148	735.449	9.188	8.486	3.622	7.860	457.148	735.449	9.188	441	728	5	34	16	9
438	2749	1666	2749	1107	1297528	472	0	472	472	472	313.260	753.054	8.664	9.228	2.690	9.380	313.265	753.052	8.664	304	740	5	23	27	9
439	2226	1460	2226	895	1188684	534	0	534	534	534	356.510	752.174	9.646	8.418	2.551	8.702	356.510	752.174	9.646	347	742	5	19	29	10
440	1237	900	1237	534	581390	470	0	470	470	470	426.961	751.200	9.068	6.512	1.580	6.703	426.962	751.200	9.068	421	743	5	15	18	9
441	1176	830	1176	547	468048	398	0	398	398	398	265.918	748.828	8.457	6.461	1.688	6.625	265.919	748.829	8.457	258	743	5	19	14	8
442	1230	910	1230	561	655590	533	0	533	533	533	504.088	751.909	9.252	6.517	1.575	6.999	504.086	751.910	9.252	497	745	5	15	17	10
443	2621	1522	2621	1008	1234491	471	0	471	471	471	375.465	755.068	9.225	8.812	2.382	8.995	375.465	755.068	9.225	367	743	5	18	25	9
444	1324	934	1324	621	530924	401	0	401	401	401	412.066	757.813	8.333	6.836	1.877	7.047	412.065	757.814	8.333	403	748	5	18	19	7
445	3698	2192	3698	1459	1760248	476	0	476	476	476	517.452	765.087	8.319	10.774	3.521	10.899	517.454	765.087	8.319	504	750	5	29	30	9
446	1314	886	1314	599	525600	400	0	400	400	400	277.760	758.925	8.457	6.746	1.742	6.985	277.760	758.925	8.457	270	749	5	15	19	8
447	2272	1334	2272	950	1074656	473	0	473	473	473	294.919	758.981	8.802	8.382	2.181	8.658	294.919	758.981	8.802	284	750	5	20	23	9
448	1656	1108	1656	716	665712	402	0	402	402	402	260.420	764.506	8.686	7.415	1.928	7.702	260.419	764.507	8.686	252	755	5	19	20	8
449	891	740	891	449	422334	474	0	474	474	474	481.759	761.271	9.021	5.840	1.546	6.080	481.757	761.271	9.021	474	753	5	15	16	8
450	1394	1008	1394	637	664938	477	0	477	477	477	401.507	770.084	8.751	7.007	1.994	7.090	401.507	770.083	8.751	392	762	5	20	16	8
451	2002	1298	2002	802	1071070	535	0	535	535	535	313.218	773.485	9.626	7.876	2.024	8.150	313.218	773.485	9.626	302	766	5	23	18	9
452	1483	1066	1483	729	597649	403	0	403	403	403	498.620	783.256	8.153	7.289	2.062	7.671	498.620	783.257	8.153	490	774	5	17	19	8
453	4682	2718	4682	1765	2247360	480	0	480	480	480	266.353	784.014	9.284	12.257	4.511	11.871	266.356	784.015	9.284	247	769	5	36	32	9
454	1071	834	1071	516	516222	482	0	482	482	482	514.600	786.433	8.478	6.337	1.697	6.537	514.600	786.432	8.478	508	781	5	20	14	8
455	1928	1360	1928	835	927368	481	0	481	481	481	479.302	780.969	8.791	8.060	2.414	8.450	479.302	780.966	8.791	466	770	5	24	21	8
456	1898	1274	1898	845	770588	406	0	406	406	406	484.256	800.956	8.267	7.950	2.238	8.516	484.257	800.957	8.267	474	792	5	20	20	8
457	1744	1134	1744	733	845840	485	0	485	485	485	433.018	810.938	8.435	7.454	1.826	7.552	433.018	810.938	8.435	423	804	5	21	17	8
458	2560	1646	2560	1051	1246720	487	0	487	487	487	310.071	813.155	9.188	8.958	2.631	9.335	310.072	813.155	9.188	297	800	5	23	25	10
459	3749	2230	3749	1531	1837010	490	0	490	490	490	322.919	826.901	9.279	11.172	3.844	11.267	322.919	826.905	9.279	307	809	5	27	33	10
460	2750	1756	2750	1097	1490500	542	0	542	542	542	396.243	825.890	9.264	9.427	2.995	9.540	396.245	825.891	9.264	379	814	5	31	23	10
461	2827	1640	2827	1072	1388057	491	0	491	491	491	418.857	828.508	8.777	9.207	2.681	9.376	418.856	828.511	8.777	405	817	5	26	23	9
462	1837	1268	1837	803	753170	410	0	410	410	410	440.522	824.527	8.457	8.022	2.467	8.082	440.521	824.529	8.457	432	813	5	24	22	8
463	563	642	563	336	230267	409	0	409	409	409	469.918	821.627	7.744	5.597	1.889	5.608	469.918	821.628	7.744	462	812	5	14	17	7
464	2176	1568	2176	978	887808	408	0	408	408	408	490.953	819.576	8.568	9.080	3.236	9.101	490.959	819.578	8.568	477	811	5	30	19	8
465	2452	1594	2452	994	1199028	489	0	489	489	489	343.040	824.293	9.321	8.798	2.585	8.928	343.039	824.294	9.321	335	808	5	20	30	10
466	2273	1472	2273	983	1131954	498	0	498	498	498	212.386	845.296	9.404	8.950	2.992	8.819	212.385	845.296	9.404	203	832	5	18	29	10
467	4195	2330	4195	1617	2105890	502	0	502	502	502	227.930	851.617	9.396	11.659	4.182	11.976	227.931	851.617	9.396	218	832	5	23	36	10
468	1044	810	1044	544	517824	496	0	496	496	496	329.161	847.421	8.964	6.539	1.988	6.388	329.161	847.421	8.964	322	842	5	19	11	9
469	2162	1470	2162	915	1081000	500	0	500	500	500	310.935	851.381	8.859	8.532	2.684	8.650	310.933	851.383	8.859	295	841	5	27	22	9
470	2488	1520	2488	1024	1241512	499	0	499	499	499	415.030	850.596	9.223	8.894	2.589	9.223	415.030	850.600	9.223	406	840	5	21	23	9
471	1866	1370	1866	813	1018836	546	0	546	546	546	434.802	854.512	9.363	7.992	2.278	8.250	434.802	854.510	9.363	425	842	5	22	24	10
472	1899	1218	1899	712	951399	501	0	501	501	501	461.090	856.527	9.476	7.561	1.760	7.804	461.091	856.528	9.476	450	848	5	22	19	9
473	2513	1496	2513	942	1271578	506	0	506	506	506	378.058	865.010	8.797	8.551	2.188	8.980	378.057	865.009	8.797	367	853	5	22	25	9
474	1886	1290	1886	896	948658	503	0	503	503	503	395.313	855.707	9.222	8.443	3.054	8.302	395.313	855.705	9.222	387	838	5	18	27	9
475	1924	1282	1924	865	969696	504	0	504	504	504	328.488	860.466	8.898	8.566	3.145	8.097	328.492	860.464	8.898	310	854	5	32	15	9
476	2721	1694	2721	1108	1395873	513	0	513	513	513	320.637	878.583	9.251	9.631	3.345	9.178	320.637	878.601	9.251	310	866	5	31	24	10
477	1657	1212	1657	720	843413	509	0	509	509	509	335.575	874.840	9.279	7.705	2.525	7.386	335.575	874.842	9.279	326	868	5	20	24	10
478	3601	1880	3601	1240	1994954	554	0	554	554	554	217.430	883.322	9.817	9.805	2.609	10.090	217.429	883.317	9.817	206	867	5	22	30	10
479	1750	1098	1750	730	887250	507	0	507	507	507	394.413	873.726	8.785	7.494	1.869	7.546	394.413	873.723	8.785	385	866	5	18	19	9
480	2172	1304	2172	884	1112064	512	0	512	512	512	301.964	877.768	8.895	8.129	2.055	8.492	301.964	877.768	8.895	292	868	5	19	21	10
481	1323	978	1323	564	672084	508	0	508	508	508	447.887	870.518	9.503	6.708	1.724	6.947	447.889	870.517	9.503	440	862	5	19	19	9
482	3244	1780	3244	1250	1780956	549	0	549	549	549	202.597	867.271	9.781	9.914	3.147	9.959	202.596	867.271	9.781	187	859	5	30	21	10
483	2598	1566	2598	944	1335372	514	0	514	514	514	459.922	883.433	9.347	8.611	2.155	8.871	459.920	883.446	9.347	448	870	5	23	27	10
484	2500	1788	2500	1116	1287500	515	0	515	515	515	402.914	891.019	9.264	9.813	3.642	9.421	402.914	891.022	9.264	389	882	5	33	21	10
485	3722	2216	3722	1400	1931718	519	0	519	519	519	449.353	901.021	9.314	10.912	3.762	10.911	449.353	901.021	9.314	437	883	5	27	35	9
486	2602	1578	2602	1049	1342632	516	0	516	516	516	310.889	897.261	9.213	8.864	2.458	9.306	310.887	897.262	9.213	301	887	5	21	24	9
487	2857	1578	2857	1038	1594206	558	0	558	558	558	331.744	899.230	9.598	8.882	2.097	9.508	331.744	899.231	9.598	322	889	5	22	22	10
488	1885	1200	1885	794	976430	518	0	518	518	518	292.197	898.885	9.334	7.805	2.079	8.115	292.198	898.888	9.334	282	889	5	19	22	9
489	2443	1912	2443	1161	1382738	566	0	566	566	566	316.885	919.796	9.779	9.969	3.743	9.993	316.886	919.798	9.779	298	909	5	34	21	10
490	4144	2432	4144	1583	2349648	567	0	567	567	567	342.837	924.832	9.699	11.350	3.935	11.439	342.836	924.829	9.699	329	911	5	31	32	10
491	1454	1184	1454	697	831688	572	0	572	572	572	212.522	935.910	9.396	7.607	2.556	7.427	212.524	935.908	9.396	198	926	5	25	19	10
492	332	440	332	229	85324	257	0	257	257	257	569.346	324.322	7.735	4.495	1.617	4.535	569.346	324.322	7.735	562	319	6	15	12	5
493	413	502	413	253	107793	261	0	261	261	261	545.646	340.307	7.860	5.017	1.806	4.874	545.646	340.308	7.860	537	334	6	15	15	5
494	839	782	839	474	229047	273	0	273	273	273	351.625	413.653	7.900	5.975	1.920	6.183	351.623	413.653	7.900	343	408	6	18	14	5
495	881	762	881	452	250204	284	0	284	284	284	486.448	451.196	8.213	5.924	1.699	6.207	486.451	451.197	8.213	478	444	6	17	15	6
496	926	790	926	448	387994	419	0	419	419	419	408.429	567.335	8.564	5.948	1.601	6.240	408.430	567.335	8.564	401	560	6	16	17	7
497	326	404	326	211	111166	341	0	341	341	341	295.077	586.166	8.485	4.262	1.408	4.225	295.076	586.165	8.485	287	582	6	15	9	6
498	342	424	342	213	122778	359	0	359	359	359	500.851	624.892	8.579	4.556	1.634	4.311	500.852	624.891	8.579	497	616	6	9	16	6
499	681	552	681	371	299640	440	0	440	440	440	517.695	673.181	8.700	5.374	1.447	5.323	517.696	673.181	8.700	509	669	6	16	9	7
500	679	602	679	357	301476	444	0	444	444	444	515.767	682.760	9.219	5.410	1.549	5.367	515.770	682.760	9.219	508	679	6	17	10	7
501	701	680	701	368	371530	530	0	530	530	530	523.815	699.970	9.622	5.438	1.527	5.516	523.814	699.971	9.622	518	693	6	12	18	8
502	969	792	969	477	444771	459	0	459	459	459	492.557	721.061	8.610	6.047	1.609	6.347	492.558	721.061	8.610	485	714	6	17	16	6
503	209	278	209	144	95513	457	0	457	457	457	446.555	719.947	8.579	3.554	1.098	3.408	446.555	719.947	8.579	443	716	6	7	12	6
504	437	488	437	265	171304	392	0	392	392	392	455.842	718.529	8.455	4.624	1.368	4.852	455.842	718.529	8.455	451	713	6	12	13	7
505	286	414	286	198	131560	460	0	460	460	460	438.357	724.727	8.703	4.191	1.481	4.068	438.357	724.727	8.703	435	717	6	9	15	6
506	923	842	923	468	431964	468	0	468	468	468	482.536	741.392	9.302	6.018	1.750	6.400	482.534	741.392	9.302	475	733	6	16	17	7
507	1231	896	1231	524	654892	532	0	532	532	532	468.569	751.409	9.669	6.478	1.581	6.924	468.567	751.409	9.669	461	743	6	17	18	8
508	1307	940	1307	614	620825	475	0	475	475	475	495.047	766.510	9.171	6.773	1.724	7.107	495.047	766.510	9.171	487	758	6	18	17	8
509	1581	1074	1581	706	755718	478	0	478	478	478	290.807	776.550	9.331	7.388	2.064	7.580	290.808	776.553	9.331	284	769	6	17	22	8
510	2195	1672	2195	1009	1060185	483	0	483	483	483	232.312	788.832	9.366	9.084	3.129	9.200	232.312	788.833	9.366	221	774	6	23	28	8
511	1249	944	1249	586	669464	536	0	536	536	536	345.165	782.307	10.127	6.697	1.925	7.083	345.168	782.308	10.127	337	774	6	17	18	9
512	738	658	738	384	353502	479	0	479	479	479	386.500	781.707	9.157	5.662	1.731	5.485	386.500	781.705	9.157	376	776	6	20	11	8
513	2778	1740	2778	1064	1491786	537	0	537	537	537	327.989	794.602	9.755	9.313	2.833	9.382	327.989	794.599	9.755	315	781	6	26	27	9
514	1272	948	1272	617	615648	484	0	484	484	484	502.009	800.462	8.865	6.781	1.909	7.247	502.007	800.462	8.865	495	793	6	18	17	7
515	523	556	523	292	254178	486	0	486	486	486	454.679	810.117	8.790	4.945	1.467	5.038	454.680	810.116	8.790	448	804	6	16	13	7
516	1327	996	1327	611	715253	539	0	539	539	539	228.151	809.488	9.473	6.904	1.907	6.995	228.151	809.489	9.473	218	803	6	21	17	9
517	1698	1216	1698	696	828624	488	0	488	488	488	217.138	821.487	9.411	7.415	1.981	7.738	217.137	821.487	9.411	208	811	6	21	20	8
518	1252	1044	1252	619	736176	588	0	588	588	588	377.768	825.574	10.196	6.885	1.996	7.045	377.770	825.573	10.196	367	816	6	18	18	9
519	3042	2114	3042	1273	1642680	540	0	540	540	540	284.377	821.608	10.074	10.457	3.851	10.413	284.379	821.605	10.074	271	800	6	28	43	9
520	1834	1284	1834	781	995862	543	0	543	543	543	266.372	830.815	9.780	7.764	2.188	8.147	266.372	830.815	9.780	256	820	6	22	21	8
521	902	822	902	444	445588	494	0	494	494	494	447.294	840.008	8.758	6.101	1.784	6.243	447.295	840.008	8.758	438	831	6	19	17	7
522	655	626	655	357	322260	492	0	492	492	492	303.585	835.655	8.878	5.647	1.901	5.416	303.586	835.655	8.878	299	826	6	10	19	8
523	538	466	538	271	265234	493	0	493	493	493	336.136	839.117	9.294	4.655	0.698	4.658	336.135	839.116	9.294	331	834	6	11	10	8
524	1266	984	1266	600	629202	497	0	497	497	497	381.814	845.588	9.106	6.814	1.818	6.966	381.814	845.588	9.106	371	838	6	18	17	8
525	1640	1106	1640	730	892160	544	0	544	544	544	198.352	850.247	10.215	7.371	1.909	7.725	198.352	850.246	10.215	189	839	6	17	20	9
526	812	664	812	419	401940	495	0	495	495	495	398.554	842.255	9.392	5.595	1.279	5.623	398.554	842.255	9.392	393	835	6	15	13	9
527	1464	1154	1464	655	800808	547	0	547	547	547	256.363	855.456	9.516	7.312	2.252	7.500	256.364	855.455	9.516	247	843	6	22	22	8
528	721	622	721	344	392945	545	0	545	545	545	240.523	852.004	9.911	5.273	1.049	5.372	240.523	852.008	9.911	236	844	6	11	16	9
529	1333	1026	1333	598	730484	548	0	548	548	548	280.864	863.246	9.266	6.872	1.884	7.182	280.862	863.246	9.266	270	853	6	20	19	8
530	760	634	760	377	383800	505	0	505	505	505	297.914	863.093	9.161	5.528	1.416	5.444	297.914	863.094	9.161	291	857	6	16	12	7
531	1390	1022	1390	607	764500	550	0	550	550	550	470.721	870.163	9.518	6.860	1.815	7.054	470.721	870.165	9.518	460	862	6	21	19	8
532	2193	1448	2193	926	1212729	553	0	553	553	553	234.798	875.326	9.877	8.578	2.624	8.194	234.798	875.326	9.877	221	865	6	26	25	9
533	1716	1148	1716	759	875160	510	0	510	510	510	411.692	873.365	9.191	7.533	2.055	8.023	411.693	873.370	9.191	404	864	6	18	20	7
534	736	706	736	374	376096	511	0	511	511	511	282.837	878.117	9.178	5.748	1.705	5.632	282.837	878.116	9.178	273	873	6	18	14	7
535	2011	1246	2011	835	1116105	555	0	555	555	555	194.593	883.225	9.586	8.046	2.201	8.013	194.593	883.228	9.586	181	876	6	24	16	9
536	659	644	659	364	363768	552	0	552	552	552	261.323	874.300	9.706	5.605	1.807	5.737	261.323	874.301	9.706	255	865	6	16	17	8
537	1711	1108	1711	702	884587	517	0	517	517	517	193.019	898.072	9.373	7.471	1.962	7.409	193.018	898.070	9.373	180	892	6	25	14	9
538	1610	1126	1610	657	895160	556	0	556	556	556	245.150	889.307	10.263	7.232	1.858	7.554	245.152	889.306	10.263	235	879	6	20	20	9
539	2739	1768	2739	1146	1424280	520	0	520	520	520	205.026	909.824	9.181	9.869	3.567	9.630	205.022	909.824	9.181	188	897	6	37	25	8
540	1172	976	1172	550	655148	559	0	559	559	559	234.960	906.626	9.672	6.569	1.811	6.877	234.960	906.627	9.672	226	899	6	17	18	9
541	1477	1210	1477	715	827120	560	0	560	560	560	351.296	906.576	9.256	7.866	2.966	7.613	351.297	906.575	9.256	336	899	6	33	17	8
542	1532	1274	1532	718	853324	557	0	557	557	557	274.661	893.371	9.961	7.623	2.441	7.659	274.661	893.371	9.961	265	881	6	19	25	9
543	1166	964	1166	561	654126	561	0	561	561	561	285.125	913.507	9.686	6.776	2.130	6.621	285.126	913.506	9.686	272	905	6	23	18	9
544	2438	1454	2438	922	1375032	564	0	564	564	564	253.090	917.406	9.675	8.394	2.035	8.902	253.088	917.407	9.675	242	905	6	21	22	9
545	1466	962	1466	647	828290	565	0	565	565	565	270.145	917.838	9.789	7.010	1.787	7.180	270.144	917.838	9.789	263	907	6	16	20	8
546	1268	956	1268	583	712616	562	0	562	562	562	182.666	914.817	9.789	6.739	1.784	6.905	182.665	914.817	9.789	172	907	6	21	14	9
547	1150	926	1150	549	647450	563	0	563	563	563	219.364	918.417	9.642	6.683	2.113	6.634	219.365	918.418	9.642	208	910	6	22	17	8
548	2349	1426	2349	877	1334232	568	0	568	568	568	441.776	927.456	9.805	8.285	2.129	8.681	441.780	927.456	9.805	431	918	6	23	21	9
549	1573	1076	1573	730	819533	521	0	521	521	521	178.986	928.890	9.188	7.419	2.065	7.511	178.986	928.890	9.188	170	922	6	21	16	8
550	1745	1200	1745	775	992905	569	0	569	569	569	196.348	929.741	9.448	7.797	2.351	8.050	196.347	929.740	9.448	187	921	6	21	18	9
551	2054	1310	2054	829	1074242	523	0	523	523	523	228.863	932.935	9.501	7.963	2.137	8.323	228.863	932.938	9.501	221	922	6	17	23	9
552	1799	1158	1799	779	939078	522	0	522	522	522	247.119	934.363	9.167	7.709	2.161	7.988	247.118	934.361	9.167	239	924	6	20	21	8
553	1616	1306	1616	773	921120	570	0	570	570	570	286.667	934.024	9.493	7.727	2.452	8.142	286.666	934.025	9.493	278	921	6	20	25	8
554	2549	1736	2549	1060	1460577	573	0	573	573	573	327.438	938.876	10.211	9.477	3.295	9.183	327.439	938.872	10.211	310	931	6	33	21	9
555	1583	1064	1583	694	903893	571	0	571	571	571	267.020	935.294	9.673	7.281	1.989	7.670	267.020	935.293	9.673	258	928	6	19	17	8
556	2149	1486	2149	955	1235675	575	0	575	575	575	170.928	945.020	9.716	8.669	2.803	8.754	170.929	945.009	9.716	158	936	6	28	19	8
557	3082	2046	3082	1268	1781396	578	0	578	578	578	218.544	956.163	9.762	10.121	3.405	10.390	218.543	956.161	9.762	199	944	6	35	27	8
558	1074	854	1074	469	621846	579	0	579	579	579	248.230	954.376	9.797	6.221	1.569	6.383	248.230	954.376	9.797	240	946	6	17	18	9
559	875	788	875	436	459375	525	0	525	525	525	258.047	964.664	9.275	5.968	1.726	6.082	258.047	964.663	9.275	249	957	6	18	16	8
560	2646	1776	2646	1096	1545264	584	0	584	584	584	171.856	970.961	9.854	9.580	3.241	9.458	171.853	970.961	9.854	158	956	6	30	25	9
561	1427	1114	1427	666	831941	583	0	583	583	583	150.348	970.117	9.382	7.745	2.890	7.546	150.349	970.121	9.382	141	954	6	18	25	9
562	1400	1028	1400	631	737800	527	0	527	527	527	274.851	973.326	8.650	7.027	1.995	7.391	274.852	973.328	8.650	265	964	6	21	18	7
563	523	546	523	285	276144	528	0	528	528	528	317.841	976.834	9.373	4.964	1.418	4.928	317.841	976.834	9.373	311	972	6	15	10	7
564	2084	1468	2084	898	1219140	585	0	585	585	585	397.646	975.324	9.992	8.707	2.978	8.418	397.646	975.326	9.992	380	963	6	28	21	9
565	510	488	510	260	269790	529	0	529	529	529	257.416	979.371	9.086	4.879	1.377	4.597	257.415	979.366	9.086	249	976	6	16	7	8
566	1180	858	1180	530	691480	586	0	586	586	586	416.565	976.786	10.243	6.490	1.710	6.761	416.564	976.784	10.243	409	969	6	18	15	8
567	205	256	205	123	85075	415	0	415	415	415	477.029	411.605	8.610	3.288	0.651	3.418	477.030	411.605	8.610	473	408	7	9	8	5
568	248	318	248	164	103416	417	0	417	417	417	448.895	491.198	8.685	3.793	1.118	3.780	448.895	491.198	8.685	445	486	7	9	11	5
569	1150	946	1150	535	675050	587	0	587	587	587	364.314	789.893	10.283	6.520	1.803	6.722	364.314	789.895	10.283	357	781	7	17	20	8
570	1247	1040	1247	597	670886	538	0	538	538	538	350.565	799.120	10.071	6.956	2.228	7.127	350.564	799.120	10.071	342	784	7	21	25	7
571	1186	1080	1186	577	641626	541	0	541	541	541	248.688	823.171	9.784	7.099	2.550	6.997	248.688	823.172	9.784	236	815	7	23	18	8
572	294	330	294	172	161994	551	0	551	551	551	267.075	869.323	10.293	3.795	0.687	3.751	267.075	869.323	10.293	264	865	7	8	9	8
573	1341	1212	1341	747	702684	524	0	524	524	524	379.088	933.240	9.283	7.940	2.954	7.733	379.090	933.240	9.283	370	920	7	18	28	7
574	1840	1358	1840	881	1056160	574	0	574	574	574	393.795	943.238	9.668	8.355	2.837	8.512	393.796	943.234	9.668	385	928	7	20	29	6
575	2973	2270	2973	1423	1715421	577	0	577	577	577	418.485	952.696	9.907	11.400	4.569	11.352	418.488	952.695	9.907	406	935	7	30	37	7
576	1869	1358	1869	788	1076544	576	0	576	576	576	309.906	953.775	9.934	7.963	2.364	8.219	309.906	953.775	9.934	299	944	7	27	22	8
577	474	428	474	270	274920	580	0	580	580	580	160.738	960.120	9.447	4.551	0.929	4.590	160.738	960.120	9.447	156	954	7	10	11	7
578	1202	916	1202	543	699564	582	0	582	582	582	385.691	965.810	9.933	6.526	1.683	6.830	385.692	965.811	9.933	377	958	7	17	18	7
579	467	492	467	258	271327	581	0	581	581	581	203.392	964.488	9.979	4.692	1.206	4.626	203.391	964.488	9.979	199	959	7	9	13	8
580	1343	1182	1343	673	706418	526	0	526	526	526	234.932	973.126	9.427	7.530	2.642	7.578	234.933	973.126	9.427	223	961	7	25	21	7
