 	Volume (pixel^3)	Surface (pixel^2)	Nb of obj. voxels	Nb of surf. voxels	IntDen	Mean	StdDev	Median	Min	Max	X	Y	Z	Mean dist. to surf. (pixel)	SD dist. to surf. (pixel)	Median dist. to surf. (pixel)	XM	YM	ZM	BX	BY	BZ	B-width	B-height	B-depth
1	3018	1996	3018	1204	42252	14	0	14	14	14	861.383	416.897	5.792	10.030	3.562	10.083	861.388	416.897	5.792	847	403	1	33	26	10
2	964	826	964	461	1928	2	0	2	2	2	877.251	424.483	6.081	6.310	1.821	6.273	877.251	424.483	6.081	870	416	1	15	18	11
3	3048	1660	3048	968	70104	23	0	23	23	23	422.279	468.373	6.658	9.137	2.185	9.029	422.287	468.374	6.658	408	456	1	24	23	12
4	2504	1464	2504	862	105168	42	0	42	42	42	899.183	557.323	6.210	8.431	1.970	8.640	899.171	557.323	6.210	887	548	1	23	20	11
5	3011	1798	3011	1070	24088	8	0	8	8	8	732.638	564.750	6.148	9.363	2.722	9.513	732.638	564.750	6.148	721	553	1	29	24	11
6	2120	1282	2120	795	19080	9	0	9	9	9	864.155	569.301	4.935	7.904	1.921	8.062	864.155	569.301	4.935	854	560	1	22	17	10
7	4645	2234	4645	1405	218315	47	0	47	47	47	857.301	587.818	5.864	10.621	2.680	10.814	857.306	587.819	5.864	843	575	1	30	27	11
8	6442	3242	6442	2015	347868	54	0	54	54	54	563.918	651.649	5.914	12.978	4.355	12.741	563.928	651.649	5.914	546	632	1	37	39	12
9	1457	978	1457	632	29140	20	0	20	20	20	580.272	462.512	5.959	6.931	1.770	7.302	580.272	462.512	5.959	572	456	2	18	15	9
10	2658	1628	2658	1076	50502	19	0	19	19	19	438.890	463.080	6.783	9.422	3.216	8.939	438.896	463.081	6.783	429	446	2	19	32	10
11	1625	1198	1625	763	39000	24	0	24	24	24	457.138	473.198	6.159	7.730	2.344	7.759	457.138	473.198	6.159	447	465	2	25	21	9
12	2084	1420	2084	878	60436	29	0	29	29	29	449.161	485.585	6.624	8.691	2.908	8.531	449.155	485.585	6.624	441	472	2	21	26	10
13	2759	1864	2759	1127	273141	99	0	99	99	99	976.518	487.683	6.899	9.688	3.199	9.905	976.521	487.683	6.899	966	475	2	22	28	10
14	3670	1878	3670	1073	234880	64	0	64	64	64	687.638	492.142	7.794	9.601	2.265	9.643	687.638	492.142	7.794	675	481	2	26	24	13
15	4777	2646	4777	1772	300951	63	0	63	63	63	423.281	489.676	7.314	11.981	4.064	11.799	423.285	489.677	7.314	406	479	2	39	26	11
16	1564	1030	1564	607	6256	4	0	4	4	4	619.653	512.331	5.613	7.009	1.583	7.345	619.653	512.331	5.613	611	504	2	19	17	8
17	4149	1938	4149	1138	419049	101	0	101	101	101	474.863	519.640	8.223	9.766	1.843	10.329	474.860	519.639	8.223	464	508	2	23	24	13
18	967	780	967	473	4835	5	0	5	5	5	933.570	541.249	4.585	6.081	1.619	6.385	933.570	541.249	4.585	925	535	2	18	15	6
19	1842	1262	1842	758	11052	6	0	6	6	6	726.803	545.489	5.329	7.764	2.225	8.028	726.803	545.489	5.329	716	537	2	22	20	9
20	1410	1016	1410	602	14100	10	0	10	10	10	889.598	594.498	5.487	6.905	1.806	7.078	889.598	594.498	5.487	880	585	2	19	19	8
21	1328	944	1328	570	65072	49	0	49	49	49	707.553	596.849	6.242	6.987	2.066	6.764	707.548	596.850	6.242	698	591	2	22	13	9
22	2825	1724	2825	1025	231650	82	0	82	82	82	438.844	598.131	6.886	9.183	2.633	9.239	438.836	598.132	6.886	425	584	2	26	26	10
23	1961	1272	1961	819	215710	110	0	110	110	110	642.071	599.735	7.802	7.855	2.023	8.228	642.077	599.735	7.802	632	590	2	20	18	11
24	1430	1084	1430	676	15730	11	0	11	11	11	640.708	614.289	5.868	7.309	2.217	7.242	640.708	614.289	5.868	632	607	2	21	18	10
25	2397	1468	2397	887	122247	51	0	51	51	51	709.179	615.360	6.295	8.338	2.259	8.817	709.184	615.360	6.295	698	605	2	22	22	9
26	1310	1106	1310	651	116590	89	0	89	89	89	1005.209	393.438	7.504	7.373	2.617	7.386	1005.206	393.438	7.504	996	380	3	17	27	9
27	320	368	320	193	320	1	0	1	1	1	880.925	408.506	5.006	4.179	1.237	4.085	880.925	408.506	5.006	877	403	3	10	12	6
28	2352	1460	2352	893	35280	15	0	15	15	15	744.572	437.931	6.548	8.345	2.312	8.840	744.583	437.931	6.548	734	428	3	23	22	8
29	2012	1256	2012	774	116696	58	0	58	58	58	686.738	443.085	6.981	7.791	1.975	8.342	686.729	443.086	6.981	677	433	3	21	21	8
30	1879	1280	1879	754	107103	57	0	57	57	57	664.790	444.612	6.986	7.677	2.110	8.193	664.785	444.612	6.986	655	435	3	21	21	8
31	577	556	577	306	9809	17	0	17	17	17	979.860	455.272	6.161	5.160	1.559	5.057	979.860	455.272	6.161	976	446	3	10	18	7
32	742	652	742	367	11872	16	0	16	16	16	970.473	454.160	6.222	5.691	1.732	5.599	970.473	454.160	6.222	965	446	3	11	18	7
33	855	670	855	432	15390	18	0	18	18	18	454.963	459.715	6.109	5.884	1.597	5.993	454.963	459.715	6.109	449	454	3	17	12	7
34	1182	900	1182	553	26004	22	0	22	22	22	563.365	468.240	5.805	6.472	1.713	6.831	563.365	468.240	5.805	554	462	3	18	16	7
35	696	740	696	407	2088	3	0	3	3	3	978.056	469.899	5.721	6.585	2.768	6.176	978.056	469.899	5.721	967	461	3	23	14	6
36	1293	996	1293	574	32325	25	0	25	25	25	577.369	478.818	6.309	6.729	1.824	7.037	577.368	478.818	6.309	566	471	3	22	17	8
37	1917	1530	1917	893	51759	27	0	27	27	27	835.341	482.409	6.612	8.752	3.115	8.548	835.350	482.409	6.612	826	471	3	26	22	9
38	720	726	720	382	67680	94	0	94	94	94	820.247	470.074	7.614	5.674	1.823	5.794	820.251	470.074	7.614	814	462	3	15	17	9
39	727	746	727	407	18902	26	0	26	26	26	994.208	482.058	5.598	5.728	1.797	5.934	994.208	482.058	5.598	987	474	3	15	17	6
40	2667	1568	2667	959	82677	31	0	31	31	31	542.016	487.207	6.450	8.664	2.381	9.180	542.024	487.208	6.450	531	476	3	23	24	8
41	1778	1276	1778	740	174244	98	0	98	98	98	816.552	488.297	7.576	7.689	2.277	8.114	816.546	488.297	7.576	807	479	3	19	20	9
42	1535	1146	1535	630	148895	97	0	97	97	97	399.644	485.748	8.182	7.604	2.543	7.119	399.642	485.747	8.182	391	476	3	19	28	11
43	1592	1060	1592	631	50944	32	0	32	32	32	600.903	486.104	6.526	7.109	1.748	7.421	600.903	486.104	6.526	592	476	3	17	21	8
44	1420	972	1420	593	46860	33	0	33	33	33	616.511	488.121	5.939	6.830	1.772	7.106	616.506	488.121	5.939	610	479	3	15	19	7
45	1933	1318	1933	766	119846	62	0	62	62	62	518.157	487.676	7.190	7.790	2.109	8.201	518.164	487.676	7.190	508	478	3	22	21	9
46	867	860	867	475	26010	30	0	30	30	30	473.112	490.275	6.101	6.711	2.499	6.676	473.112	490.275	6.101	461	479	3	20	21	7
47	703	608	703	394	19684	28	0	28	28	28	467.111	481.781	6.587	5.702	1.827	5.356	467.111	481.781	6.587	463	474	3	10	17	8
48	2272	1420	2272	882	147680	65	0	65	65	65	390.997	500.088	7.037	8.325	2.233	8.553	390.992	500.087	7.037	381	488	3	22	23	10
49	1738	1140	1738	724	173800	100	0	100	100	100	439.483	501.246	7.822	7.691	2.245	7.547	439.480	501.246	7.822	428	495	3	25	15	9
50	906	788	906	416	59796	66	0	66	66	66	563.610	501.446	6.329	6.081	1.747	5.894	563.610	501.446	6.329	558	494	3	13	20	8
51	695	662	695	334	23630	34	0	34	34	34	553.626	504.298	6.355	5.675	1.783	5.234	553.626	504.298	6.355	549	494	3	11	20	8
52	1757	1174	1757	670	119476	68	0	68	68	68	755.063	510.930	7.150	7.381	1.789	7.748	755.057	510.930	7.150	746	503	3	20	19	10
53	1991	1398	1991	836	137379	69	0	69	69	69	455.005	515.209	7.406	8.246	2.695	8.160	455.001	515.209	7.406	445	500	3	19	27	9
54	1404	962	1404	605	49140	35	0	35	35	35	636.605	521.810	6.620	6.868	1.815	7.322	636.611	521.810	6.620	628	513	3	18	19	8
55	2551	1618	2551	987	186223	73	0	73	73	73	385.832	531.141	7.149	8.750	2.534	9.192	385.828	531.142	7.149	375	520	3	25	23	9
56	1921	1336	1921	809	71077	37	0	37	37	37	438.958	530.140	6.390	7.887	2.280	8.415	438.952	530.140	6.390	428	520	3	22	22	8
57	1612	1064	1612	661	119288	74	0	74	74	74	619.514	529.391	6.785	7.168	1.808	7.624	619.509	529.391	6.785	610	522	3	19	17	8
58	1495	1090	1495	657	107640	72	0	72	72	72	742.883	528.649	6.546	7.143	2.032	7.545	742.883	528.649	6.546	733	521	3	20	18	8
59	928	788	928	454	36192	39	0	39	39	39	750.615	543.478	5.914	6.266	1.893	6.117	750.619	543.478	5.914	741	538	3	18	16	7
60	1352	958	1352	548	54080	40	0	40	40	40	455.305	544.864	6.454	6.700	1.575	6.979	455.305	544.864	6.454	447	537	3	18	16	8
61	541	520	541	297	20558	38	0	38	38	38	832.455	541.523	6.386	5.217	1.793	4.875	832.455	541.523	6.386	823	538	3	20	7	7
62	1507	1000	1507	593	113025	75	0	75	75	75	635.857	542.235	7.129	6.937	1.686	7.327	635.860	542.235	7.129	627	534	3	19	18	8
63	203	308	203	143	1421	7	0	7	7	7	381.808	551.507	5.448	4.210	1.748	4.330	381.808	551.507	5.448	379	545	3	7	14	6
64	929	742	929	449	38089	41	0	41	41	41	833.125	550.291	6.198	6.123	1.836	6.063	833.120	550.290	6.198	823	546	3	20	11	8
65	1149	846	1149	516	49407	43	0	43	43	43	1010.135	557.768	6.207	6.561	1.890	6.462	1010.141	557.768	6.207	1004	548	3	12	21	8
66	1414	964	1414	541	63630	45	0	45	45	45	445.461	559.652	6.402	6.719	1.469	7.024	445.457	559.652	6.402	437	551	3	18	18	8
67	2892	2040	2892	1241	127248	44	0	44	44	44	917.494	566.026	6.884	10.560	3.992	10.385	917.510	566.026	6.884	906	547	3	22	39	9
68	1027	798	1027	470	47242	46	0	46	46	46	710.307	587.594	6.356	6.493	2.011	6.190	710.307	587.594	6.356	699	582	3	22	12	8
69	2169	1348	2169	852	104112	48	0	48	48	48	660.110	596.045	6.400	8.079	2.184	8.496	660.110	596.045	6.400	652	585	3	19	23	8
70	1653	1096	1653	669	82650	50	0	50	50	50	657.138	619.524	5.967	7.265	1.953	7.513	657.131	619.524	5.967	648	610	3	19	20	7
71	1490	1110	1490	697	17880	12	0	12	12	12	474.945	632.166	5.739	7.259	2.174	7.604	474.945	632.166	5.739	466	622	3	17	21	8
72	2341	1432	2341	891	121732	52	0	52	52	52	494.011	633.620	6.634	8.316	2.166	8.726	494.011	633.619	6.634	484	623	3	21	21	10
73	895	836	895	475	11635	13	0	13	13	13	591.735	637.140	5.472	6.072	1.906	6.309	591.735	637.140	5.472	583	630	3	18	16	6
74	2185	1544	2185	900	115805	53	0	53	53	53	697.812	653.307	6.427	8.629	2.912	8.710	697.808	653.308	6.427	683	644	3	28	21	9
75	737	708	737	401	40535	55	0	55	55	55	591.087	653.388	6.073	5.641	1.610	5.843	591.089	653.388	6.073	584	647	3	16	13	7
76	2133	1468	2133	900	183438	86	0	86	86	86	541.857	659.927	7.743	8.358	2.426	8.742	541.862	659.928	7.743	530	649	3	21	22	11
77	1677	1158	1677	712	145899	87	0	87	87	87	501.171	674.019	6.827	7.395	2.001	7.902	501.175	674.020	6.827	492	665	3	19	20	9
78	2023	1302	2023	812	178024	88	0	88	88	88	517.550	683.302	7.561	7.907	2.062	8.407	517.550	683.302	7.561	508	675	3	20	19	10
79	530	558	530	305	29680	56	0	56	56	56	887.036	423.770	7.334	5.239	1.841	5.053	887.036	423.770	7.334	883	414	4	10	20	7
80	1207	890	1207	528	111044	92	0	92	92	92	581.720	448.480	7.539	6.505	1.606	6.590	581.720	448.480	7.539	572	442	4	20	13	8
81	1491	1164	1491	662	87969	59	0	59	59	59	704.034	450.586	7.553	7.294	2.074	7.552	704.039	450.585	7.553	695	442	4	20	20	8
82	1207	866	1207	527	72420	60	0	60	60	60	562.845	453.795	7.163	6.440	1.535	6.715	562.845	453.795	7.163	554	446	4	18	15	8
83	1455	1002	1455	593	88755	61	0	61	61	61	626.659	456.511	7.184	6.949	1.755	7.256	626.655	456.511	7.184	618	448	4	18	18	8
84	516	504	516	264	34572	67	0	67	67	67	374.655	503.426	6.893	4.956	1.337	4.696	374.655	503.427	6.893	368	496	4	12	13	7
85	1798	1174	1798	725	125860	70	0	70	70	70	404.608	522.467	7.022	7.538	2.022	7.986	404.613	522.467	7.022	396	512	4	19	21	7
86	1625	1162	1625	704	115375	71	0	71	71	71	833.321	526.369	6.805	7.376	2.094	7.808	833.326	526.369	6.805	824	517	4	20	20	7
87	763	634	763	393	27468	36	0	36	36	36	931.485	527.727	6.075	5.564	1.538	5.822	931.485	527.727	6.075	924	521	4	16	13	6
88	955	870	955	468	97410	102	0	102	102	102	766.974	527.252	7.404	6.097	1.741	6.381	766.978	527.253	7.404	759	519	4	17	17	8
89	674	572	674	339	51898	77	0	77	77	77	744.528	550.875	7.319	5.213	1.069	5.210	744.527	550.876	7.319	739	544	4	12	13	8
90	471	442	471	257	35796	76	0	76	76	76	1000.573	544.096	7.482	4.544	0.954	4.643	1000.573	544.096	7.482	996	539	4	11	10	8
91	711	690	711	367	55458	78	0	78	78	78	785.685	565.826	6.550	5.527	1.567	5.658	785.687	565.826	6.550	778	559	4	16	15	7
92	1078	814	1078	469	85162	79	0	79	79	79	883.289	565.376	7.515	6.179	1.539	6.429	883.291	565.376	7.515	876	557	4	16	17	8
93	2455	1464	2455	894	196400	80	0	80	80	80	673.214	576.854	7.488	8.397	2.264	8.845	673.214	576.854	7.488	663	566	4	22	23	8
94	2719	1854	2719	1113	290933	107	0	107	107	107	586.031	580.504	7.498	10.000	3.688	10.094	586.032	580.505	7.498	574	566	4	25	32	8
95	1527	1062	1527	650	123687	81	0	81	81	81	896.855	579.631	6.811	7.090	1.902	7.530	896.852	579.630	6.811	888	571	4	19	19	7
96	3736	2248	3736	1277	407224	109	0	109	109	109	758.638	590.180	8.572	11.041	4.183	10.388	758.638	590.179	8.572	746	577	4	38	26	10
97	1280	918	1280	552	107520	84	0	84	84	84	444.288	623.066	7.091	6.630	1.671	6.838	444.288	623.066	7.091	438	614	4	15	19	7
98	1126	884	1126	515	95710	85	0	85	85	85	751.198	632.467	7.150	6.383	1.687	6.598	751.195	632.467	7.150	744	624	4	16	18	8
99	2447	1560	2447	985	281405	115	0	115	115	115	521.087	665.327	8.030	8.613	2.426	8.855	521.089	665.326	8.030	508	655	4	26	20	9
100	1609	1188	1609	702	144810	90	0	90	90	90	864.072	436.132	7.896	7.455	2.260	7.719	864.066	436.133	7.896	853	425	5	23	21	7
101	1467	1014	1467	627	136431	93	0	93	93	93	681.369	462.046	8.426	7.033	1.875	7.428	681.366	462.046	8.426	672	454	5	19	18	7
102	947	912	947	508	89965	95	0	95	95	95	802.940	473.146	7.684	6.370	1.927	6.600	802.942	473.146	7.684	795	464	5	18	19	6
103	893	956	893	477	85728	96	0	96	96	96	698.347	476.114	8.358	6.807	2.204	7.049	698.347	476.114	8.358	688	466	5	19	19	7
104	1081	878	1081	515	111343	103	0	103	103	103	994.537	551.498	7.787	6.702	2.125	6.728	994.538	551.498	7.787	987	540	5	17	20	7
105	998	758	998	468	104790	105	0	105	105	105	931.874	566.821	7.650	6.114	1.632	6.277	931.872	566.820	7.650	925	559	5	15	17	7
106	1055	780	1055	446	109720	104	0	104	104	104	412.936	566.684	8.125	6.114	1.464	6.210	412.936	566.684	8.125	406	559	5	15	17	7
107	724	710	724	372	76744	106	0	106	106	106	774.894	573.775	7.669	5.647	1.805	5.712	774.890	573.775	7.669	768	566	5	16	17	6
108	1098	814	1098	475	129564	118	0	118	118	118	403.403	575.906	8.742	6.222	1.577	6.369	403.406	575.906	8.742	396	567	5	16	18	8
109	1364	1020	1364	586	151404	111	0	111	111	111	537.240	602.000	8.188	6.840	1.880	7.171	537.243	602.000	8.188	528	594	5	19	19	8
110	408	492	408	241	33864	83	0	83	83	83	778.493	603.223	7.627	4.714	1.641	4.539	778.494	603.224	7.627	770	598	5	17	11	6
111	1699	1120	1699	674	191987	113	0	113	113	113	527.554	616.724	8.115	7.301	1.914	7.794	527.552	616.723	8.115	518	608	5	20	19	8
112	998	826	998	499	111776	112	0	112	112	112	626.245	616.054	8.517	6.461	2.113	6.536	626.245	616.054	8.517	620	606	5	13	21	8
113	1338	938	1338	590	159222	119	0	119	119	119	428.963	624.706	8.617	6.773	1.788	7.169	428.965	624.705	8.617	421	616	5	16	19	8
114	1543	1118	1543	659	175902	114	0	114	114	114	676.126	636.563	8.313	7.193	1.981	7.627	676.121	636.563	8.313	667	627	5	19	20	7
115	1234	910	1234	545	151782	123	0	123	123	123	489.508	650.258	9.368	6.578	1.575	6.746	489.510	650.257	9.368	481	644	5	18	15	9
116	1690	1234	1690	741	196040	116	0	116	116	116	452.695	674.785	8.429	7.551	2.223	8.028	452.692	674.785	8.429	443	665	5	21	21	7
117	721	666	721	386	65611	91	0	91	91	91	623.413	441.832	8.595	5.533	1.646	5.660	623.416	441.832	8.595	615	435	6	18	13	6
118	410	498	410	254	44280	108	0	108	108	108	422.449	589.724	8.349	5.191	2.017	4.856	422.449	589.724	8.349	418	582	6	12	18	6
119	972	874	972	500	117612	121	0	121	121	121	638.037	640.644	8.858	6.182	1.848	6.547	638.034	640.645	8.858	630	632	6	17	18	6
120	1161	864	1161	500	141642	122	0	122	122	122	654.401	644.793	8.838	6.355	1.610	6.615	654.396	644.793	8.838	647	636	6	16	18	7
121	1550	1062	1550	613	193750	125	0	125	125	125	418.149	660.644	9.416	7.024	1.810	7.387	418.147	660.644	9.416	410	651	6	18	20	8
122	1154	916	1154	540	143096	124	0	124	124	124	473.516	656.503	9.386	6.503	1.826	6.863	473.517	656.504	9.386	465	648	6	18	18	7
123	199	250	199	116	23283	117	0	117	117	117	570.568	570.382	8.945	3.235	0.513	3.329	570.568	570.382	8.945	567	567	7	8	8	5
124	1018	770	1018	474	122160	120	0	120	120	120	737.194	629.588	9.401	6.153	1.655	6.367	737.194	629.588	9.401	730	621	7	14	18	6
125	158	268	158	122	19908	126	0	126	126	126	460.386	641.095	9.829	3.805	1.535	3.990	460.386	641.095	9.829	457	634	8	9	13	4
