 	Volume (micron^3)	Surface (micron^2)	Nb of obj. voxels	Nb of surf. voxels	IntDen	Mean	StdDev	Median	Min	Max	X	Y	Z	Mean dist. to surf. (micron)	SD dist. to surf. (micron)	Median dist. to surf. (micron)	XM	YM	ZM	BX	BY	BZ	B-width	B-height	B-depth
1	50.207	109.982	305	189	8556206	28053.135	15924.202	23789.000	9214	65535	802.675	166.370	4.397	2.090	0.412	2.017	802.525	166.201	4.418	797	162	2	12	11	6
2	52.512	110.397	319	178	9342975	29288.322	17510.609	24219.000	9274	65535	917.113	107.752	5.818	2.144	0.317	2.120	917.048	107.808	5.726	912	103	3	10	11	6
3	53.170	111.120	323	196	8881588	27497.176	16093.283	21573.000	9287	65535	853.768	139.774	4.765	2.143	0.465	2.147	854.050	139.957	4.753	848	134	3	12	12	5
4	20.577	58.751	125	87	2873681	22989.447	11448.972	21156.000	9301	52802	1013.176	142.296	5.064	1.577	0.359	1.533	1013.254	142.324	5.065	1010	138	3	6	9	5
5	47.080	101.362	286	179	6644461	23232.381	11012.850	20356.500	9202	54571	833.580	148.164	5.007	1.975	0.374	2.027	833.403	148.199	4.981	828	144	3	13	9	5
6	13.334	40.028	81	65	1567053	19346.334	7682.213	18027.000	9209	41849	708.938	162.123	4.914	1.234	0.188	1.241	708.875	162.081	4.884	706	160	3	7	6	4
7	26.174	65.059	159	105	3725165	23428.711	12150.342	19285.000	9317	51876	818.245	191.314	4.547	1.646	0.224	1.653	818.187	191.359	4.564	814	188	3	9	8	4
8	21.564	59.336	131	88	3323350	25369.084	15363.298	20987.000	9201	65535	849.824	204.802	5.084	1.589	0.315	1.518	849.692	204.795	5.110	847	202	3	8	7	5
9	32.594	87.850	198	134	5143877	25979.178	14533.729	21453.500	9208	65535	966.495	234.222	5.369	1.942	0.498	1.964	966.593	234.101	5.388	961	231	3	13	8	6
10	37.861	89.644	230	134	6861342	29831.922	18106.119	23136.500	9278	65535	911.783	290.304	5.717	2.064	0.492	2.030	911.762	290.340	5.730	908	287	3	9	8	7
11	10.371	46.510	63	59	793522	12595.587	3035.257	11890.000	9298	24395	1012.413	310.730	4.238	1.207	0.400	1.215	1012.386	310.629	4.231	1009	308	3	8	7	3
12	41.812	98.742	254	174	6213253	24461.627	12646.311	21374.000	9196	65535	540.201	320.283	5.134	1.893	0.384	1.925	540.374	320.158	5.103	535	316	3	12	10	5
13	26.503	82.158	161	131	2257733	14023.187	4104.107	12753.000	9225	27861	790.441	325.739	3.851	1.605	0.507	1.574	790.448	325.762	3.860	784	321	3	12	11	3
14	22.717	63.024	138	104	2324909	16847.166	6404.110	15127.500	9201	31650	805.486	324.594	4.341	1.502	0.307	1.541	805.457	324.558	4.361	802	321	3	8	9	4
15	12.675	40.614	77	63	1041249	13522.714	3407.272	12411.000	9268	23942	749.000	119.078	5.078	1.201	0.191	1.211	748.964	119.081	5.106	746	116	4	7	7	3
16	46.257	98.916	281	162	8696557	30948.602	18494.477	25882.000	9217	65535	767.534	116.463	6.872	2.076	0.335	2.072	767.501	116.460	6.813	764	111	4	9	11	6
17	32.594	78.782	198	127	5733705	28958.105	16529.699	24406.000	9316	65535	341.374	141.121	6.490	1.778	0.267	1.757	341.380	141.128	6.465	338	137	4	8	10	6
18	29.137	73.541	177	113	5113360	28889.039	16729.768	24929.000	9372	65535	513.350	153.288	5.898	1.769	0.325	1.784	513.469	153.194	5.781	510	150	4	8	9	5
19	63.870	154.940	388	266	9340793	24074.209	14353.117	18823.000	9262	65535	543.634	166.242	5.930	2.587	1.081	2.288	543.904	167.015	5.663	539	151	4	11	24	6
20	23.211	60.541	141	108	2498315	17718.547	6297.227	16122.000	9195	37432	974.667	164.113	5.922	1.543	0.365	1.488	974.678	164.142	5.903	970	161	4	10	7	4
21	20.083	69.713	122	103	1944927	15942.024	5276.152	14554.500	9207	31848	744.656	176.131	5.295	1.674	0.612	1.669	744.739	176.152	5.325	739	172	4	12	9	4
22	6.420	25.375	39	39	518179	13286.641	2892.658	13161.000	9289	20354	900.667	210.744	4.513	0.871	0.214	0.885	900.622	210.686	4.497	898	209	4	6	5	2
23	30.947	74.713	188	121	4484150	23851.861	11767.597	20094.500	9260	50731	1001.447	211.314	5.601	1.757	0.276	1.747	1001.447	211.291	5.585	997	208	4	10	8	5
24	26.667	68.990	162	102	4302439	26558.266	15038.469	21408.000	9189	65535	738.377	214.420	6.179	1.722	0.349	1.724	738.402	214.439	6.145	734	212	4	10	6	6
25	20.741	59.266	126	98	2104097	16699.182	6086.029	15878.500	9232	32822	911.341	219.087	5.500	1.436	0.314	1.482	911.358	218.970	5.441	908	216	4	8	8	4
26	22.717	59.818	138	97	3130399	22684.051	11034.634	20246.000	9332	51949	792.428	256.891	5.275	1.566	0.276	1.580	792.465	256.954	5.223	789	253	4	8	9	4
27	15.638	48.063	95	69	2523943	26567.820	15317.840	22552.000	9245	65535	845.611	264.211	6.263	1.423	0.317	1.365	845.618	264.228	6.203	843	262	4	6	6	5
28	15.474	49.200	94	68	2072372	22046.510	12177.332	17605.000	9258	50789	849.223	271.160	5.606	1.440	0.302	1.506	849.221	271.181	5.621	846	268	4	7	7	4
29	30.454	72.919	185	125	4100577	22165.281	10752.576	19565.000	9250	53400	787.589	279.870	5.319	1.675	0.223	1.691	787.494	279.796	5.275	784	276	4	8	9	4
30	40.001	89.744	243	155	5736404	23606.602	11410.564	21369.000	9202	49480	324.909	286.506	5.872	1.870	0.344	1.884	324.916	286.496	5.856	320	283	4	11	8	5
31	26.338	69.921	160	110	4165369	26033.557	13576.081	22588.000	9384	61132	674.287	287.494	6.262	1.653	0.299	1.677	674.346	287.299	6.210	671	283	4	8	11	5
32	34.734	90.986	211	151	4659776	22084.246	10419.075	19054.000	9199	50764	320.664	299.654	5.678	1.967	0.612	1.879	320.709	299.539	5.648	314	296	4	14	10	4
33	10.206	33.787	62	55	914459	14749.339	3881.484	14967.500	9211	22788	859.839	320.339	4.677	1.081	0.219	1.099	859.918	320.343	4.623	857	318	4	6	6	3
34	21.894	65.333	133	116	2048403	15401.526	4603.751	14513.000	9300	26831	467.173	321.053	5.263	1.412	0.375	1.458	467.227	321.155	5.284	463	317	4	9	9	3
35	10.865	33.132	66	66	829371	12566.228	2039.807	12092.000	9201	19251	869.045	331.833	4.485	1.049	0.283	1.046	869.098	331.883	4.516	866	329	4	7	6	2
36	15.803	46.199	96	81	1389436	14473.292	4073.203	13387.000	9200	28011	744.562	331.802	4.958	1.314	0.250	1.267	744.509	331.796	4.963	741	328	4	7	8	3
37	5.103	28.755	31	30	385103	12422.678	2350.877	11889.000	9351	17807	763.194	345.968	4.871	1.006	0.396	0.998	763.198	346.003	4.843	760	345	4	8	3	3
38	34.734	78.400	211	144	4185941	19838.582	7818.391	17790.000	9258	41660	746.573	353.133	5.460	1.790	0.325	1.763	746.568	353.115	5.445	743	348	4	8	11	4
39	12.017	42.993	73	66	1086384	14881.973	4462.601	14105.000	9235	26372	533.712	364.123	5.493	1.177	0.340	1.147	533.710	364.136	5.482	530	362	4	9	6	4
40	37.861	96.952	230	163	3755265	16327.239	4619.874	15818.000	9221	31255	568.656	378.257	6.752	2.149	0.648	2.233	568.557	378.232	6.676	563	376	4	13	6	6
41	13.663	43.442	83	63	1518736	18298.023	7378.841	15531.000	9405	34191	554.530	379.855	5.855	1.272	0.227	1.278	554.562	379.879	5.801	551	377	4	8	6	4
42	39.507	93.053	240	171	5604432	23351.801	11094.944	20622.000	9332	57993	321.846	405.946	5.879	1.890	0.488	1.874	321.490	405.844	5.851	316	402	4	14	8	5
43	33.746	77.918	205	135	4860048	23707.551	10967.502	20940.000	9309	51130	130.678	441.420	5.639	1.747	0.234	1.746	130.663	441.303	5.678	127	437	4	9	10	4
44	28.643	71.162	174	121	4088820	23498.965	11995.271	20732.000	9190	54917	885.994	106.529	7.310	1.740	0.377	1.778	886.074	106.545	7.267	881	104	5	10	6	5
45	29.631	77.885	180	121	3630585	20169.916	9285.477	17004.000	9225	46863	997.889	108.444	7.017	1.800	0.421	1.933	997.613	108.386	7.027	993	105	5	11	8	5
46	2.469	15.239	15	15	163543	10902.866	1763.834	10175.000	9364	14775	765.800	129.600	5.200	0.664	0.229	0.696	765.850	129.542	5.176	764	128	5	4	5	2
47	31.277	86.538	190	143	3830077	20158.301	8614.051	18487.000	9217	44866	497.274	148.426	6.795	1.831	0.557	1.915	497.321	148.457	6.793	494	142	5	9	12	4
48	38.026	87.780	231	148	5846400	25309.092	13278.945	22957.000	9259	61600	457.212	155.589	6.645	1.895	0.333	1.895	457.249	155.556	6.628	453	152	5	10	9	5
49	13.005	44.890	79	61	1640138	20761.240	10737.367	18882.000	9209	62791	714.937	170.316	6.089	1.300	0.285	1.297	714.821	170.264	6.048	712	167	5	7	7	4
50	18.108	72.022	110	100	1501586	13650.782	3602.101	12862.000	9212	26483	575.800	175.618	6.036	1.710	0.612	1.678	576.116	175.449	6.070	568	172	5	14	10	3
51	16.297	50.475	99	77	1746977	17646.232	7539.373	15525.000	9235	35759	431.455	181.960	6.808	1.393	0.300	1.349	431.378	181.989	6.800	428	180	5	9	6	4
52	11.852	49.026	72	68	926201	12863.902	3091.449	12629.500	9194	24676	657.194	188.625	6.208	1.253	0.436	1.287	657.301	188.690	6.191	653	186	5	9	7	3
53	29.301	73.300	178	114	5577711	31335.455	17726.014	26201.000	9441	65535	548.882	189.978	6.882	1.824	0.409	1.903	548.972	189.989	6.857	544	188	5	11	6	5
54	4.609	30.237	28	28	353687	12631.679	2763.832	12034.000	9221	19100	628.679	192.607	5.286	1.036	0.283	1.053	628.674	192.484	5.274	627	190	5	6	7	2
55	49.055	135.013	298	224	5956547	19988.412	9704.986	16676.000	9218	53747	367.329	192.795	7.738	2.106	0.656	2.141	367.267	193.140	7.645	362	186	5	12	13	6
56	16.791	48.545	102	74	1830709	17948.127	7508.173	16086.500	9232	37719	374.363	205.265	6.431	1.401	0.246	1.419	374.393	205.152	6.423	371	203	5	7	6	4
57	25.515	65.403	155	112	3261913	21044.600	8817.902	20109.000	9291	45620	189.968	207.452	6.897	1.574	0.284	1.557	190.097	207.503	6.927	186	204	5	9	8	5
58	4.609	30.133	28	28	317053	11323.321	1437.694	11617.000	9198	13921	621.107	209.393	5.214	1.225	0.396	1.258	621.105	209.319	5.194	618	206	5	7	8	2
59	10.371	36.649	63	62	774774	12298.000	1917.141	12317.000	9203	17078	653.032	209.143	5.540	1.081	0.362	1.029	653.000	209.124	5.534	650	206	5	8	7	3
60	3.457	19.204	21	20	266193	12675.857	2553.970	12377.000	9313	19017	769.000	221.095	6.048	0.806	0.267	0.911	769.006	221.071	6.061	767	220	5	5	4	3
61	23.046	63.921	140	103	2558128	18272.344	7493.103	16052.500	9196	37270	292.750	227.343	6.729	1.556	0.301	1.571	292.746	227.367	6.718	289	224	5	9	8	4
62	5.432	27.513	33	32	391205	11854.697	2250.982	11597.000	9198	17826	437.576	235.970	6.273	0.934	0.279	0.933	437.585	235.937	6.242	435	233	5	6	6	3
63	24.528	75.884	149	122	2395350	16076.175	5550.143	14066.000	9437	33502	69.081	258.745	5.859	1.664	0.503	1.623	68.958	258.799	5.847	65	252	5	10	13	3
64	13.498	45.821	82	66	1274926	15547.878	4916.560	15036.000	9244	25804	534.890	267.817	6.720	1.260	0.282	1.263	534.940	267.833	6.708	532	265	5	7	7	4
65	24.692	66.404	150	101	3670365	24469.100	12904.859	20471.500	9192	56422	90.227	273.433	6.460	1.669	0.342	1.619	90.281	273.381	6.477	86	270	5	10	7	5
66	9.548	39.684	58	53	874042	15069.689	4474.392	14110.500	9806	29714	406.948	271.224	6.552	1.242	0.477	1.244	406.877	271.121	6.542	404	267	5	7	9	4
67	4.445	20.342	27	25	372777	13806.556	4149.137	12387.000	9193	24219	659.037	288.000	6.222	0.881	0.268	0.859	659.091	287.988	6.236	657	287	5	5	3	3
68	34.240	91.779	208	150	3937567	18930.611	7273.046	18835.500	9190	40326	599.375	300.462	6.808	1.853	0.510	1.844	599.445	300.300	6.814	595	295	5	10	12	5
69	28.972	74.231	176	112	4529918	25738.170	13980.322	22928.000	9202	60444	399.909	302.199	7.670	1.740	0.301	1.750	399.927	302.192	7.643	396	299	5	9	8	6
70	16.297	55.164	99	81	1360604	13743.475	3704.604	12738.000	9192	25705	469.687	310.152	6.061	1.330	0.364	1.378	469.792	310.193	6.061	466	306	5	9	9	3
71	36.709	78.122	223	169	3914688	17554.654	5804.041	16305.000	9277	37110	523.121	312.040	5.978	1.741	0.416	1.737	523.184	312.095	5.987	517	308	5	12	9	3
72	49.220	102.811	299	177	7995567	26741.027	14930.715	21670.000	9189	65535	387.284	318.552	7.211	2.058	0.279	2.058	387.419	318.702	7.212	381	314	5	12	10	5
73	47.573	105.468	289	157	9366041	32408.447	20295.236	26817.000	9228	65535	428.055	329.761	7.619	2.188	0.440	2.191	428.064	329.642	7.661	423	326	5	11	9	7
74	26.174	67.508	159	103	3622925	22785.691	10906.825	20895.000	9229	52248	481.270	351.616	6.969	1.692	0.313	1.650	481.300	351.648	6.972	478	348	5	8	8	5
75	10.535	41.785	64	64	760506	11882.906	1796.881	11580.500	9252	16303	785.719	360.062	5.375	1.193	0.462	1.127	785.820	360.096	5.365	780	357	5	10	8	2
76	17.449	50.027	106	75	1912092	18038.604	7380.694	16754.500	9195	35987	428.142	368.415	6.538	1.425	0.226	1.423	428.095	368.346	6.506	425	366	5	7	6	4
77	38.684	86.883	235	143	6068057	25821.520	14027.586	21545.000	9200	62627	439.481	369.817	7.243	1.905	0.295	1.885	439.418	369.718	7.244	436	365	5	8	11	5
78	22.717	57.024	138	105	2659579	19272.312	7207.658	18133.500	9737	40538	283.326	391.964	6.022	1.470	0.284	1.439	283.284	392.000	5.993	278	389	5	11	7	3
79	35.721	78.745	217	150	4627849	21326.492	9374.823	18703.000	9226	45208	142.571	395.424	6.318	1.772	0.304	1.752	142.577	395.339	6.307	139	391	5	9	10	4
80	33.087	77.195	201	130	5918974	29447.633	16678.498	24992.000	9218	65535	27.537	398.652	7.393	1.855	0.392	1.855	27.613	398.678	7.428	25	394	5	7	10	5
81	23.540	64.336	143	95	3506442	24520.574	14403.041	20268.000	9246	65147	242.315	408.846	6.783	1.652	0.377	1.710	242.339	408.873	6.805	238	406	5	10	6	5
82	12.017	44.235	73	64	1073702	14708.246	4187.221	13849.000	9255	27712	165.699	421.096	5.877	1.327	0.410	1.244	165.687	421.110	5.866	163	417	5	7	10	3
83	66.010	155.806	401	243	8014425	19986.098	9206.414	16895.000	9192	44352	959.601	107.479	10.571	2.801	1.068	2.839	959.538	107.525	10.680	955	102	6	13	12	10
84	35.227	85.160	214	138	5118430	23917.896	11713.303	20658.500	9290	56839	815.495	108.836	7.687	1.819	0.320	1.797	815.554	108.814	7.730	811	104	6	9	10	5
85	45.598	97.916	277	166	7048280	25445.055	13229.142	22956.000	9206	61103	660.643	119.123	8.625	2.029	0.342	1.966	660.515	119.179	8.604	656	114	6	10	11	6
86	21.564	60.300	131	98	2138352	16323.298	6339.082	14159.000	9201	39623	717.901	129.298	7.725	1.456	0.308	1.473	717.693	129.144	7.710	714	126	6	9	8	4
87	29.960	74.023	182	121	4933458	27106.912	14966.791	22589.500	9294	65535	121.978	150.879	7.720	1.737	0.306	1.753	122.008	150.898	7.751	117	148	6	11	7	5
88	17.943	50.854	109	86	1762295	16167.844	5165.119	14952.000	9249	31040	191.734	166.798	7.009	1.388	0.301	1.359	191.788	166.785	6.993	187	164	6	10	7	3
89	13.498	47.303	82	67	1345863	16412.963	5989.592	14969.500	9192	31573	560.878	200.488	7.902	1.267	0.260	1.275	560.761	200.561	7.878	558	196	6	7	9	4
90	15.145	45.613	92	74	1370489	14896.619	4122.299	14808.000	9245	23753	57.870	210.043	6.924	1.290	0.215	1.288	57.896	210.056	6.865	55	206	6	7	8	3
91	33.252	77.470	202	130	4314948	21361.129	9945.701	17790.500	9214	50424	362.406	212.911	7.485	1.743	0.216	1.751	362.396	213.002	7.456	358	208	6	9	10	4
92	3.951	19.101	24	24	282031	11751.292	1712.871	11384.500	9751	16006	571.917	240.042	6.583	0.764	0.181	0.730	571.898	240.070	6.601	570	239	6	5	4	2
93	29.301	69.161	178	120	3968834	22296.820	9903.401	20011.500	9191	46760	33.483	253.635	7.713	1.663	0.226	1.663	33.606	253.607	7.724	29	250	6	10	8	4
94	19.589	53.681	119	87	2245699	18871.420	7581.951	16572.000	9380	38519	390.597	258.950	7.773	1.424	0.212	1.430	390.614	258.884	7.735	387	256	6	8	7	4
95	23.046	62.438	140	103	2740074	19571.957	8480.117	16795.000	9207	39634	313.679	263.114	7.557	1.581	0.348	1.586	313.703	263.193	7.508	311	258	6	6	11	4
96	17.943	49.234	109	74	2288082	20991.578	9658.152	18688.000	9240	48339	399.954	263.303	7.468	1.458	0.196	1.471	399.955	263.251	7.424	397	261	6	7	6	4
97	13.169	37.994	80	65	1217407	15217.588	3883.361	14605.000	9507	25558	457.625	304.375	7.025	1.235	0.185	1.195	457.580	304.376	7.014	455	302	6	6	6	3
98	4.445	25.479	27	26	317932	11775.259	2398.073	11494.000	9266	20160	354.963	320.556	7.148	0.889	0.349	0.868	355.104	320.623	7.129	352	318	6	7	5	3
99	7.901	31.064	48	43	630695	13139.479	3169.688	12407.500	9380	21714	178.708	338.083	7.208	1.021	0.215	1.037	178.661	338.097	7.159	176	336	6	6	6	3
100	14.651	45.372	89	71	1523032	17112.719	5539.054	16121.000	9391	29847	399.022	350.730	7.798	1.304	0.250	1.278	399.022	350.748	7.781	396	348	6	8	6	4
101	36.051	90.708	219	160	3853701	17596.809	6455.018	16918.000	9196	35843	224.813	370.995	7.416	1.741	0.354	1.779	224.909	370.925	7.421	220	366	6	10	11	4
102	34.569	85.434	210	148	4354534	20735.877	8054.157	20175.000	9299	43709	52.962	377.119	8.119	1.745	0.345	1.778	53.037	377.090	8.105	49	372	6	10	10	5
103	1.646	14.205	10	10	100462	10046.200	704.788	9917.000	9243	11544	208.100	386.100	6.200	0.615	0.211	0.620	208.114	386.126	6.186	207	385	6	4	3	2
104	22.388	63.543	136	93	3115927	22911.229	11752.967	18848.000	9217	57510	110.051	392.875	7.956	1.562	0.285	1.529	110.134	393.001	8.002	107	389	6	7	8	5
105	7.901	30.823	48	46	761434	15863.208	4525.768	14806.000	9407	25368	64.250	403.771	7.479	1.018	0.318	1.008	64.397	403.795	7.453	61	402	6	7	5	4
106	13.663	42.096	83	68	1147813	13829.072	3488.361	13074.000	9191	22159	50.627	219.277	7.892	1.261	0.265	1.245	50.659	219.283	7.862	47	217	7	8	6	3
107	26.338	82.469	160	137	2604089	16275.557	5150.504	15480.000	9245	34462	475.737	258.331	8.131	1.856	0.576	1.891	475.780	258.341	8.131	471	253	7	11	12	4
108	20.083	61.612	122	87	2541915	20835.369	10039.787	17114.000	9228	46244	189.811	313.082	8.557	1.560	0.365	1.627	189.808	313.162	8.555	187	309	7	7	10	4
109	8.231	41.959	50	49	601334	12026.680	2295.081	11343.000	9270	18411	700.180	318.180	7.820	1.285	0.506	1.231	700.192	318.209	7.822	697	314	7	8	9	3
110	5.268	29.789	32	32	362090	11315.312	1584.994	10821.500	9462	15314	130.938	328.344	7.688	0.985	0.360	1.023	130.954	328.373	7.710	128	326	7	7	6	2
111	12.675	40.373	77	63	1337658	17372.182	5871.569	16283.000	9258	34570	407.766	353.000	8.870	1.204	0.194	1.217	407.655	352.947	8.845	405	351	7	7	6	4
112	24.857	69.128	151	106	2873642	19030.742	7521.432	17424.000	9347	36330	797.954	365.464	9.781	1.658	0.454	1.609	797.902	365.530	9.777	795	361	7	7	10	6
113	28.807	84.229	175	120	3605272	20601.555	9930.079	18438.000	9244	47458	410.394	400.331	8.863	1.889	0.532	1.913	410.574	400.166	8.821	405	396	7	12	10	5
114	19.424	60.508	118	102	1754008	14864.475	4658.133	13777.000	9187	32760	509.339	404.814	8.229	1.435	0.417	1.467	509.414	404.837	8.231	504	402	7	10	7	4
115	21.071	58.818	128	101	2147293	16775.727	6061.703	15072.000	9234	38823	86.406	430.258	7.945	1.546	0.423	1.478	86.612	430.360	7.915	81	427	7	11	7	3
116	14.980	56.198	91	81	1209338	13289.429	3123.487	12775.000	9324	22191	5.615	438.440	7.857	1.333	0.408	1.302	5.515	438.455	7.869	1	436	7	11	7	3
117	13.663	45.717	83	66	1297831	15636.519	5574.244	14099.000	9220	30684	275.699	266.687	9.145	1.270	0.260	1.255	275.676	266.681	9.145	272	264	8	8	6	4
118	4.938	22.065	30	30	326808	10893.600	1525.172	10479.000	9220	14807	22.667	279.233	8.500	0.822	0.218	0.797	22.651	279.245	8.513	20	277	8	6	5	2
119	30.124	80.057	183	127	3563496	19472.656	7850.623	18725.000	9219	38575	868.536	354.896	9.940	1.746	0.371	1.784	868.555	354.922	9.940	863	352	8	12	7	5
120	13.992	55.957	85	75	1148962	13517.200	3536.733	12611.000	9227	24510	358.576	376.047	9.118	1.543	0.629	1.429	358.588	376.105	9.109	353	373	8	13	8	3
121	30.454	76.643	185	127	4372706	23636.248	11417.854	20533.000	9210	54257	307.324	446.454	10.200	1.844	0.501	1.844	307.292	446.491	10.206	302	444	8	12	6	5
122	22.388	61.371	136	89	3200423	23532.521	12357.362	20041.000	9198	56334	227.640	460.603	10.022	1.611	0.341	1.535	227.597	460.572	10.028	224	458	8	8	6	5
123	7.572	27.650	46	46	617119	13415.631	2510.461	13487.500	9482	18944	26.239	461.761	8.543	0.937	0.255	0.929	26.202	461.775	8.575	23	460	8	7	5	2
124	28.478	72.645	173	112	4071817	23536.514	10376.178	22116.000	9226	51235	719.549	108.763	11.301	1.705	0.279	1.667	719.502	108.690	11.284	716	105	9	9	8	6
125	15.309	45.372	93	75	1736813	18675.408	5873.052	18111.000	9428	33914	699.957	379.935	10.903	1.330	0.285	1.291	699.885	379.996	10.897	696	378	9	9	5	4
126	39.343	99.605	239	161	4694643	19642.857	8441.620	17349.000	9374	42568	784.180	104.619	11.665	1.916	0.495	1.931	784.196	104.588	11.672	778	100	10	13	10	5
127	42.635	102.848	259	154	5265409	20329.764	9974.013	17765.000	9274	51471	919.375	106.259	12.595	2.098	0.457	2.129	919.494	106.038	12.597	914	102	10	12	10	6
128	22.881	70.473	139	101	2549531	18341.949	7330.431	16571.000	9283	40049	527.971	118.871	12.216	1.695	0.485	1.732	528.003	118.868	12.190	523	117	10	12	5	5
129	3.292	24.893	20	20	203068	10153.400	829.291	9914.000	9189	11784	534.400	223.250	10.250	1.136	0.528	1.137	534.420	223.311	10.248	532	219	10	6	9	2
130	28.643	73.575	174	113	3524555	20256.062	8010.398	18221.500	9208	39051	78.121	476.431	11.908	1.750	0.399	1.789	78.252	476.419	11.919	73	474	10	11	6	5
131	13.992	52.888	85	72	1086137	12778.082	2844.761	12415.000	9205	19282	650.412	109.494	12.329	1.402	0.486	1.393	650.384	109.480	12.325	646	107	11	11	6	4
132	5.103	21.928	31	29	404903	13061.387	2849.032	12605.000	9304	21196	796.677	109.935	12.194	0.914	0.252	0.907	796.668	109.934	12.188	795	109	11	5	3	3
133	16.626	59.474	101	83	1365581	13520.604	3324.108	12824.000	9246	22287	948.307	229.267	12.455	1.541	0.574	1.524	948.322	229.058	12.412	946	225	11	6	13	4
134	12.346	42.856	75	57	1067886	14238.480	3784.607	12780.000	9349	22575	996.600	127.907	13.493	1.259	0.299	1.236	996.599	127.949	13.476	993	125	12	8	6	4
135	11.852	39.925	72	65	976471	13562.098	2955.777	13296.500	9387	19899	139.097	142.153	13.583	1.126	0.322	1.118	139.037	142.186	13.569	137	139	12	6	7	4
136	16.626	66.300	101	88	1237936	12256.792	3000.761	11190.000	9207	21500	776.010	165.951	13.228	1.440	0.383	1.487	775.940	165.700	13.207	772	161	12	9	10	3
137	25.515	71.785	155	96	3264292	21059.949	9579.872	19001.000	9209	44978	730.252	177.284	14.219	1.850	0.508	1.810	730.273	177.362	14.103	727	174	12	8	7	6
138	12.181	41.614	74	57	1146607	15494.689	5211.769	14092.000	9214	26477	726.135	195.054	13.446	1.242	0.242	1.267	726.170	195.012	13.437	723	193	12	7	6	4
139	12.840	48.648	78	63	1105487	14172.910	3904.158	13302.000	9291	25060	484.385	204.859	13.372	1.306	0.368	1.339	484.405	204.971	13.355	482	200	12	6	9	4
140	11.029	38.546	67	55	953564	14232.299	3862.373	13803.000	9201	26919	759.746	245.881	12.896	1.188	0.232	1.179	759.656	245.855	12.932	757	244	12	8	5	3
141	11.194	39.891	68	52	1032879	15189.397	4897.197	14022.000	9483	27080	884.897	253.897	13.353	1.287	0.304	1.329	884.905	253.843	13.314	882	251	12	6	6	4
142	2.798	16.825	17	16	187139	11008.177	1050.505	11161.000	9525	12799	917.353	322.588	12.941	0.736	0.290	0.692	917.365	322.612	12.939	916	321	12	4	4	3
143	11.358	39.684	69	58	975348	14135.479	3022.800	14189.000	9484	22171	722.609	370.884	13.565	1.145	0.264	1.161	722.636	370.841	13.530	720	368	12	6	7	4
144	20.412	55.475	124	84	2340218	18872.727	6857.059	17208.000	9409	36381	445.500	419.597	13.613	1.541	0.268	1.575	445.447	419.626	13.559	442	417	12	8	6	5
145	19.095	56.509	116	85	1833098	15802.569	5233.956	14698.000	9200	30234	554.509	220.681	15.345	1.513	0.348	1.528	554.479	220.625	15.292	551	217	13	8	8	5
146	27.326	72.748	166	109	3625212	21838.627	9980.687	21268.500	9259	48779	191.783	227.367	14.916	1.750	0.399	1.838	191.921	227.369	14.906	187	224	13	11	7	5
147	7.737	42.960	47	45	520640	11077.447	1467.894	11030.000	9260	16261	969.170	258.426	14.383	1.301	0.549	1.264	969.261	258.467	14.382	964	256	13	11	6	4
148	21.400	57.991	130	89	2029750	15613.462	4673.369	15421.000	9215	27455	466.769	261.392	15.262	1.518	0.222	1.519	466.773	261.427	15.235	463	258	13	8	7	5
149	10.041	35.477	61	49	885512	14516.590	3607.123	14000.000	9340	24092	751.377	274.148	14.869	1.160	0.222	1.142	751.424	274.159	14.865	748	272	13	7	5	4
150	21.235	63.094	129	102	2222969	17232.318	5614.911	16819.000	9195	34010	221.527	296.504	15.008	1.580	0.447	1.545	221.444	296.452	14.966	217	294	13	11	6	5
151	13.663	46.718	83	69	1130176	13616.578	3212.522	12980.000	9216	21412	1012.843	319.976	14.229	1.301	0.314	1.290	1012.847	319.988	14.203	1009	317	13	8	6	4
152	10.206	37.512	62	51	928278	14972.226	4281.077	13819.500	9255	24854	308.274	351.306	14.710	1.176	0.283	1.172	308.191	351.290	14.691	305	349	13	8	5	4
153	17.120	51.613	104	80	1569752	15093.770	4109.326	15164.000	9302	27014	518.231	132.298	15.240	1.384	0.251	1.373	518.292	132.212	15.200	515	129	14	7	7	4
154	14.321	42.270	87	65	1342862	15435.195	4526.063	14241.000	9221	29263	496.793	176.069	15.540	1.389	0.280	1.466	496.783	176.031	15.536	494	174	14	6	5	4
155	4.774	20.101	29	27	336939	11618.586	2340.728	10815.000	9258	17738	499.552	205.000	15.034	0.935	0.257	1.028	499.556	205.021	15.041	498	204	14	4	3	3
156	1.975	14.205	12	12	120775	10064.583	771.567	9764.000	9318	11877	1005.833	226.417	15.500	0.747	0.313	0.680	1005.844	226.415	15.510	1004	225	14	4	4	3
157	19.918	61.267	121	89	2031392	16788.363	5818.130	15578.000	9188	31682	51.769	237.314	16.264	1.530	0.335	1.577	51.840	237.291	16.239	48	234	14	8	8	5
158	7.243	32.753	44	43	491354	11167.137	1514.494	10682.500	9390	15242	513.909	304.909	15.273	0.989	0.330	0.945	513.919	304.938	15.267	512	302	14	6	7	3
159	6.091	24.204	37	34	476622	12881.676	3079.210	11983.000	9349	19961	754.676	309.595	14.865	0.964	0.229	1.021	754.701	309.601	14.849	753	308	14	4	4	3
160	13.334	48.889	81	68	975287	12040.580	2073.553	11879.000	9256	16909	241.827	311.062	15.580	1.275	0.372	1.315	241.726	311.039	15.582	238	309	14	9	6	4
161	4.938	25.894	30	26	369131	12304.366	2629.538	11613.500	9241	19728	306.800	310.467	15.667	1.018	0.354	0.923	306.780	310.453	15.624	305	309	14	5	4	4
162	8.889	33.754	54	45	686574	12714.333	2795.722	12271.500	9238	20662	717.889	315.759	15.204	1.112	0.258	1.117	717.816	315.725	15.177	716	313	14	5	6	4
163	9.218	34.684	56	50	661419	11811.054	1884.732	11481.500	9231	16447	744.536	330.536	15.214	1.093	0.250	1.092	744.604	330.536	15.218	741	328	14	8	6	3
164	10.206	50.372	62	60	674559	10879.983	1394.254	10491.500	9218	16082	822.774	343.242	14.694	1.128	0.323	1.190	822.739	343.262	14.709	820	340	14	7	7	3
165	6.749	29.892	41	36	572155	13955.000	3265.209	13271.000	9316	23050	78.000	370.512	15.268	0.966	0.242	0.936	77.994	370.524	15.289	76	368	14	5	6	3
166	6.255	30.133	38	37	421898	11102.579	1280.925	10810.000	9275	14806	122.237	381.579	15.447	0.910	0.260	0.891	122.246	381.531	15.461	120	379	14	6	6	3
167	25.186	64.955	153	107	2602217	17007.955	5897.511	15022.000	9283	31813	358.516	383.941	16.333	1.582	0.238	1.605	358.507	384.047	16.337	354	380	14	9	8	5
168	25.186	65.955	153	108	2662041	17398.961	5682.725	16911.000	9217	33688	13.490	403.275	15.856	1.578	0.315	1.561	13.459	403.263	15.868	10	399	14	8	9	5
169	9.877	39.028	60	59	684621	11410.350	1729.844	10839.500	9203	17646	144.800	406.083	15.233	1.075	0.333	1.085	144.747	406.051	15.240	142	403	14	7	7	3
170	5.761	27.962	35	33	459678	13133.657	3066.783	13075.000	9391	19152	89.771	467.571	15.171	0.984	0.338	0.969	89.756	467.607	15.197	88	465	14	6	6	3
171	14.157	50.131	86	67	1057050	12291.279	1875.114	11980.500	9269	16780	424.419	181.907	16.465	1.316	0.285	1.333	424.389	181.917	16.473	422	178	15	6	8	4
172	15.638	57.094	95	83	1217026	12810.800	2715.296	12058.000	9268	20396	304.116	197.621	16.053	1.347	0.393	1.344	304.086	197.513	16.033	301	193	15	7	10	3
173	4.115	27.617	25	25	252204	10088.160	770.023	10122.000	9189	12044	410.120	199.160	15.840	1.001	0.311	0.980	410.113	199.182	15.846	408	196	15	6	7	3
174	1.975	11.481	12	12	131179	10931.583	1062.203	10670.500	9328	12513	379.667	222.417	15.667	0.635	0.158	0.679	379.686	222.401	15.689	378	222	15	4	2	2
175	16.791	56.268	102	84	1821488	17857.725	5433.195	17433.500	9396	32060	210.667	235.882	16.000	1.542	0.474	1.507	210.558	235.823	15.987	206	233	15	11	7	4
176	15.474	53.648	94	75	1193914	12701.213	2882.799	11685.500	9329	20513	86.277	235.691	16.596	1.437	0.404	1.502	86.347	235.690	16.560	82	234	15	10	5	4
177	4.938	24.997	30	28	368427	12280.900	2684.587	11419.500	9307	19511	363.767	253.967	16.367	0.912	0.292	0.851	363.807	253.958	16.380	361	253	15	6	3	4
178	28.643	73.230	174	117	3345867	19229.121	8402.517	16831.000	9211	48238	15.224	260.080	16.626	1.698	0.281	1.678	15.399	259.843	16.593	11	257	15	9	8	5
179	10.535	38.683	64	63	797512	12461.125	2062.713	12053.000	9231	18109	154.812	261.172	15.562	1.155	0.363	1.160	154.859	261.087	15.565	152	258	15	7	8	3
180	7.243	28.065	44	39	643004	14613.728	4167.520	13939.500	9208	24443	39.932	273.409	15.977	1.039	0.212	1.064	39.909	273.392	15.977	38	272	15	6	4	3
181	8.560	35.477	52	49	635237	12216.096	2091.507	12034.000	9217	17532	47.808	274.442	16.365	1.004	0.262	1.015	47.855	274.458	16.348	45	272	15	6	6	3
182	10.865	44.235	66	57	778088	11789.212	2194.678	11168.000	9192	19106	161.439	279.530	16.197	1.141	0.248	1.175	161.458	279.581	16.187	159	276	15	6	7	3
183	4.774	21.376	29	29	355077	12244.034	2012.457	11985.000	9579	17397	650.621	289.310	15.552	0.858	0.261	0.829	650.663	289.332	15.553	647	288	15	7	4	2
184	2.305	13.412	14	14	152354	10882.429	1089.973	10983.000	9191	12838	697.000	300.357	15.500	0.655	0.107	0.650	697.023	300.376	15.506	696	299	15	3	4	2
185	10.865	39.787	66	60	898716	13616.909	3511.261	12730.500	9314	26152	18.439	380.591	15.803	1.245	0.404	1.188	18.289	380.623	15.839	14	378	15	10	5	4
186	13.663	46.510	83	66	1036326	12485.855	2245.522	12169.000	9206	17475	74.988	171.277	17.843	1.288	0.277	1.273	75.030	171.232	17.824	72	168	16	6	8	4
187	1.975	12.378	12	12	127455	10621.250	606.125	10753.000	9539	11560	373.000	249.500	17.000	0.692	0.341	0.721	373.025	249.507	16.995	372	249	16	3	2	3
188	1.975	17.722	12	12	119058	9921.500	547.058	9751.500	9306	11342	499.917	250.333	16.333	0.801	0.282	0.836	499.896	250.327	16.326	497	249	16	6	4	2
189	17.284	59.577	105	82	1391345	13250.904	3186.763	12636.000	9268	21895	84.076	449.610	17.771	1.450	0.335	1.436	84.140	449.659	17.732	80	446	16	9	8	4
