 	Volume (micron^3)	Surface (micron^2)	Nb of obj. voxels	Nb of surf. voxels	IntDen	Mean	StdDev	Median	Min	Max	X	Y	Z	Mean dist. to surf. (micron)	SD dist. to surf. (micron)	Median dist. to surf. (micron)	XM	YM	ZM	BX	BY	BZ	B-width	B-height	B-depth
1	14.815	43.786	90	70	3194193	35491.035	14392.581	32761.000	16368	65535	614.267	453.900	5.822	1.295	0.222	1.284	614.344	453.969	5.772	611	451	4	7	6	4
2	32.429	77.885	197	127	8173721	41490.969	18569.129	39827.000	16397	65535	463.706	472.538	6.046	1.806	0.309	1.865	463.790	472.554	6.016	459	469	4	10	8	5
3	36.380	86.917	221	150	8605045	38936.855	16530.875	34290.000	16418	65535	451.851	557.235	6.267	1.885	0.472	1.816	451.905	557.155	6.237	446	554	4	13	8	5
4	17.778	51.198	108	85	3401853	31498.639	12013.498	27870.500	16724	63461	413.500	575.324	5.852	1.377	0.264	1.348	413.615	575.343	5.808	409	573	4	9	6	4
5	8.395	33.339	51	48	1135195	22258.725	4883.312	21013.000	16374	34965	861.765	239.824	5.725	1.029	0.291	1.002	861.682	239.885	5.755	859	237	5	7	6	3
6	29.631	69.469	180	139	5227421	29041.229	8482.801	26927.000	16383	48221	723.894	293.644	6.083	1.622	0.372	1.627	723.909	293.594	6.102	719	289	5	10	10	3
7	17.778	52.955	108	106	2766826	25618.760	5579.828	25388.000	16352	39442	594.157	296.343	6.509	1.352	0.463	1.314	594.172	296.216	6.505	590	293	5	10	9	4
8	17.614	51.991	107	85	3188885	29802.664	10234.714	27100.000	16421	60653	658.439	296.570	6.131	1.434	0.373	1.396	658.516	296.573	6.167	653	294	5	11	6	3
9	14.651	45.717	89	72	2981125	33495.785	13193.583	30202.000	16440	65535	631.079	307.764	6.112	1.285	0.226	1.258	631.068	307.817	6.132	628	305	5	7	7	4
10	31.277	74.539	190	143	6649277	34996.195	12709.182	33698.500	16419	65535	634.868	335.753	6.911	1.730	0.437	1.664	634.903	335.835	6.894	631	330	5	8	12	4
11	13.005	42.786	79	63	2000589	25323.912	7756.131	23453.000	16332	51157	844.873	346.089	5.949	1.252	0.225	1.252	844.885	346.113	5.936	841	343	5	8	7	3
12	18.108	51.372	110	74	4067540	36977.637	15817.212	32629.000	16428	65535	594.145	349.045	6.418	1.496	0.237	1.555	594.142	349.060	6.350	591	346	5	7	7	4
13	3.128	17.274	19	17	424204	22326.525	4916.345	22156.000	16613	33798	498.737	354.158	6.000	0.793	0.250	0.772	498.742	354.156	6.022	497	353	5	4	4	3
14	20.906	57.232	127	101	3941581	31036.070	10251.014	30676.000	16520	51524	688.354	371.724	6.661	1.461	0.322	1.481	688.339	371.771	6.618	684	369	5	10	6	4
15	30.783	77.229	187	138	6313200	33760.430	12990.919	29957.000	16321	65535	633.540	380.321	6.241	1.817	0.547	1.740	633.307	380.432	6.222	628	377	5	13	8	4
16	9.383	33.476	57	56	1318225	23126.754	4837.637	21937.000	16405	33822	507.614	381.544	6.351	1.019	0.288	1.062	507.656	381.497	6.312	505	378	5	6	8	3
17	31.606	88.710	192	148	5946981	30973.859	11928.487	28238.500	16318	65535	539.917	395.750	7.099	2.027	0.798	1.923	540.581	395.537	7.022	532	392	5	16	8	5
18	22.223	60.852	135	101	4787051	35459.637	15304.617	31067.000	16485	65535	681.119	394.741	6.630	1.541	0.319	1.528	681.347	394.738	6.622	676	392	5	10	7	4
19	13.005	44.476	79	68	2096162	26533.695	8890.380	24494.000	16608	54867	600.430	402.684	5.873	1.215	0.262	1.198	600.303	402.640	5.837	597	400	5	8	7	3
20	4.938	21.962	30	30	598689	19956.301	2281.031	19627.000	16423	25184	727.533	410.267	6.300	0.836	0.241	0.830	727.509	410.313	6.308	726	408	5	5	5	3
21	27.655	81.536	168	164	4262744	25373.477	5296.761	24865.500	16305	37624	618.006	416.786	6.024	2.075	0.875	2.046	617.865	416.689	6.026	611	411	5	15	14	3
22	28.149	74.298	171	130	5772910	33759.707	14401.239	29383.000	16328	65535	452.684	424.468	6.327	1.733	0.522	1.681	452.341	424.500	6.342	446	422	5	14	6	4
23	22.717	58.128	138	101	4605180	33370.871	13163.154	29643.500	16384	63702	437.268	426.558	6.384	1.509	0.248	1.536	437.195	426.503	6.364	434	423	5	8	8	4
24	19.754	57.613	120	81	4495971	37466.426	17506.691	31886.500	16309	65535	461.042	446.000	7.117	1.569	0.357	1.547	461.116	445.980	7.064	457	443	5	8	6	5
25	16.461	49.716	100	85	3021879	30218.789	8408.996	30158.500	17026	51832	385.850	452.080	6.810	1.311	0.315	1.291	385.928	452.069	6.800	382	449	5	8	7	4
26	22.552	60.956	137	102	5072704	37027.035	14933.261	34847.000	16430	65535	354.073	466.854	7.248	1.548	0.358	1.538	354.064	466.889	7.185	351	463	5	7	9	5
27	7.078	27.650	43	42	1138680	26480.930	8112.226	25897.000	16333	44292	486.721	478.767	5.558	0.925	0.237	0.904	486.844	478.698	5.536	484	476	5	6	6	3
28	36.380	79.571	221	159	8105217	36675.191	14924.436	34087.000	16336	65535	329.774	491.760	6.149	1.740	0.330	1.773	329.698	491.771	6.142	325	488	5	11	9	4
29	31.606	78.263	192	133	7504230	39084.531	16936.182	34892.500	16311	65535	404.312	491.667	6.594	1.764	0.386	1.698	404.284	491.582	6.591	399	488	5	12	8	5
30	20.412	55.060	124	96	4443677	35836.105	13530.445	34356.500	16348	65535	255.677	499.177	5.992	1.436	0.277	1.420	255.770	499.168	5.982	252	496	5	9	7	4
31	11.358	36.096	69	69	1613654	23386.289	4851.717	21949.000	16618	33189	455.681	511.754	5.493	1.123	0.372	1.088	455.659	511.747	5.474	451	510	5	10	5	2
32	3.292	18.067	20	20	382708	19135.400	2445.077	18761.500	16384	25343	320.950	515.600	5.450	0.782	0.212	0.715	320.891	515.589	5.421	319	514	5	5	4	2
33	10.865	39.821	66	60	1764550	26735.605	6867.939	25531.500	16811	45006	194.485	523.379	6.364	1.140	0.311	1.161	194.446	523.354	6.372	192	520	5	7	8	4
34	11.194	39.028	68	60	1715854	25233.146	7080.010	24076.000	16537	48687	518.632	524.559	6.015	1.170	0.252	1.148	518.625	524.584	5.984	515	522	5	8	6	3
35	27.161	83.229	165	122	5576738	33798.414	13427.177	30635.000	16326	64866	108.006	541.879	6.921	1.885	0.638	1.908	108.026	541.877	6.907	103	537	5	12	11	5
36	20.248	60.026	123	96	4828681	39257.570	15451.812	37825.000	16390	65535	370.886	539.480	6.959	1.526	0.387	1.519	370.853	539.545	6.930	367	536	5	9	8	5
37	35.557	83.366	216	145	8779530	40645.973	16540.387	38300.000	16407	65535	413.139	551.190	6.745	1.845	0.390	1.838	413.274	551.144	6.719	407	548	5	12	8	5
38	12.675	42.752	77	62	2249378	29212.701	9770.676	27093.000	16565	52445	485.935	564.065	6.221	1.215	0.255	1.224	485.940	564.063	6.258	483	562	5	7	6	4
39	36.051	91.193	219	147	8659617	39541.629	17011.832	37343.000	16426	65535	366.447	567.416	6.799	1.931	0.462	1.927	366.533	567.330	6.800	361	563	5	12	10	5
40	26.503	66.163	161	104	6417217	39858.492	17912.367	34912.000	16333	65535	427.540	567.267	6.646	1.684	0.261	1.668	427.472	567.260	6.622	424	564	5	8	7	5
41	16.461	52.751	100	75	3267523	32675.230	12994.943	30090.500	16417	65535	328.000	581.080	6.830	1.397	0.290	1.354	328.060	581.098	6.819	325	578	5	8	7	5
42	23.046	62.750	140	93	5633437	40238.836	17910.551	37392.000	16632	65535	388.936	583.200	6.621	1.622	0.308	1.621	388.979	583.205	6.587	385	581	5	9	6	5
43	15.638	51.647	95	82	2499341	26308.854	6402.168	26493.000	16359	39695	171.042	612.126	6.579	1.322	0.421	1.358	170.988	612.112	6.555	166	610	5	11	6	4
44	20.741	57.647	126	88	4685805	37188.930	17426.918	31107.000	16326	65535	210.770	625.611	6.556	1.543	0.285	1.569	210.794	625.564	6.539	206	623	5	10	6	4
45	24.857	66.196	151	109	5046879	33423.039	13152.830	31737.000	16399	65535	351.384	628.099	6.570	1.638	0.301	1.606	351.320	628.135	6.570	347	624	5	10	8	4
46	34.240	83.814	208	140	8178324	39318.867	17466.072	32230.000	16316	65535	282.755	655.673	6.591	1.871	0.453	1.815	282.728	655.792	6.567	277	651	5	12	9	4
47	20.906	56.613	127	87	5046649	39737.395	17740.893	32932.000	16372	65535	145.591	685.378	6.457	1.559	0.252	1.565	145.663	685.364	6.456	142	683	5	9	6	4
48	9.054	30.478	55	46	1440984	26199.709	7122.772	24320.000	16690	48175	799.582	279.236	7.055	1.102	0.191	1.120	799.583	279.212	7.072	797	277	6	6	5	3
49	10.041	34.684	61	52	1541662	25273.148	6658.479	23509.000	16398	41917	885.115	281.344	6.803	1.175	0.286	1.187	885.151	281.342	6.801	882	280	6	8	4	3
50	21.235	56.439	129	97	3876075	30047.094	9397.294	29000.000	16313	51481	600.961	287.938	7.047	1.429	0.240	1.467	600.897	287.937	7.066	597	284	6	9	8	4
51	17.120	49.234	104	74	3371240	32415.770	12971.554	30044.000	16587	65535	689.346	303.452	7.260	1.413	0.243	1.390	689.325	303.478	7.224	686	301	6	8	6	4
52	15.968	45.235	97	73	3904815	40255.824	16306.795	37156.000	16529	65535	531.887	321.804	7.474	1.422	0.279	1.496	531.866	321.778	7.478	529	319	6	6	7	4
53	11.194	42.993	68	61	1560940	22955.000	5691.389	21313.000	16301	37841	857.353	331.324	7.088	1.350	0.509	1.214	857.184	331.385	7.061	853	329	6	11	5	3
54	10.206	34.718	62	62	1665769	26867.242	6845.702	27040.000	16561	41558	828.177	341.177	6.468	1.066	0.331	1.034	828.160	341.175	6.462	825	338	6	7	8	2
55	21.894	60.404	133	99	3782911	28442.939	8945.153	25885.000	16330	48307	681.173	346.068	7.586	1.504	0.310	1.507	681.156	346.043	7.550	677	343	6	10	7	4
56	16.626	51.028	101	72	3653832	36176.555	15478.706	33971.000	16411	65535	754.297	355.693	7.832	1.430	0.297	1.379	754.294	355.649	7.840	751	353	6	7	6	5
57	13.663	48.474	83	69	1935545	23319.818	5650.836	21389.000	16405	38806	653.036	368.422	6.940	1.359	0.393	1.274	653.135	368.407	6.923	648	366	6	10	6	3
58	6.585	29.340	40	40	785853	19646.324	2111.067	19125.500	16317	25197	668.425	377.400	6.575	0.910	0.240	0.875	668.396	377.403	6.593	666	375	6	6	6	2
59	7.243	37.063	44	39	948978	21567.682	4159.706	20476.500	16412	29801	659.727	383.568	7.023	1.019	0.316	1.088	659.731	383.594	7.025	657	381	6	6	6	3
60	8.889	28.236	54	54	1382735	25606.203	4645.080	25179.000	16599	34734	499.389	393.000	6.537	0.991	0.279	0.974	499.365	393.024	6.539	497	390	6	5	7	2
61	16.955	53.199	103	77	3238835	31445.000	11624.838	28371.000	16617	57156	570.544	399.456	7.602	1.497	0.381	1.558	570.472	399.470	7.581	566	397	6	10	5	4
62	13.498	39.821	82	67	2617425	31919.816	10734.612	31003.500	16396	61037	479.768	402.402	6.915	1.240	0.204	1.210	479.852	402.345	6.844	477	400	6	7	6	3
63	16.626	48.441	101	80	3542885	35078.070	14312.750	33149.000	16571	65535	743.139	402.822	7.119	1.418	0.366	1.381	743.173	402.842	7.056	739	401	6	9	5	4
64	20.741	56.198	126	97	4398361	34907.629	12708.010	33797.500	16351	65535	586.825	409.389	7.056	1.440	0.275	1.427	586.873	409.342	7.037	583	406	6	9	8	4
65	15.145	42.545	92	73	3017507	32798.988	12643.766	30740.500	16467	65535	682.489	437.380	7.054	1.282	0.197	1.241	682.475	437.288	7.052	679	435	6	7	6	4
66	43.129	102.708	262	175	9444715	36048.531	14639.178	35530.500	16323	65535	403.473	443.725	7.767	2.030	0.521	2.029	403.372	443.807	7.812	398	438	6	12	12	5
67	3.951	21.824	24	24	459663	19152.625	1852.875	19179.000	16522	23665	576.042	446.958	6.583	0.811	0.234	0.761	576.062	446.979	6.598	574	445	6	5	5	2
68	33.746	81.124	205	147	7289150	35556.828	13535.096	33682.000	16385	65535	428.244	446.483	7.956	1.728	0.398	1.745	428.203	446.649	7.977	423	441	6	11	11	5
69	14.321	44.442	87	62	2978778	34238.828	13642.836	29802.000	16483	65535	360.483	460.701	7.483	1.361	0.243	1.437	360.502	460.641	7.464	358	458	6	6	7	4
70	16.461	51.406	100	77	3039461	30394.609	10420.087	27917.000	16921	59400	475.160	488.780	7.070	1.378	0.284	1.350	475.231	488.646	7.094	472	485	6	7	9	4
71	35.721	91.019	217	163	7212248	33236.164	13164.656	30528.000	16479	65535	280.088	492.516	7.682	1.996	0.644	1.899	280.302	492.373	7.626	272	489	6	15	9	4
72	26.997	74.057	164	123	4681784	28547.463	9848.075	25959.500	16395	55361	408.909	507.183	7.201	1.717	0.473	1.761	408.798	507.202	7.208	404	504	6	12	7	4
73	13.169	41.029	80	60	2695630	33695.375	12694.600	30229.000	16590	64475	248.325	531.162	7.238	1.338	0.290	1.306	248.334	531.170	7.218	245	529	6	7	5	4
74	38.849	83.985	236	152	8870548	37587.066	15686.356	33267.500	16324	65535	355.644	532.301	7.449	1.851	0.278	1.843	355.625	532.232	7.422	350	528	6	12	9	4
75	15.638	49.026	95	73	2740883	28851.400	9633.844	26680.000	16331	51996	479.116	530.874	7.126	1.323	0.250	1.299	479.043	530.838	7.160	475	528	6	9	7	4
76	8.889	37.857	54	50	1460128	27039.408	7063.576	25174.000	17772	51854	86.611	560.759	7.130	1.352	0.514	1.281	86.875	560.741	7.085	81	559	6	11	4	3
77	25.844	67.404	157	100	6038203	38459.891	17024.793	34059.000	16398	65535	345.057	563.822	8.083	1.732	0.340	1.763	345.092	563.865	8.052	340	561	6	10	7	5
78	6.420	31.375	39	34	881731	22608.486	5950.861	20180.000	16327	37046	42.077	576.000	6.974	1.089	0.338	1.101	42.039	576.026	6.995	38	574	6	9	5	3
79	28.314	70.195	172	133	6086339	35385.691	13296.874	34746.500	16370	65535	168.797	577.953	7.047	1.696	0.484	1.660	168.922	577.967	7.026	163	575	6	12	7	4
80	6.091	31.512	37	37	697442	18849.783	2247.001	18333.000	16326	27182	405.703	581.081	6.297	0.978	0.309	0.975	405.737	581.055	6.294	404	578	6	5	7	2
81	25.844	62.887	157	108	5829090	37127.961	15831.490	31071.000	16371	65535	213.478	587.408	7.414	1.652	0.308	1.653	213.662	587.453	7.377	209	585	6	10	6	4
82	4.609	19.790	28	28	596629	21308.178	3490.528	20751.000	16652	28463	154.214	592.893	6.571	0.804	0.207	0.766	154.251	592.895	6.590	153	590	6	4	6	2
83	40.166	86.572	244	164	9682214	39681.203	16863.889	34337.500	16349	65535	249.816	594.123	7.553	1.959	0.458	1.881	249.876	594.203	7.520	244	591	6	14	7	4
84	5.432	22.514	33	31	876308	26554.787	7172.131	25635.000	17195	42154	145.515	598.212	6.576	0.855	0.221	0.840	145.513	598.197	6.555	144	596	6	4	5	3
85	26.009	69.265	158	110	4938580	31256.836	11816.651	28086.000	16460	58543	321.570	614.272	7.462	1.631	0.278	1.627	321.590	614.316	7.450	318	610	6	8	10	4
86	2.798	16.480	17	17	321507	18912.176	2039.972	18382.000	16345	23715	215.647	614.471	6.412	0.730	0.189	0.720	215.648	614.493	6.408	214	613	6	4	4	2
87	3.128	18.756	19	19	367016	19316.631	2377.265	18974.000	16684	24027	80.737	628.684	6.421	0.787	0.277	0.744	80.790	628.646	6.422	78	627	6	6	5	2
88	31.771	74.298	193	128	6262542	32448.404	12926.587	28957.000	16430	61403	194.223	635.570	7.570	1.737	0.268	1.741	194.302	635.531	7.552	189	632	6	11	8	4
89	17.120	52.543	104	79	2991462	28764.059	10890.719	25994.500	16393	57772	59.683	674.519	7.644	1.418	0.309	1.432	59.904	674.491	7.648	55	672	6	9	6	4
90	15.638	42.441	95	76	3193386	33614.590	11343.146	32148.000	17011	65535	58.200	688.411	7.011	1.293	0.191	1.286	58.230	688.451	6.984	55	686	6	7	6	3
91	19.918	55.405	121	96	3714558	30698.826	11514.472	28731.000	16431	62274	166.570	694.917	7.008	1.463	0.363	1.426	166.493	694.988	6.992	162	691	6	10	8	3
92	16.132	49.716	98	78	2536119	25878.766	7748.189	24662.500	16327	47786	108.898	706.704	7.092	1.360	0.305	1.314	108.880	706.685	7.112	105	704	6	10	6	3
93	5.103	22.858	31	31	629941	20320.678	3212.506	19502.000	16756	27825	71.258	711.032	6.452	0.838	0.204	0.855	71.270	711.013	6.448	69	709	6	5	5	2
94	8.066	34.373	49	49	992331	20251.652	2802.417	19931.000	16394	28298	13.041	733.776	6.673	1.018	0.311	1.041	13.098	733.752	6.699	9	732	6	8	5	2
95	5.268	27.409	32	32	600317	18759.906	2525.873	17736.000	16327	25607	755.688	220.531	7.344	1.001	0.414	0.911	755.743	220.511	7.317	752	218	7	7	7	2
96	16.132	49.853	98	86	2378818	24273.652	5504.793	24317.500	16477	37736	711.041	242.398	8.388	1.279	0.359	1.332	710.969	242.472	8.394	708	239	7	8	7	4
97	27.984	69.506	170	125	5742050	33776.766	12887.084	30792.500	16303	65535	625.471	263.700	8.288	1.677	0.408	1.656	625.256	263.847	8.338	621	259	7	10	9	4
98	5.761	22.410	35	35	825577	23587.914	4814.604	23028.000	16701	33469	873.057	282.000	7.457	0.838	0.194	0.796	873.038	281.984	7.460	871	280	7	5	5	2
99	8.560	32.442	52	52	1106618	21281.115	3475.772	20806.000	16507	29251	549.846	361.865	7.423	1.024	0.318	1.003	549.828	361.960	7.411	548	358	7	5	8	2
100	6.585	33.684	40	38	841572	21039.301	3814.059	20218.000	16356	29059	617.475	363.125	7.975	1.052	0.403	1.080	617.472	363.253	7.974	615	359	7	6	8	3
101	23.046	64.266	140	107	4267322	30480.871	10099.830	29115.500	16332	60474	765.314	378.671	8.150	1.499	0.307	1.486	765.421	378.711	8.162	761	375	7	10	8	4
102	4.115	20.583	25	25	492879	19715.160	2406.340	18911.000	16674	24577	712.280	422.400	7.600	0.793	0.199	0.820	712.307	422.442	7.628	710	421	7	6	4	2
103	33.252	79.264	202	135	7505361	37155.254	15283.362	33686.000	16487	65535	661.520	458.975	9.441	1.799	0.344	1.745	661.590	458.897	9.415	656	456	7	11	7	6
104	16.791	47.681	102	86	2764183	27099.834	6639.420	26312.000	16385	39581	263.255	468.961	8.931	1.334	0.268	1.319	263.228	468.925	8.918	260	466	7	8	7	4
105	12.840	45.302	78	77	1724074	22103.514	3872.060	21873.000	16396	33460	593.769	484.833	7.513	1.202	0.412	1.145	593.799	484.737	7.518	590	481	7	9	8	3
106	11.688	39.787	71	55	2256995	31788.662	13858.127	26324.000	16321	65535	295.873	486.887	8.282	1.286	0.287	1.310	295.813	486.924	8.284	293	485	7	7	5	4
107	26.009	68.127	158	113	5378536	34041.367	13560.780	30663.000	16523	65230	260.557	488.696	8.734	1.598	0.299	1.613	260.649	488.697	8.756	256	485	7	9	9	4
108	23.375	61.301	142	104	5371728	37829.070	14841.473	36808.000	16366	65535	120.592	501.070	9.070	1.516	0.247	1.491	120.598	501.065	9.063	117	498	7	9	7	5
109	13.992	43.338	85	67	2618912	30810.729	11940.361	27325.000	16386	63712	151.729	521.106	8.106	1.248	0.201	1.243	151.646	521.099	8.123	148	518	7	8	7	3
110	6.091	27.409	37	35	845128	22841.297	4487.083	22463.000	16653	32515	12.027	521.108	7.703	0.916	0.243	0.919	12.080	521.084	7.719	9	519	7	6	6	3
111	24.528	64.644	149	117	4144036	27812.322	8752.653	25234.000	16412	57568	55.523	523.960	8.141	1.608	0.464	1.559	55.859	524.052	8.162	50	521	7	12	6	4
112	22.717	62.197	138	94	5358515	38829.820	17221.227	35115.500	16388	65535	74.348	530.746	9.072	1.590	0.348	1.542	74.244	530.772	9.050	70	528	7	10	7	5
113	11.523	37.649	70	59	1912186	27316.943	7000.866	26432.500	16898	41402	258.243	531.957	7.757	1.163	0.236	1.179	258.319	531.950	7.718	254	529	7	8	6	3
114	35.886	85.160	218	134	8634547	39608.016	17229.973	36735.500	16312	65535	527.078	529.344	9.482	1.862	0.326	1.791	527.072	529.425	9.444	523	525	7	9	9	6
115	17.120	54.404	104	95	2679277	25762.279	5970.456	26066.000	16742	38348	312.971	564.962	8.375	1.363	0.479	1.367	312.968	564.985	8.394	308	561	7	10	9	4
116	26.667	68.472	162	111	5865232	36205.137	15276.874	32969.000	16430	65535	445.543	582.451	8.562	1.640	0.264	1.631	445.473	582.466	8.561	441	579	7	10	8	4
117	3.128	19.342	19	19	340628	17927.789	1106.406	17557.000	16721	21063	395.105	597.316	7.842	0.884	0.381	0.969	395.132	597.264	7.850	393	595	7	6	6	2
118	10.535	38.372	64	60	1365859	21341.547	4465.693	20218.500	16336	37604	245.312	611.703	7.859	1.127	0.292	1.132	245.316	611.729	7.863	242	609	7	7	7	3
119	6.914	37.408	42	42	783548	18655.904	2013.630	18164.000	16324	24190	53.119	660.595	7.548	1.056	0.303	1.059	53.187	660.575	7.534	49	657	7	8	7	2
120	12.346	41.440	75	73	1812699	24169.320	5429.905	23427.000	16412	39440	227.080	693.947	8.413	1.153	0.348	1.089	227.054	693.965	8.397	223	691	7	9	7	3
121	6.420	34.821	39	39	762594	19553.691	2889.315	18619.000	16347	27827	67.615	725.308	7.179	1.024	0.372	1.045	67.610	725.293	7.157	65	722	7	7	7	2
122	9.218	43.442	56	52	1123255	20058.125	3270.206	19047.000	16391	29994	719.518	227.125	9.214	1.379	0.628	1.304	719.423	227.226	9.220	716	222	8	10	10	3
123	4.774	24.893	29	29	530612	18296.965	1521.867	18143.000	16364	21691	921.448	301.621	8.414	0.881	0.279	0.822	921.457	301.616	8.411	919	299	8	5	7	2
124	20.906	60.541	127	100	3288500	25893.701	7176.645	24257.000	16355	46142	907.921	311.472	8.906	1.539	0.448	1.414	907.865	311.488	8.881	903	308	8	12	7	3
125	26.667	71.473	162	99	6541871	40381.918	17663.076	39172.000	16307	65535	567.321	498.117	10.852	1.787	0.421	1.769	567.335	498.109	10.830	563	495	8	9	7	6
126	11.194	41.062	68	57	1547787	22761.574	5549.784	21075.000	16479	36864	70.559	511.735	8.912	1.161	0.217	1.153	70.482	511.795	8.913	68	509	8	7	7	3
127	1.646	10.584	10	10	189191	18919.100	2746.944	18706.500	16402	25823	239.100	572.000	8.000	0.526	0.233	0.559	239.083	572.046	8.000	238	570	8	3	5	1
128	5.268	28.443	32	32	626713	19584.781	2287.326	18922.000	16434	24159	231.094	605.844	8.781	0.891	0.304	0.901	231.145	605.858	8.801	228	604	8	7	5	2
129	9.383	33.339	57	57	1254236	22004.141	3301.145	21195.000	17374	30130	25.193	607.649	8.491	1.048	0.352	1.034	25.198	607.624	8.477	21	605	8	9	6	2
130	26.174	73.023	159	119	5243734	32979.461	12978.482	30337.000	16304	65150	377.226	622.736	9.321	1.717	0.497	1.650	377.201	622.670	9.299	371	620	8	14	7	4
131	4.609	29.099	28	28	508532	18161.857	1662.838	17554.000	16336	21895	90.000	644.643	8.429	0.996	0.354	0.984	89.969	644.652	8.427	87	643	8	8	4	2
132	1.811	11.136	11	11	201918	18356.182	1860.269	17809.000	16496	22148	84.364	644.909	8.364	0.613	0.130	0.627	84.366	644.901	8.351	83	644	8	3	3	2
133	24.363	74.505	148	120	4136826	27951.527	7346.001	27301.500	16302	47545	82.466	737.750	9.939	1.727	0.600	1.795	82.309	737.840	9.998	77	734	8	12	8	5
134	3.786	22.618	23	23	464064	20176.695	2718.216	19430.000	16609	27513	707.043	321.000	9.435	0.834	0.219	0.807	707.029	320.984	9.432	706	319	9	4	6	2
135	4.609	31.064	28	28	512436	18301.285	1531.764	17953.000	16434	21886	711.964	326.536	9.036	1.169	0.604	1.189	711.973	326.527	9.037	708	322	9	8	10	2
136	23.375	63.784	142	103	5154874	36301.930	15196.613	33286.500	16339	65535	417.951	402.169	10.901	1.573	0.370	1.550	417.971	402.149	10.888	415	398	9	7	10	5
137	20.248	57.165	123	86	4213488	34256.000	14432.955	32039.000	16376	65535	748.398	410.309	10.837	1.565	0.353	1.579	748.353	410.328	10.823	744	408	9	9	5	5
138	18.766	59.300	114	103	2748626	24110.754	4852.658	24301.000	16490	34288	441.000	440.711	10.421	1.376	0.434	1.394	441.010	440.745	10.418	436	437	9	11	8	4
139	32.100	77.092	195	124	7178455	36812.590	14844.311	35706.000	16430	65535	677.154	450.036	11.128	1.784	0.272	1.801	677.097	450.048	11.049	673	446	9	9	9	5
140	25.844	71.644	157	109	5307722	33807.148	13842.378	29496.000	16357	65535	336.936	454.064	10.503	1.667	0.343	1.699	336.816	453.842	10.498	333	449	9	9	11	4
141	13.005	49.612	79	71	1782229	22559.861	5611.167	20774.000	16351	38433	200.494	544.253	9.797	1.321	0.447	1.279	200.497	544.174	9.826	197	540	9	8	11	3
142	3.951	21.721	24	24	487045	20293.541	3369.182	19243.500	16622	28944	770.708	399.167	11.208	0.839	0.322	0.814	770.710	399.148	11.190	768	398	10	7	4	3
143	2.963	15.791	18	17	357212	19845.111	2306.070	19467.500	16703	24090	282.778	467.278	11.167	0.783	0.274	0.810	282.781	467.300	11.167	282	466	10	3	4	3
144	28.478	71.678	173	125	5282694	30535.803	9884.781	28781.000	16365	56281	508.827	545.462	11.202	1.669	0.404	1.653	508.688	545.547	11.184	504	541	10	11	9	4
145	32.429	84.541	197	131	5659962	28730.771	9338.365	26636.000	16402	55847	132.228	729.569	12.310	2.031	0.589	1.971	132.238	729.640	12.151	128	726	10	10	7	7
146	6.091	28.443	37	37	707769	19128.893	2319.393	18819.000	16341	23776	836.730	280.703	11.730	0.938	0.305	0.931	836.719	280.717	11.751	834	278	11	6	7	3
147	15.638	47.096	95	72	2643641	27827.801	8606.967	26120.000	16357	47602	437.526	392.726	12.947	1.332	0.244	1.304	437.497	392.705	12.936	434	390	11	9	6	4
148	26.009	69.850	158	119	4254944	26930.025	8108.343	26032.500	16467	48906	381.418	431.051	12.994	1.604	0.411	1.575	381.493	431.077	12.983	378	426	11	7	11	5
149	23.211	65.162	141	107	4132362	29307.531	9332.982	28660.000	16372	57814	629.844	470.348	12.085	1.611	0.469	1.594	629.736	470.356	12.053	625	467	11	12	7	4
150	10.206	37.512	62	50	1731189	27922.402	8927.817	27625.500	16493	49837	205.823	484.452	13.113	1.175	0.274	1.155	205.804	484.403	13.085	203	482	11	6	6	5
151	19.754	52.784	120	96	3674753	30622.941	7640.558	29997.000	16390	50909	66.800	503.825	11.942	1.441	0.313	1.384	66.735	503.861	11.932	63	501	11	9	7	3
152	26.338	68.335	160	116	5150607	32191.293	11948.414	29264.000	16305	65535	287.075	679.075	12.781	1.683	0.407	1.727	286.853	679.051	12.770	282	677	11	11	5	5
153	2.305	15.687	14	14	268569	19183.500	1871.699	18811.500	17082	22919	605.786	270.857	12.643	0.805	0.294	0.748	605.812	270.880	12.647	604	269	12	4	6	2
154	3.128	18.652	19	19	343987	18104.578	1313.668	17925.000	16476	20597	573.842	287.895	12.842	0.784	0.353	0.804	573.848	287.913	12.857	572	286	12	4	5	3
155	11.688	37.545	71	62	1649236	23228.676	4268.072	23152.000	16354	35912	811.493	305.380	13.282	1.229	0.338	1.254	811.666	305.389	13.290	807	304	12	9	4	3
156	2.798	16.377	17	17	326097	19182.176	2381.697	18991.000	16367	25298	864.647	307.176	12.765	0.760	0.286	0.749	864.640	307.167	12.775	862	306	12	6	3	2
157	13.828	49.786	84	66	2179729	25949.154	6570.737	24565.000	16695	41402	703.810	331.405	13.250	1.341	0.349	1.320	703.782	331.443	13.249	700	327	12	8	8	4
158	10.041	36.408	61	51	1394054	22853.344	5109.268	21500.000	16380	37936	498.082	345.262	13.115	1.115	0.191	1.136	498.042	345.224	13.100	495	343	12	7	6	3
159	1.975	11.826	12	12	234456	19538.000	2122.020	18977.000	16932	23115	809.417	376.750	12.750	0.601	0.173	0.632	809.423	376.722	12.765	808	376	12	4	3	2
160	8.725	35.374	53	43	1091813	20600.246	3857.561	19001.000	16423	30627	451.962	378.717	13.038	1.084	0.190	1.083	451.932	378.728	13.051	450	376	12	6	7	3
161	23.046	59.266	140	108	4260470	30431.928	8827.676	30105.000	16419	50947	553.236	381.286	13.964	1.482	0.279	1.462	553.274	381.293	13.923	549	378	12	10	7	5
162	13.498	44.716	82	68	1686082	20561.977	3485.823	19504.000	16346	32047	705.671	424.610	13.122	1.218	0.215	1.228	705.727	424.673	13.111	702	422	12	8	7	3
163	29.795	77.299	181	119	6483004	35817.703	15744.087	31001.000	16364	65535	412.967	609.199	14.243	1.843	0.454	1.796	412.968	609.482	14.149	410	603	12	7	12	5
164	14.980	45.717	91	70	2695186	29617.428	9576.283	27929.000	16671	58682	402.868	610.593	13.934	1.304	0.221	1.286	402.857	610.573	13.910	400	608	12	7	6	5
165	4.445	22.514	27	25	569875	21106.482	3419.523	20445.000	16521	28214	356.148	643.556	12.741	0.858	0.239	0.828	356.153	643.564	12.756	354	641	12	5	6	3
166	7.243	34.410	44	40	882438	20055.408	2779.172	19607.500	16476	28540	722.955	238.227	14.318	1.199	0.445	1.265	722.988	238.212	14.276	719	237	13	8	3	4
167	3.786	19.894	23	21	455991	19825.695	3291.753	18650.000	16442	28593	691.087	309.087	13.826	0.879	0.266	0.910	691.097	309.107	13.829	689	307	13	5	4	3
168	11.358	39.821	69	60	1546000	22405.797	4863.761	20661.000	16401	38860	754.768	326.275	13.942	1.230	0.339	1.172	754.883	326.267	13.974	750	324	13	10	5	3
169	17.778	56.094	108	94	2535125	23473.379	5632.022	22161.000	16315	38666	629.630	329.704	14.222	1.542	0.520	1.481	629.579	329.758	14.232	627	324	13	6	13	3
170	1.975	12.170	12	12	236585	19715.416	2209.489	19560.500	16684	23240	719.750	331.250	13.167	0.612	0.225	0.652	719.763	331.204	13.168	718	330	13	4	4	2
171	15.803	47.889	96	75	2464446	25671.312	5906.932	24394.000	16612	42300	806.240	352.083	14.073	1.380	0.351	1.315	806.301	352.096	14.098	802	350	13	10	5	4
172	2.305	12.619	14	14	259399	18528.500	1760.063	18494.500	16327	21619	761.571	374.357	13.357	0.649	0.139	0.696	761.536	374.329	13.357	760	373	13	4	3	2
173	1.646	9.791	10	10	176139	17613.900	1107.194	17279.000	16382	19704	816.100	376.000	13.000	0.522	0.243	0.508	816.125	375.987	13.000	815	375	13	4	4	1
174	6.420	33.098	39	38	728652	18683.385	1907.768	18026.000	16306	25104	697.718	404.974	14.051	1.004	0.372	1.038	697.749	404.985	14.047	694	403	13	8	5	3
175	15.145	47.614	92	68	2500894	27183.631	8202.108	25951.000	16452	48228	489.293	417.304	14.902	1.401	0.354	1.346	489.294	417.374	14.896	487	414	13	5	8	5
176	25.515	65.989	155	115	4496500	29009.678	8153.057	27937.000	16466	49528	595.658	422.013	14.174	1.532	0.290	1.572	595.637	422.109	14.190	592	418	13	8	9	4
177	6.749	28.306	41	36	954509	23280.707	4827.004	22093.000	16373	34368	496.707	423.341	14.171	1.045	0.274	1.042	496.703	423.294	14.179	494	422	13	7	4	3
178	21.400	63.024	130	105	3333031	25638.699	6039.283	24648.500	16707	38453	316.954	467.754	14.208	1.509	0.399	1.475	316.931	467.720	14.205	313	465	13	10	8	4
179	7.243	30.237	44	39	979139	22253.158	4134.353	21934.000	16393	29550	254.386	491.477	14.591	0.993	0.299	0.927	254.450	491.435	14.568	252	490	13	6	4	4
180	16.461	50.372	100	72	2432053	24320.529	6336.717	21899.500	16439	40719	550.900	497.210	14.590	1.428	0.275	1.464	550.955	497.249	14.572	547	495	13	9	5	4
181	8.066	31.408	49	49	991711	20239.000	2940.943	19460.000	16331	27277	491.714	550.551	13.429	1.045	0.355	0.972	491.586	550.498	13.405	488	549	13	8	4	2
182	14.321	47.992	87	68	2174809	24997.805	7141.896	23821.000	16348	40711	437.172	556.402	14.598	1.317	0.330	1.365	437.172	556.362	14.555	433	554	13	9	6	4
183	25.515	70.058	155	118	4938148	31859.020	11375.381	30684.000	16419	64538	353.458	558.394	15.148	1.616	0.400	1.572	353.384	558.422	15.099	348	555	13	11	8	5
184	2.798	16.136	17	16	329879	19404.646	2743.583	19114.000	16351	26864	43.235	605.588	14.294	0.733	0.213	0.724	43.249	605.589	14.288	42	604	13	4	4	3
185	4.774	23.307	29	27	632499	21810.311	4431.868	20440.000	16438	31501	184.448	676.966	14.207	0.902	0.288	0.877	184.446	676.919	14.211	183	675	13	5	6	3
186	26.338	65.989	160	116	4937886	30861.787	10483.164	28118.000	16318	57601	130.850	704.575	14.512	1.610	0.286	1.591	130.862	704.487	14.458	128	700	13	7	10	4
187	2.634	14.342	16	16	323675	20229.688	3187.461	19265.000	16859	28474	45.000	751.125	13.875	0.686	0.291	0.636	45.079	751.156	13.882	43	750	13	5	4	2
188	3.622	21.824	22	22	388959	17679.955	1269.139	17321.500	16335	20334	629.591	268.227	14.636	0.825	0.274	0.821	629.622	268.202	14.631	628	266	14	5	6	2
189	4.938	23.996	30	30	599612	19987.066	2237.468	19345.500	16786	25875	741.133	290.300	14.467	0.924	0.332	0.891	741.187	290.271	14.466	738	288	14	6	6	2
190	1.811	12.964	11	11	199290	18117.273	1393.701	17408.000	16640	20674	627.364	296.818	14.909	0.663	0.292	0.666	627.345	296.801	14.915	626	295	14	4	5	2
191	1.811	9.999	11	11	203748	18522.545	989.315	18299.000	17357	20699	557.545	311.909	14.455	0.610	0.079	0.618	557.531	311.903	14.451	557	311	14	2	3	2
192	13.498	54.371	82	81	1774228	21636.928	4665.169	20179.000	16336	31900	606.622	330.415	14.561	1.581	0.782	1.376	607.070	330.294	14.551	598	327	14	15	7	3
193	1.811	13.412	11	11	195663	17787.545	1343.385	17729.000	16372	20775	613.273	347.364	14.818	0.598	0.209	0.665	613.297	347.372	14.829	612	346	14	4	4	2
194	2.305	13.067	14	14	273114	19508.143	2142.297	19698.500	16451	23057	799.571	370.214	14.571	0.655	0.120	0.667	799.549	370.247	14.600	798	369	14	4	3	2
195	5.597	24.341	34	34	676508	19897.295	2631.540	19496.500	16631	27299	476.294	387.588	14.529	0.892	0.261	0.834	476.299	387.613	14.530	474	385	14	6	6	2
196	4.774	24.893	29	29	535335	18459.828	1516.419	18531.000	16426	21451	651.552	395.724	14.586	0.911	0.306	0.861	651.585	395.697	14.576	649	393	14	6	6	3
197	13.005	47.407	79	66	1795128	22723.139	5729.287	21445.000	16381	43454	510.899	431.114	15.468	1.366	0.430	1.453	511.018	431.051	15.395	508	428	14	7	7	4
198	5.597	28.892	34	34	643278	18919.941	2028.742	18567.000	16464	23981	652.735	445.147	14.676	0.932	0.280	0.954	652.768	445.167	14.696	650	443	14	7	5	2
199	4.445	22.514	27	27	513449	19016.629	2046.580	18150.000	16365	23948	232.815	483.889	14.519	0.848	0.228	0.790	232.812	483.896	14.515	231	482	14	5	5	2
200	13.498	44.131	82	64	1996021	24341.719	5769.910	23215.500	16324	38184	414.049	496.951	15.110	1.254	0.207	1.246	414.050	496.945	15.122	411	494	14	7	7	4
201	6.749	28.755	41	34	898449	21913.391	4557.866	20389.000	16321	31495	439.366	520.927	15.707	1.036	0.273	0.975	439.340	520.927	15.665	437	519	14	5	5	4
202	26.338	69.265	160	114	4799220	29995.125	10587.485	26758.500	16391	55476	242.144	532.719	15.288	1.695	0.441	1.735	242.162	532.708	15.280	236	530	14	12	7	4
203	12.017	38.787	73	60	1703938	23341.617	4839.084	22187.000	16308	37585	306.726	531.863	15.726	1.188	0.230	1.220	306.753	531.882	15.695	304	529	14	7	6	4
204	15.309	47.992	93	72	2413282	25949.270	6650.647	24329.000	16716	41696	394.946	536.516	15.129	1.335	0.277	1.329	394.962	536.553	15.099	392	533	14	6	8	4
205	23.046	65.233	140	92	4656747	33262.480	13033.059	29474.500	16321	64796	423.021	540.286	15.821	1.687	0.381	1.750	422.976	540.364	15.844	420	537	14	8	8	5
206	2.469	15.343	15	15	266498	17766.533	783.641	17773.000	16367	19026	406.000	550.267	14.533	0.689	0.133	0.681	406.011	550.269	14.534	405	549	14	3	4	2
207	22.388	73.575	136	108	3462267	25457.846	7399.936	23407.000	16304	46949	386.471	569.515	15.985	1.653	0.503	1.736	386.318	569.840	15.959	382	564	14	10	11	5
208	18.931	58.577	115	93	2745056	23870.053	5292.555	23146.000	16488	37303	384.235	584.052	15.896	1.442	0.365	1.359	384.366	583.971	15.866	381	581	14	8	9	5
209	22.881	65.919	139	122	3364798	24207.180	5338.382	23344.000	16411	38749	375.734	609.993	14.770	1.533	0.458	1.521	375.810	609.997	14.761	370	606	14	12	9	3
210	12.017	43.579	73	67	1711878	23450.383	4571.075	22689.000	16382	36023	225.671	613.726	15.301	1.250	0.448	1.213	225.733	613.665	15.293	222	610	14	8	8	3
211	13.498	46.373	82	64	2366234	28856.512	10400.521	24940.000	16462	56497	183.793	619.695	15.341	1.371	0.367	1.391	183.698	619.695	15.288	180	618	14	9	4	4
212	8.231	34.581	50	45	1113105	22262.100	4571.790	21706.000	16408	31985	345.300	625.740	15.140	1.037	0.229	1.097	345.259	625.742	15.133	343	623	14	6	7	3
213	17.614	56.750	107	85	2612351	24414.496	5734.893	23675.000	16361	42021	58.738	627.514	15.944	1.489	0.416	1.440	58.851	627.645	15.935	55	623	14	9	9	4
214	9.548	33.891	58	49	1358168	23416.689	5812.973	21970.000	16319	37574	167.724	713.966	14.983	1.121	0.206	1.093	167.719	713.983	14.957	165	712	14	7	5	3
215	1.975	12.067	12	12	220274	18356.166	1254.718	18532.000	16466	21143	622.917	291.000	15.000	0.638	0.322	0.612	622.914	290.994	15.000	620	290	15	6	3	1
216	5.268	30.237	32	32	599848	18745.250	1855.893	18201.500	16395	24029	763.688	313.844	15.594	0.955	0.244	0.948	763.710	313.824	15.591	761	312	15	6	6	2
217	2.305	14.550	14	13	260986	18641.857	1646.280	18475.000	16427	20982	545.500	461.071	16.214	0.699	0.245	0.656	545.455	461.052	16.218	544	460	15	4	3	3
218	3.951	18.756	24	22	500213	20842.209	3153.352	20903.000	16325	28197	349.417	471.917	15.667	0.813	0.204	0.789	349.423	471.940	15.649	348	470	15	4	4	3
219	6.914	27.513	42	37	920818	21924.238	4144.878	20983.000	16601	31298	500.381	491.310	15.810	0.990	0.230	1.013	500.386	491.312	15.785	498	490	15	6	4	3
220	4.609	25.238	28	28	546862	19530.785	2618.501	18583.500	16331	25153	287.643	501.857	16.036	0.970	0.431	1.000	287.630	501.888	16.021	287	499	15	3	8	3
221	2.140	13.412	13	13	246027	18925.154	2152.408	17820.000	16317	22374	364.692	502.615	15.692	0.638	0.162	0.692	364.730	502.569	15.690	363	501	15	4	4	2
222	11.358	37.753	69	58	1616626	23429.363	4979.848	22492.000	16695	38160	207.681	510.087	16.188	1.167	0.219	1.170	207.624	510.060	16.189	205	508	15	7	6	4
223	17.449	52.302	106	77	2728837	25743.746	7523.585	22927.000	16312	40393	334.689	514.708	16.519	1.445	0.293	1.519	334.700	514.686	16.499	331	512	15	8	6	4
224	1.811	11.481	11	11	199156	18105.092	1762.328	17712.000	16362	21314	444.273	516.273	15.636	0.661	0.182	0.642	444.298	516.293	15.655	443	515	15	4	3	2
225	11.194	40.477	68	58	1596332	23475.471	4901.095	22175.000	16725	33171	407.794	520.118	16.397	1.186	0.364	1.122	407.823	520.090	16.397	404	518	15	8	6	4
226	4.445	19.997	27	25	709927	26293.592	7244.808	25048.000	16750	43581	186.519	521.926	16.037	0.882	0.247	1.011	186.545	521.906	16.037	185	521	15	4	3	3
227	12.511	39.443	76	58	2192451	28848.039	9172.889	27830.000	16440	52905	415.750	524.658	16.263	1.269	0.252	1.241	415.763	524.683	16.236	414	522	15	5	6	4
228	12.840	45.476	78	62	1624613	20828.371	3874.659	19982.500	16390	30742	227.974	543.641	16.372	1.294	0.311	1.320	227.996	543.644	16.383	226	540	15	5	9	4
229	16.461	55.716	100	80	2495767	24957.670	6584.584	23281.000	16480	40033	371.110	543.460	16.640	1.433	0.347	1.463	371.148	543.493	16.596	367	539	15	8	9	4
230	8.231	32.168	50	42	1141338	22826.760	5507.854	21480.000	16437	37028	347.120	549.980	15.960	1.110	0.225	1.101	347.096	550.012	15.959	344	548	15	7	5	3
231	17.778	59.955	108	98	2272118	21038.129	3524.594	20698.500	16313	31649	270.759	584.222	16.426	1.399	0.462	1.403	270.858	584.266	16.417	266	579	15	10	10	4
232	9.383	36.615	57	53	1321339	23181.387	4560.953	23250.000	16581	31705	348.614	585.895	15.649	1.071	0.289	1.083	348.612	585.914	15.619	346	583	15	6	7	3
233	8.066	28.996	49	41	1179915	24079.898	5399.438	22824.000	16376	36362	247.429	586.776	16.020	1.072	0.189	1.091	247.444	586.766	16.021	245	585	15	6	5	3
234	6.585	26.375	40	35	909305	22732.625	4513.423	21759.500	16754	32877	251.125	591.400	15.850	1.004	0.228	0.982	251.047	591.354	15.820	249	590	15	6	4	3
235	11.523	40.028	70	56	1795335	25647.643	6334.715	25491.000	16419	43443	268.257	642.071	16.771	1.183	0.226	1.200	268.252	642.079	16.756	266	639	15	6	7	4
236	5.432	28.202	33	33	605425	18346.213	1173.062	18118.000	16521	21141	66.424	711.061	15.515	0.941	0.254	0.929	66.414	711.040	15.517	65	709	15	5	6	2
237	1.975	16.136	12	12	214863	17905.250	1317.424	17653.500	16451	20069	411.250	432.583	16.750	0.711	0.302	0.764	411.275	432.583	16.762	409	431	16	6	4	2
238	6.091	27.617	37	32	752028	20325.082	2482.858	20509.000	16302	25084	403.784	435.189	17.135	0.979	0.247	0.998	403.790	435.202	17.161	402	433	16	5	6	3
239	6.420	25.823	39	39	817943	20972.896	3704.390	20303.000	16587	28308	490.897	482.564	16.487	0.945	0.292	0.897	490.950	482.665	16.474	489	479	16	5	7	2
240	5.268	22.410	32	32	623244	19476.375	2405.027	18745.500	16323	23859	375.781	511.344	16.438	0.827	0.203	0.825	375.790	511.348	16.446	374	509	16	5	6	2
241	6.255	32.513	38	37	723859	19048.922	1944.741	18658.000	16349	23749	336.974	565.974	17.105	1.074	0.410	1.131	336.985	565.981	17.112	334	563	16	6	7	3
242	6.420	26.168	39	38	827338	21213.795	3545.091	21611.000	16420	30369	196.872	582.128	16.564	0.930	0.260	0.950	196.962	582.078	16.573	194	581	16	7	4	3
243	1.811	12.274	11	11	200949	18268.092	2046.138	17482.000	16336	22901	143.182	585.636	16.545	0.659	0.127	0.672	143.135	585.643	16.579	142	585	16	4	3	2
244	19.589	54.578	119	88	3119780	26216.639	7047.493	25025.000	16333	41974	3.941	605.664	17.588	1.477	0.259	1.502	3.929	605.714	17.585	1	602	16	7	7	4
245	8.560	37.857	52	50	1138179	21888.059	4942.601	20212.000	16347	35993	202.077	630.231	17.288	1.295	0.565	1.312	201.780	630.246	17.259	198	629	16	11	3	3
246	7.737	27.650	47	46	978488	20818.895	2649.041	21289.000	16307	26046	290.298	633.149	16.511	0.956	0.265	0.937	290.307	633.089	16.504	288	630	16	5	7	3
247	15.638	50.542	95	88	1992171	20970.221	2942.022	20759.000	16335	27195	7.221	671.421	17.358	1.265	0.343	1.290	7.195	671.411	17.359	3	668	16	9	7	3
248	1.646	9.999	10	10	180948	18094.801	1252.758	18193.500	16600	19874	158.000	671.500	16.600	0.597	0.101	0.601	157.987	671.509	16.611	157	671	16	3	2	2
249	1.811	11.136	11	11	214048	19458.908	2043.094	19958.000	16706	22989	130.545	673.727	16.455	0.622	0.107	0.579	130.505	673.685	16.471	129	673	16	4	3	2
250	10.371	45.165	63	60	1215269	19289.984	2251.632	18927.000	16354	27232	115.016	526.921	17.603	1.174	0.391	1.110	115.002	526.966	17.614	112	523	17	7	9	3
251	4.774	25.582	29	29	534478	18430.275	1444.548	18183.000	16413	21675	52.862	530.448	17.448	0.854	0.246	0.834	52.859	530.435	17.433	51	528	17	5	6	2
252	6.255	33.065	38	35	792212	20847.684	3983.409	19969.000	16372	30837	110.605	557.132	18.105	1.142	0.475	1.093	110.719	557.046	18.077	106	555	17	8	6	3
253	8.066	35.615	49	48	961193	19616.184	2536.486	18764.000	16379	25306	161.388	557.061	17.694	0.997	0.292	1.033	161.454	557.064	17.722	158	554	17	7	7	3
254	4.445	23.307	27	27	511550	18946.297	1648.194	18968.000	16354	22545	32.926	732.741	17.481	0.850	0.222	0.847	32.923	732.747	17.482	31	731	17	6	5	2
