 	Volume (micron^3)	Surface (micron^2)	Nb of obj. voxels	Nb of surf. voxels	IntDen	Mean	StdDev	Median	Min	Max	X	Y	Z	Mean dist. to surf. (micron)	SD dist. to surf. (micron)	Median dist. to surf. (micron)	XM	YM	ZM	BX	BY	BZ	B-width	B-height	B-depth
1	29.137	77.262	177	131	4555416	25736.814	10374.440	22749.000	12795	60515	683.282	167.068	2.870	1.690	0.414	1.657	683.309	167.171	2.849	678	162	1	10	11	4
2	31.771	81.954	193	127	6718794	34812.402	17718.576	31138.000	12786	65535	652.337	169.161	3.430	1.806	0.355	1.759	652.140	169.149	3.430	648	166	1	11	8	6
3	42.470	123.358	258	209	5819941	22557.910	8430.851	19624.500	12800	56155	725.543	175.705	2.818	2.310	1.114	2.063	725.984	175.100	2.808	717	169	1	15	19	4
4	19.754	56.060	120	90	3785273	31543.941	15089.791	28564.000	13133	65535	691.275	201.233	2.825	1.452	0.274	1.429	691.417	201.300	2.863	687	197	1	8	8	5
5	48.726	107.188	296	197	9151917	30918.639	14634.862	29402.000	12806	65535	651.047	220.081	3.142	1.979	0.370	1.985	650.944	220.130	3.126	645	216	1	13	10	5
6	52.018	108.912	316	200	10151995	32126.566	15972.010	27596.500	12802	65535	661.775	230.560	3.193	2.030	0.320	2.046	661.588	230.480	3.177	657	225	1	11	12	5
7	39.343	91.019	239	162	7496461	31365.945	14472.229	28130.000	12812	65535	675.874	237.519	3.301	1.875	0.425	1.854	675.964	237.676	3.271	671	233	1	11	10	5
8	26.338	68.402	160	125	4107905	25674.406	10144.553	23433.500	12901	60697	708.188	174.300	3.031	1.612	0.427	1.563	708.029	174.250	3.050	702	171	2	13	8	3
9	21.071	61.093	128	99	2684143	20969.867	6989.703	18838.000	12796	42461	664.211	176.266	3.148	1.477	0.328	1.435	664.164	176.259	3.166	659	173	2	11	7	4
10	22.223	61.612	135	90	4702074	34830.180	17652.570	30422.000	12887	65535	679.896	182.148	3.770	1.587	0.307	1.542	679.879	182.184	3.788	676	179	2	9	7	5
11	9.054	38.409	55	50	1275364	23188.436	8204.590	20669.000	13188	42323	778.745	193.400	3.309	1.140	0.327	1.156	778.846	193.398	3.305	776	190	2	7	7	4
12	22.223	67.608	135	122	2852910	21132.666	6039.375	19830.000	12875	38060	624.993	222.370	3.489	1.539	0.519	1.589	624.978	222.539	3.490	620	216	2	9	12	4
13	38.026	107.707	231	176	6658684	28825.473	15746.453	23219.000	12810	65535	760.433	224.788	4.108	2.189	0.733	2.260	760.559	225.506	3.896	754	217	2	12	15	6
14	28.149	71.333	171	130	4581738	26793.789	10056.840	24346.000	12882	50798	737.754	242.281	3.035	1.682	0.441	1.642	737.823	242.294	3.061	732	239	2	12	8	4
15	27.491	87.054	167	141	3522838	21094.838	6427.819	20567.000	12892	38421	632.198	246.353	3.299	1.560	0.441	1.602	632.250	246.257	3.330	628	242	2	11	10	4
16	39.014	80.676	237	153	8431821	35577.305	17830.305	30158.000	12792	65535	751.350	248.907	3.473	1.845	0.261	1.818	751.300	248.825	3.450	748	244	2	9	11	4
17	19.589	53.370	119	96	2812946	23638.201	8019.701	22063.000	13101	46919	656.353	258.092	3.118	1.381	0.258	1.391	656.451	258.016	3.177	653	255	2	7	8	3
18	16.132	61.471	98	95	1732015	17673.623	3840.692	16572.500	12892	26806	663.959	257.255	3.316	1.428	0.515	1.399	663.986	257.272	3.271	661	251	2	8	12	3
19	69.632	178.143	423	292	10960582	25911.541	13686.187	20247.000	12799	65535	788.113	275.156	6.284	2.882	1.009	2.827	788.236	275.184	6.451	776	267	2	19	17	8
20	22.058	64.506	134	106	3404197	25404.455	10861.438	23044.500	12843	57086	739.948	280.910	3.254	1.516	0.364	1.508	739.737	281.085	3.269	736	277	2	10	9	4
21	10.700	42.545	65	56	1193134	18355.908	5065.489	16518.000	12807	31281	808.877	286.538	3.108	1.183	0.285	1.134	808.922	286.541	3.107	805	283	2	8	8	3
22	24.363	68.472	148	110	3779485	25537.061	11141.516	22641.000	12931	55848	667.649	295.459	3.372	1.554	0.289	1.566	667.624	295.334	3.383	664	291	2	8	10	4
23	33.911	85.193	206	142	5949445	28880.801	14179.087	24380.000	12847	65535	631.252	297.481	3.311	1.804	0.399	1.805	631.241	297.576	3.306	627	292	2	9	12	4
24	46.915	98.431	285	185	9563764	33557.066	16474.520	30088.000	12904	65535	578.228	316.396	4.018	1.995	0.375	2.006	578.142	316.373	4.015	573	313	2	13	9	5
25	24.857	70.058	151	113	3881250	25703.643	12054.943	22026.000	13053	65535	781.040	325.629	3.536	1.664	0.457	1.629	780.997	325.288	3.501	778	321	2	7	12	4
26	68.315	161.418	415	314	10302650	24825.662	10319.021	21355.000	12880	56122	618.793	331.308	3.814	2.479	0.793	2.493	619.044	331.132	3.778	611	325	2	15	16	5
27	22.058	62.197	134	97	3817442	28488.373	13593.163	24199.500	12887	65168	663.507	332.022	3.694	1.577	0.355	1.621	663.636	332.034	3.683	658	330	2	11	6	4
28	21.894	61.853	133	99	3886765	29223.797	14268.591	25565.000	12831	62212	742.008	339.481	3.759	1.525	0.288	1.521	741.964	339.552	3.755	739	336	2	9	8	4
29	58.438	136.666	355	259	9826331	27679.805	11432.644	25969.000	12803	65535	808.341	350.904	3.454	2.381	0.810	2.399	808.306	350.677	3.416	804	342	2	10	19	4
30	72.924	179.735	443	283	14968191	33788.242	16190.758	29722.000	12788	65535	816.144	349.284	7.580	2.976	1.144	2.786	816.407	349.094	7.555	810	343	2	14	17	9
31	23.869	69.124	145	138	3061723	21115.330	5848.788	20571.000	12783	37787	579.269	350.779	3.421	1.546	0.534	1.566	579.501	350.886	3.408	573	347	2	13	8	3
32	29.137	82.814	177	140	4527197	25577.385	11682.356	22595.000	12986	61230	560.356	354.294	4.000	1.684	0.442	1.625	560.450	354.597	3.982	557	349	2	8	12	4
33	28.972	69.335	176	110	6505492	36963.023	19258.613	30751.500	12859	65535	781.568	365.034	3.920	1.747	0.272	1.725	781.526	365.069	3.857	778	362	2	8	8	5
34	78.686	170.383	478	333	15022451	31427.723	17642.053	23435.000	12796	65535	650.234	364.956	5.416	2.878	1.069	2.788	651.277	365.935	5.158	637	357	2	22	16	7
35	19.095	57.543	116	88	3002961	25887.596	10731.383	22730.500	12813	52463	804.302	372.267	3.405	1.453	0.317	1.473	804.314	372.290	3.408	801	368	2	7	9	4
36	45.763	99.502	278	173	10367188	37292.043	19050.631	34780.500	12827	65535	748.989	388.457	3.820	2.046	0.400	2.058	748.987	388.486	3.795	746	382	2	7	14	5
37	49.055	103.464	298	194	8954799	30049.660	15086.095	24293.500	12842	65535	802.956	387.419	3.403	1.989	0.331	1.990	802.997	387.409	3.375	797	382	2	12	13	4
38	47.573	103.775	289	195	8953224	30980.014	14572.714	28566.000	12797	65535	725.619	404.519	3.907	1.937	0.338	1.965	725.691	404.409	3.891	720	399	2	12	11	5
39	33.252	78.092	202	121	7775481	38492.480	19825.447	32203.000	12915	65535	803.277	413.238	3.975	1.867	0.292	1.913	803.175	413.309	3.941	800	409	2	10	9	5
40	48.232	101.155	293	188	9686556	33059.918	16850.217	28084.000	12788	65535	794.505	421.396	3.703	1.955	0.273	1.956	794.598	421.239	3.723	789	417	2	12	10	5
41	21.894	57.543	133	92	3945666	29666.662	14201.522	25988.000	12811	63001	781.880	424.850	3.391	1.524	0.197	1.535	781.837	424.836	3.386	778	422	2	8	7	4
42	24.528	58.577	149	100	4669221	31337.053	15009.387	25321.000	13136	64183	771.470	425.617	3.497	1.583	0.189	1.580	771.426	425.606	3.447	768	423	2	8	7	4
43	65.023	126.978	395	243	13929397	35264.297	17218.250	32608.000	12831	65535	773.628	445.547	4.076	2.327	0.586	2.226	773.771	445.629	4.008	765	441	2	18	9	5
44	39.837	94.710	242	172	8480381	35042.898	17038.285	30229.000	13031	65535	693.384	456.000	4.331	1.927	0.470	1.902	693.197	455.886	4.278	687	453	2	13	9	5
45	76.710	151.286	466	266	16740755	35924.367	17760.668	32346.000	12786	65535	648.871	459.056	4.592	2.412	0.464	2.466	648.832	459.126	4.549	642	453	2	15	13	6
46	80.167	146.494	487	264	18197064	37365.633	18729.098	33698.000	12804	65535	738.723	476.608	4.649	2.493	0.417	2.471	738.796	476.538	4.649	732	471	2	14	13	6
47	82.307	156.907	500	277	19321672	38643.344	19472.492	34491.500	13027	65535	731.790	497.234	4.564	2.670	0.654	2.635	731.569	497.412	4.566	724	492	2	18	11	6
48	72.430	164.286	440	285	12533229	28484.611	14579.247	23186.000	12840	65535	717.450	232.475	5.577	2.599	0.781	2.647	717.637	232.347	5.241	712	228	3	14	11	7
49	14.486	47.370	88	88	1662834	18895.842	3553.727	18397.000	13066	28480	689.977	290.011	3.511	1.349	0.519	1.338	689.950	289.945	3.521	686	285	3	8	11	2
50	8.231	39.476	50	50	795426	15908.520	2040.992	15520.500	12871	20733	724.920	290.460	3.320	1.072	0.349	1.082	724.911	290.391	3.302	722	288	3	7	8	2
51	3.292	14.550	20	20	420853	21042.650	6077.985	20897.000	12968	33590	658.800	296.000	3.500	0.696	0.115	0.702	658.747	296.052	3.500	657	295	3	4	3	2
52	37.038	115.049	225	179	4167150	18520.666	4394.829	17248.000	12787	30715	696.529	306.991	6.227	2.246	0.731	2.352	696.559	306.974	6.212	691	303	3	11	9	7
53	12.675	43.338	77	65	1699341	22069.363	7696.383	19667.000	12892	40946	761.740	313.403	3.818	1.205	0.238	1.211	761.886	313.463	3.770	757	311	3	9	6	3
54	32.100	83.744	195	143	4902180	25139.385	10147.107	21558.000	12821	51923	564.487	328.082	4.292	1.758	0.428	1.744	564.477	328.021	4.304	560	323	3	10	11	4
55	29.795	71.400	181	143	3782400	20897.238	6408.515	19629.000	12858	41441	707.829	342.674	3.873	1.613	0.365	1.617	707.884	342.790	3.855	704	338	3	10	10	3
56	31.441	73.538	191	145	4384967	22957.943	7117.639	21495.000	12823	45457	645.230	343.084	4.042	1.628	0.340	1.654	645.250	343.272	4.066	640	339	3	11	10	3
57	11.688	37.063	71	60	1665781	23461.705	8498.151	22213.000	13051	48600	697.746	348.296	3.972	1.206	0.237	1.188	697.809	348.190	4.004	696	346	3	5	7	3
58	49.713	99.154	302	200	8941458	29607.477	12241.436	26916.000	12914	59592	747.189	352.844	4.291	1.969	0.336	2.004	747.059	352.810	4.268	742	348	3	11	12	4
59	12.840	48.923	78	65	1335512	17121.949	3959.692	15902.000	12816	28484	783.192	353.590	4.115	1.268	0.321	1.273	783.234	353.621	4.115	780	350	3	8	8	3
60	15.803	49.682	96	69	2780101	28959.385	14271.110	24328.000	13021	63934	724.958	380.708	4.448	1.416	0.303	1.479	725.014	380.721	4.398	721	378	3	9	6	4
61	4.280	29.789	26	26	398394	15322.846	2333.923	14557.500	12796	21151	589.115	384.731	4.077	1.103	0.272	1.137	589.170	384.697	4.066	586	382	3	7	7	3
62	5.268	26.375	32	32	535565	16736.406	3618.919	15207.500	12855	27098	604.375	393.719	3.531	0.963	0.298	0.983	604.369	393.670	3.554	602	391	3	7	6	2
63	40.166	85.397	244	177	7220215	29591.045	11616.148	27656.000	12908	61904	555.611	412.750	4.115	1.789	0.371	1.835	555.580	412.707	4.119	551	408	3	10	11	4
64	44.446	100.121	270	170	8446290	31282.555	15463.683	27234.000	12790	65535	672.667	407.789	5.300	2.005	0.461	1.957	672.701	407.885	5.262	669	401	3	8	15	5
65	38.849	97.226	236	167	7744471	32815.555	15400.816	29030.500	13141	65535	722.322	444.369	4.305	1.992	0.520	1.938	722.305	444.395	4.233	718	439	3	11	13	4
66	34.734	80.127	211	126	7812236	37024.816	18857.037	34769.000	12821	65535	787.242	456.848	5.270	1.884	0.316	1.847	787.213	456.891	5.386	783	454	3	10	7	6
67	14.980	47.233	91	81	1935149	21265.373	6631.288	19964.000	12830	42659	590.538	471.022	4.637	1.247	0.278	1.289	590.592	471.047	4.643	587	468	3	8	7	4
68	55.640	109.049	338	218	9666915	28600.340	12743.141	24942.500	12806	65535	658.917	495.349	4.512	2.059	0.369	2.028	658.899	495.480	4.493	654	489	3	12	13	4
69	22.717	58.681	138	99	4338116	31435.623	14814.061	29029.500	12816	65535	762.674	506.493	4.297	1.530	0.230	1.552	762.605	506.407	4.264	760	503	3	7	8	4
70	45.598	93.535	277	178	8403544	30337.703	14091.695	26686.000	12838	65535	553.603	511.343	4.412	1.981	0.389	1.948	553.663	511.596	4.384	549	506	3	9	13	4
71	45.434	98.776	276	180	7836160	28391.885	12440.259	27278.000	12790	65535	684.043	513.094	4.681	1.921	0.323	1.915	684.211	513.163	4.758	678	508	3	13	10	5
72	14.321	40.028	87	71	2569446	29533.861	9920.815	28722.000	12818	51473	742.322	513.356	3.954	1.252	0.178	1.228	742.301	513.392	3.877	739	511	3	7	6	3
73	27.491	72.886	167	112	5141448	30787.113	15078.457	26807.000	12783	65535	629.114	516.707	4.784	1.670	0.272	1.694	629.108	516.752	4.823	625	513	3	9	9	5
74	20.412	58.818	124	100	2743978	22128.855	6936.273	20646.000	12932	38533	742.395	549.661	4.089	1.449	0.325	1.421	742.450	549.728	4.139	737	546	3	11	8	3
75	44.775	118.254	272	201	7133743	26226.996	11733.363	23928.500	12843	63917	685.165	549.592	4.860	1.962	0.523	1.927	685.248	549.938	4.905	680	541	3	12	15	5
76	27.820	68.231	169	116	5291951	31313.320	16110.068	26445.000	12905	65535	774.876	556.426	5.402	1.672	0.262	1.701	775.140	556.476	5.392	770	553	3	10	8	5
77	34.075	87.880	207	172	4127580	19940.000	5126.926	19087.000	12822	35796	759.068	574.126	4.184	1.801	0.586	1.737	758.906	574.130	4.197	753	570	3	14	9	3
78	19.589	59.474	119	92	3008044	25277.682	10681.080	21516.000	12784	54374	731.336	580.958	4.378	1.512	0.385	1.544	731.460	581.000	4.384	726	578	3	11	7	4
79	6.914	29.444	42	36	912066	21715.857	6641.134	20905.000	13032	35969	700.071	589.333	4.690	1.000	0.271	0.985	700.092	589.344	4.679	698	587	3	6	5	4
80	15.474	47.752	94	70	2492658	26517.639	11338.372	23225.000	12975	59656	766.223	612.989	4.543	1.366	0.234	1.414	766.299	613.064	4.567	763	610	3	7	7	4
81	32.264	80.331	196	137	5011688	25569.836	10092.332	23327.000	12812	58490	621.689	633.158	4.735	1.691	0.281	1.722	621.712	633.193	4.743	618	628	3	9	11	5
82	17.284	64.680	105	84	2309931	21999.344	9577.893	18381.000	12809	57809	734.495	636.095	4.905	1.586	0.557	1.416	734.375	636.117	4.846	731	632	3	11	10	5
83	54.817	112.877	333	209	10293322	30910.877	14747.199	27485.000	12843	65535	618.336	647.805	5.372	2.058	0.350	2.071	618.489	647.827	5.330	612	643	3	12	12	5
84	39.343	107.536	239	157	7498807	31375.762	15836.099	27972.000	12787	65535	794.803	662.833	5.795	2.130	0.825	1.919	794.889	662.739	5.587	790	659	3	10	9	9
85	66.010	129.461	401	232	13612495	33946.371	17179.840	31118.000	12892	65535	707.631	667.793	5.050	2.258	0.360	2.208	707.521	667.825	5.060	702	661	3	12	14	5
86	27.161	77.989	165	111	4840104	29333.963	14298.245	26267.000	12793	65535	868.194	698.909	5.152	1.697	0.363	1.768	868.232	698.922	5.147	864	695	3	10	9	5
87	37.038	85.263	225	142	8414330	37397.023	18523.834	32849.000	12816	65535	906.164	699.658	5.667	1.864	0.306	1.850	906.139	699.685	5.667	903	695	3	7	10	6
88	54.652	113.222	332	208	10812153	32566.727	15914.282	27437.000	12854	65535	631.196	710.524	5.416	2.136	0.482	2.013	631.221	710.504	5.400	626	704	3	12	14	5
89	35.392	89.848	215	143	6367310	29615.395	14692.331	25018.000	12834	65535	714.447	715.423	5.167	1.878	0.424	1.874	714.392	715.407	5.181	709	711	3	12	10	5
90	52.347	113.981	318	198	9852239	30981.883	14742.438	28687.000	12792	65535	653.811	718.550	5.038	2.080	0.345	2.061	653.781	718.615	5.053	647	714	3	14	10	5
91	27.491	71.092	167	115	4765593	28536.484	12666.606	26807.000	12789	65274	798.258	720.389	4.790	1.661	0.336	1.668	798.299	720.374	4.866	793	717	3	11	8	5
92	40.001	99.639	243	166	7006843	28834.744	13118.905	25997.000	12797	65535	780.518	734.128	4.749	1.942	0.511	1.875	780.443	734.023	4.797	775	729	3	11	12	5
93	38.520	87.502	234	156	6658726	28456.094	13626.683	24413.000	12872	65535	863.496	746.568	5.167	1.828	0.279	1.859	863.510	746.668	5.154	859	742	3	11	9	5
94	45.763	101.914	278	180	8387151	30169.607	14025.764	26396.000	12832	65535	891.781	774.446	5.378	1.988	0.385	1.963	891.695	774.537	5.387	888	769	3	9	13	5
95	36.709	84.055	223	142	7402146	33193.480	16392.730	28590.000	12792	65535	741.673	782.973	5.287	1.818	0.243	1.827	741.723	782.985	5.284	737	779	3	10	9	5
96	4.938	28.788	30	30	484625	16154.167	2924.141	15691.000	12793	22193	774.433	222.300	4.833	1.203	0.523	1.246	774.421	222.307	4.853	770	219	4	9	7	2
97	18.108	81.265	110	101	1986150	18055.908	4770.159	17021.000	13000	37124	869.073	258.682	6.091	2.248	0.768	2.226	869.056	258.762	6.106	861	256	4	16	7	6
98	19.754	53.370	120	95	2698663	22488.857	7735.841	20572.500	13292	45141	784.425	315.033	5.900	1.437	0.318	1.372	784.424	315.177	5.892	780	312	4	10	7	4
99	53.993	142.254	328	208	10411549	31742.527	17184.619	24934.000	12807	65535	693.146	355.665	8.436	2.560	1.029	2.332	693.401	355.618	8.686	685	350	4	15	12	8
100	4.445	29.237	27	27	436653	16172.333	2329.303	15591.000	12811	20196	699.074	368.963	4.926	0.984	0.354	0.964	699.143	368.897	4.933	695	366	4	8	7	2
101	25.844	85.397	157	140	3114239	19835.918	5316.729	18657.000	12864	38799	537.083	419.535	5.331	1.761	0.680	1.681	536.951	419.366	5.352	534	413	4	8	15	4
102	10.535	47.785	64	64	1040029	16250.453	2432.207	15714.500	12853	21959	540.359	454.219	4.672	1.152	0.361	1.145	540.270	454.166	4.706	537	451	4	7	8	3
103	20.577	64.162	125	104	2706411	21651.287	7589.833	19535.000	12809	37345	764.056	494.368	5.376	1.469	0.394	1.478	764.167	494.390	5.394	760	491	4	10	8	4
104	8.725	35.236	53	46	999366	18855.963	5155.458	18064.000	12891	31623	705.038	502.038	4.981	1.173	0.346	1.112	704.972	502.028	4.981	702	500	4	9	5	3
105	2.305	13.653	14	14	254916	18208.285	3290.054	18010.000	13228	23770	588.857	505.857	5.000	0.615	0.264	0.593	588.802	505.923	5.003	587	505	4	5	3	3
106	4.280	22.032	26	24	648119	24927.654	10234.244	24241.000	13602	53009	777.077	518.038	5.269	0.950	0.351	0.870	777.166	518.140	5.222	776	516	4	3	5	4
107	30.124	76.469	183	131	4566760	24954.973	9071.417	22887.000	12883	49794	544.563	533.820	5.656	1.713	0.392	1.670	544.555	533.884	5.679	541	527	4	8	13	4
108	3.786	21.376	23	23	359359	15624.305	1998.900	15065.000	13105	20105	759.826	537.739	4.696	0.788	0.262	0.782	759.861	537.695	4.709	757	536	4	6	4	2
109	65.187	151.941	396	258	12169858	30731.965	17442.371	22756.000	12911	65535	770.442	539.371	7.278	2.732	0.934	2.711	770.668	538.942	6.791	763	535	4	15	11	9
110	5.761	32.064	35	35	552907	15797.343	1862.486	15322.000	13507	19854	576.600	541.886	4.343	1.111	0.327	1.107	576.587	541.940	4.330	574	538	4	5	8	2
111	8.560	37.545	52	52	863234	16600.654	2342.517	16302.500	12817	23253	583.865	541.904	4.596	1.148	0.390	1.112	583.890	541.923	4.605	582	538	4	5	9	2
112	11.029	40.751	67	61	1296237	19346.820	5340.505	18631.000	12792	36930	666.836	542.060	4.791	1.130	0.257	1.174	666.909	542.047	4.763	663	539	4	8	7	3
113	9.548	33.891	58	49	1196034	20621.275	6208.222	19085.500	13164	37605	581.759	576.448	4.879	1.109	0.221	1.111	581.765	576.439	4.886	579	574	4	6	6	3
114	18.601	53.922	113	91	2827553	25022.594	9300.186	22472.000	12816	51146	677.814	580.195	5.062	1.416	0.322	1.366	677.806	580.130	5.074	675	575	4	7	10	3
115	41.812	91.086	254	187	6659331	26217.838	9386.028	24766.500	12808	52922	655.126	595.508	5.114	1.824	0.405	1.863	655.033	595.433	5.144	650	591	4	12	11	4
116	39.343	98.675	239	156	8455680	35379.414	18375.402	30146.000	12788	65535	625.017	602.485	5.762	2.059	0.564	2.056	625.095	602.465	5.785	619	598	4	13	10	5
117	13.828	47.992	84	74	1689264	20110.285	6380.660	18379.000	12814	48262	643.524	618.595	5.214	1.265	0.318	1.267	643.512	618.648	5.188	640	616	4	9	6	3
118	18.766	52.129	114	91	2372991	20815.711	6667.473	19300.000	12872	39329	712.211	635.237	4.877	1.362	0.234	1.352	712.217	635.236	4.850	709	632	4	8	8	3
119	14.815	44.890	90	66	2611700	29018.889	13013.651	24766.500	12874	62648	716.278	644.767	5.356	1.384	0.274	1.400	716.238	644.732	5.334	714	642	4	6	7	4
120	53.500	107.499	325	192	11614945	35738.293	17693.387	32867.000	12970	65535	591.443	650.194	6.123	2.080	0.254	2.091	591.425	650.138	6.125	586	646	4	12	10	5
121	7.243	30.374	44	43	807253	18346.658	3428.359	18059.500	12971	25469	847.205	682.341	5.591	0.956	0.297	0.937	847.167	682.264	5.574	845	680	4	6	6	4
122	33.087	81.780	201	140	5710750	28411.691	12485.354	24004.000	12788	61032	881.711	694.642	5.552	1.819	0.416	1.790	881.706	694.662	5.574	878	690	4	9	11	4
123	28.149	87.810	171	166	3102029	18140.520	3949.292	17441.000	12860	34205	650.778	698.655	4.637	1.620	0.557	1.635	650.851	698.647	4.667	645	693	4	13	12	3
124	11.523	44.372	70	60	1380623	19723.186	5416.736	18030.500	12925	34253	757.757	718.371	5.171	1.258	0.381	1.204	757.733	718.127	5.171	755	715	4	6	10	3
125	25.844	75.298	157	120	4206634	26793.848	11085.923	22539.000	12852	60864	844.777	729.057	5.178	1.769	0.555	1.741	844.695	729.031	5.158	841	724	4	10	12	4
126	40.660	88.432	247	169	6885123	27874.992	12013.467	25622.000	12797	65535	719.332	742.615	5.457	1.847	0.285	1.858	719.197	742.571	5.409	714	738	4	11	11	4
127	43.458	116.775	264	179	7521626	28491.008	13779.012	23641.000	12891	65535	656.030	745.080	5.591	2.285	0.711	2.304	655.811	745.154	5.556	648	741	4	17	9	4
128	20.083	56.542	122	92	3105548	25455.311	10911.739	21129.000	12860	52037	824.828	747.361	5.434	1.445	0.253	1.470	824.798	747.284	5.433	821	744	4	8	8	4
129	22.552	67.334	137	108	3554429	25944.736	11276.042	22970.000	12785	65535	769.752	751.861	5.117	1.594	0.460	1.597	769.752	751.911	5.111	764	749	4	12	7	4
130	26.832	72.678	163	119	4364148	26773.914	12444.259	24058.000	12973	65535	926.614	761.853	6.055	1.609	0.327	1.607	926.553	761.712	6.045	923	758	4	9	10	5
131	35.227	88.814	214	156	6035798	28204.664	11317.524	26842.500	12821	64565	816.832	769.729	6.037	1.895	0.580	1.856	816.975	769.782	5.998	810	767	4	14	7	5
132	45.598	97.019	277	174	10014342	36152.859	17740.883	30859.000	12919	65535	869.401	791.740	6.498	1.978	0.314	1.971	869.378	791.703	6.489	865	787	4	10	11	6
133	20.248	57.335	123	92	3140591	25533.260	10135.385	23317.000	12785	58611	760.008	806.114	5.927	1.462	0.305	1.428	760.073	806.167	5.931	756	803	4	9	7	5
134	11.194	43.338	68	63	1530721	22510.604	7518.636	21705.500	12837	38061	810.500	822.662	5.471	1.247	0.445	1.260	810.706	822.641	5.462	805	821	4	11	5	4
135	25.186	67.642	153	134	3392707	22174.555	7277.714	20577.000	12803	42320	801.340	834.451	5.503	1.542	0.391	1.574	801.289	834.612	5.491	797	831	4	11	9	4
136	14.815	46.510	90	71	2122545	23583.834	8102.152	21745.500	13179	45157	780.133	836.089	5.833	1.301	0.252	1.267	780.073	836.028	5.799	777	834	4	8	7	4
137	19.754	53.715	120	98	2750518	22920.982	7761.187	21451.000	12824	44270	817.725	863.533	5.725	1.396	0.259	1.405	817.799	863.587	5.675	814	860	4	8	8	4
138	18.601	52.095	113	87	2975692	26333.557	9285.380	24876.000	12790	56633	812.035	877.894	5.850	1.377	0.216	1.387	812.097	878.029	5.842	809	874	4	7	8	4
139	57.286	114.326	348	202	11590785	33306.852	16641.141	29356.500	12799	65535	723.422	209.569	7.034	2.141	0.293	2.137	723.264	209.658	6.981	718	205	5	12	11	5
140	6.749	28.996	41	34	695110	16953.902	4159.953	15382.000	12868	28120	845.683	239.122	6.073	1.008	0.211	1.040	845.713	239.129	6.072	843	237	5	6	5	3
141	2.634	15.687	16	16	279845	17490.312	4137.399	16077.000	13200	25102	600.625	247.188	5.688	0.739	0.268	0.748	600.566	247.247	5.701	599	246	5	4	3	3
142	59.590	202.173	362	304	7499346	20716.426	7747.785	18058.500	12818	48718	772.273	251.865	7.271	2.885	1.496	2.444	772.024	251.693	7.132	758	246	5	30	13	6
143	17.943	55.783	109	100	2240231	20552.578	6026.776	19887.000	12884	46440	793.092	252.963	6.422	1.358	0.473	1.347	793.166	253.219	6.396	789	249	5	8	9	4
144	28.643	73.953	174	133	4600642	26440.471	10126.864	24157.000	12835	53043	795.644	326.977	6.868	1.665	0.413	1.632	795.663	327.131	6.875	792	321	5	8	12	4
145	52.018	126.670	316	206	9030999	28579.111	12998.054	25747.500	12818	65535	704.066	388.766	8.342	2.353	0.806	2.313	703.958	388.858	8.345	696	385	5	17	8	7
146	4.609	26.824	28	28	445791	15921.107	2594.957	15051.000	12941	22433	755.857	450.679	5.393	1.006	0.342	0.990	755.885	450.620	5.365	753	448	5	6	7	2
147	36.380	84.745	221	148	6131148	27742.752	13065.537	24897.000	12837	65535	687.371	481.181	7.113	1.787	0.276	1.818	687.488	481.372	7.061	682	477	5	11	9	5
148	60.413	115.497	367	224	12165885	33149.551	15773.899	30977.000	12815	65535	678.638	620.539	7.270	2.166	0.361	2.191	678.502	620.505	7.252	674	614	5	10	14	5
149	31.935	80.127	194	126	7301867	37638.488	19149.574	34709.500	12882	65535	749.304	633.639	7.753	1.862	0.408	1.836	749.377	633.673	7.701	743	631	5	12	7	6
150	5.597	25.238	34	32	640806	18847.234	3957.139	18593.500	12826	29205	834.618	706.618	5.647	0.887	0.214	0.880	834.579	706.671	5.630	832	705	5	6	4	3
151	17.120	54.611	104	89	1856626	17852.174	4175.553	16401.500	12967	30633	934.144	708.288	6.135	1.346	0.310	1.344	934.156	708.366	6.106	931	703	5	7	10	3
152	14.321	58.921	87	81	1526693	17548.195	4039.251	16185.000	12835	30852	934.368	717.690	6.138	1.368	0.466	1.313	934.428	717.673	6.123	930	714	5	10	9	3
153	48.726	102.915	296	179	10546193	35629.031	17938.578	31185.000	12870	65535	637.497	746.726	7.105	2.060	0.370	2.050	637.544	746.820	7.083	633	742	5	10	11	6
154	7.901	31.960	48	42	896917	18685.771	5069.032	17694.500	12887	32091	775.646	777.000	6.125	1.086	0.303	1.083	775.639	777.032	6.071	774	774	5	5	8	3
155	23.375	67.953	142	119	2800461	19721.557	5106.657	18586.000	12873	33388	833.056	811.387	5.831	1.497	0.376	1.482	833.216	811.331	5.790	828	808	5	11	9	3
156	15.309	55.164	93	83	1808811	19449.580	5244.609	19266.000	12836	31901	857.828	860.645	6.409	1.408	0.538	1.330	857.915	860.672	6.428	852	858	5	11	6	4
157	12.181	58.025	74	70	1263274	17071.270	3826.906	15974.000	12809	27910	855.608	891.257	6.095	1.317	0.487	1.208	855.609	891.361	6.086	852	886	5	8	11	3
158	15.968	54.026	97	78	1896927	19555.949	5360.441	18791.000	12786	35028	663.464	172.351	7.340	1.393	0.399	1.394	663.395	172.342	7.336	659	170	6	11	5	4
159	16.132	51.198	98	78	2001423	20422.684	5989.825	18719.000	13132	38675	737.571	194.500	6.990	1.337	0.261	1.307	737.543	194.509	6.962	733	192	6	10	7	3
160	40.660	85.712	247	144	9308297	37685.414	19176.299	31117.000	12909	65535	712.579	219.085	8.960	1.979	0.266	1.975	712.574	219.186	8.967	709	215	6	9	9	6
161	26.997	69.094	164	105	5803138	35384.988	17926.439	29392.500	13007	65535	755.890	235.207	7.933	1.741	0.343	1.732	755.978	235.302	8.000	752	232	6	8	7	5
162	4.280	20.446	26	23	642447	24709.500	11319.303	21364.500	13000	52427	843.000	262.462	6.885	0.904	0.235	0.961	842.988	262.498	6.847	842	261	6	4	4	3
163	41.318	103.293	251	178	6045885	24087.191	7981.026	22871.000	12893	49493	581.865	289.789	7.538	1.988	0.546	2.017	581.903	289.852	7.560	576	283	6	12	13	4
164	25.680	68.060	156	109	5343058	34250.371	17978.992	28352.000	12947	65535	754.141	311.455	8.000	1.721	0.406	1.835	754.253	311.450	7.980	750	309	6	9	6	5
165	7.408	40.443	45	43	882641	19614.244	6091.546	17888.000	12988	39674	838.933	313.956	8.178	1.231	0.530	1.194	839.104	314.164	8.078	836	311	6	6	7	5
166	19.918	54.923	121	85	2883031	23826.703	9361.420	21036.000	12791	47291	763.149	320.901	7.397	1.493	0.230	1.478	763.133	320.872	7.372	759	317	6	8	8	4
167	54.487	134.531	331	221	9782903	29555.598	13939.890	25838.000	12827	65535	769.580	351.979	8.284	2.416	0.824	2.430	769.383	351.965	8.269	762	347	6	18	10	5
168	54.981	113.466	334	194	12517659	37478.020	19295.896	32823.500	12785	65535	617.719	355.060	8.216	2.213	0.398	2.216	617.761	354.899	8.237	614	350	6	9	13	6
169	19.260	55.267	117	91	2579555	22047.479	6785.132	21342.000	12820	42376	547.085	362.487	7.718	1.488	0.417	1.473	547.098	362.465	7.705	544	358	6	7	10	4
170	17.943	54.371	109	84	2307231	21167.258	6576.207	19229.000	12815	36544	622.440	379.000	7.835	1.430	0.324	1.391	622.415	378.982	7.800	619	375	6	7	9	4
171	13.663	59.715	83	83	1452657	17501.891	3613.714	16456.000	12801	28779	661.735	584.072	6.530	1.583	0.616	1.497	661.669	584.109	6.546	656	581	6	14	6	2
172	18.437	52.784	112	86	2509122	22402.875	6904.830	21470.500	13026	40602	567.045	588.661	7.946	1.395	0.276	1.386	566.987	588.648	7.924	563	586	6	9	7	4
173	43.129	106.880	262	177	8327346	31783.764	15672.899	26106.000	12810	65535	662.324	603.599	8.954	2.097	0.582	2.180	662.253	603.612	8.908	658	598	6	12	13	6
174	20.577	54.923	125	89	3704682	29637.455	14063.217	26970.000	12784	65535	659.552	616.128	7.720	1.501	0.228	1.487	659.548	616.173	7.753	657	613	6	7	8	4
175	38.849	91.949	236	168	6172953	26156.580	10486.406	23199.000	12865	58107	636.462	626.258	7.572	1.839	0.385	1.826	636.507	626.272	7.574	631	620	6	11	12	4
176	48.726	106.054	296	170	11418326	38575.426	19728.314	33321.000	12789	65535	572.909	638.230	9.172	2.141	0.424	2.133	572.879	638.227	9.107	569	633	6	8	12	7
177	17.120	55.026	104	78	2300530	22120.480	7091.667	22107.500	12818	36866	601.875	697.029	7.298	1.392	0.276	1.390	601.858	697.194	7.334	598	694	6	8	7	4
178	13.828	51.476	84	67	1881601	22400.012	7270.888	20734.500	12835	43391	605.702	706.119	7.738	1.309	0.329	1.331	605.692	705.982	7.687	603	703	6	7	8	4
179	31.935	85.471	194	132	6583828	33937.258	18489.916	27433.000	12862	65535	847.959	712.773	7.928	1.876	0.457	1.960	847.770	712.964	7.910	843	708	6	11	9	5
180	15.145	45.061	92	79	1775646	19300.500	4919.967	18355.000	12894	32325	745.978	729.891	7.011	1.274	0.236	1.291	745.900	729.889	6.990	743	727	6	7	7	3
181	45.598	98.157	277	175	9135657	32980.711	16306.689	29166.000	12795	65535	727.975	178.336	9.155	1.966	0.291	1.978	728.089	178.342	9.180	724	174	7	9	11	5
182	26.503	72.471	161	128	3970958	24664.336	8932.307	22837.000	12915	53202	650.460	197.460	9.000	1.758	0.604	1.735	650.479	197.371	8.978	644	195	7	14	7	4
183	26.832	66.541	163	119	4476040	27460.367	11855.257	24577.000	12972	65535	768.859	198.264	8.939	1.601	0.304	1.594	769.137	198.273	8.943	765	195	7	9	8	5
184	28.643	72.886	174	121	5256634	30210.541	14514.991	26395.500	12843	65535	752.810	206.897	9.075	1.683	0.341	1.704	752.971	206.793	9.081	749	203	7	8	9	5
185	17.120	51.028	104	75	3260373	31349.740	15710.394	29354.000	12915	65535	692.481	208.567	8.885	1.443	0.327	1.374	692.488	208.644	8.895	690	206	7	6	6	5
186	14.980	45.543	91	89	1742468	19148.000	3226.476	19284.000	12877	26055	784.714	207.132	8.462	1.244	0.414	1.240	784.653	207.145	8.468	780	204	7	10	7	3
187	24.034	66.852	146	104	4166983	28540.979	14072.048	23406.000	12829	65535	647.658	228.171	8.616	1.647	0.364	1.643	647.673	228.274	8.666	643	225	7	10	7	5
188	22.717	66.196	138	107	3113594	22562.275	8128.785	19739.500	12981	43599	655.826	235.928	8.754	1.541	0.345	1.550	655.765	235.844	8.734	651	233	7	10	7	4
189	4.938	23.066	30	27	571324	19044.133	5137.005	17806.000	12810	34711	736.433	241.333	7.867	0.933	0.254	0.921	736.496	241.298	7.875	735	240	7	5	4	3
190	19.589	64.680	119	96	2740616	23030.387	9181.443	20517.000	12880	52960	855.613	247.294	8.639	1.567	0.479	1.595	855.410	247.339	8.618	851	245	7	12	6	4
191	36.874	117.980	224	193	4579288	20443.250	6039.208	18983.500	12795	39989	833.826	249.714	8.741	2.466	1.112	2.386	833.687	249.610	8.780	827	242	7	18	16	4
192	37.697	105.913	229	173	5543305	24206.572	10576.575	20208.000	12820	52289	637.568	250.900	8.790	2.092	0.674	2.012	637.092	251.197	8.793	631	244	7	15	12	4
193	2.140	13.860	13	12	236884	18221.846	4677.884	15289.000	12985	26805	834.154	258.385	7.923	0.696	0.278	0.630	834.184	258.401	7.904	833	257	7	3	4	3
194	13.663	47.233	83	82	1474867	17769.482	4013.569	16916.000	12834	28660	693.072	279.157	8.566	1.199	0.404	1.130	692.812	279.089	8.554	689	276	7	10	7	4
195	13.334	47.752	81	67	1806813	22306.334	8117.496	19224.000	12809	41851	800.444	296.457	8.457	1.308	0.314	1.327	800.402	296.411	8.453	796	294	7	9	7	4
196	32.594	74.642	198	135	5559169	28076.611	12014.910	24296.500	12818	63146	680.101	323.444	8.641	1.718	0.269	1.710	679.995	323.480	8.660	675	320	7	11	8	4
197	37.861	96.537	230	157	6752173	29357.273	13074.055	26999.500	12802	65535	594.374	359.596	8.909	1.952	0.490	1.932	594.438	359.685	8.930	588	355	7	13	10	5
198	41.977	104.190	255	183	6826863	26772.012	11015.076	23596.000	12826	56731	714.526	361.063	8.718	2.256	0.770	2.199	714.677	361.174	8.711	706	358	7	18	7	4
199	42.470	102.396	258	176	6729528	26083.441	9273.677	24246.000	12839	50867	571.438	368.287	9.132	1.930	0.436	1.903	571.520	368.262	9.121	566	364	7	12	12	5
200	6.914	30.926	42	40	714432	17010.285	3030.803	16639.000	12800	24999	628.524	393.762	8.143	0.996	0.321	1.033	628.484	393.792	8.165	626	391	7	6	6	3
201	45.927	138.874	279	215	6093097	21839.057	7785.496	19244.000	12789	46687	795.366	392.215	9.577	2.418	0.857	2.471	795.002	392.706	9.546	787	383	7	18	16	6
202	45.927	140.012	279	225	6498458	23291.965	8782.695	21837.000	12791	52338	694.280	400.692	8.982	2.707	1.018	2.690	694.116	400.742	8.976	686	395	7	23	11	5
203	38.355	94.777	233	167	5635928	24188.531	7912.850	23158.000	12785	50246	624.232	445.446	8.150	1.846	0.427	1.862	624.269	445.591	8.135	620	439	7	10	13	4
204	37.367	86.538	227	146	6641109	29255.986	12678.589	27022.000	12783	62767	606.855	444.656	9.189	1.853	0.307	1.854	606.834	444.725	9.186	601	441	7	12	8	5
205	15.474	50.924	94	72	2503104	26628.766	11383.553	24128.000	12881	57514	709.660	445.170	9.074	1.363	0.308	1.335	709.584	445.211	9.068	705	443	7	10	5	5
206	31.277	77.403	190	118	6285794	33083.125	16785.398	28869.500	12802	65535	551.058	561.626	9.868	1.823	0.348	1.839	550.938	561.645	9.799	547	558	7	9	9	6
207	28.314	80.231	172	114	5652928	32865.859	16611.346	27850.500	12830	65535	555.017	574.640	9.093	1.863	0.529	1.917	555.095	574.841	9.101	552	569	7	7	11	6
208	5.268	25.445	32	32	640813	20025.406	5496.295	20526.000	12786	32798	796.094	613.969	7.812	1.011	0.338	0.990	796.240	614.129	7.819	795	611	7	3	6	3
209	45.763	104.709	278	170	9532896	34290.992	17232.850	30125.500	12787	65535	602.406	618.881	9.903	2.068	0.446	2.102	602.566	618.955	9.859	596	616	7	13	7	6
210	36.709	103.534	223	172	4384522	19661.533	5783.146	18326.000	12912	40046	746.430	652.054	8.843	1.877	0.497	1.826	746.672	652.147	8.781	742	645	7	10	14	4
211	41.647	98.123	253	158	8338941	32960.242	16705.898	28502.000	12841	65535	586.020	663.941	9.411	1.961	0.383	1.938	585.928	664.028	9.392	583	658	7	8	12	6
212	16.626	53.407	101	76	2627842	26018.238	10293.523	23798.000	13274	47980	910.099	691.911	9.446	1.446	0.329	1.517	910.085	691.763	9.416	907	689	7	8	7	5
213	3.128	23.514	19	19	280410	14758.421	1595.873	14475.000	12830	17447	691.737	700.105	7.474	0.947	0.336	0.954	691.768	700.103	7.475	689	698	7	7	5	2
214	1.646	9.999	10	10	230254	23025.400	5651.293	24496.500	13135	31680	848.400	705.400	7.500	0.609	0.099	0.564	848.438	705.353	7.505	847	704	7	3	3	2
215	8.889	38.787	54	52	983183	18207.092	3859.521	17293.000	12881	27124	696.056	712.556	7.667	1.198	0.466	1.146	696.009	712.344	7.653	694	709	7	5	10	3
216	1.646	9.206	10	10	186125	18612.500	4591.425	18633.000	13217	28732	859.200	717.500	7.400	0.592	0.094	0.615	859.185	717.585	7.387	858	717	7	3	2	2
217	12.346	42.096	75	69	1419185	18922.467	3924.743	18524.000	13031	31132	755.387	734.773	7.613	1.167	0.319	1.190	755.333	734.719	7.584	752	731	7	7	8	3
218	12.511	43.130	76	74	1398006	18394.816	3451.090	17694.000	12867	26441	782.592	745.132	8.474	1.162	0.372	1.145	782.582	745.056	8.461	779	742	7	8	7	4
219	27.161	66.437	165	115	4276762	25919.770	9934.892	23091.000	12865	52962	816.988	760.539	8.503	1.613	0.224	1.614	816.997	760.634	8.550	813	757	7	9	8	4
220	22.058	57.647	134	94	3548814	26483.688	10196.440	24127.000	12843	54799	863.321	916.649	8.381	1.539	0.227	1.576	863.251	916.665	8.411	860	914	7	8	7	4
221	11.358	40.373	69	64	1383751	20054.363	5400.000	19022.000	13006	34307	703.913	153.043	9.319	1.126	0.295	1.124	703.898	152.898	9.344	701	151	8	7	6	4
222	16.461	62.268	100	88	2566046	25660.461	11488.476	21268.000	12993	59361	662.040	161.370	9.390	1.589	0.559	1.589	662.328	161.222	9.428	655	159	8	14	6	4
223	15.968	48.578	97	79	2012618	20748.639	5238.165	20776.000	12901	32734	708.412	163.619	9.196	1.306	0.287	1.301	708.352	163.675	9.245	706	159	8	6	10	3
224	27.820	68.539	169	130	3665333	21688.361	6227.891	20390.000	12916	39892	754.030	180.692	8.959	1.611	0.393	1.586	753.906	180.651	8.953	749	177	8	12	8	3
225	5.597	24.893	34	31	614425	18071.324	3739.145	17343.000	13523	25992	786.735	200.765	8.794	0.909	0.276	0.922	786.764	200.797	8.787	785	199	8	5	4	3
226	26.997	67.160	164	131	3682243	22452.701	7454.330	20872.500	12799	45497	672.671	207.012	9.244	1.561	0.321	1.594	672.641	206.878	9.284	669	203	8	8	10	4
227	14.486	43.408	88	65	2423177	27536.102	12451.320	23723.500	12791	59627	685.602	207.318	9.489	1.388	0.263	1.459	685.564	207.281	9.493	683	205	8	6	6	4
228	7.901	33.891	48	47	794615	16554.479	3497.480	15600.000	12785	26742	655.896	207.896	9.375	0.979	0.296	0.979	655.854	207.835	9.341	654	205	8	5	8	3
229	32.264	78.986	196	155	5093409	25986.781	9694.917	24159.500	12805	57705	806.622	228.311	8.949	1.898	0.648	1.813	806.994	228.391	8.942	799	225	8	16	7	3
230	38.849	111.669	236	203	5114644	21672.221	8309.848	19272.500	12799	54347	694.521	232.174	9.237	2.212	0.835	2.277	694.079	232.971	9.216	688	223	8	13	17	4
231	5.926	30.960	36	35	597408	16594.666	3150.549	15862.000	12898	26736	821.972	234.278	9.111	1.164	0.523	1.110	821.927	234.492	9.109	820	229	8	5	11	3
232	10.535	38.650	64	49	1520888	23763.875	9965.579	18803.500	12840	49346	825.250	256.516	9.422	1.201	0.279	1.189	825.197	256.542	9.434	823	254	8	6	6	4
233	10.371	36.615	63	53	1364164	21653.396	6403.189	19748.000	13228	38391	810.254	264.524	8.873	1.154	0.252	1.137	810.182	264.539	8.833	808	261	8	6	8	3
234	40.166	97.845	244	169	6057375	24825.307	9613.060	22421.000	12804	52529	632.197	267.820	9.455	1.954	0.514	1.946	632.298	267.885	9.463	627	262	8	11	12	4
235	9.712	34.788	59	51	1150256	19495.865	5950.340	17782.000	12825	36063	734.949	304.119	9.203	1.116	0.243	1.159	734.928	304.073	9.216	733	301	8	5	7	3
236	31.277	77.744	190	152	4371527	23008.037	6579.896	22605.000	12803	43380	638.937	308.268	9.211	1.641	0.386	1.658	638.848	308.185	9.225	635	303	8	9	12	4
237	6.091	29.133	37	35	573709	15505.648	2355.575	15185.000	12892	21810	624.838	317.027	9.162	0.967	0.313	0.963	624.819	317.076	9.160	623	314	8	6	7	3
238	27.161	81.365	165	135	3655225	22152.879	8432.106	19595.000	12914	51694	776.903	329.436	9.182	1.949	0.745	1.886	777.273	329.286	9.197	768	325	8	16	9	4
239	17.614	60.404	107	90	1994763	18642.645	4967.279	17086.000	12886	31784	805.047	332.551	8.944	1.456	0.417	1.391	805.139	332.524	8.933	799	330	8	12	8	3
240	12.675	56.612	77	71	1400855	18192.922	3523.122	17817.000	12828	27513	555.597	348.519	9.052	1.346	0.425	1.250	555.646	348.556	9.069	552	344	8	8	11	3
241	8.560	34.132	52	51	914438	17585.346	3489.295	16766.500	12791	28301	740.904	366.058	9.481	1.032	0.317	1.031	740.859	366.046	9.490	739	363	8	5	8	3
242	21.564	56.060	131	96	3747173	28604.375	14220.132	23979.000	12827	65535	778.664	367.847	9.420	1.551	0.305	1.586	778.700	367.816	9.459	774	366	8	10	5	4
243	5.103	24.789	31	30	516272	16653.936	3124.307	15793.000	12847	22979	706.484	371.032	8.806	0.869	0.280	0.880	706.494	371.010	8.821	704	369	8	6	5	3
244	26.503	77.470	161	121	3724379	23132.789	9381.040	20354.000	12846	53585	744.478	374.478	9.373	1.746	0.531	1.686	744.280	374.577	9.413	738	371	8	14	9	4
245	21.400	76.781	130	116	2353745	18105.730	3978.502	17844.000	12869	28236	705.700	426.454	9.246	1.812	0.701	1.885	705.750	426.476	9.274	700	421	8	13	12	3
246	9.548	41.959	58	51	963848	16618.068	3518.418	15897.000	12871	29741	535.155	443.052	9.121	1.130	0.333	1.173	535.114	443.118	9.110	532	439	8	6	8	3
247	20.248	58.992	123	81	3233532	26288.879	12743.038	22302.000	12798	65535	799.545	448.463	10.057	1.561	0.312	1.489	799.553	448.588	10.048	796	445	8	8	7	5
248	30.124	95.018	183	152	3923911	21442.137	7992.885	18655.000	12850	47912	554.383	451.880	9.776	1.819	0.609	1.721	554.787	451.789	9.778	547	447	8	16	11	4
249	37.861	104.428	230	207	4467238	19422.773	4632.570	18847.000	12792	31693	731.257	457.130	9.652	1.798	0.566	1.869	731.218	457.123	9.647	726	451	8	11	14	4
250	20.412	59.162	124	96	2890691	23312.023	8459.798	20868.000	12912	50668	676.089	462.444	9.823	1.455	0.278	1.439	676.121	462.374	9.840	672	459	8	9	9	4
251	13.828	45.924	84	65	1896760	22580.477	8149.112	20541.500	13105	46645	642.405	464.250	9.464	1.322	0.292	1.380	642.386	464.355	9.475	640	461	8	6	7	4
252	8.231	31.478	50	39	1239057	24781.141	10730.792	21136.500	13040	50394	774.640	483.640	9.500	1.149	0.292	1.122	774.681	483.679	9.559	772	482	8	6	4	4
253	41.977	103.949	255	171	6270599	24590.584	10261.454	21597.000	12818	65535	789.871	485.502	10.098	1.942	0.393	1.930	789.798	485.583	10.098	783	481	8	14	9	5
254	25.186	72.159	153	129	3110433	20329.627	6391.090	18297.000	12853	42863	645.458	498.242	9.987	1.575	0.431	1.534	645.479	497.962	9.940	641	494	8	10	10	4
255	6.749	31.167	41	40	676534	16500.830	2606.450	16011.000	12883	21844	588.341	496.585	9.341	0.989	0.314	0.955	588.393	496.578	9.322	586	493	8	5	8	3
256	32.264	80.712	196	123	6198981	31627.453	15988.163	27423.000	12870	65535	686.811	499.230	9.776	1.809	0.297	1.804	686.876	499.184	9.715	683	495	8	9	9	5
257	32.264	86.468	196	156	4642959	23688.566	7370.815	22750.000	13118	46857	716.337	505.194	9.153	1.910	0.653	1.914	716.248	505.238	9.178	710	499	8	13	13	4
258	19.095	53.336	116	82	2974778	25644.639	9940.169	22732.000	12919	51636	634.957	528.233	9.552	1.453	0.211	1.474	634.936	528.353	9.551	632	525	8	7	7	4
259	11.358	47.752	69	62	1310781	18996.826	4468.650	17738.000	12864	32646	639.725	542.319	8.768	1.396	0.525	1.318	639.835	542.471	8.765	636	538	8	8	11	3
260	14.651	44.442	89	64	2413080	27113.258	12758.189	23132.000	12798	65535	721.449	552.596	9.719	1.379	0.280	1.363	721.416	552.628	9.701	719	550	8	6	6	5
261	28.149	68.713	171	121	4147981	24257.199	9384.801	21477.000	12890	56397	668.374	564.292	9.684	1.635	0.306	1.645	668.240	564.450	9.663	665	560	8	8	9	4
262	39.178	92.572	238	147	7235592	30401.646	14434.417	26311.000	12794	65535	753.294	568.563	9.752	1.933	0.371	1.935	753.300	568.508	9.740	749	563	8	9	12	5
263	16.132	46.269	98	71	2451558	25015.898	8817.012	23860.000	13205	45796	560.745	597.510	9.561	1.396	0.241	1.395	560.790	597.608	9.567	558	595	8	7	6	4
264	40.330	94.262	245	156	7631876	31150.514	14519.707	26775.000	12930	65535	747.506	605.514	10.482	1.945	0.392	1.933	747.496	605.519	10.461	743	602	8	11	9	6
265	33.581	101.121	204	166	4407837	21607.045	6567.170	20569.500	12810	40661	641.662	611.569	9.711	2.211	0.770	2.162	641.521	611.543	9.669	635	605	8	14	13	5
266	17.943	50.957	109	86	2396650	21987.615	6987.810	20799.000	12806	41117	698.670	611.899	9.083	1.391	0.317	1.361	698.742	611.968	9.113	694	610	8	10	5	4
267	26.009	69.128	158	114	4364192	27621.469	12311.047	23966.000	12850	60271	823.044	652.240	9.595	1.714	0.412	1.690	823.043	652.197	9.613	821	647	8	5	12	4
268	28.314	94.295	172	141	3024846	17586.314	3887.350	16698.000	12841	28935	626.552	657.256	9.297	1.751	0.599	1.734	626.460	657.269	9.268	620	653	8	16	10	4
269	15.803	51.061	96	73	2171882	22623.771	8464.262	19505.500	12820	45410	872.354	682.062	9.552	1.352	0.315	1.409	872.466	682.106	9.577	869	680	8	8	6	4
270	54.323	127.704	330	208	10051229	30458.270	14623.308	27254.000	12809	65535	680.779	694.406	10.133	2.288	0.651	2.273	680.642	694.573	10.082	675	688	8	13	14	5
271	9.877	40.925	60	53	1416481	23608.018	8448.932	23162.500	12956	45408	728.983	749.750	9.150	1.309	0.431	1.265	728.930	749.750	9.177	725	748	8	10	4	3
272	16.297	52.199	99	76	2422159	24466.252	10460.155	21704.000	12798	58043	748.202	749.576	9.879	1.398	0.342	1.357	748.283	749.740	9.893	745	745	8	7	11	4
273	59.426	135.909	361	232	9807413	27167.350	11762.715	24229.000	12789	64384	869.291	754.144	10.224	2.307	0.643	2.332	869.326	753.884	10.268	863	747	8	12	15	6
274	2.963	16.377	18	18	264329	14684.944	1540.693	14478.000	12920	18942	688.889	180.833	9.278	0.843	0.306	0.866	688.947	180.798	9.270	686	180	9	6	4	2
275	1.811	13.412	11	11	166129	15102.637	2395.928	14322.000	12920	19251	695.273	193.455	9.273	0.634	0.221	0.667	695.278	193.429	9.269	694	192	9	4	4	2
276	4.938	31.719	30	30	466456	15548.533	2036.704	15179.000	12846	20885	608.233	308.667	9.700	1.014	0.292	1.014	608.239	308.704	9.704	605	306	9	7	6	2
277	2.469	16.480	15	15	232760	15517.333	2079.584	15107.000	13056	20937	764.800	342.333	9.600	0.743	0.184	0.750	764.849	342.433	9.620	764	340	9	3	5	2
278	2.140	15.239	13	13	188982	14537.077	1299.067	14664.000	12932	16698	642.077	343.769	9.846	0.725	0.307	0.817	642.105	343.757	9.862	640	343	9	6	3	2
279	3.292	16.136	20	20	330392	16519.600	2746.050	15595.000	13083	21655	599.700	349.700	9.500	0.702	0.121	0.731	599.697	349.676	9.516	598	348	9	4	4	2
280	6.585	32.168	40	37	739287	18482.176	4790.592	17443.500	12944	32808	685.275	347.850	10.100	1.047	0.348	1.059	685.202	347.912	10.097	682	345	9	7	6	3
281	17.614	81.813	107	103	1765432	16499.365	3093.311	15568.000	12819	26908	601.402	394.495	9.888	1.635	0.534	1.692	601.589	394.505	9.884	595	389	9	12	11	3
282	9.877	35.959	60	58	1060560	17676.000	3284.537	17222.000	12791	25335	730.950	403.417	10.383	1.045	0.281	1.067	731.021	403.465	10.375	728	401	9	7	7	3
283	36.544	92.742	222	159	4971420	22393.783	7503.288	20558.000	12812	41089	752.495	446.437	10.360	1.818	0.409	1.799	752.464	446.439	10.348	749	440	9	9	14	4
284	17.943	58.955	109	99	2067647	18969.238	4730.046	17918.000	12927	36465	625.211	461.128	9.661	1.350	0.397	1.367	625.354	461.226	9.670	621	457	9	9	9	3
285	17.778	51.095	108	88	2103263	19474.658	5038.542	17946.500	12815	31259	708.398	460.630	10.176	1.337	0.263	1.340	708.385	460.583	10.171	705	457	9	7	9	3
286	14.815	46.681	90	84	1691300	18792.223	4035.657	18458.000	12912	28507	608.322	479.756	10.567	1.207	0.359	1.231	608.353	479.716	10.551	605	476	9	7	9	4
287	9.712	38.650	59	54	1128619	19129.135	5853.975	16340.000	12792	33903	778.288	514.390	9.797	1.184	0.341	1.187	778.315	514.650	9.783	776	511	9	5	9	3
288	26.338	66.437	160	111	3959008	24743.801	9924.269	21878.000	12785	52363	719.556	532.106	10.375	1.614	0.224	1.613	719.512	532.161	10.384	715	529	9	10	8	4
289	22.717	65.678	138	117	2773738	20099.551	5103.775	20012.500	12784	33202	758.790	529.543	10.739	1.475	0.407	1.485	758.703	529.616	10.681	755	525	9	9	10	4
290	13.334	46.855	81	68	1699095	20976.482	6502.901	19919.000	12917	43531	644.605	532.037	10.481	1.233	0.317	1.258	644.495	531.930	10.452	642	529	9	6	7	4
291	10.041	35.581	61	51	1167772	19143.803	5122.858	17585.000	12790	29674	648.869	560.016	9.967	1.165	0.230	1.132	648.832	559.957	9.914	647	557	9	6	7	3
292	15.474	46.303	94	79	2112085	22468.990	6738.159	21184.000	12863	41235	558.766	585.053	10.149	1.323	0.301	1.288	558.784	585.156	10.162	556	581	9	6	9	3
293	14.815	46.165	90	67	2069858	22998.422	8232.790	21699.000	13089	54722	763.811	585.867	10.344	1.333	0.229	1.344	763.766	585.839	10.309	761	583	9	7	7	4
294	13.992	42.545	85	68	1906190	22425.766	6769.054	21076.000	13003	36958	773.506	585.718	10.024	1.255	0.208	1.228	773.566	585.753	10.047	770	583	9	8	6	4
295	23.211	66.059	141	108	3323735	23572.588	8398.927	20813.000	12794	48454	783.113	619.454	10.475	1.712	0.488	1.696	782.991	619.498	10.472	778	617	9	13	6	4
296	51.524	119.740	313	197	9922267	31700.533	15380.575	28396.000	12917	65535	625.974	633.649	10.863	2.284	0.602	2.213	625.867	633.610	10.847	621	627	9	11	15	5
297	26.338	66.782	160	121	4179214	26120.088	10521.914	23499.500	12831	61555	675.537	651.138	10.919	1.599	0.339	1.574	675.807	651.289	10.897	671	647	9	10	9	4
298	9.548	37.442	58	55	1125137	19398.914	5174.759	18827.500	12862	36232	774.431	673.621	9.707	1.081	0.350	1.059	774.459	673.626	9.699	770	671	9	9	6	3
299	15.968	49.130	97	74	2418506	24933.051	11071.205	22168.000	12856	55512	701.351	690.113	10.155	1.345	0.258	1.330	701.395	690.213	10.149	698	686	9	7	8	4
300	1.975	14.998	12	12	163438	13619.833	657.873	13552.000	12848	14662	792.250	704.667	9.667	0.683	0.199	0.706	792.260	704.674	9.661	790	703	9	4	4	2
301	26.667	69.024	162	115	4257996	26283.926	10429.186	23589.500	12856	55637	691.086	811.704	10.537	1.690	0.331	1.665	691.152	811.965	10.562	688	806	9	8	11	4
302	27.326	69.057	166	124	4142447	24954.500	8091.480	24255.000	12784	44080	757.982	814.464	10.886	1.584	0.312	1.575	757.966	814.448	10.894	754	810	9	9	9	4
303	26.667	68.023	162	111	4441866	27418.926	12178.278	24428.000	12792	60191	727.222	824.920	10.593	1.631	0.232	1.630	727.173	824.992	10.617	724	820	9	8	10	4
304	11.688	49.716	71	71	1092944	15393.577	1891.471	15261.000	12883	20769	570.789	346.366	10.521	1.317	0.543	1.269	570.762	346.239	10.527	568	341	10	6	13	2
305	3.786	24.445	23	23	353609	15374.305	2270.626	14795.000	12909	20665	724.609	405.348	10.217	0.906	0.375	0.834	724.487	405.367	10.191	722	402	10	6	7	2
306	8.889	34.373	54	54	838770	15532.777	2301.257	15075.500	12810	21994	712.185	593.870	10.463	1.055	0.317	1.044	712.131	593.786	10.445	709	591	10	7	7	2
307	15.309	50.957	93	79	1687236	18142.322	4061.631	17297.000	12789	32029	621.301	608.333	11.011	1.345	0.317	1.305	621.320	608.343	11.020	618	604	10	8	9	3
308	48.067	120.841	292	224	6486098	22212.664	7351.804	20888.500	12794	52328	603.603	658.267	11.171	1.933	0.567	2.022	603.662	658.531	11.193	598	652	10	12	13	4
309	9.054	40.132	55	53	987404	17952.801	3532.315	17484.000	12860	27911	661.127	663.273	10.545	1.264	0.510	1.274	661.102	663.317	10.563	657	661	10	11	5	3
310	2.469	15.343	15	15	232048	15469.866	2048.723	15105.000	12867	21213	639.800	682.533	10.600	0.704	0.157	0.698	639.765	682.499	10.579	638	681	10	4	4	2
311	11.029	39.821	67	60	1124876	16789.193	3450.909	15654.000	12878	27572	643.761	688.970	10.791	1.111	0.275	1.147	643.765	688.951	10.793	641	686	10	7	7	3
312	10.700	36.374	65	54	1425866	21936.400	7396.084	21024.000	12791	43341	745.477	710.877	10.923	1.175	0.203	1.160	745.460	710.942	10.935	743	708	10	6	6	3
313	37.697	91.605	229	165	5011651	21884.939	7116.574	19840.000	12800	42475	661.860	719.869	11.393	1.797	0.304	1.807	661.964	720.058	11.381	657	715	10	10	11	4
314	20.741	58.714	126	100	2733526	21694.650	6363.808	20970.500	12789	42175	665.333	731.468	11.286	1.429	0.274	1.429	665.392	731.480	11.288	662	728	10	8	8	4
315	21.564	65.507	131	102	2775562	21187.496	6552.656	20181.000	12788	44015	696.939	735.740	11.313	1.535	0.395	1.522	697.092	735.686	11.282	691	733	10	12	6	4
316	12.017	40.269	73	59	1530091	20960.150	6836.669	19228.000	12801	44529	842.384	737.000	11.014	1.230	0.254	1.200	842.420	736.893	11.017	840	734	10	6	9	3
317	13.169	48.337	80	70	1648998	20612.475	6630.079	18671.000	12818	39830	718.463	741.000	11.337	1.252	0.324	1.250	718.517	741.109	11.369	716	736	10	6	10	4
318	7.737	37.786	47	47	723302	15389.404	2081.110	15115.000	12832	20210	926.319	744.277	11.191	1.088	0.415	1.090	926.290	744.258	11.176	923	741	10	8	8	3
319	27.326	71.678	166	123	3805746	22926.182	7531.197	20633.500	12842	42302	764.886	750.470	11.331	1.596	0.315	1.618	764.986	750.471	11.339	760	747	10	11	8	4
320	10.041	36.511	61	49	1210654	19846.787	5340.869	18801.000	12801	33191	802.803	758.475	10.984	1.152	0.199	1.136	802.863	758.516	10.992	800	754	10	6	8	3
321	49.055	106.740	298	200	7389743	24797.795	9987.526	21712.500	12785	53710	679.369	780.362	11.550	2.009	0.444	1.981	679.193	780.641	11.496	674	774	10	12	13	4
322	12.346	47.544	75	62	1307271	17430.279	4166.024	16115.000	13008	30523	874.560	785.707	11.027	1.287	0.368	1.184	874.635	785.740	11.014	869	783	10	11	6	3
323	12.346	43.234	75	67	1353334	18044.453	4133.883	16686.000	12977	31393	785.987	794.853	11.093	1.230	0.327	1.232	785.971	794.978	11.102	783	791	10	6	8	3
324	2.634	15.135	16	16	232107	14506.688	1465.340	14012.500	12989	17541	837.250	796.875	11.000	0.682	0.305	0.681	837.264	796.856	11.008	836	795	10	4	5	3
325	21.894	82.021	133	118	2319915	17442.971	3399.551	16872.000	12819	28560	777.105	806.827	11.414	1.668	0.615	1.674	777.222	806.617	11.382	772	803	10	11	12	4
326	15.145	45.269	92	71	2240283	24350.902	8461.765	23312.500	12842	45265	774.152	836.087	11.087	1.293	0.206	1.286	774.145	836.072	11.087	771	833	10	7	7	4
327	5.761	28.547	35	35	541205	15463.000	1969.100	15223.000	12810	20110	742.657	838.571	10.429	0.933	0.310	0.851	742.695	838.561	10.430	740	836	10	6	6	2
328	29.466	80.883	179	136	4358397	24348.586	8811.835	22563.000	12927	57835	835.475	864.469	11.318	1.825	0.578	1.725	835.614	864.471	11.307	829	861	10	14	7	4
329	4.609	27.376	28	28	466394	16656.928	2451.559	16561.000	12814	21131	823.464	894.571	11.357	1.020	0.492	0.920	823.384	894.539	11.344	821	892	10	7	7	3
