 	Volume (micron^3)	Surface (micron^2)	Nb of obj. voxels	Nb of surf. voxels	IntDen	Mean	StdDev	Median	Min	Max	X	Y	Z	Mean dist. to surf. (micron)	SD dist. to surf. (micron)	Median dist. to surf. (micron)	XM	YM	ZM	BX	BY	BZ	B-width	B-height	B-depth
1	79.179	178.799	481	307	14549255	30247.932	15489.777	26361.000	12064	65535	174.588	199.407	4.699	2.893	0.916	2.984	174.947	199.197	4.608	166	190	2	17	19	6
2	26.832	69.643	163	126	3669309	22511.098	7819.530	21966.000	12139	40112	227.472	221.693	3.675	1.565	0.312	1.597	227.484	221.688	3.628	223	218	2	10	8	4
3	39.014	85.538	237	156	7716998	32561.174	17220.783	27670.000	12051	65535	188.624	145.949	4.591	1.907	0.379	1.907	188.662	145.568	4.541	186	141	3	7	12	5
4	16.461	51.095	100	87	1891569	18915.689	5651.396	17128.500	12170	35121	102.190	158.940	4.030	1.332	0.299	1.315	102.197	159.069	4.049	99	155	3	7	9	3
5	31.277	77.159	190	137	4522368	23801.938	9996.859	21822.000	12048	55549	220.621	162.837	4.263	1.671	0.281	1.702	220.578	162.858	4.231	216	159	3	10	9	4
6	34.240	79.331	208	155	4908670	23599.375	8288.444	21567.000	12134	46448	214.332	171.245	4.135	1.677	0.347	1.726	214.404	171.375	4.169	209	167	3	11	9	4
7	15.803	44.372	96	76	2300238	23960.812	8425.403	21871.000	12356	48400	86.573	173.271	4.094	1.295	0.200	1.291	86.564	173.434	4.077	84	170	3	7	8	3
8	11.688	41.166	71	59	1472582	20740.592	7362.917	18954.000	12042	41634	128.070	185.986	4.648	1.194	0.284	1.140	128.018	186.112	4.614	126	182	3	5	9	4
9	41.647	101.570	253	168	6795869	26861.143	12834.938	24122.000	12072	65535	224.178	189.889	4.585	2.002	0.507	1.981	224.566	189.661	4.607	218	185	3	13	11	5
10	46.915	93.535	285	176	9359363	32839.871	15776.990	26862.000	12092	65535	89.874	213.498	4.547	1.959	0.286	1.951	89.874	213.562	4.541	86	208	3	9	12	5
11	14.157	44.338	86	67	2026444	23563.303	9423.825	20940.000	12075	46481	209.512	225.930	4.221	1.297	0.242	1.298	209.533	225.946	4.230	207	223	3	6	7	4
12	31.606	89.948	192	165	3778660	19680.521	5742.129	18727.000	12194	35065	132.708	234.625	4.245	1.786	0.582	1.841	132.977	234.821	4.254	127	228	3	13	13	3
13	17.449	52.992	106	75	2508166	23661.943	10490.861	20163.000	12080	52849	224.000	243.792	4.292	1.423	0.276	1.422	223.941	243.864	4.284	221	240	3	7	9	4
14	32.923	80.505	200	129	6241377	31206.885	15527.774	27988.500	12194	65535	219.275	274.315	4.940	1.762	0.292	1.789	219.223	274.383	4.942	215	270	3	9	9	5
15	28.478	76.503	173	143	3598113	20798.342	6081.292	20479.000	12143	38038	140.786	272.428	4.653	1.687	0.549	1.637	140.849	272.475	4.593	138	266	3	7	14	4
16	27.326	72.782	166	115	4387007	26427.754	12188.521	23928.000	12116	63000	254.789	284.078	4.988	1.656	0.353	1.630	254.856	284.087	4.989	250	281	3	10	8	5
17	25.680	67.093	156	111	4307896	27614.719	12659.721	23214.500	12182	59257	207.218	285.244	4.583	1.651	0.326	1.667	207.203	285.232	4.587	203	282	3	10	7	4
18	29.795	82.436	181	128	5149292	28449.127	14299.550	23757.000	12034	65535	148.586	292.669	4.917	1.797	0.451	1.846	148.642	293.042	4.921	146	285	3	6	14	5
19	16.626	49.301	101	97	1945982	19267.148	4591.848	19289.000	12170	34029	168.436	297.386	4.436	1.269	0.367	1.280	168.456	297.357	4.427	165	293	3	8	9	3
20	42.470	94.054	258	159	8385238	32500.922	16868.113	28538.000	12037	65535	95.136	316.961	5.310	1.959	0.374	1.908	95.042	316.961	5.306	92	311	3	8	13	5
21	20.412	56.716	124	84	4070467	32826.348	17508.984	27492.500	12223	65535	238.758	320.185	4.661	1.539	0.271	1.535	238.818	320.177	4.689	235	318	3	8	6	5
22	21.400	55.371	130	91	3672002	28246.170	13680.402	23744.000	12168	64230	155.538	324.523	4.662	1.536	0.242	1.581	155.547	324.521	4.681	153	321	3	6	8	4
23	33.746	78.504	205	140	5330311	26001.518	12025.913	21667.000	12048	63232	128.532	364.473	4.385	1.762	0.318	1.703	128.464	364.357	4.381	124	360	3	10	9	4
24	7.078	31.167	43	42	669411	15567.697	2731.226	14944.000	12072	21865	158.907	371.535	4.349	1.044	0.401	0.954	158.909	371.585	4.332	156	367	3	6	9	3
25	38.026	96.537	231	155	7062320	30572.814	15401.000	26954.000	12073	65535	183.697	439.831	4.810	1.945	0.477	1.910	183.588	439.520	4.830	179	434	3	10	14	5
26	22.058	59.162	134	101	3313814	24729.955	10614.767	22582.500	12082	60723	232.896	452.933	4.993	1.481	0.296	1.477	232.937	452.887	5.007	230	449	3	7	10	4
27	44.940	96.845	273	179	8001319	29308.861	14714.283	24800.000	12132	65535	189.487	462.938	4.615	1.984	0.430	1.906	189.589	463.299	4.646	186	456	3	9	13	5
28	32.100	81.850	195	126	6397953	32810.016	17261.652	27183.000	12386	65535	245.795	488.133	4.692	1.847	0.377	1.852	245.686	487.997	4.709	242	484	3	9	10	5
29	51.853	114.051	315	196	10168728	32281.676	16648.279	30355.000	12036	65535	365.371	493.394	5.032	2.172	0.495	2.163	365.388	493.429	5.012	359	489	3	14	10	5
30	14.651	46.303	89	77	1795420	20173.258	5622.278	20894.000	12034	31670	415.966	507.640	4.663	1.268	0.292	1.300	415.959	507.624	4.621	412	505	3	9	6	4
31	24.857	67.438	151	110	4383804	29031.814	12998.337	27364.000	12179	64832	396.676	621.808	5.053	1.599	0.331	1.570	396.792	621.842	5.063	393	618	3	8	9	5
32	23.704	73.334	144	107	3167573	21997.035	8313.205	19716.500	12082	43155	70.382	140.861	5.514	1.698	0.495	1.700	70.328	140.917	5.511	66	136	4	10	11	4
33	5.761	31.616	35	35	506456	14470.172	1982.084	14276.000	12048	21188	121.314	205.771	4.429	1.061	0.442	0.959	121.358	205.699	4.440	119	202	4	5	10	2
34	25.844	64.025	157	105	4666921	29725.611	14777.107	24457.000	12065	65535	249.611	216.624	5.446	1.639	0.240	1.617	249.505	216.623	5.388	245	214	4	10	7	4
35	7.901	31.064	48	48	726721	15140.021	2762.788	14288.500	12051	24255	89.292	226.458	4.438	0.962	0.246	0.982	89.225	226.394	4.409	87	224	4	6	6	2
36	19.918	61.471	121	108	2249657	18592.207	4899.920	17776.000	12119	33076	202.917	260.810	4.702	1.403	0.394	1.413	202.961	260.757	4.671	200	256	4	8	11	3
37	15.968	54.749	97	91	1741721	17955.887	4549.162	16752.000	12041	31954	159.381	265.052	4.680	1.517	0.630	1.503	159.343	265.104	4.650	156	259	4	8	13	3
38	10.700	43.027	65	65	954985	14692.077	2107.794	14236.000	12076	20663	190.400	298.400	4.446	1.211	0.432	1.187	190.408	298.383	4.454	187	295	4	9	8	2
39	26.009	67.438	158	111	4255140	26931.266	11765.551	24797.000	12437	59426	269.671	314.532	5.658	1.652	0.304	1.652	269.762	314.528	5.685	267	310	4	7	11	4
40	13.334	41.407	81	65	1598838	19738.740	5949.717	18026.000	12191	37324	176.802	315.802	5.136	1.249	0.248	1.272	176.809	315.726	5.161	174	312	4	6	8	3
41	14.486	50.613	88	79	1761854	20021.068	5879.571	19588.000	12147	35141	185.932	329.852	5.602	1.302	0.442	1.331	185.862	329.804	5.596	181	327	4	10	7	4
42	16.955	45.510	103	82	2382640	23132.428	7890.227	21986.000	12170	42641	265.301	354.194	4.990	1.326	0.219	1.334	265.292	354.169	5.008	262	352	4	8	6	3
43	48.397	123.568	294	185	9079000	30880.953	15763.399	27610.500	12055	65535	296.840	354.993	6.694	2.261	0.714	2.381	296.498	354.987	6.659	289	352	4	17	7	6
44	43.952	90.330	267	169	7280313	27267.090	11079.608	26220.000	12391	62644	92.517	357.730	6.423	1.927	0.312	1.900	92.532	357.726	6.394	89	352	4	8	12	5
45	39.672	89.881	241	159	6337971	26298.635	11878.034	22795.000	12131	65535	196.801	361.137	5.531	1.871	0.368	1.844	196.815	361.341	5.481	192	356	4	11	11	4
46	40.001	87.261	243	159	7952437	32726.078	16831.488	26784.000	12063	65535	215.103	373.749	5.461	1.886	0.316	1.861	215.089	373.799	5.455	209	369	4	12	10	4
47	16.132	54.371	98	81	2042125	20838.010	8116.346	18612.000	12050	44485	126.653	381.000	5.367	1.426	0.399	1.411	126.636	381.203	5.370	124	375	4	6	11	4
48	21.564	63.058	131	115	2751439	21003.352	5881.438	21244.000	12118	36248	246.435	398.992	5.611	1.471	0.463	1.456	246.427	399.023	5.570	241	396	4	12	7	4
49	38.190	79.745	232	150	7326538	31579.904	15400.288	25751.000	12225	65535	138.871	424.474	5.591	1.829	0.249	1.812	138.871	424.461	5.618	134	421	4	11	8	4
50	19.918	55.371	121	83	3187547	26343.363	12173.479	23355.000	12294	58561	228.620	434.942	5.620	1.483	0.217	1.490	228.737	434.985	5.636	226	431	4	7	8	4
51	24.034	63.369	146	113	3664026	25096.068	11008.803	22535.000	12056	56605	210.808	442.192	5.048	1.524	0.335	1.489	211.001	442.321	5.086	207	437	4	9	10	4
52	23.211	64.058	141	115	3618609	25663.895	9614.240	24174.000	12109	54654	292.078	458.411	5.227	1.506	0.370	1.486	292.176	458.601	5.223	289	453	4	8	11	4
53	19.260	55.405	117	90	2573548	21996.137	7300.801	20185.000	12145	45375	163.085	470.761	5.085	1.411	0.283	1.391	163.097	470.715	5.078	160	466	4	7	10	4
54	21.564	59.955	131	103	3036292	23177.801	8900.846	21243.000	12057	45814	341.260	469.267	5.359	1.471	0.251	1.492	341.220	469.183	5.355	337	466	4	9	8	4
55	6.585	27.065	40	38	756662	18916.551	5174.280	18281.500	12327	29223	293.750	470.475	5.325	0.921	0.250	0.902	293.748	470.513	5.318	291	468	4	6	6	3
56	18.272	55.301	111	91	2292471	20652.893	6911.987	19004.000	12189	40634	310.577	490.396	4.964	1.374	0.261	1.387	310.669	490.207	4.905	306	488	4	9	7	3
57	6.255	27.272	38	34	810336	21324.631	7254.259	20367.500	12207	35956	328.263	491.237	5.579	0.976	0.290	0.902	328.346	491.346	5.574	326	489	4	5	5	4
58	22.717	65.955	138	102	3324805	24092.789	10443.005	20359.500	12288	47579	288.391	512.790	5.645	1.616	0.398	1.618	288.391	512.799	5.631	283	510	4	11	7	4
59	5.268	28.203	32	30	495142	15473.188	3288.006	14947.500	12032	23239	361.188	518.469	5.031	0.975	0.317	1.010	361.188	518.475	5.030	358	516	4	7	6	3
60	67.986	140.183	413	272	13254136	32092.340	16364.259	28009.000	12137	65535	225.315	533.341	6.012	2.412	0.719	2.327	224.953	533.082	6.007	218	528	4	14	16	5
61	17.449	60.852	106	93	2107568	19882.717	6672.076	17829.500	12108	40059	342.877	546.453	5.726	1.543	0.569	1.458	342.917	546.495	5.698	338	542	4	11	10	4
62	81.813	155.425	497	268	14853220	29885.754	14125.743	26506.000	12048	65535	454.652	547.590	8.026	2.696	0.631	2.775	454.661	547.860	7.829	449	542	4	12	12	9
63	13.663	42.993	83	67	1923838	23178.771	8293.737	21320.000	12115	45799	358.398	573.831	5.024	1.262	0.232	1.232	358.343	573.799	5.032	355	570	4	7	8	3
64	44.775	90.363	272	173	8972514	32987.184	16964.990	26937.500	12075	65535	461.415	577.224	5.614	1.915	0.263	1.935	461.471	577.429	5.604	457	572	4	10	11	4
65	29.137	66.645	177	118	5696616	32184.271	17114.336	27498.000	12108	65535	312.898	597.299	5.576	1.682	0.194	1.684	312.812	597.355	5.582	309	593	4	8	9	4
66	26.174	71.851	159	109	4973001	31276.736	16261.391	24780.000	12061	65535	419.799	603.201	6.321	1.725	0.385	1.717	419.897	603.250	6.320	415	600	4	11	7	5
67	36.874	83.640	224	156	6346238	28331.420	12749.806	26445.000	12153	65535	333.728	610.246	5.808	1.754	0.313	1.786	333.631	610.325	5.840	330	605	4	9	12	4
68	29.960	70.265	182	118	6139589	33734.004	18026.562	29656.500	12044	65535	512.747	624.978	5.769	1.740	0.275	1.749	512.825	625.094	5.746	509	622	4	9	7	5
69	21.071	57.887	128	91	3507800	27404.688	12845.207	22822.500	12091	59248	403.141	638.055	5.719	1.502	0.237	1.493	403.225	638.133	5.678	400	634	4	7	9	4
70	22.058	56.405	134	92	3811977	28447.590	14269.497	22533.500	12162	62569	393.090	641.672	5.410	1.533	0.193	1.542	393.145	641.709	5.369	390	638	4	7	8	4
71	12.675	46.510	77	65	1539392	19992.104	6731.687	17918.000	12126	40618	563.182	678.857	5.662	1.252	0.338	1.251	563.103	678.895	5.640	560	677	4	8	5	4
72	20.248	53.681	123	94	3591501	29199.195	13786.919	25159.000	12125	65535	416.756	682.179	5.902	1.429	0.234	1.412	416.764	682.067	5.908	414	679	4	7	7	4
73	29.466	73.679	179	116	5943097	33201.660	16741.975	29730.000	12037	65535	588.453	759.827	6.123	1.716	0.285	1.711	588.436	759.809	6.123	585	756	4	8	9	5
74	27.655	68.539	168	129	3193508	19008.977	4943.184	18375.500	12046	35254	134.708	139.125	6.083	1.618	0.413	1.571	134.802	139.173	6.131	129	136	5	13	7	4
75	23.375	62.853	142	91	4236547	29834.838	15543.891	24199.500	12046	65535	253.789	242.845	7.204	1.651	0.305	1.569	253.823	242.864	7.215	251	240	5	7	7	5
76	17.449	50.061	106	84	2275633	21468.236	7193.932	19936.500	12123	39484	251.575	343.453	5.925	1.338	0.212	1.359	251.509	343.716	5.862	249	340	5	7	8	3
77	15.968	51.613	97	74	2299950	23710.824	9735.977	21397.000	12194	53508	313.289	392.763	6.608	1.406	0.317	1.453	313.290	392.791	6.659	310	390	5	8	7	4
78	3.786	21.410	23	23	310455	13498.044	1053.548	13485.000	12056	15534	272.913	402.043	5.000	0.870	0.373	0.896	272.890	402.030	5.000	270	400	5	7	5	1
79	26.997	66.437	164	111	4527418	27606.207	12674.445	22592.500	12190	56756	326.848	423.244	6.317	1.639	0.270	1.644	326.829	423.116	6.326	324	419	5	7	10	4
80	19.754	51.888	120	96	2398767	19989.725	6250.183	18485.000	12092	39036	410.025	525.717	6.075	1.386	0.233	1.381	410.146	525.701	6.057	406	523	5	9	7	3
81	10.206	35.718	62	56	1162164	18744.580	4555.843	18147.500	12306	32521	270.452	528.387	6.339	1.067	0.246	1.099	270.454	528.360	6.347	268	526	5	6	6	3
82	5.103	31.823	31	31	440781	14218.742	1363.973	14081.000	12415	17158	362.903	530.839	5.581	0.995	0.269	0.983	362.910	530.876	5.586	360	528	5	6	7	2
83	35.721	84.434	217	154	5507198	25378.793	10028.752	22372.000	12034	53328	460.829	535.000	6.336	1.849	0.461	1.802	460.652	534.951	6.352	454	532	5	14	8	4
84	11.358	37.649	69	57	1277673	18517.000	4622.348	17483.000	12181	34189	278.391	536.580	5.884	1.159	0.178	1.160	278.411	536.571	5.873	276	534	5	6	7	3
85	4.445	29.203	27	27	364774	13510.148	986.436	13281.000	12223	15646	368.407	539.148	5.444	0.901	0.305	0.850	368.402	539.154	5.451	366	537	5	6	6	2
86	16.297	56.439	99	90	1716793	17341.344	4260.963	16022.000	12197	34311	302.576	550.414	5.970	1.381	0.391	1.419	302.663	550.569	5.923	298	547	5	9	8	3
87	19.095	59.507	116	95	2243494	19340.465	5769.278	18325.000	12069	35640	253.957	563.586	6.129	1.482	0.407	1.492	253.824	563.437	6.163	249	560	5	10	10	3
88	59.755	120.948	363	196	13301517	36643.297	19582.213	30849.000	12081	65535	275.882	599.923	7.402	2.295	0.373	2.348	275.879	599.887	7.411	271	595	5	10	12	6
89	42.635	128.220	259	216	5389382	20808.424	7076.166	19166.000	12059	46370	417.911	620.992	5.965	2.278	0.873	2.239	417.916	620.806	5.936	412	613	5	13	19	3
90	26.832	81.606	163	142	3360431	20616.141	6440.349	19119.000	12042	40258	365.362	630.779	6.607	1.749	0.654	1.802	364.985	630.714	6.623	359	628	5	14	7	4
91	24.857	88.777	151	140	2914022	19298.158	5767.457	18881.000	12038	34024	476.596	628.907	6.742	1.726	0.613	1.686	476.596	629.096	6.719	472	622	5	10	14	4
92	27.655	87.639	168	141	3315713	19736.387	6522.898	18173.000	12123	38022	490.065	657.048	6.292	1.821	0.656	1.773	490.094	656.866	6.241	485	653	5	11	14	4
93	45.434	95.915	276	173	8014738	29038.906	14012.266	25056.500	12100	63970	613.504	672.123	7.464	1.972	0.347	1.951	613.542	672.210	7.447	609	666	5	9	13	5
94	23.869	71.537	145	135	2404392	16582.014	3251.362	15831.000	12120	26639	527.924	722.841	5.697	1.481	0.411	1.511	527.894	722.871	5.718	523	718	5	11	10	3
95	19.424	51.543	118	93	2390241	20256.279	6153.210	19410.500	12049	38076	448.297	731.602	6.000	1.405	0.264	1.385	448.327	731.717	5.997	444	729	5	9	7	3
96	21.400	60.508	130	94	3196548	24588.830	10759.227	21047.000	12064	49265	577.554	745.692	6.569	1.509	0.244	1.538	577.512	745.717	6.582	574	742	5	8	9	4
97	13.663	44.164	83	80	1515699	18261.434	4006.348	18034.000	12074	28758	518.386	775.988	6.422	1.187	0.372	1.178	518.421	775.901	6.443	515	772	5	7	9	3
98	22.881	67.575	139	110	3151426	22672.129	7974.287	20866.000	12103	44296	552.892	779.252	6.439	1.505	0.401	1.493	552.987	779.371	6.483	548	775	5	10	9	4
99	34.734	81.643	211	128	6477868	30700.797	16649.756	25742.000	12144	65535	529.261	798.806	6.948	1.848	0.266	1.881	529.326	798.890	6.924	525	795	5	9	9	5
100	14.157	42.441	86	71	1912188	22234.744	7265.839	20120.500	12032	39222	612.919	824.640	6.198	1.249	0.222	1.257	612.881	824.674	6.238	610	822	5	7	7	3
101	22.223	58.955	135	112	2564550	18996.666	5056.090	17925.000	12379	35610	70.333	176.681	6.830	1.452	0.308	1.450	70.380	176.555	6.830	67	172	6	8	10	3
102	20.083	60.749	122	102	2441733	20014.205	5655.455	19831.500	12106	35465	67.713	188.566	7.287	1.401	0.351	1.435	67.687	188.661	7.321	64	184	6	8	9	4
103	1.975	13.860	12	12	174360	14530.000	2245.041	13977.000	12082	19021	234.167	388.833	6.667	0.708	0.199	0.715	234.100	388.855	6.667	233	388	6	4	3	2
104	8.231	35.029	50	45	854274	17085.480	4616.821	15617.500	12152	28380	363.680	454.240	7.160	1.053	0.265	1.103	363.698	454.266	7.156	361	452	6	7	6	3
105	47.080	131.462	286	195	7358259	25728.178	14466.567	20425.000	12037	65535	192.787	510.577	10.685	2.573	1.005	2.571	193.161	510.552	11.051	185	507	6	14	9	9
106	3.128	20.238	19	19	254978	13419.895	1024.342	13046.000	12119	15859	497.158	601.368	6.684	0.765	0.201	0.786	497.177	601.380	6.690	495	600	6	5	4	2
107	24.692	63.887	150	99	4753709	31691.393	16818.080	26581.000	12076	65535	563.940	650.280	8.260	1.650	0.293	1.681	564.034	650.319	8.283	560	647	6	9	7	5
108	33.252	78.678	202	126	6734531	33339.262	17720.105	28723.000	12113	65535	330.658	655.520	8.104	1.796	0.246	1.808	330.619	655.492	8.142	327	652	6	8	9	5
109	22.388	59.059	136	100	3429355	25215.846	9930.613	22600.500	12038	49739	455.838	654.934	7.787	1.470	0.282	1.469	455.820	655.067	7.798	453	651	6	7	9	4
110	26.503	75.539	161	118	3751889	23303.658	9622.995	20429.000	12136	51482	477.224	672.721	7.093	1.614	0.383	1.577	477.124	672.646	7.094	472	669	6	11	9	4
111	1.646	13.516	10	10	135667	13566.700	1159.927	13252.000	12273	15780	499.000	698.300	6.600	0.706	0.191	0.648	499.016	698.297	6.595	497	697	6	5	3	2
112	15.474	45.613	94	74	2062605	21942.605	7684.162	20769.500	12051	44635	471.394	773.596	7.936	1.314	0.248	1.256	471.390	773.473	7.897	469	770	6	6	8	4
113	7.737	32.857	47	41	860633	18311.340	5589.037	17181.000	12053	31959	585.191	774.277	7.021	1.054	0.209	1.074	585.192	774.305	7.053	583	772	6	6	6	3
114	27.491	65.300	167	116	4855592	29075.400	14056.001	25146.000	12641	64657	664.359	779.748	7.629	1.692	0.319	1.693	664.308	779.740	7.676	660	777	6	11	6	4
115	10.535	45.165	64	64	1000035	15625.547	2484.150	15030.000	12090	22315	617.281	804.062	6.562	1.179	0.392	1.148	617.357	804.177	6.565	613	801	6	9	7	2
116	29.137	74.505	177	126	4371025	24695.057	10383.394	21889.000	12071	50562	241.469	263.723	8.356	1.687	0.332	1.659	241.459	263.706	8.350	237	261	7	11	8	4
117	26.503	66.819	161	103	5167099	32093.783	16748.342	26455.000	12052	65535	255.839	265.410	8.944	1.753	0.349	1.832	255.862	265.395	8.897	253	262	7	7	8	5
118	23.704	63.784	144	99	3730981	25909.590	12492.104	23225.500	12053	63795	112.562	384.896	9.028	1.595	0.292	1.583	112.515	384.868	8.980	109	381	7	7	9	5
119	18.272	53.337	111	85	2446537	22040.873	8217.056	20599.000	12044	42313	139.216	442.090	8.694	1.403	0.239	1.409	139.240	442.066	8.679	136	438	7	7	9	4
120	12.346	45.854	75	66	1300801	17344.014	4334.375	15964.000	12040	30556	406.080	475.373	7.840	1.186	0.305	1.189	406.194	475.443	7.833	402	472	7	8	8	3
121	30.618	82.814	186	139	4206422	22615.172	8228.540	21225.500	12091	42059	224.634	566.554	8.473	1.767	0.489	1.742	224.632	566.669	8.472	221	561	7	9	12	4
122	29.466	74.057	179	126	4352086	24313.330	9818.723	21996.000	12130	54624	540.369	617.235	9.011	1.633	0.335	1.649	540.432	617.176	8.973	536	613	7	10	9	5
123	21.235	56.231	129	103	2876151	22295.744	8363.068	20215.000	12208	46484	426.240	635.775	8.031	1.436	0.285	1.407	426.186	635.788	8.033	423	631	7	8	10	3
124	31.441	72.574	191	126	5844096	30597.361	15590.583	24672.000	12162	65535	379.654	693.555	8.607	1.716	0.213	1.691	379.745	693.737	8.597	376	689	7	9	9	4
125	11.194	40.028	68	60	1202868	17689.234	4406.165	16580.500	12046	30079	632.412	764.706	7.779	1.126	0.247	1.162	632.439	764.771	7.777	630	762	7	6	6	3
126	6.091	29.133	37	37	565860	15293.514	2858.287	14176.000	12079	21278	636.784	841.487	7.270	0.923	0.287	0.979	636.730	841.450	7.251	634	839	7	7	6	2
127	5.761	27.754	35	35	515881	14739.457	1660.962	14984.000	12102	18241	702.771	842.914	7.600	0.929	0.269	0.938	702.747	842.865	7.609	700	840	7	6	7	2
128	24.857	61.920	151	115	3353115	22206.061	7555.479	20298.000	12188	45393	629.179	853.815	7.980	1.523	0.309	1.528	629.069	853.740	7.994	625	850	7	10	9	3
129	51.030	131.840	310	224	7129996	22999.986	9075.140	21305.000	12040	53667	580.871	857.132	10.094	2.489	0.920	2.652	580.983	857.377	10.001	576	850	7	10	16	7
130	30.289	74.157	184	156	3676527	19981.125	5538.253	19180.000	12038	37003	612.446	869.848	7.897	1.628	0.403	1.656	612.451	869.793	7.877	608	865	7	10	11	3
131	28.643	71.644	174	114	4544873	26119.959	11982.957	23723.000	12148	65535	173.046	136.845	10.167	1.710	0.281	1.727	173.064	136.837	10.146	170	133	8	8	9	5
132	11.358	39.339	69	56	1291730	18720.725	5359.939	18129.000	12090	33262	241.420	198.290	9.884	1.220	0.274	1.201	241.346	198.263	9.860	238	196	8	8	5	4
133	36.380	84.745	221	145	5898778	26691.303	12272.982	22450.000	12126	65535	77.240	239.122	9.932	1.816	0.286	1.865	77.121	239.111	9.916	74	234	8	8	11	5
134	26.009	64.921	158	108	4803004	30398.760	15329.539	25042.500	12049	65535	86.487	308.778	10.494	1.654	0.295	1.650	86.520	308.818	10.551	84	304	8	6	10	5
135	25.680	65.611	156	102	4456156	28565.104	14443.200	24462.000	12369	65535	283.660	355.231	10.410	1.645	0.257	1.641	283.748	355.274	10.399	280	352	8	9	7	5
136	8.560	34.788	52	45	927468	17835.924	4681.379	16763.000	12073	29811	332.981	410.173	8.865	1.097	0.256	1.126	333.013	410.196	8.834	329	408	8	8	5	3
137	23.211	71.333	141	114	2781102	19724.127	6258.461	17920.000	12125	35352	139.865	415.156	9.574	1.704	0.646	1.752	140.013	415.341	9.568	135	409	8	10	12	4
138	2.634	21.135	16	16	228892	14305.750	1695.444	13795.500	12291	17254	204.812	428.438	8.688	0.890	0.285	0.836	204.802	428.393	8.714	203	427	8	6	4	2
139	11.852	41.166	72	61	1357405	18852.848	5405.592	16706.000	12123	30716	393.986	483.847	9.569	1.165	0.286	1.128	393.908	483.784	9.574	392	481	8	5	8	4
140	5.926	36.029	36	36	526570	14626.944	2198.980	13918.000	12137	20376	482.389	600.028	8.417	1.378	0.492	1.415	482.561	599.958	8.401	478	597	8	10	7	2
141	67.492	138.389	410	263	10372139	25297.900	10728.484	23273.500	12105	61528	436.015	737.954	10.327	2.339	0.627	2.260	436.346	738.118	10.270	427	733	8	16	13	5
142	42.964	96.433	261	164	6936163	26575.338	11763.750	24799.000	12118	58831	663.881	743.138	9.770	1.982	0.364	2.019	663.909	743.199	9.789	659	738	8	11	11	5
143	9.548	43.441	58	53	984306	16970.793	3832.199	16029.500	12085	26836	675.276	754.034	9.810	1.167	0.384	1.250	675.270	754.103	9.791	673	750	8	6	8	4
144	35.721	88.847	217	156	5090846	23460.119	8884.964	21888.000	12037	55272	696.359	758.069	9.244	1.893	0.513	1.818	696.448	758.030	9.220	689	755	8	15	7	4
145	4.774	21.617	29	29	463749	15991.345	2621.183	15529.000	12264	22038	664.690	765.241	8.586	0.856	0.264	0.813	664.655	765.185	8.572	662	764	8	7	4	2
146	15.803	47.370	96	92	1723167	17949.656	3745.812	17557.500	12149	29601	463.750	771.281	8.646	1.235	0.369	1.242	463.850	771.258	8.657	460	768	8	8	8	3
147	21.729	57.784	132	95	3088515	23397.842	9609.302	20723.500	12192	51360	512.242	797.780	9.636	1.485	0.254	1.502	512.289	797.800	9.659	509	794	8	7	8	4
148	23.375	68.402	142	129	2633779	18547.740	3853.544	18483.000	12065	27119	719.718	796.796	9.542	1.502	0.454	1.517	719.766	796.841	9.551	715	792	8	10	10	4
149	44.940	94.743	273	167	8067381	29550.846	13824.165	26283.000	12120	65535	544.183	826.648	10.286	1.970	0.292	1.950	544.247	826.636	10.300	540	822	8	9	11	5
150	15.968	55.645	97	93	1738333	17920.959	4199.480	17743.000	12041	31407	754.216	851.247	8.598	1.526	0.596	1.415	754.326	851.376	8.608	750	845	8	10	11	3
151	23.211	68.505	141	117	2823190	20022.625	6538.568	18767.000	12054	39142	667.348	924.688	9.149	1.637	0.534	1.495	667.341	924.804	9.112	665	918	8	6	14	4
152	26.338	69.298	160	119	3261037	20381.480	5536.948	19772.500	12137	33129	96.244	190.575	10.825	1.595	0.371	1.578	96.347	190.681	10.827	92	186	9	10	10	4
153	19.754	54.611	120	95	2250774	18756.449	4623.335	18049.500	12157	30504	134.200	248.300	10.033	1.427	0.300	1.382	134.201	248.315	10.013	131	244	9	7	10	4
154	32.264	79.916	196	157	4147342	21159.908	6809.832	19976.500	12055	50246	83.893	252.362	10.934	1.683	0.397	1.665	83.949	252.460	10.915	79	248	9	10	11	5
155	2.634	15.343	16	16	236744	14796.500	1758.504	15072.000	12177	17812	202.000	353.875	9.375	0.709	0.183	0.710	202.034	353.909	9.361	200	353	9	5	3	2
156	11.523	40.132	70	54	1598274	22832.486	8301.355	20543.000	12134	40914	231.171	400.657	10.886	1.212	0.203	1.191	231.150	400.685	10.861	228	398	9	7	6	4
157	4.280	21.272	26	25	399028	15347.230	2660.591	14519.500	12132	20533	367.500	436.115	9.769	0.794	0.211	0.807	367.452	436.157	9.797	365	434	9	5	5	3
158	10.865	38.442	66	57	1385142	20987.000	6523.998	20474.500	12243	38299	404.894	513.303	10.697	1.155	0.272	1.159	404.812	513.250	10.652	402	511	9	7	6	4
159	17.614	54.026	107	86	2360756	22063.141	7623.738	20344.000	12064	40884	253.654	576.000	10.776	1.399	0.329	1.428	253.632	576.032	10.729	251	572	9	6	9	4
160	27.820	76.988	169	121	3752933	22206.705	9175.004	18090.000	12072	50108	242.686	581.852	10.467	1.745	0.387	1.687	242.725	581.992	10.455	240	576	9	7	12	4
161	2.634	18.308	16	16	217176	13573.500	1295.683	13181.500	12072	16405	314.438	634.250	9.125	0.795	0.331	0.799	314.387	634.252	9.120	312	633	9	6	4	2
162	30.618	82.366	186	140	3928664	21121.850	7311.805	19439.000	12206	41994	545.414	645.011	10.527	1.680	0.342	1.682	545.478	644.901	10.504	540	641	9	12	9	4
163	11.523	41.752	70	61	1258495	17978.500	4434.327	17021.500	12661	30179	625.200	693.814	10.329	1.190	0.321	1.217	625.173	693.848	10.344	621	691	9	9	6	4
164	23.211	61.716	141	91	4128986	29283.588	14171.973	25484.000	12157	65535	641.723	720.539	10.922	1.625	0.306	1.549	641.715	720.595	10.918	638	717	9	7	8	5
165	27.491	75.643	167	122	3678445	22026.617	7945.298	20451.000	12052	41834	480.886	769.940	10.671	1.616	0.326	1.644	480.789	770.004	10.690	477	765	9	9	10	4
166	15.638	49.234	95	75	2095880	22061.895	7346.819	21060.000	12107	41139	699.042	772.905	10.737	1.319	0.279	1.335	699.085	772.863	10.694	695	770	9	8	7	4
167	11.852	40.132	72	57	1562064	21695.334	7780.723	20402.500	12735	39790	608.667	881.847	10.736	1.230	0.284	1.249	608.668	881.778	10.717	606	879	9	6	7	4
168	4.115	20.135	25	25	376535	15061.400	1824.213	14870.000	12119	19872	711.200	913.360	9.680	0.782	0.205	0.813	711.212	913.374	9.692	709	912	9	5	4	2
169	2.305	14.998	14	14	187782	13413.000	1285.450	13027.500	12073	16494	119.857	148.214	10.643	0.721	0.196	0.743	119.870	148.158	10.647	118	147	10	5	4	2
170	5.597	26.031	34	30	547962	16116.529	3222.823	15087.500	12113	24897	121.676	200.765	10.794	0.965	0.238	0.958	121.674	200.742	10.811	120	198	10	4	6	3
171	2.140	12.274	13	13	178268	13712.923	1023.856	13254.000	12698	16091	214.462	208.846	10.462	0.643	0.107	0.652	214.455	208.835	10.444	213	208	10	4	3	2
172	1.811	13.067	11	11	157142	14285.637	1459.336	14160.000	12230	16521	205.727	218.545	10.273	0.639	0.203	0.729	205.710	218.544	10.247	204	217	10	4	4	2
173	26.667	79.160	162	120	2962123	18284.709	5102.682	16941.000	12116	33500	142.556	284.352	11.327	1.772	0.510	1.728	142.591	284.274	11.314	139	278	10	7	14	4
174	7.243	28.099	44	41	769200	17481.818	4180.572	16073.000	12095	28811	214.568	283.705	10.682	0.974	0.240	0.973	214.603	283.672	10.657	213	281	10	5	7	3
175	22.058	60.404	134	95	3073076	22933.402	9103.632	19715.500	12085	46003	144.351	304.657	11.627	1.545	0.270	1.567	144.265	304.570	11.616	142	300	10	7	10	4
176	9.054	32.650	55	52	1000288	18187.055	4380.737	17749.000	12047	29857	228.218	349.455	10.655	1.010	0.286	1.008	228.200	349.404	10.628	226	347	10	5	6	3
177	12.181	43.234	74	66	1381483	18668.689	5091.828	18460.000	12166	30137	254.068	354.027	10.784	1.151	0.265	1.206	254.029	353.944	10.732	251	351	10	7	7	3
178	18.601	57.198	113	85	2437299	21569.018	7107.880	20439.000	12120	38370	243.602	368.982	11.442	1.452	0.330	1.463	243.693	368.920	11.432	241	364	10	6	11	4
179	18.272	56.750	111	86	2281855	20557.252	6487.536	18727.000	12131	36294	256.405	400.432	11.279	1.444	0.342	1.410	256.330	400.415	11.287	252	397	10	10	8	4
180	18.766	57.543	114	88	2367802	20770.193	6785.942	19636.000	12042	41325	174.096	450.754	11.851	1.443	0.319	1.425	174.066	450.807	11.835	170	448	10	10	7	5
181	13.663	48.545	83	72	1710565	20609.217	6580.917	19474.000	12353	40484	167.759	489.904	10.964	1.336	0.380	1.305	167.659	489.818	10.976	166	485	10	6	10	3
182	6.420	29.099	39	36	647492	16602.359	3581.697	16333.000	12112	25145	346.513	497.949	11.641	1.017	0.373	0.928	346.423	497.943	11.611	344	496	10	7	4	4
183	14.157	49.475	86	76	1618513	18819.918	5532.031	17285.500	12125	33146	303.453	515.570	11.291	1.471	0.574	1.389	303.297	515.772	11.318	301	510	10	9	11	3
184	30.124	76.125	183	132	4278426	23379.377	9090.734	20942.000	12109	57435	208.825	527.372	11.415	1.690	0.338	1.658	208.793	527.325	11.400	205	522	10	8	12	4
185	11.852	39.061	72	72	1161852	16136.833	2560.179	16235.500	12103	21991	401.458	550.889	10.569	1.175	0.392	1.161	401.420	550.838	10.569	399	546	10	7	10	2
186	21.235	70.366	129	119	2284362	17708.232	4452.327	17032.000	12035	29116	415.744	603.597	11.674	1.442	0.449	1.479	415.534	603.557	11.681	411	599	10	11	10	4
187	15.968	46.647	97	77	2134371	22003.824	6919.620	20823.000	12149	41268	526.753	635.216	11.165	1.313	0.246	1.320	526.701	635.251	11.167	523	632	10	8	7	4
188	1.975	12.964	12	12	177934	14827.833	1836.654	14293.500	12288	19063	331.667	636.500	11.000	0.608	0.266	0.638	331.710	636.525	11.011	330	635	10	4	4	3
189	23.869	64.266	145	109	3288873	22681.883	8196.688	21137.000	12041	50176	454.648	644.945	11.214	1.565	0.329	1.578	454.600	644.899	11.232	450	642	10	10	7	4
190	26.009	63.402	158	123	3768421	23850.766	8723.528	22011.000	12158	49727	472.753	651.854	10.937	1.561	0.345	1.560	472.752	651.969	10.932	469	647	10	8	11	3
191	29.466	73.056	179	130	4543048	25380.156	10339.350	23653.000	12057	53845	554.223	676.598	11.156	1.623	0.294	1.627	554.313	676.574	11.124	549	672	10	11	9	4
192	32.758	74.987	199	136	4983716	25043.799	10595.083	21601.000	12080	50179	405.910	697.678	11.407	1.711	0.210	1.718	405.858	697.681	11.389	401	694	10	10	9	4
193	3.128	21.376	19	19	264829	13938.368	2305.083	12992.000	12104	19683	663.158	715.474	10.263	0.822	0.313	0.810	663.093	715.456	10.265	661	713	10	6	6	2
194	32.758	79.675	199	144	4097557	20590.738	7082.805	18479.000	12045	41267	450.930	738.683	11.814	1.704	0.314	1.735	450.960	738.883	11.780	446	734	10	11	10	5
195	22.058	62.713	134	114	2636012	19671.730	5938.000	18128.500	12163	34927	629.366	743.806	11.493	1.514	0.415	1.508	629.493	743.899	11.490	625	740	10	11	8	4
196	13.992	50.509	85	73	1575742	18538.141	5394.250	16850.000	12283	33612	739.471	809.953	10.976	1.426	0.518	1.277	739.489	809.913	10.922	737	805	10	6	13	3
197	13.828	46.647	84	66	1421700	16925.000	4118.227	15359.500	12047	29063	694.202	812.738	11.083	1.383	0.390	1.291	694.178	812.716	11.087	689	811	10	11	5	3
198	27.161	73.438	165	110	4663868	28265.867	13954.488	25622.000	12038	65535	594.570	846.188	11.921	1.698	0.337	1.715	594.608	846.122	11.896	592	842	10	6	10	5
199	7.408	32.961	45	39	788958	17532.400	4578.306	16083.000	12441	30237	705.667	847.156	10.889	1.049	0.261	1.114	705.666	847.190	10.905	703	845	10	6	6	3
200	12.511	38.787	76	63	1382257	18187.592	4525.673	17108.000	12300	32732	624.947	869.539	10.895	1.201	0.194	1.192	625.004	869.425	10.860	622	867	10	6	7	3
201	10.700	36.856	65	58	1180727	18165.031	4394.779	18063.000	12098	27168	622.231	881.615	11.308	1.138	0.307	1.146	622.193	881.679	11.324	620	879	10	7	7	3
202	9.218	38.442	56	49	862811	15407.339	3110.504	14236.500	12236	23906	784.661	922.107	10.875	1.155	0.320	1.169	784.603	922.122	10.869	782	919	10	9	8	3
203	2.305	14.653	14	13	206968	14783.429	2429.138	14353.500	12145	20946	704.214	927.000	11.000	0.750	0.286	0.741	704.247	927.039	10.990	703	926	10	4	3	3
204	5.432	23.892	33	33	520316	15767.151	2569.248	15490.000	12042	22072	123.970	213.394	11.424	0.860	0.230	0.878	123.991	213.395	11.381	122	212	11	6	5	2
205	7.078	27.754	43	41	690357	16054.813	2397.744	15887.000	12090	20953	242.395	306.512	11.581	0.944	0.266	0.893	242.389	306.517	11.590	239	305	11	7	4	3
206	7.572	30.030	46	46	791399	17204.326	3721.929	17174.500	12070	25861	158.652	322.435	11.500	1.008	0.334	0.925	158.637	322.413	11.528	156	319	11	7	7	2
207	8.395	30.167	51	51	903877	17723.078	3360.342	17631.000	12574	25242	263.608	349.137	11.569	0.976	0.277	0.959	263.566	349.041	11.564	261	347	11	7	6	2
208	5.268	23.755	32	29	506808	15837.750	3285.623	14817.000	12401	25280	163.500	385.188	11.812	0.899	0.217	0.871	163.467	385.212	11.815	162	383	11	4	5	3
209	16.297	49.060	99	82	1959437	19792.293	5566.788	18347.000	12048	34806	303.374	437.131	11.828	1.291	0.244	1.318	303.307	437.221	11.810	300	433	11	8	8	3
210	11.194	41.303	68	64	1198368	17623.059	3812.530	17132.000	12094	30425	321.588	445.559	12.324	1.152	0.360	1.133	321.554	445.574	12.311	318	443	11	9	6	3
211	9.054	40.166	55	54	811212	14749.310	2374.227	13943.000	12061	22261	221.091	473.327	11.673	1.128	0.409	1.105	221.125	473.442	11.688	218	469	11	7	9	3
212	10.700	43.957	65	63	1065270	16388.770	3611.727	15517.000	12090	28869	258.062	532.754	12.154	1.407	0.613	1.406	258.096	533.079	12.175	256	526	11	5	13	3
213	16.955	56.750	103	84	1951086	18942.582	5322.870	17643.000	12064	33433	448.825	567.214	12.573	1.357	0.318	1.376	448.847	567.199	12.546	444	565	11	10	6	4
214	9.383	35.718	57	49	977317	17145.912	4308.113	15453.000	12495	30223	283.737	576.193	11.807	1.095	0.250	1.081	283.770	576.242	11.820	282	573	11	5	8	3
215	21.564	59.818	131	94	2747337	20972.039	7304.526	19058.000	12087	42071	459.611	582.489	12.481	1.554	0.292	1.578	459.762	582.579	12.434	455	580	11	10	6	4
216	6.091	32.064	37	37	584269	15791.054	3242.452	15063.000	12181	23918	308.514	588.676	11.973	1.112	0.437	1.124	308.584	588.651	11.951	305	587	11	8	5	3
217	13.005	49.508	79	77	1231062	15583.063	2655.638	15199.000	12122	23992	451.291	628.468	11.747	1.214	0.368	1.283	451.395	628.508	11.749	447	625	11	9	8	3
218	14.980	54.956	91	83	1558638	17127.891	4953.433	15128.000	12046	36733	471.440	631.451	12.495	1.414	0.520	1.333	471.168	631.529	12.427	467	629	11	12	6	4
219	1.646	10.792	10	10	138680	13868.000	1178.485	14153.000	12307	16044	408.300	671.300	11.600	0.616	0.128	0.627	408.299	671.316	11.619	407	671	11	4	2	2
220	6.585	32.994	40	39	600381	15009.525	2389.704	14391.000	12229	20006	434.425	685.750	12.050	1.011	0.359	1.055	434.457	685.768	12.045	432	682	11	6	8	3
221	4.609	23.203	28	28	444596	15878.429	2364.509	15797.000	12449	21221	586.214	690.679	11.393	0.912	0.367	0.852	586.184	690.638	11.360	582	689	11	8	5	2
222	19.095	59.507	116	94	2280501	19659.492	6555.444	17027.500	12037	36274	447.362	715.595	12.241	1.487	0.460	1.473	447.364	715.707	12.251	445	710	11	6	12	4
223	21.729	61.749	132	96	2718538	20594.984	6583.162	19068.000	12065	33507	616.811	722.394	12.371	1.495	0.248	1.513	616.800	722.347	12.375	613	719	11	8	9	4
224	11.358	44.613	69	67	1213629	17588.826	3864.357	17315.000	12105	28860	524.435	760.348	12.377	1.230	0.446	1.198	524.466	760.467	12.359	522	756	11	6	10	3
225	3.951	21.824	24	24	372397	15516.542	2066.162	15289.000	12088	19773	632.458	786.833	12.292	0.841	0.269	0.852	632.508	786.855	12.266	630	785	11	5	5	3
226	10.535	37.890	64	59	1232331	19255.172	5689.656	18192.000	12078	32727	666.500	800.250	11.719	1.094	0.259	1.116	666.454	800.311	11.699	664	797	11	6	8	3
227	26.832	66.196	163	113	4004104	24565.055	9898.213	22071.000	12060	49106	634.466	862.620	12.638	1.656	0.283	1.657	634.538	862.681	12.639	631	859	11	9	9	4
228	8.066	33.787	49	43	786354	16048.041	3626.335	14887.000	12058	26351	662.571	873.633	11.878	1.043	0.243	1.085	662.658	873.572	11.884	659	871	11	7	7	3
229	19.095	56.679	116	102	1924933	16594.250	3649.065	15642.500	12189	30209	676.802	887.259	11.853	1.412	0.382	1.403	676.883	887.272	11.884	672	884	11	10	7	3
230	4.938	30.926	30	30	429914	14330.467	2383.239	13399.000	12079	21068	698.633	753.233	12.967	1.013	0.448	1.001	698.577	753.173	12.943	695	751	12	7	6	3
231	9.383	35.166	57	57	936079	16422.439	2741.346	16418.000	12170	23207	565.509	757.018	12.456	1.105	0.394	1.006	565.565	757.073	12.445	562	754	12	8	7	2
