 	Volume (micron^3)	Surface (micron^2)	Nb of obj. voxels	Nb of surf. voxels	IntDen	Mean	StdDev	Median	Min	Max	X	Y	Z	Mean dist. to surf. (micron)	SD dist. to surf. (micron)	Median dist. to surf. (micron)	XM	YM	ZM	BX	BY	BZ	B-width	B-height	B-depth
1	42.635	97.675	259	159	9249258	35711.422	18854.197	29410.000	11988	65535	341.907	43.471	5.529	1.973	0.363	1.976	341.844	43.430	5.479	338	38	3	9	12	6
2	45.763	104.190	278	177	8728351	31396.945	16040.684	28957.000	11943	65535	333.921	61.482	5.112	1.965	0.326	1.984	334.022	61.481	5.036	328	57	3	12	11	5
3	36.215	81.920	220	127	8783759	39926.176	20527.953	35331.500	11998	65535	257.714	79.750	5.764	1.986	0.422	1.976	257.690	79.727	5.768	255	76	3	7	9	6
4	62.060	130.324	377	233	13251879	35150.871	18255.484	32248.000	11993	65535	227.371	74.382	5.844	2.277	0.552	2.300	227.524	74.582	5.817	221	69	3	12	14	6
5	38.849	95.091	236	144	9429219	39954.316	20600.297	36589.000	12010	65535	360.013	79.047	6.085	2.050	0.482	2.080	359.989	79.057	6.059	355	76	3	12	7	7
6	30.454	74.609	185	128	5695481	30786.383	16510.385	25123.000	12035	65535	299.427	112.643	5.341	1.751	0.350	1.737	299.321	112.703	5.326	297	107	3	8	11	5
7	53.829	104.983	327	194	11915286	36438.184	18986.014	32717.000	12050	65535	202.018	135.098	5.749	2.095	0.247	2.108	201.968	135.148	5.725	197	130	3	10	11	6
8	50.372	103.708	306	177	11120345	36340.996	19442.504	32242.500	12113	65535	244.915	171.000	5.069	2.140	0.368	2.144	244.949	170.979	5.014	240	166	3	11	12	5
9	34.075	87.539	207	143	6843954	33062.578	17264.385	28927.000	11970	65535	270.879	176.870	5.246	1.928	0.515	1.900	270.974	176.802	5.159	268	171	3	7	13	5
10	25.515	64.128	155	105	5228281	33730.844	17490.506	28625.000	11999	65535	297.194	189.355	5.432	1.658	0.291	1.648	297.201	189.442	5.360	295	185	3	6	10	5
11	46.915	99.124	285	164	10891107	38214.410	20088.172	36542.000	11978	65535	211.642	194.625	5.642	2.102	0.383	2.137	211.649	194.521	5.608	208	190	3	8	11	6
12	47.903	106.536	291	171	10586768	36380.645	19052.500	32713.000	11967	65535	239.388	225.412	5.467	2.069	0.341	2.067	239.449	225.401	5.464	236	219	3	8	13	6
13	41.977	91.745	255	147	9523410	37346.707	19609.727	33868.000	11946	65535	331.173	235.302	5.871	1.984	0.273	2.012	331.178	235.302	5.845	327	231	3	10	10	6
14	66.669	124.221	405	233	14529372	35874.992	18594.002	32668.000	11950	65535	264.812	305.649	5.072	2.351	0.512	2.331	264.860	305.765	5.042	261	298	3	9	16	5
15	52.347	100.191	318	180	11883748	37370.277	20197.631	31228.500	12008	65535	233.664	333.994	5.013	2.117	0.264	2.097	233.700	333.994	4.970	230	329	3	9	11	5
16	47.080	99.846	286	184	10848076	37930.336	18155.008	33860.000	12016	65535	272.350	331.689	5.479	2.019	0.387	2.011	272.327	331.640	5.445	269	326	3	9	12	6
17	60.907	119.429	370	224	13628710	36834.352	18631.525	31600.000	12001	65535	298.489	343.768	5.354	2.188	0.396	2.164	298.435	343.768	5.313	294	337	3	11	13	5
18	40.989	86.676	249	161	8274013	33228.969	16243.467	28777.000	12275	65535	241.108	362.149	5.382	1.931	0.382	1.879	241.115	361.963	5.285	238	356	3	7	13	5
19	49.549	101.158	301	172	11686096	38824.238	20673.209	36436.000	12088	65535	297.219	569.352	5.538	2.159	0.427	2.189	297.266	569.271	5.520	294	564	3	7	12	6
20	70.126	149.080	426	257	15392832	36133.410	18511.914	31451.000	11955	65535	384.960	631.108	5.692	2.524	0.730	2.488	384.962	630.899	5.641	381	623	3	9	18	6
21	58.438	116.431	355	209	13883395	39108.156	20190.236	35038.000	12022	65535	372.854	702.358	5.893	2.251	0.430	2.264	372.871	702.329	5.862	370	696	3	8	14	6
22	43.787	99.053	266	170	8613755	32382.537	16554.820	28387.500	11998	65535	350.429	704.857	5.346	1.980	0.388	1.922	350.567	704.970	5.297	346	701	3	10	9	6
23	33.911	85.160	206	138	6235339	30268.637	15453.736	27955.000	12070	65535	355.277	715.325	5.306	1.880	0.423	1.882	355.376	715.184	5.213	351	711	3	10	11	5
24	31.441	76.058	191	121	6675288	34949.152	18334.555	30294.000	11980	65535	361.916	744.691	5.262	1.789	0.294	1.788	362.020	744.499	5.276	359	740	3	7	10	6
25	56.463	112.224	343	200	13174375	38409.258	19702.283	34763.000	11952	65535	432.172	821.796	6.023	2.180	0.324	2.186	432.190	821.900	5.994	428	816	3	10	12	6
26	41.812	94.640	254	166	7917427	31170.973	15854.026	26340.500	11948	65535	495.390	831.614	5.358	1.917	0.362	1.923	495.290	831.481	5.322	490	827	3	11	11	5
27	39.014	87.746	237	144	8858144	37376.137	19279.498	33736.000	11962	65535	458.354	1009.932	5.751	1.941	0.321	1.938	458.350	1009.942	5.672	455	1005	3	8	10	6
28	35.392	82.195	215	135	7697027	35800.125	19516.918	28955.000	12000	65535	212.372	10.595	6.256	1.902	0.382	1.939	212.373	10.456	6.175	210	6	4	7	11	5
29	2.963	18.308	18	18	304784	16932.445	5310.250	14515.500	12111	27652	311.056	24.111	5.000	0.692	0.283	0.710	311.071	24.117	5.006	309	22	4	5	5	3
30	35.392	82.988	215	132	7710486	35862.727	19718.000	30520.000	11943	65535	230.633	48.219	6.177	1.888	0.318	1.899	230.706	48.279	6.204	227	44	4	8	11	6
31	19.424	55.716	118	81	3083597	26132.178	11715.440	22692.500	12256	55477	273.475	61.483	5.407	1.506	0.256	1.548	273.515	61.564	5.381	271	57	4	6	9	4
32	24.857	64.025	151	99	4543884	30091.947	15968.367	24398.000	12026	65535	301.199	61.682	5.417	1.617	0.203	1.633	301.153	61.692	5.423	298	58	4	8	9	4
33	46.750	98.605	284	172	10190492	35882.016	18543.518	30628.500	11974	65535	186.327	67.549	6.320	2.016	0.302	1.978	186.452	67.487	6.301	182	62	4	9	12	5
34	43.294	94.262	263	159	9684136	36821.809	19331.320	30652.000	11987	65535	341.491	84.886	5.913	1.999	0.355	2.038	341.478	84.813	5.909	336	81	4	12	8	5
35	32.594	83.677	198	132	6307319	31855.146	17154.697	26890.000	11965	65535	203.232	99.571	6.045	1.865	0.439	1.927	203.202	99.742	6.045	200	93	4	7	13	5
36	58.932	124.084	358	226	12699731	35474.109	18224.201	29816.000	12082	65535	366.547	136.626	5.662	2.257	0.587	2.219	366.539	136.683	5.672	363	130	4	9	16	5
37	17.943	60.886	109	101	2080844	19090.312	5505.523	18381.000	11956	33143	345.679	134.339	4.872	1.420	0.436	1.390	345.768	134.444	4.838	342	129	4	8	11	3
38	18.272	51.439	111	88	2529939	22792.244	9236.018	19720.000	12035	56446	345.748	144.396	4.973	1.354	0.215	1.365	345.889	144.244	4.906	342	141	4	8	8	3
39	17.778	52.751	108	80	3359746	31108.760	14642.409	30480.000	12181	65535	237.315	146.009	5.926	1.399	0.258	1.362	237.368	146.073	5.968	235	142	4	6	8	5
40	19.424	51.991	118	94	3029836	25676.576	9104.855	24948.000	12041	55349	241.686	157.958	5.924	1.413	0.268	1.408	241.688	157.918	5.895	238	155	4	8	7	4
41	34.404	80.160	209	128	7264398	34757.887	18706.059	29349.000	12130	65535	218.612	176.967	5.904	1.832	0.271	1.867	218.718	176.980	5.907	215	173	4	9	9	5
42	14.651	51.750	89	79	1685330	18936.293	5677.190	17626.000	11976	33595	266.888	201.427	4.966	1.273	0.342	1.283	266.877	201.387	4.979	263	198	4	8	8	3
43	12.511	42.304	76	63	1583991	20841.986	8353.707	17659.500	11982	43837	341.724	202.500	5.618	1.213	0.267	1.206	341.830	202.586	5.596	339	200	4	6	6	4
44	14.980	44.716	91	80	1810596	19896.660	5595.558	19430.000	11970	36421	257.319	207.648	5.264	1.280	0.346	1.320	257.317	207.700	5.272	255	203	4	6	9	3
45	49.220	109.019	299	180	11200891	37461.176	19565.361	31131.000	12107	65535	327.793	213.391	5.900	2.184	0.494	2.165	327.892	213.235	5.880	324	208	4	10	13	5
46	5.597	24.548	34	31	638203	18770.676	5198.294	18599.000	12090	29728	252.000	216.529	5.559	0.896	0.256	0.868	251.937	216.514	5.534	250	215	4	5	4	4
47	30.454	77.885	185	124	5975460	32299.783	17054.656	26540.000	11951	65535	320.757	239.908	5.838	1.788	0.404	1.790	320.760	239.740	5.889	318	235	4	8	11	5
48	36.215	76.677	220	145	7299996	33181.801	16708.113	28253.000	11991	65535	321.655	254.982	5.464	1.829	0.324	1.817	321.609	255.013	5.377	319	250	4	7	11	4
49	26.667	75.435	162	128	3410631	21053.277	7118.832	19625.000	11950	48769	356.278	264.123	5.747	1.680	0.533	1.576	356.362	264.085	5.701	351	259	4	11	12	4
50	21.894	56.646	133	96	3619183	27211.902	12633.390	24375.000	11988	65535	331.143	264.759	5.218	1.492	0.232	1.489	331.100	264.668	5.179	328	262	4	8	7	4
51	45.927	124.428	279	201	7825869	28049.709	14513.169	24696.000	11986	65535	234.713	283.154	6.308	2.523	0.896	2.551	235.189	282.696	6.167	227	276	4	15	16	6
52	20.248	56.924	123	83	4360857	35454.121	19407.893	30033.000	12429	65535	268.195	286.163	5.780	1.560	0.312	1.481	268.275	286.117	5.806	265	283	4	7	7	5
53	23.704	64.199	144	93	5182859	35992.078	19655.301	28227.000	12114	65535	274.590	290.597	5.965	1.688	0.348	1.732	274.617	290.611	5.972	272	287	4	7	8	5
54	26.503	71.366	161	125	3604639	22389.062	8489.370	20085.000	11943	47735	357.012	298.919	4.901	1.645	0.472	1.557	357.014	298.943	4.881	354	293	4	8	13	3
55	51.853	116.327	315	206	10857514	34468.297	17967.375	29413.000	11955	65535	318.419	306.422	5.663	2.312	0.709	2.365	318.556	306.252	5.647	315	298	4	8	17	5
56	28.807	71.540	175	118	5083730	29049.885	14898.952	23846.000	12002	65535	324.977	356.966	5.343	1.712	0.306	1.745	325.100	357.013	5.312	320	353	4	10	9	4
57	17.943	57.439	109	84	2365139	21698.523	8640.750	18347.000	12387	52518	233.881	390.138	5.046	1.403	0.314	1.349	234.004	390.249	5.055	230	386	4	8	10	4
58	18.931	55.130	115	85	3595991	31269.486	16585.080	25670.000	12031	65535	353.417	389.226	5.530	1.526	0.319	1.558	353.645	389.253	5.426	349	387	4	9	6	4
59	56.298	122.427	342	227	10628308	31076.924	16789.625	25370.500	11971	65535	306.167	391.746	6.558	2.234	0.623	2.188	306.478	392.365	6.532	301	383	4	12	16	5
60	17.120	52.888	104	81	2213979	21288.260	8505.927	18756.500	11971	48183	302.529	429.317	5.231	1.368	0.271	1.366	302.542	429.242	5.230	300	425	4	6	9	4
61	42.964	96.949	261	181	7272677	27864.662	13067.950	24549.000	11997	65535	334.598	444.946	5.575	1.993	0.507	1.908	334.525	445.024	5.607	330	437	4	10	15	4
62	33.581	90.607	204	143	6355650	31155.146	15826.590	25399.000	12105	65535	294.456	459.505	5.593	1.947	0.576	2.015	294.466	459.355	5.625	291	454	4	8	13	4
63	44.775	94.225	272	182	6882522	25303.391	10317.047	21871.000	11983	49141	365.066	484.971	5.669	1.907	0.339	1.901	365.025	484.938	5.667	360	480	4	11	11	4
64	23.704	67.127	144	108	3388797	23533.312	9544.360	20865.500	12036	54518	369.785	496.368	5.868	1.561	0.379	1.556	369.804	496.512	5.819	365	492	4	10	10	4
65	29.960	77.195	182	123	5686667	31245.424	15499.923	29379.000	11979	65535	346.582	515.407	6.088	1.767	0.365	1.796	346.469	515.345	6.057	342	511	4	11	9	5
66	21.235	59.681	129	92	3935546	30508.109	15541.263	27732.000	11986	65535	324.512	518.062	6.101	1.510	0.282	1.492	324.556	518.032	6.077	322	515	4	7	8	5
67	29.301	74.127	178	123	6260520	35171.461	18049.463	30289.000	11987	65535	297.831	536.000	5.584	1.754	0.366	1.744	297.908	535.711	5.591	295	532	4	7	11	5
68	51.689	104.742	314	192	11148968	35506.266	18697.127	30641.500	12046	65535	319.904	556.984	6.140	2.156	0.433	2.165	319.972	556.867	6.161	317	551	4	7	14	5
69	41.977	87.435	255	155	9630797	37767.832	19854.676	34003.000	11949	65535	341.671	561.039	5.882	1.986	0.305	2.037	341.686	561.061	5.825	338	556	4	8	11	5
70	20.083	58.369	122	96	2764655	22661.107	9031.714	19528.500	12021	51842	387.107	562.566	5.074	1.437	0.315	1.389	387.092	562.465	5.106	384	559	4	7	9	4
71	13.498	41.407	82	67	1849155	22550.670	8009.651	20578.000	12157	42357	408.744	567.439	5.195	1.237	0.223	1.239	408.683	567.354	5.195	406	565	4	7	6	4
72	19.589	56.783	119	92	3051599	25643.689	11060.770	23680.000	12182	58556	366.487	572.260	4.941	1.433	0.297	1.407	366.535	572.319	4.955	363	568	4	8	10	3
73	47.903	99.261	291	167	10998183	37794.441	19991.422	31582.000	11993	65535	351.997	621.825	5.828	2.071	0.291	2.117	352.083	621.806	5.774	346	618	4	12	9	5
74	47.573	100.569	289	181	9143088	31636.982	16473.154	28350.000	12014	65535	316.657	704.443	6.010	2.017	0.332	2.026	316.626	704.237	5.979	313	699	4	9	13	5
75	25.021	71.263	152	130	2986439	19647.625	5526.451	18302.000	12094	38407	388.559	742.711	5.217	1.650	0.528	1.571	388.550	742.675	5.233	385	736	4	8	14	4
76	48.726	101.155	296	187	9565017	32314.246	15427.709	28273.000	12007	65535	347.818	750.679	5.726	1.976	0.309	1.989	348.012	750.809	5.733	342	746	4	12	10	5
77	55.310	111.947	336	199	11252295	33488.973	17446.686	29727.000	12035	65535	481.211	782.836	6.262	2.098	0.314	2.110	481.222	782.520	6.281	476	777	4	11	12	5
78	44.281	99.432	269	178	8145006	30278.832	13838.419	27677.000	12123	65535	465.814	792.981	5.717	2.012	0.476	1.912	465.990	793.065	5.738	460	788	4	12	11	5
79	59.755	117.257	363	208	13109427	36114.125	18786.570	30580.000	11946	65535	365.568	800.882	6.358	2.184	0.322	2.216	365.432	800.827	6.372	360	796	4	12	11	6
80	17.449	52.269	106	72	3331349	31427.820	16172.511	25845.000	11984	65535	407.811	803.028	5.764	1.479	0.314	1.445	407.851	803.036	5.753	405	800	4	6	7	5
81	19.095	52.269	116	77	3774571	32539.404	16502.395	27917.000	12119	65535	413.560	808.466	6.095	1.535	0.328	1.476	413.555	808.416	6.089	411	806	4	6	6	5
82	23.211	69.298	141	120	2918312	20697.248	7001.087	18732.000	11957	37833	442.709	839.865	5.404	1.485	0.396	1.497	442.862	839.891	5.412	438	836	4	10	9	4
83	23.046	61.886	140	107	3648991	26064.221	11283.353	24278.500	11989	62732	505.414	876.679	5.971	1.495	0.284	1.499	505.537	876.635	5.988	501	873	4	9	8	4
84	29.795	73.093	181	111	5899202	32592.275	17596.031	27523.000	12301	65535	456.823	900.420	6.011	1.770	0.276	1.743	456.815	900.371	5.961	453	897	4	9	8	5
85	26.832	72.574	163	118	3715196	22792.613	9042.609	19691.000	11955	48109	420.810	917.092	5.656	1.666	0.400	1.633	420.705	917.221	5.636	417	912	4	10	11	4
86	27.491	71.507	167	114	5175048	30988.311	15698.468	27685.000	12001	65535	449.024	933.748	5.683	1.699	0.331	1.715	448.988	933.628	5.721	444	931	4	11	7	5
87	29.795	67.782	181	121	5907161	32636.248	16672.053	27958.000	11966	65535	496.116	937.221	5.348	1.703	0.242	1.706	496.065	937.197	5.237	493	933	4	7	10	4
88	59.261	139.289	360	236	11549982	32083.283	17549.803	26448.000	12005	65535	549.731	942.400	6.956	2.556	0.828	2.639	549.374	942.829	6.763	543	935	4	14	13	8
89	38.026	104.397	231	171	6396955	27692.445	12685.059	25001.000	11976	65535	441.589	953.494	5.931	2.054	0.662	2.113	441.150	953.653	5.931	435	948	4	15	11	5
90	43.294	95.366	263	149	9428652	35850.387	18729.027	31825.000	12006	65535	558.551	963.787	6.521	2.045	0.349	1.985	558.512	963.806	6.463	554	960	4	10	10	6
91	29.466	78.437	179	117	5453017	30463.781	15869.345	26783.000	12045	65535	520.162	973.654	5.994	1.760	0.358	1.838	520.231	973.736	5.987	516	969	4	9	10	5
92	55.146	109.290	335	220	8963749	26757.459	11849.941	22946.000	12051	57054	465.346	984.316	5.337	2.062	0.385	2.051	465.440	984.110	5.333	461	978	4	11	14	4
93	41.977	93.365	255	161	7989337	31330.732	16936.639	25500.000	11953	65535	545.769	1006.655	5.675	1.972	0.366	1.956	545.988	1006.628	5.649	540	1003	4	12	8	5
94	55.804	108.363	339	191	13197511	38930.711	20097.729	33349.000	12052	65535	239.065	16.566	6.997	2.176	0.296	2.175	239.041	16.690	6.977	235	12	5	10	11	6
95	17.120	45.510	104	84	2558451	24600.490	8221.003	22090.500	12048	44388	250.125	26.721	5.885	1.324	0.220	1.328	250.171	26.771	5.815	247	24	5	7	7	3
96	46.750	104.086	284	187	9472737	33354.707	16813.979	28542.500	11968	65535	181.433	33.546	6.641	2.067	0.487	2.005	181.473	33.461	6.668	178	28	5	9	14	5
97	17.943	53.577	109	87	2268623	20813.055	6175.824	19755.000	12439	37068	242.229	35.789	5.872	1.361	0.278	1.345	242.246	35.711	5.821	239	32	5	7	9	3
98	4.445	24.100	27	24	436630	16171.481	4083.193	14683.000	12234	28846	300.222	93.778	6.074	0.923	0.316	1.010	300.272	93.701	6.075	299	92	5	4	6	3
99	32.923	81.987	200	133	6408801	32044.006	16495.197	26577.500	11984	65535	367.065	100.325	7.470	1.836	0.398	1.794	367.080	100.335	7.440	364	95	5	7	12	6
100	17.943	54.578	109	83	2542236	23323.266	8657.903	21329.000	12035	46059	246.028	116.046	6.679	1.413	0.304	1.414	245.987	116.002	6.667	243	113	5	7	8	4
101	17.943	48.993	109	81	3145141	28854.504	14083.837	25203.000	12248	65535	254.936	139.376	6.587	1.460	0.273	1.522	254.940	139.474	6.579	253	136	5	5	8	4
102	8.889	38.338	54	54	875509	16213.130	2726.242	15525.000	12393	23027	307.722	164.907	5.389	1.285	0.478	1.320	307.751	164.802	5.349	306	160	5	5	11	2
103	72.759	170.734	442	280	14163752	32044.688	17659.561	26259.000	11977	65535	366.731	181.484	8.699	2.804	0.960	2.896	366.673	180.944	8.346	363	173	5	9	18	9
104	6.585	26.961	40	39	695634	17390.850	4352.316	16466.000	12050	31495	299.250	221.875	6.375	0.908	0.238	0.912	299.246	221.971	6.372	297	219	5	5	6	3
105	2.634	13.308	16	16	250517	15657.312	2315.167	15990.500	12271	19293	275.688	238.188	5.312	0.657	0.153	0.690	275.729	238.152	5.299	274	237	5	4	3	2
106	7.243	32.064	44	44	807497	18352.205	3908.021	17475.500	12027	27199	281.386	247.977	6.455	0.961	0.282	0.954	281.432	248.027	6.451	279	245	5	7	6	3
107	28.149	72.059	171	111	6206286	36294.070	18621.441	30980.000	11988	65535	205.520	305.404	7.450	1.727	0.331	1.704	205.558	305.465	7.441	202	301	5	7	9	6
108	7.408	28.410	45	37	1216695	27037.666	13583.471	22017.000	12077	65535	217.800	364.778	6.133	1.065	0.231	1.090	217.864	364.861	6.194	216	363	5	5	5	4
109	5.103	22.514	31	29	477556	15405.032	3216.655	14250.000	12208	25269	282.581	394.935	5.613	0.876	0.232	0.847	282.557	394.914	5.632	281	393	5	4	5	3
110	8.395	35.855	51	51	824857	16173.667	3578.702	14769.000	12004	24657	266.431	397.569	5.314	1.119	0.465	0.968	266.528	397.537	5.270	262	394	5	10	8	2
111	44.117	124.843	268	189	7132000	26611.939	13983.256	22845.000	11958	65535	236.246	452.369	7.627	2.192	0.754	2.126	235.702	452.424	7.429	229	446	5	13	13	7
112	16.297	47.440	99	81	2097845	21190.354	6293.849	20021.000	11986	37081	380.394	459.596	6.081	1.326	0.270	1.339	380.478	459.669	6.075	377	457	5	8	7	3
113	16.626	49.130	101	78	2190057	21683.732	7164.125	19482.000	11979	39193	393.772	476.010	6.832	1.336	0.234	1.351	393.745	476.036	6.769	391	472	5	7	8	4
114	5.432	28.099	33	33	502125	15215.909	2466.322	14962.000	11985	21550	274.242	488.121	5.697	1.042	0.478	0.989	274.369	488.181	5.660	271	484	5	7	8	3
115	8.066	34.099	49	42	834555	17031.734	4315.541	15927.000	11952	28712	331.612	496.980	6.000	1.110	0.296	1.095	331.635	496.967	6.008	330	493	5	5	8	3
116	5.761	29.581	35	35	535835	15309.571	3069.336	14820.000	12011	24409	278.000	512.200	5.257	1.095	0.400	1.030	278.078	512.224	5.243	276	508	5	5	9	2
117	39.014	85.089	237	151	7866335	33191.285	17422.814	27321.000	12051	65535	401.089	515.498	6.523	1.864	0.264	1.844	401.170	515.570	6.547	396	511	5	11	10	5
118	4.445	24.445	27	26	424295	15714.630	3480.549	14855.000	12096	23885	388.630	517.704	6.296	0.852	0.284	0.792	388.656	517.667	6.290	387	515	5	4	7	3
119	14.980	51.165	91	74	2103898	23119.758	8795.794	20769.000	11956	50972	303.780	677.714	6.725	1.345	0.348	1.351	303.831	677.658	6.721	301	674	5	7	9	4
120	22.881	58.577	139	101	3925537	28241.273	13202.650	25473.000	12039	65535	462.345	749.604	6.216	1.508	0.214	1.519	462.381	749.609	6.160	459	746	5	8	8	4
121	14.815	46.028	90	64	2214081	24600.900	11017.130	19592.500	12042	47243	426.178	784.533	6.489	1.381	0.242	1.431	426.156	784.478	6.474	423	782	5	8	6	4
122	17.449	46.303	106	84	2391137	22557.896	6522.059	22129.500	12543	38083	433.519	790.396	5.925	1.349	0.233	1.368	433.538	790.323	5.860	430	787	5	8	7	3
123	36.709	90.604	223	170	5017998	22502.232	8607.970	20942.000	11976	46368	391.892	791.368	6.354	1.773	0.395	1.761	391.781	791.380	6.386	387	786	5	11	12	4
124	14.486	59.852	88	84	1389756	15792.682	3277.577	14772.000	12029	26041	493.307	812.125	6.261	1.343	0.459	1.329	493.347	812.135	6.243	489	807	5	9	11	3
125	35.063	84.055	213	149	5470634	25683.729	11216.765	23124.000	11974	55907	502.164	859.211	6.498	1.815	0.375	1.821	502.300	859.160	6.477	497	855	5	11	10	4
126	19.754	54.059	120	99	2665586	22213.217	8424.597	20402.500	12048	48169	422.183	861.883	6.042	1.412	0.287	1.370	422.482	861.988	5.965	418	858	5	9	8	3
127	31.441	78.159	191	137	4858557	25437.471	10994.787	22509.000	12042	60912	417.456	874.330	6.602	1.741	0.335	1.695	417.595	874.408	6.642	414	869	5	8	11	4
128	13.169	44.372	80	77	1576161	19702.012	4542.357	20109.500	12093	28645	480.250	1013.062	6.363	1.163	0.356	1.175	480.183	1013.162	6.396	477	1010	5	8	6	4
129	1.646	11.240	10	10	233238	23323.801	9194.438	22314.500	12941	39388	494.900	1014.700	6.300	0.657	0.263	0.617	494.880	1014.805	6.345	494	1014	5	3	2	3
130	18.601	61.230	113	100	2018612	17863.822	4469.868	17283.000	11961	32687	326.230	157.619	7.690	1.491	0.459	1.494	326.205	157.624	7.698	321	155	6	12	8	4
131	23.704	62.542	144	96	4272764	29671.973	14806.247	23622.500	12034	63335	184.861	165.181	8.458	1.605	0.257	1.605	184.770	165.159	8.439	181	162	6	9	7	5
132	17.778	55.267	108	89	2752523	25486.324	11167.154	23083.000	12058	61714	361.241	343.611	6.963	1.413	0.340	1.382	361.363	343.429	6.977	356	341	6	10	7	3
133	4.938	21.584	30	26	672029	22400.967	8258.279	20181.000	12033	41376	211.333	363.567	6.867	0.941	0.211	1.018	211.328	363.581	6.837	210	362	6	4	4	3
134	18.272	54.371	111	89	2371461	21364.514	6382.053	21718.000	11978	39422	416.730	526.640	7.784	1.423	0.338	1.415	416.776	526.644	7.838	414	523	6	7	8	4
135	20.248	59.266	123	98	2611615	21232.643	6225.444	20579.000	11974	41068	245.187	538.862	7.041	1.522	0.410	1.411	245.174	538.942	7.031	241	534	6	9	10	3
136	31.606	110.260	192	145	3917762	20405.010	9241.335	16871.500	11965	55925	253.562	552.104	9.484	2.471	0.908	2.488	253.003	551.807	9.035	248	548	6	12	11	8
137	45.104	95.573	274	149	10499290	38318.578	19836.369	35132.000	12044	65535	257.307	574.088	8.606	2.126	0.390	2.093	257.312	574.107	8.620	253	570	6	9	9	6
138	17.614	50.820	107	76	2958222	27646.936	13130.427	23701.000	12632	65535	439.121	620.935	7.383	1.452	0.263	1.461	439.085	620.901	7.395	437	617	6	6	8	4
139	25.021	61.990	152	107	4301419	28298.809	13122.068	25737.500	11963	65535	285.987	632.586	7.263	1.563	0.221	1.575	285.895	632.599	7.205	283	628	6	7	9	4
140	2.469	13.171	15	15	283415	18894.334	5971.404	17888.000	12314	33400	344.200	730.533	6.933	0.763	0.329	0.922	344.199	730.582	6.957	343	730	6	3	2	3
141	2.305	13.516	14	13	306320	21880.000	8665.379	19454.000	13080	44093	373.929	737.071	6.643	0.709	0.203	0.716	373.951	737.073	6.654	373	736	6	3	3	3
142	25.680	63.472	156	112	4191523	26868.736	12642.773	23245.000	11974	65535	384.885	885.051	7.474	1.591	0.277	1.599	384.695	885.004	7.420	382	881	6	7	9	4
143	76.381	177.801	464	287	14777186	31847.383	17340.264	26268.500	11947	65535	378.623	903.547	10.269	3.379	1.232	3.449	378.865	902.900	10.558	373	895	6	12	21	10
144	37.203	88.710	226	150	6316663	27949.836	13301.441	22886.000	11980	61156	178.836	55.575	8.487	1.913	0.454	1.915	178.818	55.521	8.469	176	49	7	7	13	4
145	21.235	57.991	129	93	3824643	29648.395	11673.212	28871.000	11975	57670	186.705	149.837	9.000	1.479	0.265	1.438	186.688	149.824	8.995	183	147	7	8	7	5
146	6.749	26.720	41	34	729722	17798.098	4915.580	16130.000	12054	29690	361.341	205.366	8.024	1.020	0.192	1.025	361.388	205.327	8.022	360	203	7	4	6	3
147	25.680	68.920	156	107	4114857	26377.289	11933.251	21662.000	11955	57517	299.019	244.372	8.571	1.656	0.301	1.659	299.045	244.336	8.585	295	240	7	9	10	4
148	53.664	107.914	326	188	11646172	35724.453	18850.182	32383.000	12089	65535	233.862	491.782	9.025	2.178	0.352	2.168	233.861	491.859	9.032	229	487	7	11	11	6
149	35.392	87.539	215	138	7371241	34284.844	18044.674	29519.000	11959	65535	426.921	572.795	9.553	1.911	0.408	1.881	426.978	572.862	9.488	424	567	7	8	12	6
150	52.347	115.296	318	177	9420105	29622.973	15240.614	25004.000	11971	65535	463.947	705.475	10.198	2.427	0.686	2.482	463.974	705.482	10.481	461	701	7	7	11	8
151	34.404	80.368	209	135	7143999	34181.812	18295.115	29467.000	11948	65535	328.928	786.187	9.053	1.901	0.415	2.009	328.955	786.189	9.040	326	781	7	6	12	5
152	2.305	15.791	14	14	198185	14156.071	1825.476	13843.500	12255	17728	370.143	75.500	8.429	0.737	0.208	0.716	370.136	75.550	8.407	369	73	8	3	5	2
153	43.952	98.123	267	160	7935770	29721.984	14869.288	25095.000	11947	65535	188.697	223.303	11.187	2.012	0.360	2.051	188.842	223.268	11.194	184	219	8	10	10	6
154	24.034	68.472	146	108	3255697	22299.295	7699.154	20241.500	12032	43394	355.342	223.164	10.137	1.611	0.449	1.507	355.433	223.112	10.145	352	219	8	8	10	5
155	39.014	91.056	237	141	8190004	34556.980	18673.568	29408.000	12047	65535	199.502	254.612	10.595	1.978	0.367	1.963	199.539	254.456	10.569	196	250	8	8	10	6
156	19.918	56.542	121	97	2820389	23309.000	8092.781	21442.000	12045	45830	214.413	280.793	9.140	1.433	0.332	1.431	214.423	280.640	9.165	212	276	8	6	10	4
157	33.746	77.299	205	128	7409161	36142.250	19163.111	29537.000	12210	65535	211.854	396.541	10.039	1.846	0.298	1.844	211.891	396.507	9.982	208	392	8	8	9	5
158	38.520	86.401	234	143	7523307	32150.885	16804.340	28523.500	11945	65535	414.090	541.205	10.803	1.916	0.311	1.898	414.103	541.337	10.748	411	537	8	8	9	6
159	50.701	108.363	308	183	10121135	32860.828	16957.982	28937.000	12063	65535	432.552	594.455	10.224	2.088	0.306	2.087	432.547	594.568	10.207	428	589	8	10	13	6
160	16.461	50.475	100	73	2684828	26848.279	12772.584	23650.000	12471	64953	480.770	745.710	9.760	1.415	0.302	1.391	480.734	745.671	9.759	477	743	8	8	7	4
161	55.475	117.257	337	206	10963305	32532.062	17212.537	27877.000	11970	65535	185.831	130.228	11.362	2.152	0.393	2.174	185.623	130.083	11.335	181	126	9	12	11	6
162	6.749	38.650	41	41	664410	16205.122	3239.391	15598.000	12011	25963	202.171	150.146	9.659	1.043	0.300	1.052	202.211	150.221	9.678	199	147	9	8	7	2
163	13.334	43.097	81	61	1799929	22221.346	7760.962	20384.000	11944	45019	370.679	297.358	10.988	1.266	0.220	1.216	370.722	297.280	11.004	368	295	9	7	6	4
164	38.026	92.779	231	149	6557350	28386.797	13851.771	26190.000	12008	65535	417.385	835.926	11.160	1.883	0.363	1.889	417.463	835.950	11.150	412	832	9	11	9	5
165	8.560	34.132	52	50	868177	16695.711	4241.313	15575.000	12015	30911	514.904	868.327	9.615	1.062	0.320	1.024	514.921	868.342	9.637	512	865	9	7	7	3
166	18.601	51.509	113	79	2460390	21773.363	8472.692	19150.000	11998	43089	538.593	910.549	10.619	1.460	0.228	1.487	538.628	910.547	10.637	535	908	9	8	6	4
167	40.001	89.781	243	142	8561666	35233.195	18780.578	30483.000	11962	65535	573.148	977.132	11.230	2.027	0.417	1.958	573.335	977.138	11.217	569	974	9	10	8	6
168	7.572	40.132	46	44	752881	16366.979	4010.305	15415.500	11973	27427	241.783	511.609	10.739	1.135	0.258	1.150	241.705	511.744	10.760	239	509	10	7	6	3
169	26.667	66.163	162	105	4494729	27745.240	13927.444	23623.000	12165	61625	344.636	599.580	12.648	1.687	0.272	1.657	344.791	599.719	12.569	342	596	10	7	8	6
170	11.523	42.648	70	64	1209864	17283.771	3380.704	16740.000	12107	28490	457.714	691.314	11.343	1.162	0.324	1.170	457.748	691.346	11.333	455	688	10	7	8	3
171	20.906	58.128	127	96	2850711	22446.543	8300.974	20394.000	12017	46409	316.677	718.685	11.835	1.459	0.271	1.475	316.646	718.645	11.836	312	716	10	10	7	4
172	3.786	22.618	23	23	318926	13866.348	1456.812	13797.000	11962	18134	322.348	764.913	10.652	0.824	0.219	0.838	322.305	764.883	10.645	320	763	10	6	5	2
173	28.478	71.058	173	113	5475483	31650.191	16560.457	27222.000	12070	65535	370.428	777.740	12.046	1.732	0.332	1.744	370.470	777.677	12.011	367	774	10	8	9	5
174	18.931	54.785	115	81	3351180	29140.695	14861.450	26015.000	11955	65535	439.843	791.504	12.470	1.499	0.290	1.536	439.941	791.470	12.452	437	788	10	6	8	6
175	5.761	33.202	35	34	520900	14882.857	2706.190	14646.000	11949	21019	492.429	814.114	11.057	1.097	0.482	1.122	492.577	814.124	11.064	488	812	10	9	5	3
176	28.643	70.058	174	120	4776461	27450.926	13186.034	23859.000	12047	64880	497.828	868.793	12.345	1.665	0.252	1.658	497.866	868.929	12.332	494	865	10	9	8	5
177	31.112	74.505	189	126	5070702	26829.111	12101.062	23368.000	12008	55284	398.979	937.011	11.381	1.720	0.253	1.752	399.100	937.085	11.367	395	932	10	9	10	4
178	1.975	11.930	12	12	180853	15071.083	2468.885	14796.500	12052	18466	560.250	966.417	11.500	0.692	0.259	0.608	560.301	966.450	11.527	559	965	10	3	3	3
179	42.141	95.399	256	161	6998088	27336.281	13301.101	22164.500	11985	65535	576.480	1004.152	12.082	2.025	0.434	2.086	576.323	1004.148	12.046	571	1001	10	13	8	5
180	30.783	81.057	187	122	5127533	27419.963	12918.161	22892.000	11973	60111	318.610	183.096	12.556	1.847	0.426	1.874	318.678	183.125	12.551	313	179	11	11	9	5
181	23.540	63.335	143	101	3574572	24997.008	11207.391	21751.000	11948	60345	201.713	186.070	12.455	1.564	0.231	1.561	201.887	186.036	12.441	198	183	11	8	8	4
182	17.943	58.992	109	82	2598543	23839.844	9771.514	22176.000	12014	55489	209.495	188.761	12.532	1.503	0.362	1.512	209.457	188.729	12.521	205	186	11	10	7	4
183	31.441	83.333	191	126	4809449	25180.361	11124.131	21949.000	12082	56113	338.272	227.188	13.309	1.785	0.328	1.756	338.421	226.999	13.291	334	223	11	9	9	5
184	17.449	59.885	106	106	1670194	15756.547	2683.798	15233.000	11993	25437	351.208	253.792	11.443	1.359	0.446	1.400	351.130	253.699	11.447	347	250	11	11	8	2
185	32.758	80.160	199	129	5240369	26333.512	12254.333	22992.000	11998	60640	362.945	276.035	12.593	1.764	0.252	1.774	363.221	276.016	12.556	358	272	11	10	9	5
186	13.992	44.268	85	75	1531005	18011.824	4385.718	16913.000	11952	28040	336.918	275.047	12.306	1.245	0.291	1.304	336.845	275.024	12.315	333	272	11	9	7	3
187	13.498	49.545	82	65	1839275	22430.184	10101.936	19655.500	11956	49642	292.293	333.634	12.683	1.376	0.360	1.411	292.169	333.488	12.632	290	330	11	7	8	4
188	16.132	52.406	98	73	2136114	21797.082	8574.647	19917.500	11955	57628	341.194	382.010	13.061	1.385	0.288	1.327	341.283	381.997	13.067	338	379	11	7	7	5
189	31.606	78.333	192	121	5494592	28617.666	15096.202	24071.500	12044	65535	367.708	388.729	12.969	1.835	0.355	1.912	367.695	388.617	12.935	364	384	11	8	10	5
190	22.717	65.162	138	98	3186797	23092.732	9214.576	21159.500	12071	51848	310.442	467.703	13.043	1.525	0.296	1.490	310.496	467.641	13.005	307	463	11	8	10	5
191	26.009	70.610	158	110	4076175	25798.576	11129.853	22846.000	12031	54829	392.899	482.462	12.481	1.634	0.250	1.636	392.998	482.444	12.422	388	479	11	10	9	4
192	16.461	49.338	100	75	2425120	24251.199	10474.378	21713.000	12046	56902	344.040	510.500	13.200	1.407	0.277	1.374	344.030	510.495	13.141	341	508	11	7	6	5
193	10.371	41.373	63	48	1085001	17222.238	4582.528	16067.000	12060	29370	351.397	571.413	12.492	1.200	0.286	1.190	351.441	571.382	12.487	349	568	11	6	7	4
194	21.729	60.956	132	93	3012302	22820.469	9150.915	19525.500	12050	50097	438.083	642.924	12.371	1.562	0.337	1.596	438.331	643.039	12.398	434	639	11	9	8	4
195	23.375	73.990	142	108	2919808	20562.027	6683.934	19241.000	11970	38390	395.225	692.859	13.458	1.718	0.481	1.693	395.273	692.729	13.417	393	688	11	7	12	5
196	18.272	57.543	111	83	2372378	21372.775	8093.584	18809.000	12010	42222	405.189	710.018	12.306	1.458	0.353	1.457	405.235	710.070	12.310	402	705	11	8	10	4
197	21.564	58.025	131	102	3113211	23764.969	8931.302	22869.000	11984	49710	330.908	738.710	12.084	1.492	0.331	1.433	330.846	738.903	12.109	328	734	11	7	11	4
198	9.383	36.167	57	54	947655	16625.525	3891.381	16207.000	11958	26876	378.754	744.702	12.544	1.075	0.336	1.049	378.709	744.747	12.531	377	741	11	5	8	4
199	27.326	69.576	166	102	4523378	27249.266	13294.150	23124.000	12172	64454	465.343	747.566	12.928	1.726	0.318	1.740	465.443	747.561	12.947	462	744	11	8	8	5
200	28.314	83.436	172	119	4798194	27896.477	13810.745	23644.500	12182	65535	397.326	756.628	13.262	1.875	0.521	1.888	397.295	756.553	13.225	393	751	11	10	12	5
201	36.215	89.366	220	145	6383548	29016.127	13996.153	24293.000	11980	65535	380.577	760.732	13.336	1.963	0.482	1.940	380.562	760.635	13.305	378	754	11	7	14	5
202	17.943	52.406	109	81	2360072	21652.037	8342.420	19555.000	11945	48701	440.780	781.028	12.954	1.432	0.311	1.359	440.885	781.181	12.965	438	778	11	7	7	5
203	18.931	57.750	115	85	3095196	26914.748	12579.570	21492.000	12024	63935	409.652	798.478	12.652	1.540	0.363	1.596	409.712	798.543	12.652	407	794	11	6	10	4
204	18.272	57.958	111	82	2607601	23491.900	8729.696	20798.000	12207	45957	452.378	816.027	12.676	1.544	0.392	1.538	452.388	816.016	12.681	449	812	11	7	9	4
205	11.852	42.063	72	59	1326538	18424.139	5762.146	16325.500	11950	33069	428.528	882.694	12.778	1.233	0.280	1.218	428.519	882.638	12.728	425	880	11	8	6	4
206	9.218	36.511	56	53	852728	15227.286	2297.801	14851.500	12031	21386	428.071	917.232	12.286	1.126	0.363	1.120	428.123	917.269	12.290	425	915	11	8	6	3
207	3.292	17.514	20	20	288775	14438.750	2014.531	13883.000	12046	19137	478.050	952.350	11.800	0.751	0.263	0.773	478.095	952.374	11.819	477	950	11	3	5	3
208	33.252	80.746	202	130	5400017	26732.758	11865.980	23374.000	12035	61542	442.411	992.832	13.401	1.815	0.324	1.783	442.331	992.794	13.340	439	988	11	9	10	5
209	6.091	29.892	37	33	618447	16714.783	3578.204	16027.000	11992	24209	508.676	1007.378	11.865	0.951	0.279	1.005	508.692	1007.331	11.860	506	1006	11	6	4	3
210	17.284	49.786	105	84	3051078	29057.885	12754.958	26738.000	12314	59986	535.505	1011.629	12.267	1.442	0.349	1.479	535.565	1011.758	12.198	531	1009	11	9	5	4
211	6.255	24.789	38	36	644423	16958.500	3454.992	16663.000	12634	24736	295.447	17.553	13.395	0.892	0.214	0.875	295.467	17.552	13.407	294	15	12	4	6	3
212	31.277	72.574	190	125	4786767	25193.510	10461.355	22010.500	11986	54696	273.221	35.016	13.453	1.723	0.224	1.707	273.240	35.021	13.383	270	31	12	9	9	4
213	12.181	43.890	74	62	1407637	19022.121	5478.255	17360.000	12167	29483	222.014	60.946	13.770	1.231	0.298	1.241	222.021	60.804	13.712	220	58	12	5	8	4
214	9.218	36.545	56	56	868170	15503.036	2426.960	14856.500	12027	22360	208.857	67.125	13.304	1.113	0.408	1.063	208.780	67.105	13.294	206	64	12	8	7	3
215	7.408	37.408	45	44	643968	14310.400	1861.902	13961.000	12095	18371	201.533	74.111	13.511	1.063	0.346	1.028	201.503	74.206	13.497	199	70	12	6	8	3
216	5.432	26.272	33	33	544733	16507.061	3228.015	16264.000	12335	23485	185.727	90.394	13.121	0.992	0.366	1.089	185.651	90.557	13.124	184	87	12	5	7	3
217	39.343	83.744	239	164	5352519	22395.477	8247.368	20406.000	11982	46685	262.544	163.494	13.280	1.861	0.385	1.900	262.565	163.744	13.267	259	158	12	8	12	4
218	4.774	22.169	29	28	479895	16548.104	2977.769	16740.000	12340	24119	223.897	162.897	13.172	0.868	0.296	0.888	223.861	162.874	13.169	222	161	12	5	4	3
219	8.889	32.616	54	45	1132265	20967.871	6984.167	19996.500	12032	34083	269.611	188.833	13.148	1.129	0.266	1.113	269.578	188.862	13.136	267	187	12	6	5	4
220	19.424	62.646	118	95	2168435	18376.568	5274.943	16763.000	11978	36293	310.110	207.720	13.390	1.514	0.452	1.586	310.103	207.736	13.384	306	205	12	10	6	4
221	10.865	39.443	66	52	1352778	20496.637	6553.374	18715.500	12019	38590	300.227	225.591	13.394	1.181	0.264	1.184	300.310	225.529	13.350	298	223	12	6	6	4
222	11.029	49.371	67	63	1101580	16441.492	3728.754	15324.000	12037	29288	213.388	234.075	12.776	1.181	0.350	1.192	213.294	234.128	12.805	210	230	12	9	8	3
223	10.535	40.373	64	57	1110890	17357.656	3854.489	16782.000	12125	29623	282.406	250.188	13.109	1.204	0.399	1.162	282.416	250.274	13.073	280	246	12	5	9	4
224	10.865	43.545	66	58	1078944	16347.637	3758.506	15493.500	11962	27874	249.288	284.045	13.621	1.253	0.380	1.266	249.417	283.952	13.633	246	281	12	7	8	4
225	33.087	80.987	201	136	4962913	24691.109	9982.700	21700.000	11957	52189	211.438	313.139	13.363	1.813	0.374	1.759	211.417	313.173	13.329	208	307	12	9	12	4
226	10.700	39.925	65	56	1126254	17326.984	4306.054	15969.000	11958	27270	221.369	313.723	13.262	1.162	0.287	1.164	221.256	313.621	13.277	218	311	12	9	6	3
227	26.667	67.093	162	111	4182128	25815.605	10593.718	24460.500	11996	52450	218.630	371.389	13.660	1.650	0.267	1.640	218.536	371.331	13.699	215	368	12	8	8	5
228	8.889	35.133	54	46	851341	15765.574	3132.097	15166.500	11969	24475	323.037	372.648	13.037	1.139	0.276	1.107	323.043	372.677	13.009	321	368	12	5	9	3
229	6.749	30.237	41	38	630611	15380.756	2332.564	14984.000	12036	21382	231.805	372.780	13.951	1.029	0.308	1.058	231.833	372.749	13.969	230	371	12	5	5	4
230	14.321	48.786	87	77	1881873	21630.725	7532.260	19555.000	11991	40989	361.230	375.540	13.207	1.409	0.476	1.380	361.323	375.564	13.235	356	373	12	11	6	4
231	16.791	53.370	102	85	1850210	18139.314	5304.635	16495.500	11968	37890	239.549	467.275	13.186	1.318	0.277	1.318	239.525	467.210	13.185	236	464	12	9	8	4
232	10.535	47.889	64	63	1000117	15626.828	2918.054	15310.500	11954	23910	247.734	475.047	13.047	1.411	0.600	1.456	247.593	475.030	13.020	243	472	12	11	7	3
233	19.589	60.819	119	91	2605015	21890.883	8152.809	19181.000	12201	44374	342.353	488.605	13.235	1.573	0.434	1.607	342.324	488.525	13.202	339	484	12	6	12	4
234	3.292	19.342	20	20	280428	14021.400	1688.738	13658.500	12029	18327	354.950	525.750	13.100	0.788	0.341	0.827	354.900	525.728	13.093	353	524	12	5	5	3
235	16.132	50.820	98	77	2024776	20660.980	7653.494	18311.500	11947	43623	370.663	532.714	13.112	1.361	0.285	1.322	370.764	532.900	13.077	368	529	12	6	8	4
236	34.569	85.882	210	151	4446822	21175.344	7132.610	19823.000	11957	41994	290.933	568.738	13.600	1.789	0.384	1.794	290.903	568.980	13.637	288	563	12	8	12	5
237	1.975	13.412	12	12	170016	14168.000	1396.176	14030.500	12129	16682	408.417	589.000	12.667	0.665	0.188	0.664	408.438	588.994	12.684	407	588	12	4	4	2
238	16.626	49.716	101	79	2079462	20588.732	5979.340	19315.000	11957	35334	360.644	617.129	13.020	1.337	0.232	1.318	360.640	617.097	12.989	358	614	12	7	8	4
239	12.675	47.889	77	68	1233888	16024.520	2869.871	15439.000	12046	22868	327.195	619.130	13.182	1.308	0.397	1.252	327.164	619.133	13.191	325	615	12	7	10	4
240	2.634	16.136	16	16	232781	14548.812	1866.144	14291.500	11949	18694	302.750	652.688	12.562	0.699	0.147	0.689	302.706	652.646	12.570	301	651	12	4	4	2
241	3.128	17.170	19	18	288392	15178.526	2508.490	14147.000	12048	20528	372.368	673.158	12.737	0.743	0.215	0.770	372.352	673.152	12.733	371	671	12	4	5	3
242	7.408	33.306	45	42	739174	16426.090	3658.584	15725.000	11955	28665	343.622	688.111	13.244	1.143	0.458	1.127	343.568	688.013	13.236	341	685	12	6	8	3
243	8.231	32.201	50	49	830382	16607.641	3612.986	15754.500	11970	24161	429.960	776.060	12.520	1.036	0.353	1.022	429.960	776.138	12.538	428	772	12	5	9	3
244	20.248	58.336	123	93	2862484	23272.229	8269.827	21463.000	11988	42322	418.089	808.236	13.837	1.437	0.254	1.444	418.141	808.255	13.820	415	805	12	8	8	5
245	28.149	78.333	171	119	3770582	22050.188	7966.214	21039.000	12024	41139	439.632	808.579	13.895	1.700	0.380	1.730	439.590	808.634	13.863	436	803	12	8	11	5
246	11.523	45.372	70	59	1161588	16594.115	3613.615	15789.500	11976	27780	425.629	866.814	13.100	1.202	0.285	1.201	425.683	866.875	13.098	423	863	12	6	8	3
247	4.445	24.445	27	26	403802	14955.630	2159.461	14414.000	11990	18591	530.000	940.889	13.185	0.878	0.311	0.883	530.057	940.878	13.205	527	939	12	7	4	3
248	6.749	25.720	41	40	656551	16013.439	2522.538	16314.000	11947	22009	483.244	957.707	12.610	0.904	0.224	0.932	483.257	957.689	12.632	481	956	12	6	5	3
249	2.305	14.309	14	14	227015	16215.357	2514.137	16588.000	12225	19537	236.929	6.286	13.571	0.748	0.260	0.676	236.893	6.274	13.558	235	6	13	5	2	3
250	12.511	58.577	76	75	1163381	15307.645	2691.551	14965.500	11993	22532	267.553	57.895	14.118	1.430	0.599	1.429	267.422	57.948	14.129	261	54	13	13	8	3
251	12.181	50.268	74	68	1137258	15368.352	2546.225	14969.000	12136	24634	223.878	125.959	13.730	1.317	0.496	1.258	224.029	125.887	13.707	220	123	13	11	7	3
252	20.906	64.403	127	109	2110645	16619.252	3587.004	15669.000	12045	28605	326.543	143.748	13.780	1.571	0.486	1.518	326.352	143.507	13.782	322	139	13	11	11	3
253	4.774	20.479	29	29	404227	13938.862	1043.793	13759.000	12418	16240	225.276	154.828	13.517	0.802	0.194	0.782	225.292	154.844	13.538	224	152	13	4	6	2
254	5.268	24.204	32	30	683897	21371.781	7202.002	20311.000	12229	41408	207.625	196.312	13.719	0.921	0.270	0.905	207.690	196.454	13.653	205	194	13	6	5	3
255	12.181	41.959	74	64	1235237	16692.393	2988.232	16266.500	11952	24707	283.973	209.635	13.865	1.178	0.263	1.188	283.967	209.677	13.850	281	206	13	6	7	3
256	4.445	21.617	27	27	385363	14272.704	1915.005	13811.000	12019	20263	341.185	284.259	13.296	0.828	0.254	0.847	341.164	284.276	13.272	340	281	13	4	7	2
257	7.901	31.305	48	48	721554	15032.375	2132.987	14613.500	12187	22097	277.958	356.833	13.396	1.040	0.383	1.005	277.899	356.786	13.388	276	352	13	6	9	2
258	5.432	23.203	33	33	486914	14754.970	2046.450	14478.000	12196	19251	224.030	363.697	13.424	0.858	0.250	0.813	224.018	363.732	13.429	222	360	13	5	7	2
259	3.951	20.790	24	23	353332	14722.167	1909.902	14663.000	12082	20009	265.750	387.000	13.708	0.827	0.261	0.801	265.799	386.963	13.690	264	386	13	4	4	3
260	4.774	22.273	29	26	475890	16410.000	3052.616	15922.000	11975	21778	272.552	396.276	13.793	0.911	0.234	0.895	272.586	396.228	13.747	270	395	13	5	4	3
261	1.811	11.826	11	11	144663	13151.182	915.089	13214.000	12094	15024	298.909	450.182	13.182	0.604	0.259	0.537	298.925	450.210	13.178	297	449	13	4	4	2
262	1.646	11.826	10	10	134831	13483.100	1132.088	13541.000	12159	15323	376.400	592.600	13.700	0.664	0.212	0.682	376.377	592.635	13.713	375	591	13	4	4	2
263	6.091	28.547	37	37	532212	14384.108	1892.507	14108.000	12004	18623	472.108	931.649	13.432	1.076	0.411	1.004	472.115	931.634	13.427	468	929	13	8	6	2
264	8.560	44.924	52	52	712118	13694.577	1338.419	13443.000	12045	18468	431.500	937.865	13.596	1.280	0.450	1.301	431.482	937.822	13.603	429	933	13	7	10	3
