 	Volume (micron^3)	Surface (micron^2)	Nb of obj. voxels	Nb of surf. voxels	IntDen	Mean	StdDev	Median	Min	Max	X	Y	Z	Mean dist. to surf. (micron)	SD dist. to surf. (micron)	Median dist. to surf. (micron)	XM	YM	ZM	BX	BY	BZ	B-width	B-height	B-depth
1	36.051	89.814	219	137	2095731	9569.548	5616.732	8322.000	3372	28749	346.968	171.909	5.064	1.855	0.324	1.850	346.874	171.933	5.053	343	168	2	9	10	6
2	49.055	120.915	298	186	3977025	13345.722	10728.835	9408.000	3380	51346	459.067	334.315	4.352	2.277	0.623	2.340	459.068	334.417	4.377	455	327	2	9	15	6
3	27.655	71.162	168	125	1594425	9490.625	5771.807	7792.500	3404	27421	357.893	91.440	5.345	1.756	0.448	1.748	357.829	91.449	5.340	356	86	3	6	12	5
4	15.803	57.750	96	82	585986	6104.021	1906.322	5571.500	3454	11580	294.146	109.917	5.062	1.432	0.431	1.352	294.152	110.021	5.061	292	105	3	6	11	4
5	23.211	72.437	141	109	883294	6264.497	2424.476	5503.000	3404	13279	356.270	124.780	4.298	1.588	0.465	1.536	356.210	124.648	4.343	353	119	3	8	12	4
6	40.001	110.397	243	170	1876521	7722.309	3926.294	6766.000	3355	22062	287.107	165.395	5.140	2.135	0.715	2.211	287.041	165.005	5.233	282	159	3	10	14	6
7	49.549	110.019	301	181	3811991	12664.422	9261.120	9084.000	3389	40298	329.947	177.445	5.229	2.182	0.472	2.226	329.945	177.558	5.250	327	170	3	7	14	6
8	44.281	113.155	269	185	2254995	8382.881	5031.415	6897.000	3377	29093	288.621	194.502	4.665	2.073	0.525	1.989	288.866	194.393	4.707	285	188	3	9	15	5
9	31.935	88.539	194	138	1882926	9705.804	6318.943	7058.500	3369	32761	362.139	213.851	5.438	1.937	0.556	1.945	362.071	214.145	5.433	358	208	3	9	13	5
10	28.149	75.988	171	126	1230143	7193.819	3271.449	6239.000	3362	16919	323.877	237.585	4.842	1.670	0.393	1.654	323.894	237.678	4.810	320	232	3	8	12	4
11	18.272	59.336	111	82	785327	7075.018	3310.489	6131.000	3426	16142	439.766	313.252	4.477	1.463	0.338	1.527	439.802	313.110	4.505	437	310	3	7	9	4
12	19.260	63.646	117	83	923456	7892.786	4145.336	6789.000	3354	23256	445.034	333.974	4.821	1.495	0.315	1.463	445.024	333.993	4.859	442	330	3	7	9	5
13	21.071	66.300	128	97	939399	7339.055	3241.166	6525.000	3368	16015	505.531	399.867	5.273	1.573	0.477	1.521	505.619	399.879	5.287	502	395	3	8	11	5
14	8.560	37.753	52	46	252291	4851.750	1375.972	4504.500	3352	8899	524.308	434.404	4.173	1.090	0.294	1.078	524.261	434.419	4.187	522	431	3	6	9	3
15	47.903	126.192	291	183	2482066	8529.437	4968.201	7155.000	3353	24952	593.536	495.993	7.753	2.701	1.135	2.719	593.500	495.943	7.833	589	492	3	9	8	10
16	36.709	89.573	223	148	2464552	11051.803	6780.072	8306.000	3428	28834	507.484	535.381	5.498	1.921	0.426	1.882	507.485	535.367	5.511	502	532	3	13	7	6
17	20.248	62.920	123	106	756538	6150.715	2348.597	5664.000	3378	13974	581.390	574.073	5.211	1.472	0.441	1.397	581.261	573.928	5.218	577	571	3	11	8	4
18	38.026	94.984	231	157	1821359	7884.671	4264.963	6505.000	3358	24041	512.619	577.082	5.294	1.892	0.399	1.879	512.907	577.236	5.284	508	572	3	11	11	5
19	40.166	91.708	244	169	1984305	8132.397	3760.319	7275.000	3365	19454	573.898	582.242	5.238	1.824	0.318	1.838	573.822	582.276	5.216	569	577	3	11	11	5
20	12.346	47.062	75	64	412747	5503.293	1754.306	4952.000	3371	10377	602.907	595.533	4.027	1.189	0.294	1.225	602.884	595.371	4.113	600	593	3	7	7	3
21	29.466	73.471	179	122	1778257	9934.396	6057.062	7928.000	3386	27225	546.184	609.682	4.458	1.741	0.310	1.729	546.089	609.667	4.401	541	606	3	11	8	4
22	48.067	121.430	292	186	2782763	9530.011	5548.600	8015.500	3354	28516	645.568	624.623	6.051	2.139	0.554	2.128	645.621	624.689	6.039	641	617	3	10	15	6
23	19.424	60.129	118	85	912748	7735.152	4159.382	6034.000	3359	18837	587.856	645.127	4.525	1.502	0.308	1.556	587.762	645.099	4.564	584	642	3	9	8	4
24	24.363	66.989	148	103	1146369	7745.736	3954.828	6161.000	3426	19704	573.973	646.324	5.378	1.637	0.373	1.606	574.035	646.266	5.379	570	642	3	9	10	5
25	20.248	62.335	123	102	741251	6026.431	2417.930	5249.000	3369	13675	722.846	657.325	4.285	1.505	0.417	1.496	722.980	657.367	4.310	718	654	3	10	9	4
26	33.581	112.295	204	150	1435689	7037.691	3790.681	5848.000	3355	21962	676.794	697.623	4.784	2.012	0.593	1.989	676.799	697.161	4.798	672	691	3	10	15	5
27	37.038	115.982	225	170	1356890	6030.622	2243.657	5523.000	3372	16684	769.444	708.422	4.942	1.891	0.590	1.909	769.381	708.174	4.954	765	702	3	9	14	5
28	39.178	102.811	238	164	1714000	7201.681	3214.794	6337.000	3352	18538	827.185	734.803	5.160	2.009	0.626	2.001	826.895	734.641	5.193	820	731	3	15	9	5
29	8.560	34.788	52	48	270073	5193.711	1407.825	4703.500	3412	8490	698.615	736.923	4.577	1.073	0.355	1.019	698.681	736.986	4.599	696	734	3	6	6	4
30	47.244	105.535	287	181	2352743	8197.711	4113.660	7044.000	3365	20433	788.415	782.721	5.003	1.979	0.356	2.007	788.381	782.869	5.046	783	778	3	11	10	5
31	23.046	63.439	140	103	1305850	9327.500	4639.913	8018.000	3372	23361	400.157	68.600	6.221	1.557	0.315	1.559	400.148	68.533	6.196	395	66	4	10	7	5
32	26.832	75.643	163	119	1213312	7443.632	3401.662	6395.000	3385	18191	403.491	113.871	5.380	1.639	0.346	1.619	403.723	113.983	5.355	398	110	4	12	8	4
33	25.351	72.678	154	113	1154420	7496.234	3591.230	6248.000	3376	19210	307.838	122.623	5.792	1.772	0.515	1.764	307.851	122.488	5.839	305	117	4	6	13	4
34	17.284	53.785	105	81	803050	7648.095	3640.397	7006.000	3382	19271	320.857	152.000	6.048	1.409	0.326	1.338	320.777	151.996	6.033	318	148	4	7	9	5
35	20.741	56.613	126	94	1136388	9018.952	5356.937	6897.500	3379	25954	386.992	246.706	5.643	1.538	0.323	1.575	387.003	246.679	5.675	384	243	4	6	9	4
36	5.103	25.134	31	31	138554	4469.484	763.598	4449.000	3401	5822	459.548	255.871	4.452	0.860	0.248	0.854	459.536	255.885	4.459	458	253	4	5	6	2
37	13.828	58.336	84	75	414114	4929.929	1446.558	4449.000	3377	9662	479.821	305.976	4.833	1.449	0.547	1.338	479.847	306.081	4.845	477	300	4	7	13	3
38	14.651	50.027	89	73	572957	6437.719	2477.476	5819.000	3396	14219	436.449	304.663	5.753	1.274	0.271	1.286	436.320	304.603	5.689	433	302	4	8	7	4
39	12.346	46.751	75	65	421834	5624.453	1707.175	5433.000	3447	9817	487.067	379.120	5.547	1.239	0.440	1.200	487.109	379.142	5.549	485	374	4	5	11	4
40	15.803	62.231	96	85	483984	5041.500	1359.650	4769.000	3366	9369	545.323	402.958	5.052	1.376	0.461	1.321	545.436	402.968	5.040	543	397	4	6	12	3
41	5.103	33.306	31	31	128551	4146.807	542.884	4077.000	3370	5795	478.290	403.613	4.387	1.070	0.290	1.065	478.274	403.573	4.402	476	401	4	6	8	2
42	34.898	106.362	212	170	1487321	7015.665	3307.572	6429.000	3381	18013	448.439	414.594	5.340	2.186	0.807	2.183	448.708	415.119	5.314	442	406	4	12	17	4
43	21.235	62.783	129	100	933948	7239.907	3231.482	6323.000	3365	16266	422.845	464.109	5.829	1.501	0.358	1.444	422.828	464.146	5.783	419	460	4	9	9	4
44	3.457	23.859	21	21	87200	4152.381	891.693	3631.000	3374	6590	482.333	470.238	4.524	0.853	0.255	0.753	482.322	470.229	4.524	480	469	4	6	4	2
45	1.975	13.067	12	12	59602	4966.833	1221.560	4979.000	3438	7494	485.583	474.750	4.833	0.650	0.284	0.651	485.607	474.727	4.889	484	474	4	4	3	3
46	45.434	110.638	276	181	2568946	9307.775	5459.694	7484.500	3360	25756	520.917	488.957	5.714	2.223	0.701	2.192	520.966	489.055	5.667	515	483	4	14	12	5
47	3.622	23.203	22	22	89547	4070.318	699.026	3847.500	3440	5736	465.636	507.182	4.864	0.813	0.281	0.795	465.715	507.246	4.873	463	505	4	6	5	2
48	8.066	41.029	49	46	235056	4797.061	1318.298	4433.000	3410	8114	572.265	547.265	5.061	1.171	0.429	1.166	572.253	547.288	5.053	568	546	4	9	4	3
49	39.343	100.569	239	175	1617385	6767.301	2708.960	6087.000	3373	15512	610.623	559.967	5.460	1.877	0.449	1.879	610.684	559.967	5.449	606	555	4	12	12	4
50	59.096	140.189	359	217	3057041	8515.435	4400.169	7449.000	3370	23044	654.850	594.309	8.368	2.668	0.861	2.685	654.938	594.335	8.409	648	591	4	14	9	9
51	21.400	63.887	130	93	1054231	8109.469	4117.281	7339.500	3390	19852	579.515	603.685	6.200	1.506	0.258	1.499	579.661	603.879	6.148	576	600	4	8	8	5
52	21.729	63.161	132	107	856547	6488.992	2581.355	5932.000	3369	14608	600.167	646.886	5.106	1.493	0.352	1.442	600.263	646.939	5.130	596	643	4	9	10	3
53	13.663	47.270	83	63	582853	7022.325	3344.580	6367.000	3378	18175	748.988	672.446	6.000	1.334	0.335	1.282	749.068	672.544	5.988	746	670	4	7	6	5
54	20.741	64.577	126	94	911960	7237.778	3202.880	6328.500	3366	17494	733.238	737.492	5.381	1.556	0.408	1.583	733.309	737.499	5.397	731	732	4	6	11	4
55	25.021	68.472	152	110	1146780	7544.605	3581.392	6726.000	3389	17710	785.967	742.855	6.303	1.565	0.256	1.568	785.967	742.920	6.295	782	739	4	9	8	5
56	22.717	61.990	138	101	922741	6686.529	2930.947	5899.000	3355	14134	713.043	755.116	5.500	1.522	0.255	1.541	712.983	755.256	5.504	709	752	4	9	7	4
57	50.537	194.523	307	253	1472031	4794.889	1242.590	4455.000	3358	9079	777.730	755.332	7.590	2.698	1.218	2.537	778.137	755.464	7.594	766	747	4	21	14	7
58	17.614	67.301	107	90	664522	6210.486	2281.239	5872.000	3401	12850	824.131	771.514	5.692	1.539	0.509	1.508	824.118	771.463	5.683	819	768	4	11	9	4
59	22.717	75.850	138	114	923129	6689.341	2441.904	6634.000	3374	12018	259.870	109.725	6.659	1.574	0.478	1.565	259.905	109.796	6.611	255	105	5	12	9	4
60	12.840	45.958	78	74	453000	5807.692	1998.982	5246.500	3380	13578	278.526	132.590	5.654	1.339	0.495	1.306	278.597	132.917	5.641	276	128	5	6	10	3
61	1.646	11.136	10	10	43547	4354.700	437.854	4360.500	3443	4900	395.900	197.000	5.700	0.640	0.209	0.649	395.935	197.043	5.730	395	196	5	4	3	2
62	13.169	48.545	80	70	473952	5924.400	1793.024	5728.000	3358	10484	422.312	249.300	6.500	1.202	0.333	1.220	422.296	249.247	6.509	420	246	5	6	8	4
63	12.675	44.027	77	72	430865	5595.649	1654.624	5410.000	3385	10906	381.922	288.623	6.494	1.153	0.300	1.161	381.880	288.567	6.465	379	285	5	7	8	4
64	18.601	61.267	113	86	768362	6799.664	3031.219	5962.000	3351	15367	472.204	367.195	6.655	1.523	0.420	1.520	472.365	367.336	6.600	469	363	5	8	9	4
65	17.778	53.233	108	84	826259	7650.546	3675.348	7391.500	3353	21160	543.815	415.843	6.259	1.363	0.242	1.377	543.966	415.771	6.232	540	413	5	8	7	4
66	3.128	19.790	19	19	77423	4074.895	727.635	3885.000	3401	6289	495.789	438.368	5.684	0.884	0.328	0.811	495.753	438.334	5.672	495	435	5	3	7	2
67	2.469	23.066	15	15	58064	3870.933	394.069	3832.000	3371	5006	487.933	449.933	5.600	0.927	0.385	0.889	487.937	449.923	5.612	486	447	5	5	8	2
68	5.926	27.409	36	36	180580	5016.111	1134.285	4609.500	3430	7887	547.194	469.556	5.444	0.951	0.333	0.855	547.170	469.648	5.438	545	466	5	5	8	2
69	4.938	32.857	30	30	124411	4147.033	786.509	3978.000	3374	6454	622.200	536.267	6.133	1.107	0.352	1.095	622.280	536.352	6.109	619	533	5	6	8	3
70	2.634	16.377	16	16	60548	3784.250	391.878	3696.000	3368	4766	614.188	608.688	5.188	0.733	0.319	0.696	614.149	608.694	5.173	611	607	5	7	4	2
71	20.248	65.540	123	113	672120	5464.390	1400.832	5268.000	3408	10498	615.618	649.732	5.675	1.536	0.529	1.588	615.705	649.791	5.660	611	645	5	10	11	3
72	7.901	46.165	48	47	209005	4354.271	763.467	4276.500	3351	6744	680.979	713.708	5.979	1.097	0.406	1.086	681.022	713.744	5.983	677	711	5	8	7	3
73	18.437	60.678	112	105	567616	5068.000	1313.865	4784.500	3367	9101	851.705	769.518	6.259	1.489	0.579	1.404	851.760	769.470	6.250	846	767	5	13	7	3
74	6.585	40.684	40	40	170770	4269.250	801.613	4036.000	3397	6469	760.975	781.675	5.725	1.423	0.674	1.338	761.157	781.901	5.723	757	777	5	9	11	3
75	11.194	44.235	68	60	397574	5846.676	2307.084	4974.500	3373	11831	754.088	822.779	6.456	1.132	0.278	1.120	754.071	822.840	6.466	751	820	5	7	6	4
76	3.457	23.755	21	21	95057	4526.524	1302.936	3977.000	3396	8236	441.905	162.810	6.857	0.828	0.343	0.851	441.940	162.906	6.879	439	161	6	6	5	3
77	1.811	14.550	11	11	40188	3653.455	386.797	3556.000	3364	4753	446.455	171.909	6.273	0.841	0.263	0.827	446.409	171.891	6.263	444	170	6	5	5	2
78	35.557	85.849	216	147	1993123	9227.421	4664.377	8266.000	3363	22534	485.606	250.731	7.676	1.868	0.418	1.825	485.667	250.962	7.676	483	245	6	7	12	5
79	14.321	48.786	87	72	459221	5278.402	1614.330	5035.000	3366	10057	518.517	328.414	7.184	1.322	0.325	1.305	518.544	328.415	7.188	515	325	6	7	8	4
80	47.409	120.259	288	179	2686570	9328.368	5367.571	7983.500	3354	24192	364.934	371.809	8.222	2.142	0.555	2.154	364.935	371.943	8.233	361	365	6	9	14	6
81	38.520	86.916	234	152	1744689	7455.936	3450.973	6315.500	3355	17519	400.966	442.038	7.500	1.861	0.310	1.842	400.899	441.974	7.503	397	437	6	9	11	4
82	14.980	47.199	91	69	577695	6348.297	2578.531	5770.000	3364	14581	412.264	464.637	7.198	1.313	0.238	1.286	412.218	464.636	7.162	410	461	6	6	8	4
83	9.548	36.752	58	58	285763	4926.948	1097.366	4697.000	3357	8280	521.828	606.793	6.517	1.027	0.279	1.033	521.931	606.900	6.514	519	604	6	7	6	2
84	1.646	12.274	10	10	40293	4029.300	477.383	3809.500	3408	5019	596.000	704.100	6.800	0.600	0.217	0.618	595.994	704.066	6.824	595	703	6	3	4	2
85	1.811	11.033	11	11	43086	3916.909	552.040	3632.000	3446	5005	635.545	739.545	6.182	0.584	0.202	0.656	635.544	739.566	6.165	635	738	6	3	4	2
86	25.844	69.610	157	110	980461	6244.975	2627.715	5553.000	3388	14375	857.822	753.631	7.293	1.646	0.319	1.636	857.910	753.689	7.283	853	750	6	12	8	4
87	8.725	42.407	53	50	257431	4857.188	1073.573	4624.000	3375	7542	875.264	771.660	7.434	1.222	0.478	1.241	875.233	771.698	7.418	870	769	6	10	6	4
88	4.115	21.135	25	22	139142	5565.680	1803.760	4882.000	3648	9654	859.120	807.440	6.920	0.872	0.234	0.906	859.082	807.499	6.882	857	806	6	5	4	3
89	1.975	12.964	12	12	48886	4073.833	422.531	3948.500	3429	4825	799.333	816.000	6.167	0.592	0.219	0.550	799.307	815.989	6.148	798	815	6	4	4	2
90	23.869	77.711	145	123	751068	5179.779	1552.638	4684.000	3354	9855	777.214	852.552	7.703	1.559	0.451	1.608	777.078	852.505	7.667	772	848	6	10	11	4
91	31.935	85.367	194	133	1679897	8659.263	5182.082	6879.500	3352	26700	296.510	241.784	8.753	1.878	0.478	1.858	296.499	241.823	8.765	293	236	7	8	13	5
92	1.646	12.274	10	10	38440	3844.000	358.271	3747.500	3396	4426	380.300	406.400	7.500	0.678	0.141	0.612	380.327	406.422	7.478	379	405	7	3	4	2
93	9.383	41.959	57	54	282614	4958.140	1318.257	4495.000	3449	8189	479.965	564.754	7.702	1.071	0.282	1.081	479.924	564.833	7.689	478	561	7	6	8	3
94	19.589	71.403	119	99	662952	5571.025	1766.551	5179.000	3368	12191	517.706	615.538	7.983	1.550	0.504	1.443	517.563	615.375	7.978	515	610	7	7	13	3
95	26.009	77.748	158	115	1117672	7073.874	3293.509	6208.500	3372	16915	715.532	732.215	8.835	1.788	0.501	1.865	715.594	732.131	8.883	713	726	7	6	13	5
96	26.174	83.192	159	144	851646	5356.264	1383.703	5241.000	3371	8858	714.377	743.792	8.371	1.747	0.719	1.684	714.570	743.921	8.390	709	737	7	12	13	4
97	14.815	71.162	90	84	411861	4576.233	869.077	4398.000	3375	7552	724.867	822.144	8.956	1.589	0.642	1.545	724.860	822.049	8.940	722	816	7	6	14	4
98	16.955	60.163	103	89	542982	5271.670	1503.179	4959.000	3357	9965	429.126	145.631	9.184	1.435	0.433	1.411	429.239	145.758	9.193	424	142	8	11	8	3
99	50.043	115.604	304	186	2863826	9420.480	5383.023	7487.500	3396	27112	377.418	227.714	11.243	2.143	0.482	2.175	377.533	227.619	11.214	374	221	8	8	14	7
100	15.145	50.027	92	73	575644	6257.000	2352.464	5741.000	3358	12268	317.283	286.587	9.293	1.338	0.290	1.337	317.297	286.518	9.313	315	283	8	6	9	4
101	20.248	56.372	123	81	1236304	10051.252	6205.909	8016.000	3353	30198	638.341	535.650	9.967	1.619	0.366	1.526	638.414	535.707	9.879	635	533	8	8	6	5
102	16.955	54.371	103	85	561641	5452.825	1687.702	4921.000	3405	10513	621.136	624.728	9.136	1.351	0.312	1.321	621.253	624.843	9.177	618	620	8	7	9	3
103	16.626	59.266	101	88	487417	4825.911	1155.502	4669.000	3410	9079	758.584	667.238	8.822	1.328	0.346	1.343	758.684	667.395	8.824	755	663	8	8	9	4
104	22.717	75.991	138	97	1172687	8497.731	4504.083	7297.500	3414	21450	624.232	677.500	10.087	1.751	0.484	1.864	624.337	677.499	10.071	620	674	8	9	9	5
105	36.874	96.363	224	158	1318052	5884.161	1952.210	5284.000	3355	12166	732.277	679.696	9.710	1.767	0.373	1.826	732.262	679.804	9.707	727	675	8	11	11	5
106	18.766	69.335	114	95	652647	5724.974	2077.316	5279.000	3352	11673	693.044	697.053	9.877	1.593	0.516	1.569	692.834	696.902	9.875	689	694	8	10	8	5
107	25.680	78.644	156	105	1096878	7031.269	3543.110	5969.000	3357	21761	738.436	703.564	10.109	1.724	0.423	1.795	738.309	703.513	10.077	734	700	8	11	8	5
108	11.688	45.372	71	66	375650	5290.845	1252.663	5389.000	3359	7874	715.127	705.099	9.380	1.349	0.484	1.399	715.157	705.122	9.391	711	703	8	10	5	4
109	24.528	77.711	149	123	794496	5332.188	1553.731	4964.000	3369	9552	654.604	741.503	10.114	1.641	0.526	1.508	654.697	741.566	10.126	651	735	8	8	14	5
110	14.651	53.889	89	74	507933	5707.112	1845.444	5254.000	3355	10509	779.472	780.517	9.303	1.335	0.334	1.281	779.462	780.456	9.287	776	778	8	9	7	4
111	12.675	50.924	77	63	420534	5461.480	1900.303	4868.000	3359	10768	420.104	119.065	10.429	1.347	0.410	1.413	420.168	119.141	10.404	416	114	9	8	9	4
112	21.564	62.405	131	92	985484	7522.779	3609.371	6455.000	3353	16912	333.863	125.794	10.687	1.552	0.265	1.548	333.893	125.740	10.674	330	123	9	8	7	5
113	27.326	74.920	166	112	1273288	7670.410	3663.956	6771.000	3368	17458	369.596	151.747	10.873	1.650	0.266	1.608	369.540	151.678	10.828	366	148	9	8	9	5
114	24.363	78.989	148	109	1039094	7020.905	2997.875	6531.500	3369	15659	462.473	243.824	11.135	1.681	0.498	1.586	462.451	243.755	11.095	457	240	9	11	9	6
115	16.132	50.924	98	75	714888	7294.775	3535.497	6004.500	3388	17036	427.704	244.112	10.510	1.397	0.308	1.454	427.878	244.253	10.535	425	241	9	7	7	4
116	28.314	90.159	172	130	958438	5572.314	1760.010	5244.000	3352	11269	394.267	268.512	10.314	1.822	0.580	1.883	394.250	268.448	10.299	392	262	9	6	14	4
117	16.955	48.993	103	73	800060	7767.573	3311.504	6867.000	3494	16651	313.165	275.718	10.583	1.426	0.232	1.419	313.132	275.719	10.567	310	273	9	7	6	4
118	9.548	43.201	58	57	291098	5018.931	1156.358	4752.000	3402	7756	409.466	284.379	10.569	1.079	0.340	1.087	409.437	284.361	10.553	406	282	9	8	6	4
119	25.680	66.678	156	121	1019319	6534.096	2356.466	5957.500	3372	13755	493.506	312.891	10.994	1.551	0.325	1.544	493.511	312.727	10.968	489	309	9	10	9	5
120	16.132	54.578	98	80	600960	6132.245	2188.397	5739.000	3376	11601	480.469	364.286	10.541	1.388	0.342	1.440	480.391	364.195	10.503	478	360	9	6	10	4
121	11.523	45.028	70	57	391223	5588.900	1588.700	5357.500	3367	9203	488.471	372.486	10.243	1.196	0.300	1.224	488.452	372.505	10.263	486	369	9	6	8	4
122	17.943	59.577	109	86	676154	6203.248	2493.309	5787.000	3359	15156	506.706	489.275	10.908	1.454	0.383	1.407	506.857	489.222	10.883	501	487	9	11	7	5
123	17.284	58.406	105	78	616511	5871.533	2073.168	5488.000	3355	11492	523.514	532.876	12.029	1.495	0.422	1.423	523.495	532.817	11.980	521	530	9	6	7	6
124	9.712	46.303	59	58	268907	4557.746	904.584	4354.000	3405	7390	472.763	540.339	10.458	1.101	0.346	1.102	472.791	540.271	10.418	469	537	9	8	8	4
125	8.889	36.029	54	43	282739	5235.907	1426.563	4938.000	3378	10151	482.167	542.333	10.685	1.120	0.267	1.121	482.205	542.388	10.661	480	540	9	6	6	4
126	18.931	58.095	115	88	744587	6474.669	2453.111	6046.000	3357	13480	538.609	546.087	11.096	1.531	0.423	1.534	538.651	546.209	11.106	536	541	9	6	11	5
127	12.346	43.201	75	60	426125	5681.667	1795.335	5153.000	3358	11043	498.053	566.173	10.867	1.260	0.282	1.246	498.028	566.208	10.831	494	564	9	8	6	4
128	19.589	57.198	119	90	884622	7433.798	3420.921	6629.000	3403	18164	534.588	601.244	11.084	1.421	0.274	1.423	534.526	601.221	11.110	532	597	9	6	9	5
129	4.774	25.134	29	29	138134	4763.241	1045.456	4510.000	3547	7680	690.690	614.241	9.759	0.920	0.331	0.939	690.780	614.366	9.780	688	611	9	6	7	3
130	6.585	33.995	40	38	189913	4747.825	1165.504	4380.500	3405	8206	556.725	654.925	10.000	1.047	0.406	1.067	556.735	654.909	10.000	553	653	9	7	5	3
131	11.523	49.579	70	61	331992	4742.743	1344.484	4177.000	3351	8878	653.514	666.186	9.857	1.345	0.495	1.241	653.497	666.070	9.868	651	662	9	7	11	3
132	18.272	62.438	111	90	615662	5546.504	1896.580	4950.000	3364	12114	596.730	691.126	10.405	1.399	0.374	1.422	596.737	691.095	10.391	594	687	9	7	10	4
133	10.700	43.097	65	56	339716	5226.400	1409.969	5043.000	3357	9015	762.123	708.154	9.785	1.223	0.370	1.235	762.043	708.127	9.773	759	705	9	9	7	3
134	26.174	66.404	159	105	1206840	7590.188	3705.103	6191.000	3372	17630	348.164	85.465	11.465	1.674	0.298	1.659	348.180	85.585	11.466	345	81	10	7	10	4
135	10.535	38.994	64	55	349232	5456.750	1367.384	5251.500	3379	9923	311.734	104.391	11.219	1.148	0.268	1.182	311.830	104.393	11.258	309	102	10	6	6	4
136	10.700	37.097	65	64	317290	4881.385	1069.995	4764.000	3352	7725	317.585	116.123	10.508	1.066	0.319	1.087	317.535	116.129	10.468	314	113	10	7	8	3
137	1.811	11.481	11	11	43637	3967.000	416.875	4066.000	3400	4756	318.000	136.182	10.455	0.653	0.123	0.655	318.010	136.173	10.443	317	135	10	3	4	2
138	5.597	34.892	34	34	150515	4426.912	742.826	4204.000	3446	6154	441.000	180.088	10.324	1.241	0.605	1.052	440.973	180.030	10.294	438	176	10	7	11	2
139	14.486	59.199	88	72	531217	6036.557	2436.642	5460.000	3411	14180	393.432	194.977	11.705	1.485	0.506	1.480	393.312	194.588	11.642	391	190	10	6	11	4
140	13.498	45.476	82	65	502896	6132.878	2482.710	5358.500	3408	15836	363.488	198.402	11.561	1.328	0.329	1.353	363.553	198.582	11.463	361	195	10	6	7	4
141	21.894	62.646	133	92	858146	6452.226	2648.991	5551.000	3365	13564	455.195	205.925	11.504	1.568	0.278	1.559	455.323	205.997	11.497	452	202	10	7	9	4
142	24.198	71.266	147	101	1173870	7985.510	4579.181	6172.000	3354	23098	433.075	267.728	11.776	1.689	0.411	1.723	433.219	267.953	11.744	431	262	10	6	11	5
143	2.798	17.963	17	17	76859	4521.118	724.957	4254.000	3562	6352	436.529	314.824	10.235	0.876	0.376	0.900	436.599	314.928	10.230	434	312	10	5	6	2
144	9.054	40.443	55	49	253678	4612.327	1068.742	4367.000	3388	7139	405.964	325.982	11.564	1.170	0.362	1.073	406.014	326.013	11.504	404	323	10	5	7	4
145	1.975	11.585	12	12	49554	4129.500	508.264	4036.500	3526	5024	501.417	353.917	10.667	0.666	0.239	0.631	501.398	353.905	10.648	501	353	10	2	3	3
146	8.395	33.513	51	42	289842	5683.176	2164.223	4953.000	3396	11802	416.392	357.353	11.333	1.168	0.330	1.118	416.387	357.251	11.320	414	356	10	6	4	4
147	13.828	64.680	84	75	424347	5051.750	1420.044	4582.500	3353	9235	453.190	388.179	10.893	1.629	0.685	1.477	453.175	388.183	10.903	449	382	10	9	14	3
148	9.054	36.615	55	52	249658	4539.236	941.567	4274.000	3383	6761	538.145	394.745	10.745	1.075	0.307	1.103	538.069	394.704	10.726	535	393	10	7	5	3
149	23.046	68.505	140	116	811252	5794.657	1870.980	5508.000	3355	11200	415.057	403.129	11.307	1.470	0.350	1.508	414.980	403.207	11.330	411	399	10	9	9	4
150	1.975	15.102	12	11	51580	4298.333	880.417	4058.000	3379	5763	492.083	428.500	11.083	0.754	0.303	0.734	492.051	428.478	11.069	491	427	10	3	4	3
151	18.931	60.059	115	92	672307	5846.148	1929.841	5628.000	3385	11068	547.826	450.765	11.270	1.412	0.339	1.419	547.854	450.895	11.273	544	448	10	9	7	4
152	10.700	50.268	65	61	279030	4292.769	782.197	4169.000	3357	6556	519.631	468.708	11.308	1.313	0.431	1.330	519.659	468.760	11.306	517	464	10	7	10	3
153	23.211	74.127	141	108	881341	6250.646	2522.812	5600.000	3356	15574	582.142	498.738	11.348	1.564	0.391	1.535	582.412	498.827	11.316	577	496	10	10	7	4
154	10.535	42.856	64	55	365971	5718.297	1855.027	5305.000	3383	11350	521.531	508.094	11.000	1.228	0.318	1.148	521.453	508.048	11.005	519	505	10	7	8	3
155	12.840	45.683	78	59	449862	5767.461	2079.631	5274.500	3407	13011	560.538	592.038	11.308	1.297	0.260	1.291	560.644	592.150	11.276	558	589	10	6	7	4
156	6.749	34.099	41	40	177994	4341.317	803.281	4156.000	3453	6680	652.195	605.488	11.049	1.004	0.323	1.062	652.219	605.484	11.044	649	603	10	6	6	3
157	31.606	94.951	192	143	1292256	6730.500	3335.466	5656.500	3402	19533	588.370	609.698	11.229	1.938	0.608	1.850	588.740	610.041	11.256	582	604	10	12	12	5
158	10.041	42.304	61	57	273926	4490.590	892.529	4148.000	3363	6871	605.115	647.885	10.607	1.142	0.362	1.078	605.152	647.911	10.597	602	644	10	7	8	3
159	2.140	16.136	13	13	51181	3937.000	631.875	3614.000	3387	5526	699.923	668.077	10.923	0.730	0.286	0.593	699.970	668.125	10.923	699	667	10	3	4	3
160	22.223	65.025	135	100	889870	6591.629	2880.682	5581.000	3364	14603	664.904	692.511	11.430	1.597	0.383	1.591	664.878	692.593	11.367	661	689	10	9	8	5
161	2.634	17.722	16	16	75300	4706.250	1029.365	4219.500	3574	6811	748.812	703.688	10.750	0.790	0.311	0.820	748.770	703.629	10.747	746	703	10	6	3	3
162	5.597	24.548	34	30	174829	5142.029	1515.078	4671.000	3548	9882	421.059	361.941	12.000	0.976	0.232	1.032	421.087	361.923	11.963	419	360	11	5	5	3
163	2.963	20.238	18	18	70459	3914.389	433.047	3877.000	3370	5067	520.278	447.444	11.889	0.961	0.445	1.047	520.219	447.396	11.879	517	445	11	7	6	3
164	2.305	18.067	14	14	50754	3625.286	292.038	3543.500	3353	4285	484.857	465.214	12.143	0.762	0.374	0.766	484.842	465.256	12.143	482	463	11	6	5	3
165	1.646	11.481	10	10	37165	3716.500	318.652	3692.000	3361	4267	471.500	523.800	11.700	0.614	0.160	0.651	471.514	523.792	11.704	470	523	11	4	3	2
166	7.243	35.133	44	44	188535	4284.886	680.617	4173.000	3359	6278	585.568	543.068	11.523	0.972	0.285	0.975	585.701	543.091	11.540	583	540	11	6	7	2
167	3.128	19.101	19	19	73196	3852.421	297.408	3887.000	3376	4380	571.947	549.368	11.526	0.763	0.202	0.690	572.002	549.389	11.519	570	547	11	5	5	2
168	5.268	27.858	32	32	137064	4283.250	691.287	4228.500	3354	5933	310.406	220.594	12.469	0.892	0.258	0.836	310.467	220.586	12.468	308	219	12	6	5	2
