 	Volume (micron^3)	Surface (micron^2)	Nb of obj. voxels	Nb of surf. voxels	IntDen	Mean	StdDev	Median	Min	Max	X	Y	Z	Mean dist. to surf. (micron)	SD dist. to surf. (micron)	Median dist. to surf. (micron)	XM	YM	ZM	BX	BY	BZ	B-width	B-height	B-depth
1	38.520	88.262	234	156	10032375	42873.398	17496.416	42520.500	17004	65535	769.842	506.017	6.312	1.894	0.408	1.866	769.824	506.068	6.218	766	501	4	9	11	5
2	29.301	77.229	178	135	6826574	38351.539	14533.393	38446.000	16927	65535	957.534	638.809	5.989	1.707	0.437	1.735	957.424	638.876	5.956	951	635	4	12	8	5
3	22.881	62.438	139	102	5291708	38069.840	15229.519	36326.000	16864	65535	901.957	725.806	5.950	1.521	0.291	1.525	901.982	725.831	5.927	898	723	4	9	7	5
4	40.660	100.502	247	159	10287165	41648.441	18273.322	40870.000	16999	65535	221.259	127.862	7.089	2.066	0.559	2.083	221.224	127.822	7.097	215	124	5	14	8	5
5	30.783	80.953	187	133	7678807	41063.141	17370.344	37461.000	16887	65535	329.850	179.075	6.684	1.827	0.465	1.783	329.954	179.128	6.741	326	173	5	9	13	4
6	35.392	82.195	215	137	9688756	45063.980	18256.463	46033.000	16896	65535	512.986	322.749	6.828	1.866	0.322	1.906	512.946	322.693	6.820	509	319	5	10	9	5
7	28.149	69.817	171	117	6935916	40560.914	17767.834	37735.000	16924	65535	490.532	381.953	6.351	1.688	0.316	1.689	490.521	381.948	6.295	486	379	5	11	7	4
8	33.581	79.056	204	140	6957073	34103.301	12956.421	31468.000	16886	65535	714.642	500.706	6.647	1.835	0.413	1.800	714.635	500.665	6.671	712	495	5	7	13	4
9	39.343	93.883	239	153	10300662	43099.004	17939.301	42862.000	17008	65535	931.808	545.197	7.925	1.989	0.466	2.043	931.806	545.136	7.909	929	540	5	7	12	6
10	31.771	74.783	193	118	8494460	44012.746	18557.588	44143.000	16857	65535	682.974	590.715	7.207	1.840	0.312	1.836	682.953	590.739	7.225	680	587	5	7	9	5
11	25.021	66.404	152	107	5808058	38210.906	16608.664	34178.500	16887	65535	758.092	631.033	7.197	1.663	0.370	1.719	757.996	630.999	7.168	753	629	5	11	5	5
12	23.540	65.885	143	115	3504260	24505.314	6353.268	22762.000	16883	44656	971.825	717.497	5.916	1.513	0.342	1.460	971.853	717.404	5.912	968	712	5	8	11	3
13	29.301	67.782	178	117	6556737	36835.602	14683.116	30895.500	17260	65535	969.466	746.506	6.500	1.686	0.185	1.655	969.507	746.473	6.485	965	743	5	9	8	4
14	36.051	79.401	219	144	8544399	39015.520	15644.458	35572.000	17016	65535	961.694	777.571	6.507	1.809	0.271	1.819	961.814	777.457	6.495	957	773	5	10	10	4
15	20.248	55.819	123	88	4444247	36132.090	15570.725	31862.000	16968	65535	1000.602	807.276	6.602	1.522	0.279	1.558	1000.600	807.245	6.638	998	803	5	6	9	4
16	34.075	84.711	207	135	8702535	42041.230	17656.850	38981.000	17105	65535	275.362	163.671	7.657	1.854	0.403	1.867	275.386	163.721	7.679	271	159	6	10	10	5
17	17.449	53.889	106	82	3952212	37285.020	15659.650	34170.000	16926	65535	334.302	190.547	7.792	1.434	0.320	1.418	334.214	190.481	7.801	331	187	6	8	8	4
18	5.926	26.616	36	33	861651	23934.750	6375.962	22097.500	16996	41415	439.417	248.333	7.167	0.924	0.241	0.985	439.348	248.261	7.135	437	246	6	6	6	3
19	30.783	72.574	187	124	7603804	40662.055	17529.486	35531.000	16942	65535	473.840	260.080	7.556	1.736	0.266	1.721	473.837	260.052	7.567	469	257	6	10	8	4
20	12.511	44.131	76	67	2295077	30198.381	8241.651	30387.500	17152	50210	115.671	271.197	7.553	1.180	0.361	1.151	115.656	271.220	7.546	113	268	6	6	8	4
21	26.997	75.609	164	112	6941291	42324.945	17393.309	41228.500	17079	65535	462.091	277.738	8.104	1.667	0.354	1.703	462.078	277.758	8.088	458	273	6	9	10	5
22	24.034	62.231	146	108	5075663	34764.816	15096.555	29481.500	16882	65535	545.938	337.479	7.438	1.560	0.285	1.564	546.022	337.683	7.445	543	333	6	7	9	4
23	24.692	64.714	150	107	5869754	39131.691	16691.377	35064.000	16888	65535	539.227	349.507	7.273	1.604	0.314	1.649	539.344	349.529	7.249	534	346	6	10	7	4
24	28.972	81.884	176	131	6713248	38143.453	15462.489	35350.000	16999	65535	547.006	371.807	7.852	1.877	0.584	1.909	546.867	371.677	7.844	542	367	6	12	11	4
25	31.112	78.126	189	125	7853404	41552.402	17696.680	37316.000	17033	65535	542.815	400.735	8.476	1.758	0.328	1.719	542.814	400.701	8.452	539	396	6	9	10	6
26	29.301	71.885	178	128	6611124	37141.145	15033.799	34484.500	17053	65535	665.607	440.579	7.730	1.706	0.356	1.680	665.707	440.533	7.764	660	438	6	11	7	4
27	13.992	49.097	85	66	3109873	36586.742	15850.653	32526.000	16916	65535	382.341	445.035	7.647	1.389	0.364	1.410	382.194	445.038	7.626	379	442	6	9	6	4
28	25.186	75.539	153	125	4840839	31639.471	10152.759	31053.000	16871	59130	672.987	488.242	7.641	1.649	0.579	1.704	672.991	488.267	7.616	667	485	6	12	8	4
29	35.392	87.020	215	154	8157242	37940.660	14602.623	37497.000	16870	65535	564.753	503.572	8.102	1.774	0.417	1.752	564.736	503.603	8.073	559	499	6	11	9	5
30	14.486	47.752	88	67	3032990	34465.797	14873.959	30054.000	16864	65535	594.705	531.295	7.659	1.367	0.305	1.395	594.633	531.190	7.641	592	528	6	7	8	4
31	4.115	22.169	25	25	520680	20827.199	3661.076	19483.000	16965	31248	911.160	594.440	7.120	0.902	0.372	0.986	911.099	594.348	7.135	909	592	6	5	6	3
32	24.034	66.645	146	105	5241557	35901.074	14594.134	32726.500	16860	65535	944.658	600.212	7.726	1.632	0.377	1.637	944.668	600.211	7.712	939	598	6	12	6	4
33	27.326	69.506	166	122	6196582	37328.809	14825.805	35655.500	16935	65535	979.163	601.373	8.163	1.590	0.250	1.598	979.185	601.262	8.156	975	598	6	9	9	5
34	16.297	50.683	99	70	3741638	37794.324	17466.629	31379.000	16973	65535	911.333	602.808	8.404	1.476	0.345	1.479	911.405	602.938	8.350	909	600	6	6	7	5
35	13.663	45.443	83	59	3231747	38936.711	17204.982	33632.000	16902	65535	899.229	605.566	8.253	1.392	0.314	1.365	899.258	605.599	8.217	897	603	6	6	6	5
36	28.314	71.162	172	111	6948146	40396.199	17734.371	38839.000	17067	65535	889.948	616.209	7.953	1.725	0.322	1.690	889.930	616.110	7.936	886	613	6	9	8	5
37	30.454	67.297	185	141	5779674	31241.480	10523.817	29545.000	16873	64774	775.659	626.686	7.065	1.615	0.343	1.632	775.685	626.706	7.074	770	623	6	11	9	3
38	5.432	25.238	33	29	817662	24777.637	6535.878	21751.000	16910	38518	880.333	709.364	6.788	0.897	0.230	0.917	880.355	709.369	6.776	878	708	6	6	4	3
39	32.594	86.779	198	139	6263568	31634.182	10723.926	30154.000	17270	59853	912.773	749.389	8.076	1.902	0.610	1.986	912.751	749.445	8.065	908	745	6	11	9	6
40	28.972	73.471	176	123	6761278	38416.352	16538.672	36573.500	17002	65535	990.943	751.761	8.193	1.700	0.349	1.720	990.967	751.644	8.167	988	747	6	7	11	5
41	10.041	36.408	61	54	1491914	24457.607	5982.779	23083.000	17065	43908	1002.328	783.984	7.131	1.157	0.280	1.136	1002.327	783.984	7.148	999	781	6	7	6	3
42	42.306	126.737	257	214	7156184	27845.074	10092.258	24176.000	16902	62788	963.615	807.498	7.879	2.646	1.109	2.584	963.151	808.141	8.019	957	797	6	15	19	5
43	37.038	91.708	225	163	8121121	36093.871	14350.151	33964.000	16858	65535	171.938	139.373	8.431	1.909	0.535	1.827	171.957	139.377	8.425	166	135	7	13	9	4
44	14.321	47.337	87	76	2359428	27119.861	8331.779	25638.000	16910	54991	99.184	310.345	7.759	1.397	0.428	1.353	99.016	310.233	7.744	94	308	7	11	6	3
45	30.124	82.677	183	138	6947983	37967.121	16981.215	33998.000	17009	65535	56.361	310.290	8.579	2.011	0.707	1.935	55.982	310.255	8.605	50	308	7	17	5	5
46	16.132	50.924	98	73	3783833	38610.539	15849.687	35729.500	16952	65535	115.765	337.449	8.939	1.397	0.328	1.359	115.741	337.470	8.912	113	334	7	7	8	5
47	22.388	68.335	136	102	4734288	34810.941	15176.791	29715.500	16989	65535	537.632	361.757	8.706	1.613	0.433	1.644	537.879	361.993	8.682	534	357	7	9	10	4
48	15.309	48.267	93	82	2469667	26555.559	7031.110	26388.000	16852	45919	473.796	374.172	7.710	1.256	0.328	1.280	473.720	374.154	7.719	470	370	7	9	9	3
49	19.095	54.819	116	96	4582194	39501.672	14927.851	37281.000	17091	65535	312.750	436.267	7.983	1.548	0.463	1.512	312.574	436.219	7.922	308	434	7	11	6	3
50	46.257	101.674	281	172	11804207	42007.855	17631.064	39699.000	17117	65535	697.167	453.260	8.722	2.006	0.305	2.009	697.177	453.267	8.675	692	447	7	11	12	5
51	18.108	59.370	110	93	3094977	28136.154	8383.531	26182.000	17136	50871	360.700	451.955	7.864	1.672	0.599	1.610	360.896	452.001	7.839	354	449	7	13	7	3
52	32.264	85.297	196	135	7222791	36850.973	15343.488	32549.000	16967	65535	420.204	467.638	8.760	1.839	0.497	1.787	420.207	467.683	8.775	414	464	7	13	8	5
53	9.877	35.270	60	54	1581518	26358.633	6760.113	24244.000	17086	43700	479.333	470.833	8.250	1.149	0.313	1.108	479.220	470.891	8.284	476	469	7	9	5	3
54	13.169	52.543	80	77	2035151	25439.387	6308.580	24460.500	16945	43377	809.912	517.213	8.400	1.618	0.645	1.662	809.982	517.457	8.418	807	511	7	6	13	3
55	10.865	39.476	66	58	1650978	25014.818	6054.793	24301.500	16898	40302	784.849	532.061	8.227	1.167	0.299	1.179	784.890	532.010	8.232	781	530	7	8	6	3
56	39.507	87.228	240	151	10572641	44052.672	17123.502	41026.000	17023	65535	683.000	548.388	9.396	1.876	0.254	1.857	683.016	548.376	9.394	678	544	7	10	9	5
57	13.828	43.442	84	66	2503251	29800.607	10282.922	26333.000	17291	55774	733.190	545.738	8.905	1.263	0.208	1.251	733.235	545.894	8.845	730	543	7	7	7	4
58	32.100	74.057	195	132	7780076	39897.824	16902.566	36869.000	16862	65535	833.113	558.764	8.323	1.721	0.279	1.739	833.116	558.799	8.274	829	555	7	11	9	4
59	30.783	67.987	187	142	5677704	30362.053	9770.829	28178.000	16877	58911	793.556	586.556	8.053	1.622	0.341	1.596	793.473	586.612	8.053	789	583	7	10	9	3
60	9.712	37.201	59	58	1502879	25472.525	5590.383	25446.000	16894	40573	760.305	614.966	8.424	1.180	0.497	1.082	760.456	615.031	8.417	755	612	7	11	6	3
61	19.754	56.405	120	85	4118198	34318.316	14193.065	31017.000	16888	65535	844.117	624.600	8.917	1.480	0.266	1.457	844.016	624.483	8.886	841	621	7	8	8	5
62	15.309	48.682	93	74	2697394	29004.236	9563.055	25936.000	16929	53244	776.097	644.925	8.075	1.325	0.288	1.297	776.170	644.994	8.131	772	642	7	9	6	4
63	10.865	38.097	66	56	1842461	27916.076	8666.464	25923.000	16902	51292	908.121	678.106	8.061	1.206	0.274	1.186	908.174	678.100	8.030	904	676	7	9	5	3
64	25.680	77.125	156	130	4421044	28340.025	8522.408	26673.000	16902	56330	940.667	752.494	8.071	1.858	0.601	1.866	940.649	752.433	8.111	936	747	7	10	13	3
65	20.248	56.957	123	84	4215998	34276.406	13816.257	30519.000	16963	65535	1001.293	847.602	9.171	1.515	0.296	1.486	1001.338	847.626	9.116	998	845	7	8	6	5
66	15.145	46.062	92	75	2924407	31787.033	11832.858	28744.000	16895	63974	20.946	38.739	9.848	1.317	0.293	1.295	21.043	38.803	9.782	17	36	8	8	6	4
67	14.486	48.096	88	72	2535939	28817.488	8744.494	29057.500	16857	49353	186.943	124.023	9.807	1.288	0.320	1.264	186.755	123.924	9.723	184	121	8	8	7	4
68	13.498	43.130	82	72	2205679	26898.523	7389.314	26917.000	16922	47677	182.415	131.463	8.780	1.216	0.281	1.237	182.412	131.431	8.783	179	129	8	8	6	3
69	27.820	67.127	169	117	6396338	37848.152	15461.356	35282.000	16891	65535	213.503	177.231	9.627	1.633	0.240	1.626	213.576	177.330	9.646	209	173	8	10	9	4
70	23.869	63.713	145	111	4860441	33520.281	12202.381	31562.000	16942	63234	403.110	296.297	9.214	1.504	0.293	1.502	403.136	296.344	9.187	399	292	8	9	10	4
71	21.894	60.819	133	94	4922214	37009.129	15550.811	32121.000	16889	65535	480.180	298.489	9.729	1.550	0.282	1.592	480.228	298.550	9.723	477	295	8	8	8	5
72	9.877	34.510	60	60	1276653	21277.551	3054.469	20501.500	17017	27656	462.983	313.050	8.633	1.062	0.336	1.012	463.015	313.031	8.661	459	310	8	9	6	2
73	16.461	51.613	100	72	3582046	35820.461	14921.804	29968.500	17096	65535	107.380	337.910	9.620	1.413	0.268	1.428	107.330	337.922	9.631	104	335	8	8	7	4
74	12.840	44.372	78	74	1867691	23944.756	4758.772	23295.000	16903	35512	575.474	352.038	8.987	1.240	0.368	1.255	575.349	352.116	9.016	572	349	8	8	7	3
75	24.857	62.783	151	108	5779971	38277.953	15331.112	37303.000	17080	65535	259.980	361.881	9.238	1.581	0.289	1.591	259.978	361.909	9.156	256	359	8	9	7	4
76	12.017	41.062	73	64	1951478	26732.576	6369.670	27268.000	17000	41827	574.301	360.438	9.658	1.178	0.306	1.192	574.320	360.448	9.614	571	358	8	8	6	4
77	26.503	64.266	161	105	5956511	36996.961	16107.685	31215.000	16898	65535	498.981	412.925	9.472	1.646	0.205	1.664	498.923	413.006	9.443	496	408	8	7	10	4
78	13.992	44.820	85	74	2399890	28234.000	8339.650	28209.000	16893	44131	777.976	423.706	9.706	1.254	0.302	1.291	778.005	423.746	9.633	774	421	8	9	6	4
79	16.132	47.752	98	71	3306936	33744.246	13736.887	29395.000	16889	64255	402.347	438.684	9.582	1.378	0.225	1.392	402.391	438.728	9.553	399	436	8	7	6	4
80	6.585	28.443	40	40	809214	20230.350	2557.654	19565.500	16857	25577	376.875	453.075	8.550	0.981	0.340	0.975	376.949	453.143	8.565	374	450	8	7	7	2
81	38.684	78.849	235	147	9307439	39606.125	16221.899	34998.000	17088	65535	702.877	465.613	9.468	1.835	0.221	1.810	702.921	465.619	9.427	699	461	8	9	10	4
82	9.383	32.272	57	47	1908863	33488.824	10060.296	32522.000	17430	53733	470.386	470.456	9.018	1.145	0.262	1.148	470.432	470.476	9.027	468	469	8	6	4	4
83	13.005	44.372	79	66	2075004	26265.873	7003.980	25466.000	17036	49215	611.456	476.025	9.177	1.198	0.255	1.242	611.413	476.069	9.180	608	473	8	8	7	3
84	17.778	50.027	108	76	4020090	37223.055	15496.042	34067.000	16919	65535	872.852	534.565	9.241	1.457	0.254	1.428	872.879	534.519	9.195	870	532	8	7	7	4
85	20.248	57.784	123	92	4032059	32780.969	12706.688	29589.000	17124	65535	690.626	536.984	9.545	1.483	0.245	1.493	690.642	537.000	9.528	688	532	8	6	10	4
86	12.840	42.752	78	66	2129249	27298.064	7856.800	26075.500	17066	52594	799.128	539.026	9.077	1.240	0.258	1.240	799.211	539.152	9.015	796	536	8	7	7	3
87	14.651	47.648	89	73	2428946	27291.527	7320.787	26998.000	16902	45016	979.303	537.640	9.809	1.325	0.303	1.332	979.349	537.629	9.787	975	535	8	9	6	4
88	33.087	79.883	201	145	6230496	30997.492	10877.299	28525.000	17096	62711	811.821	548.433	9.796	1.713	0.339	1.725	811.898	548.320	9.773	808	543	8	9	13	4
89	27.491	70.540	167	120	4841275	28989.670	10430.937	25177.000	16867	62231	979.725	561.994	9.575	1.620	0.324	1.654	979.891	562.090	9.509	976	557	8	8	11	4
90	20.741	74.401	126	119	3109626	24679.572	5668.360	23809.000	16861	39799	777.841	575.897	9.778	1.787	0.743	1.722	777.929	575.821	9.760	770	573	8	15	6	4
91	2.140	12.964	13	13	263469	20266.846	2053.327	19950.000	17786	24474	924.231	585.154	8.231	0.624	0.203	0.616	924.241	585.133	8.215	923	583	8	3	5	2
92	8.066	33.650	49	42	1251542	25541.674	6862.249	23977.000	17137	44481	988.265	592.122	8.898	1.160	0.310	1.149	988.187	592.170	8.872	986	590	8	7	6	3
93	18.931	56.542	115	92	3687807	32067.887	10168.698	31658.000	16962	61955	674.217	596.365	9.174	1.465	0.398	1.434	674.212	596.331	9.184	671	592	8	7	10	4
94	34.404	98.501	209	155	6460268	30910.373	10924.566	27942.000	17013	65535	835.010	654.943	9.388	1.843	0.596	1.945	834.983	654.968	9.374	831	649	8	9	14	4
95	6.749	33.547	41	38	926129	22588.512	5095.595	21123.000	16868	33946	869.488	655.537	8.829	1.041	0.366	1.066	869.481	655.503	8.854	866	653	8	7	6	3
96	20.083	52.647	122	88	4120784	33776.918	12469.069	31834.500	16993	65535	854.393	667.271	9.721	1.463	0.259	1.462	854.318	667.253	9.736	851	665	8	8	6	4
97	25.351	65.818	154	95	5913406	38398.742	16921.281	33329.000	16852	65535	1000.578	861.526	9.844	1.707	0.326	1.648	1000.557	861.506	9.801	997	858	8	8	8	5
98	29.795	77.058	181	118	7613135	42061.520	18642.848	38673.000	17154	65535	76.536	41.840	11.044	1.853	0.441	1.966	76.568	41.878	11.027	71	39	9	12	6	5
99	24.528	69.817	149	115	5955321	39968.598	16302.977	38780.000	16988	65535	247.826	158.819	10.846	1.682	0.461	1.720	247.920	158.889	10.842	242	155	9	13	8	4
100	44.446	100.399	270	167	11528419	42697.848	17890.539	39716.000	16881	65535	76.889	295.774	11.200	2.035	0.465	2.066	76.960	295.811	11.196	73	290	9	8	13	5
101	15.638	53.096	95	79	2979632	31364.547	11118.622	29528.000	16996	56893	261.611	337.463	10.189	1.484	0.464	1.436	261.483	337.414	10.230	257	334	9	10	7	4
102	13.005	46.165	79	67	2376474	30081.949	10116.239	28581.000	17048	59860	440.025	345.266	10.367	1.226	0.311	1.286	440.098	345.339	10.386	437	342	9	7	7	4
103	27.655	70.610	168	111	7163360	42639.047	17510.684	41145.000	17209	65535	423.667	363.357	10.464	1.709	0.304	1.652	423.648	363.278	10.429	419	360	9	10	7	5
104	32.429	78.263	197	131	7857577	39886.176	17199.814	34199.000	17053	65535	273.310	385.888	10.685	1.761	0.312	1.761	273.354	385.727	10.687	269	381	9	9	11	4
105	30.454	69.610	185	125	7522109	40660.047	17454.936	36405.000	16965	65535	290.503	404.573	10.438	1.738	0.312	1.737	290.494	404.623	10.388	285	402	9	11	6	4
106	5.268	23.411	32	29	756328	23635.250	6256.710	22337.500	16863	42113	751.438	403.844	9.969	0.930	0.242	1.014	751.461	403.834	9.973	749	403	9	6	3	3
107	5.432	26.720	33	32	725486	21984.424	4376.048	21107.000	17176	38452	588.879	449.152	9.576	0.934	0.280	0.958	588.958	449.206	9.586	586	447	9	6	6	3
108	3.457	19.238	21	21	406835	19373.096	2442.916	18602.000	16894	24577	381.000	462.333	9.095	0.818	0.356	0.847	381.004	462.370	9.084	378	461	9	7	4	2
109	44.446	112.569	270	186	10605616	39280.059	17070.732	34541.000	16878	65535	845.293	481.926	10.452	2.310	0.775	2.381	845.176	481.910	10.420	837	479	9	17	7	4
110	17.943	54.026	109	83	3590217	32937.770	11573.469	32222.000	17114	65535	900.908	513.752	11.000	1.389	0.298	1.336	900.914	513.834	10.967	897	511	9	9	7	5
111	41.977	118.432	255	180	9329271	36585.375	15452.430	32032.000	16930	65535	1004.933	578.847	12.259	2.180	0.753	2.124	1004.976	578.821	12.210	999	574	9	13	10	7
112	1.811	14.550	11	11	204177	18561.545	1763.308	18085.000	17051	22232	875.000	585.364	9.091	0.726	0.364	0.707	875.088	585.349	9.084	872	584	9	7	3	2
113	13.005	41.166	79	65	2550920	32290.127	10608.215	29611.000	17775	58217	727.392	631.000	10.013	1.239	0.227	1.246	727.341	630.964	9.997	725	628	9	6	7	3
114	16.297	51.268	99	74	3258373	32912.859	13121.118	29206.000	16866	65535	742.717	642.333	10.556	1.424	0.330	1.486	742.731	642.406	10.584	740	639	9	7	8	4
115	29.301	71.403	178	114	7355721	41324.273	17003.309	38193.000	16945	65535	861.803	715.112	10.713	1.723	0.282	1.711	861.753	715.079	10.699	857	712	9	10	7	5
116	25.186	70.332	153	122	4588006	29986.967	10137.847	28261.000	16872	54350	193.157	197.379	11.732	1.592	0.430	1.521	193.161	197.458	11.730	187	194	10	12	8	4
117	39.014	87.020	237	148	8714687	36770.832	15291.574	32014.000	16976	65535	189.397	212.924	12.139	1.884	0.340	1.886	189.340	212.849	12.174	185	209	10	10	9	5
118	13.992	41.407	85	71	2489618	29289.623	6965.540	29450.000	16870	47094	92.012	245.588	11.000	1.250	0.232	1.262	92.021	245.628	10.995	89	243	10	7	6	3
119	42.470	90.986	258	152	10652819	41289.996	17661.699	38087.500	16867	65535	363.597	257.620	11.930	1.976	0.302	2.003	363.570	257.554	11.913	360	252	10	9	11	5
120	22.388	55.026	136	92	5712727	42005.344	17295.842	37289.000	17085	65535	426.044	268.368	11.434	1.565	0.202	1.540	426.029	268.365	11.424	423	265	10	7	7	4
121	20.906	57.887	127	91	4420409	34806.371	13836.985	30714.000	17023	65535	240.110	271.362	11.748	1.501	0.261	1.490	240.058	271.290	11.757	237	267	10	7	9	4
122	12.017	37.960	73	58	2512976	34424.328	13971.401	29525.000	17026	60550	5.932	292.384	11.219	1.279	0.313	1.255	5.835	292.401	11.258	4	290	10	6	5	4
123	28.478	88.262	173	128	5309007	30687.902	11480.932	27050.000	16973	65535	423.636	294.468	12.225	2.014	0.640	2.125	423.916	294.574	12.214	417	290	10	14	10	5
124	39.343	86.364	239	154	8468575	35433.367	14384.856	32200.000	17093	65535	401.029	341.636	11.649	1.866	0.340	1.843	401.076	341.664	11.670	397	336	10	9	12	4
125	14.815	47.855	90	69	3219985	35777.609	14870.565	34270.000	16874	65535	192.911	343.011	12.156	1.332	0.272	1.285	192.933	343.027	12.144	190	341	10	8	5	5
126	2.963	14.894	18	18	376498	20916.555	2614.965	21019.000	17200	26227	612.444	353.611	10.389	0.709	0.172	0.717	612.454	353.599	10.367	610	353	10	5	3	2
127	26.338	70.851	160	117	5389520	33684.500	13204.132	29942.500	16890	65535	727.763	377.513	11.337	1.708	0.429	1.721	727.706	377.496	11.319	722	374	10	12	8	4
128	22.058	56.646	134	101	4805566	35862.434	13863.004	33759.000	16952	65535	672.940	386.082	11.082	1.475	0.247	1.471	672.907	385.971	11.040	670	382	10	7	9	4
129	24.198	85.712	147	110	5192257	35321.477	17037.082	29114.000	16917	65535	437.871	389.068	13.898	2.049	0.894	1.853	438.141	388.820	14.180	432	386	10	11	9	8
130	46.586	97.156	283	182	11778838	41621.336	17293.803	38157.000	16871	65535	418.534	403.693	11.413	2.000	0.381	1.972	418.537	403.650	11.374	414	398	10	10	14	4
131	5.926	34.581	36	36	769164	21365.666	3827.458	21318.000	16926	32192	462.056	405.083	11.028	1.155	0.415	1.119	462.034	404.985	11.015	458	403	10	9	6	3
132	7.243	38.201	44	44	883476	20079.000	2592.601	19526.500	16946	25933	469.545	420.205	10.386	1.083	0.268	1.123	469.485	420.125	10.382	467	418	10	6	7	2
133	3.292	21.928	20	20	374061	18703.051	1121.387	18661.000	17086	21952	658.650	458.850	10.400	0.892	0.273	0.880	658.645	458.852	10.407	657	457	10	6	5	2
134	31.935	80.057	194	127	6819858	35153.906	14250.064	31304.000	16919	65535	900.041	492.526	11.799	1.780	0.346	1.785	900.109	492.402	11.799	894	489	10	12	8	5
135	32.758	90.504	199	139	6909992	34723.578	14507.366	30957.000	16855	65535	743.065	531.734	12.528	1.910	0.560	1.839	742.707	531.671	12.461	738	528	10	13	8	6
136	3.128	21.824	19	19	379767	19987.736	2850.157	19017.000	17038	27779	571.737	534.474	11.053	0.810	0.344	0.755	571.825	534.492	11.066	569	532	10	6	5	3
137	13.334	39.406	81	81	2111833	26072.012	4846.986	26215.000	17392	37354	716.037	552.704	10.506	1.156	0.349	1.147	716.064	552.637	10.495	713	549	10	7	9	2
138	7.901	39.131	48	48	979627	20408.896	2815.676	19691.000	16916	29877	755.271	557.417	10.646	1.092	0.317	1.146	755.275	557.416	10.650	752	555	10	8	7	2
139	11.029	39.613	67	67	1439000	21477.611	3089.366	21453.000	16951	28671	742.881	584.612	10.507	1.128	0.366	1.131	742.887	584.602	10.512	740	581	10	7	8	2
140	34.404	84.611	209	119	9239446	44207.875	18810.096	44727.000	16885	65535	763.120	654.397	12.847	2.060	0.591	2.014	763.106	654.394	12.847	759	651	10	9	7	7
141	35.063	93.746	213	136	8368576	39289.090	16600.670	35918.000	16979	65535	967.357	838.277	12.901	2.063	0.718	2.038	967.310	838.304	12.913	963	835	10	10	9	7
142	21.729	62.368	132	106	3842186	29107.469	9470.784	27720.000	16903	55311	79.629	123.030	12.098	1.523	0.446	1.447	79.485	123.055	12.103	75	119	11	12	8	3
143	40.660	95.296	247	157	9874213	39976.570	17223.074	34686.000	16875	65535	290.239	212.045	13.065	1.992	0.588	2.014	290.260	212.013	13.051	285	208	11	12	10	6
144	41.647	96.192	253	155	10858342	42918.348	18118.072	40636.000	16881	65535	321.656	219.625	13.399	1.986	0.367	1.970	321.567	219.570	13.351	317	215	11	12	9	6
145	6.091	34.684	37	34	862769	23318.082	4839.545	22792.000	17429	37068	267.514	247.622	11.919	1.219	0.600	1.188	267.728	247.768	11.942	263	244	11	9	7	3
146	40.824	95.881	248	164	9869220	39795.242	16203.222	39506.500	16947	65535	226.298	256.028	13.097	1.934	0.447	1.923	226.360	256.076	13.049	220	252	11	13	9	5
147	33.087	85.297	201	136	7279170	36214.777	15538.426	32596.000	16854	65535	256.587	287.119	12.836	1.824	0.412	1.806	256.672	287.312	12.864	252	282	11	11	10	5
148	9.548	43.441	58	56	1266832	21841.932	4542.539	20440.000	16858	36555	405.328	369.293	11.707	1.109	0.378	1.039	405.239	369.167	11.745	402	366	11	7	8	3
149	13.169	46.855	80	64	2383106	29788.824	10885.593	26355.000	16852	63053	382.300	373.700	12.150	1.313	0.337	1.273	382.430	373.785	12.150	378	370	11	9	8	4
150	7.078	33.098	43	43	883142	20538.186	2750.859	20994.000	16915	27170	569.116	405.116	11.628	0.971	0.261	0.987	569.202	405.083	11.636	566	403	11	7	6	2
151	7.572	27.547	46	46	995224	21635.305	3130.914	21167.000	16987	28909	562.696	408.326	11.565	0.943	0.265	0.914	562.726	408.321	11.578	561	405	11	5	7	2
152	15.474	54.959	94	71	3843147	40884.543	18061.852	36108.500	17088	65535	823.213	412.681	12.840	1.541	0.447	1.513	823.331	412.614	12.833	820	410	11	8	6	5
153	13.663	47.096	83	68	2347579	28284.084	9557.759	25007.000	17498	52871	485.735	448.711	11.916	1.278	0.276	1.250	485.859	448.731	11.883	481	446	11	10	6	3
154	15.309	48.304	93	64	3149214	33862.516	14568.375	28383.000	16880	65535	737.441	541.452	12.452	1.400	0.232	1.463	737.482	541.450	12.434	734	539	11	8	6	4
155	5.103	30.237	31	30	626942	20223.936	3089.813	19052.000	17054	28287	665.452	567.710	12.000	0.905	0.307	0.973	665.532	567.731	12.009	663	565	11	5	6	3
156	43.623	95.225	265	174	9616459	36288.523	13393.021	32833.000	16855	65535	829.196	587.792	13.385	1.934	0.393	1.904	829.202	587.872	13.359	825	582	11	9	12	6
157	7.243	29.789	44	38	1051584	23899.637	5466.747	22108.000	17172	36079	664.159	587.818	12.182	1.043	0.217	1.038	664.155	587.820	12.164	662	585	11	6	6	3
158	11.194	38.338	68	57	1869793	27496.955	7206.972	26071.500	16976	48174	7.868	14.338	13.044	1.227	0.293	1.222	7.744	14.292	13.065	5	12	12	8	5	3
159	19.260	59.989	117	101	3006514	25696.701	6625.780	23711.000	17095	41123	55.761	95.752	13.179	1.565	0.535	1.464	55.663	95.669	13.181	50	92	12	12	9	3
160	5.432	27.065	33	33	687088	20820.848	2831.427	21021.000	16856	26982	11.061	98.818	12.515	1.036	0.394	0.989	11.115	98.852	12.509	7	97	12	9	4	2
161	23.540	71.852	143	108	4931360	34485.035	14515.875	30623.000	16991	65535	49.790	128.594	13.308	1.744	0.479	1.756	49.903	128.692	13.279	45	124	12	11	9	4
162	38.190	89.503	232	150	9589227	41332.875	17355.217	37755.000	16906	65535	110.121	138.685	13.625	1.900	0.358	1.860	110.103	138.611	13.581	105	135	12	11	9	5
163	18.766	53.992	114	78	4063976	35648.914	14149.313	32767.500	16853	65535	336.974	181.816	13.360	1.497	0.239	1.503	337.009	181.801	13.305	334	179	12	8	7	4
164	2.963	21.376	18	18	350605	19478.055	1452.612	19648.500	16950	21426	46.278	186.056	12.889	0.967	0.453	1.020	46.286	186.069	12.900	42	184	12	9	4	2
165	32.429	79.160	197	130	7617947	38669.781	16516.488	35696.000	17157	65535	34.827	234.426	13.711	1.741	0.268	1.738	34.866	234.484	13.707	30	231	12	11	8	5
166	21.071	60.474	128	90	4211122	32899.391	12073.799	29905.500	16883	63231	502.414	309.164	13.750	1.566	0.336	1.578	502.342	309.254	13.729	499	306	12	8	7	5
167	20.741	61.163	126	87	4761124	37786.699	16205.073	33840.500	17299	65535	300.564	338.730	13.405	1.581	0.298	1.602	300.594	338.815	13.419	297	335	12	9	8	4
168	19.260	56.164	117	90	3820760	32656.068	10756.190	31582.000	16962	57165	660.427	340.957	13.692	1.432	0.273	1.453	660.419	340.892	13.689	657	338	12	9	7	4
169	7.901	33.891	48	48	1070790	22308.125	3444.414	21065.000	17161	30822	400.896	357.625	12.562	1.021	0.297	0.984	400.950	357.783	12.568	398	355	12	7	6	2
170	13.828	42.441	84	68	2253932	26832.523	8088.500	24747.500	17067	47363	389.786	389.821	13.167	1.236	0.213	1.237	389.753	389.833	13.176	387	386	12	7	8	3
171	32.100	79.126	195	123	7756224	39775.508	17555.127	35704.000	16851	65535	268.892	433.169	13.759	1.824	0.349	1.854	268.944	433.177	13.719	264	430	12	11	7	5
172	20.906	59.715	127	100	3730880	29377.008	9460.406	27959.000	16969	55395	907.339	472.858	13.110	1.468	0.322	1.439	907.457	472.858	13.118	903	470	12	10	7	4
173	33.911	88.747	206	135	8138943	39509.434	17255.004	37753.000	16874	65535	706.257	529.306	14.738	1.919	0.490	1.978	706.398	529.291	14.693	701	526	12	12	7	6
174	4.280	19.790	26	26	586653	22563.576	4332.000	21625.000	16958	32853	869.154	724.923	12.423	0.798	0.215	0.746	869.092	724.944	12.404	868	722	12	4	6	2
175	23.869	67.404	145	100	5474667	37756.324	16322.090	35511.000	16944	65535	23.283	89.966	14.952	1.633	0.414	1.602	23.362	90.012	14.950	19	87	13	10	7	5
176	34.898	85.953	212	139	8478078	39990.934	16837.514	36163.000	17023	65535	116.358	168.491	14.722	1.865	0.398	1.841	116.321	168.500	14.710	111	165	13	11	8	5
177	12.181	43.820	74	68	1671478	22587.541	3976.039	21896.000	16984	35114	93.581	198.459	13.784	1.215	0.351	1.228	93.539	198.478	13.764	90	195	13	8	8	3
178	6.585	34.651	40	39	984348	24608.699	6120.395	23781.500	16895	42398	4.375	223.075	14.350	1.234	0.548	1.269	4.331	223.110	14.346	4	217	13	3	12	4
179	11.523	56.576	70	70	1457536	20821.943	3113.579	20197.000	16893	31360	303.757	233.914	14.057	1.454	0.618	1.397	303.759	233.929	14.050	299	230	13	12	8	3
180	12.017	41.062	73	59	2032161	27837.822	8353.565	25788.000	17003	48589	244.247	311.904	14.247	1.199	0.229	1.226	244.204	311.869	14.261	241	309	13	8	6	4
181	5.597	24.927	34	34	693970	20410.883	2297.482	19974.500	17465	26825	12.324	332.118	13.647	0.882	0.255	0.899	12.294	332.070	13.671	10	329	13	5	7	2
182	5.103	22.618	31	28	797546	25727.291	6926.816	24429.000	17162	41470	70.710	331.097	13.774	0.915	0.256	0.897	70.770	331.188	13.745	68	330	13	6	3	3
183	22.717	59.370	138	94	4457168	32298.318	12137.432	27098.000	17123	63103	450.587	355.594	14.449	1.592	0.272	1.600	450.439	355.565	14.418	446	353	13	10	6	4
184	4.280	21.513	26	26	558616	21485.230	3873.093	20323.500	17035	32857	313.423	361.692	13.808	0.835	0.289	0.832	313.405	361.623	13.827	311	360	13	6	5	2
185	27.655	67.782	168	113	5243153	31209.244	10813.439	28350.500	16856	63022	474.744	419.887	14.440	1.663	0.262	1.665	474.916	420.022	14.442	471	416	13	9	8	4
186	19.754	57.165	120	84	4460872	37173.934	16561.002	32347.000	16863	65535	362.642	462.775	14.633	1.566	0.365	1.585	362.659	462.797	14.642	359	461	13	9	5	5
187	6.255	31.341	38	37	1096454	28854.053	7877.608	27397.500	17397	45095	474.947	500.921	14.842	1.115	0.409	1.172	474.871	500.950	14.784	471	500	13	8	3	4
188	24.363	62.750	148	97	4932342	33326.637	12471.770	29206.000	17021	60976	584.865	526.176	15.142	1.682	0.355	1.686	584.901	526.224	15.144	581	524	13	9	6	5
189	22.223	62.750	135	94	4680946	34673.676	13659.218	32173.000	17057	65535	619.363	531.230	14.600	1.622	0.364	1.630	619.437	531.425	14.633	617	526	13	6	11	5
190	19.424	58.577	118	88	2884983	24449.008	6360.881	22724.500	16852	45348	975.424	531.653	14.195	1.502	0.311	1.459	975.412	531.599	14.196	972	528	13	8	9	4
191	11.852	43.304	72	53	1904688	26454.000	7575.076	24764.500	17054	48681	764.292	541.347	14.333	1.267	0.303	1.308	764.341	541.358	14.309	761	539	13	7	6	4
192	27.820	75.954	169	120	5528082	32710.545	10848.223	33245.000	16987	59781	801.817	570.787	14.893	1.729	0.447	1.737	801.814	570.751	14.909	799	565	13	6	13	5
193	34.734	100.261	211	139	6739936	31942.824	13481.161	26855.000	16867	65535	776.521	591.540	16.773	2.019	0.708	1.883	776.506	591.685	16.834	771	587	13	12	9	7
194	11.523	39.339	70	57	2065974	29513.914	9831.342	26225.500	16928	53953	26.057	192.429	15.057	1.227	0.268	1.235	26.164	192.404	15.035	23	190	14	7	6	4
195	15.145	46.406	92	73	2709448	29450.521	8437.833	27167.000	17106	54844	9.207	198.337	15.163	1.375	0.365	1.295	9.266	198.377	15.161	5	196	14	9	5	4
196	14.157	44.787	86	62	2785286	32387.047	11135.018	29197.000	16953	58068	140.930	198.523	15.372	1.324	0.229	1.339	141.053	198.616	15.339	138	196	14	7	6	4
197	10.700	36.752	65	59	1539823	23689.584	4248.357	23333.000	16892	32304	154.277	269.215	15.292	1.133	0.313	1.134	154.276	269.195	15.297	151	267	14	8	5	3
198	3.128	17.274	19	19	380493	20025.947	2259.581	19596.000	17102	24588	7.158	329.211	14.579	0.743	0.178	0.732	7.159	329.175	14.591	6	327	14	3	5	2
199	23.046	63.991	140	94	5410091	38643.508	16112.688	35813.500	16861	65535	550.221	367.864	15.736	1.590	0.277	1.573	550.211	367.835	15.698	547	364	14	8	8	5
200	25.351	72.333	154	112	3915643	25426.254	6775.792	23473.000	16978	43981	599.909	393.896	15.539	1.639	0.397	1.678	600.086	394.091	15.506	595	390	14	11	8	4
201	29.631	75.506	180	122	6229491	34608.285	13010.563	33961.000	17092	65535	598.678	406.917	15.822	1.698	0.277	1.721	598.686	406.877	15.835	594	403	14	10	9	5
202	4.115	22.065	25	25	529775	21191.000	3662.930	20904.000	16868	29549	379.200	465.040	14.280	0.827	0.273	0.861	379.234	465.056	14.262	376	463	14	6	5	2
203	19.424	55.475	118	86	3779120	32026.441	11681.135	30115.500	16978	63007	813.263	490.898	16.144	1.440	0.253	1.406	813.222	491.005	16.109	810	488	14	7	7	5
204	14.651	53.407	89	66	2844782	31963.842	12406.000	30967.000	16879	64920	666.067	497.966	16.236	1.476	0.481	1.471	666.136	498.161	16.151	663	494	14	7	8	5
205	15.638	46.718	95	69	3016121	31748.643	11397.363	27451.000	16890	56390	829.611	541.821	15.505	1.406	0.258	1.486	829.604	541.809	15.499	826	540	14	8	5	4
206	17.778	54.785	108	77	3496509	32375.084	11360.703	30503.000	16909	60624	773.732	547.463	15.954	1.447	0.314	1.387	773.705	547.522	15.954	771	544	14	7	7	5
207	3.128	17.963	19	18	378704	19931.789	2268.221	19316.000	17282	24528	790.053	558.842	15.000	0.744	0.294	0.833	790.078	558.819	15.008	788	558	14	5	3	3
208	44.940	117.224	273	181	9432208	34550.211	14230.201	30524.000	16850	65535	707.297	560.597	16.549	2.268	0.684	2.297	707.642	560.700	16.473	699	556	14	15	11	6
209	3.951	22.858	24	24	494930	20622.084	3245.100	19546.500	17159	29415	692.292	593.750	15.083	0.927	0.373	1.000	692.258	593.827	15.074	691	590	14	4	7	3
210	27.820	70.818	169	111	5761263	34090.312	13842.095	30668.000	16916	65535	133.580	147.379	17.763	1.695	0.307	1.675	133.639	147.380	17.748	130	144	15	8	8	6
211	3.622	19.894	22	21	525454	23884.273	5158.540	22965.500	16939	35404	124.227	151.591	16.182	0.826	0.293	0.805	124.251	151.656	16.200	123	149	15	4	6	3
212	44.117	127.119	268	193	8884351	33150.562	13487.675	29379.000	16854	65535	110.683	190.340	17.799	2.786	1.045	2.854	110.157	189.995	17.931	104	184	15	18	15	7
213	14.815	40.959	90	72	2620422	29115.801	8257.473	29112.000	17037	60103	140.378	209.356	16.044	1.263	0.178	1.237	140.390	209.435	16.060	138	206	15	6	7	3
214	40.495	90.745	246	149	9645764	39210.422	16982.088	35267.500	16962	65535	183.199	272.431	16.809	1.934	0.292	1.914	183.236	272.344	16.756	179	268	15	9	11	5
215	10.041	33.684	61	56	1431545	23467.951	3801.582	23521.000	17063	30430	159.115	274.557	15.672	1.085	0.264	1.083	159.095	274.509	15.663	156	272	15	7	6	3
216	11.688	40.684	71	52	2134459	30062.803	9877.456	28544.000	16986	55775	494.366	307.775	17.225	1.299	0.335	1.258	494.390	307.828	17.191	491	306	15	7	5	5
217	11.523	44.305	70	59	2160054	30857.914	12408.958	25487.500	16859	60145	179.557	323.443	16.443	1.347	0.388	1.508	179.450	323.384	16.435	176	322	15	9	5	4
218	5.103	23.652	31	29	669418	21594.129	3525.566	21079.000	16985	33090	456.258	338.677	16.419	0.896	0.267	0.860	456.218	338.694	16.421	454	337	15	6	4	3
219	12.017	46.684	73	62	2394722	32804.410	12274.631	30543.000	17018	60088	130.342	367.151	17.356	1.364	0.409	1.442	130.290	367.218	17.344	126	365	15	9	5	5
220	26.832	79.816	163	121	4640857	28471.516	8925.333	26702.000	16929	48883	640.276	385.166	16.540	1.732	0.498	1.778	640.240	385.132	16.547	634	383	15	13	6	4
221	29.466	73.093	179	113	6302306	35208.414	14527.989	31292.000	17058	65535	816.263	414.626	16.648	1.785	0.352	1.791	816.224	414.578	16.599	812	411	15	10	8	5
222	35.721	81.402	217	128	8606228	39660.035	16868.582	35006.000	16871	65535	441.304	422.770	16.788	1.876	0.267	1.856	441.357	422.740	16.696	437	419	15	9	9	5
223	13.334	43.579	81	70	1985182	24508.420	6127.040	21934.000	16870	39223	635.444	441.247	16.790	1.209	0.238	1.213	635.348	441.203	16.753	632	439	15	8	6	4
224	17.778	68.749	108	88	3015944	27925.408	9170.304	25362.000	17201	53609	603.861	457.194	16.833	1.690	0.620	1.690	604.065	457.332	16.945	598	453	15	12	7	5
225	14.157	46.373	86	67	2826852	32870.371	13173.521	30410.000	16851	65535	361.640	456.698	16.767	1.388	0.344	1.398	361.788	456.725	16.772	357	455	15	9	5	4
226	7.078	29.444	43	37	992073	23071.465	4421.951	22537.000	16991	37919	738.698	462.977	16.070	1.030	0.218	1.062	738.782	463.040	16.055	736	461	15	6	5	3
227	19.918	59.577	121	89	3048444	25193.752	5983.744	23722.000	16868	40354	888.587	469.421	16.405	1.481	0.261	1.521	888.548	469.358	16.412	885	466	15	8	8	4
228	5.597	31.271	34	34	677580	19928.824	2268.018	19512.500	16880	24672	413.765	479.147	16.618	1.204	0.476	1.179	413.733	479.129	16.622	412	475	15	5	9	3
229	17.943	56.957	109	85	3281095	30101.789	11977.670	26296.000	16984	65535	836.220	495.431	16.780	1.520	0.453	1.544	836.102	495.223	16.749	833	492	15	8	9	4
230	3.951	22.514	24	24	477008	19875.334	1794.599	19611.500	17315	23744	637.750	524.083	15.500	0.942	0.373	0.801	637.735	524.084	15.518	635	521	15	7	7	2
231	15.968	51.439	97	87	2097712	21625.896	3091.458	21118.000	16958	31395	986.412	543.361	16.381	1.304	0.401	1.323	986.494	543.320	16.388	982	541	15	9	6	4
232	3.951	18.204	24	24	518902	21620.916	3148.874	20866.000	16948	29616	129.625	73.042	16.542	0.775	0.182	0.721	129.572	72.993	16.550	128	71	16	4	5	2
233	12.511	41.440	76	73	1815299	23885.514	4579.421	23181.500	17497	36041	224.658	193.237	16.618	1.148	0.345	1.166	224.656	193.244	16.652	222	189	16	7	8	3
234	8.231	34.132	50	43	1068388	21367.760	4570.245	19873.000	16981	36312	403.100	273.880	16.960	1.080	0.231	1.063	403.106	273.979	16.945	401	270	16	6	8	3
235	15.968	48.889	97	70	3238935	33391.082	13768.339	29429.000	16850	65535	325.928	297.608	17.505	1.415	0.259	1.461	325.847	297.658	17.477	323	295	16	8	6	4
236	8.560	47.992	52	52	1029981	19807.326	2176.669	19808.500	16981	25747	469.423	299.481	17.288	1.434	0.605	1.462	469.402	299.466	17.296	465	297	16	11	6	4
237	9.383	34.340	57	46	1489495	26131.492	7817.453	23852.000	16852	47100	175.561	304.105	16.982	1.140	0.215	1.150	175.581	304.092	16.995	173	301	16	6	7	3
238	12.840	42.408	78	63	2036231	26105.525	7837.681	22806.500	16898	48152	352.205	349.603	17.692	1.266	0.291	1.302	352.288	349.639	17.647	349	347	16	7	6	4
239	27.161	67.542	165	108	5904515	35784.938	13607.156	32435.000	16939	65535	647.061	352.745	18.273	1.669	0.251	1.693	647.142	352.852	18.233	643	349	16	9	8	5
240	25.021	65.922	152	102	5032385	33107.797	13879.644	29879.000	16873	65535	380.822	373.013	17.757	1.706	0.366	1.730	380.790	372.950	17.741	377	371	16	10	6	5
241	21.235	58.473	129	101	3780314	29304.760	8382.654	27895.000	16904	47782	194.713	395.000	16.984	1.480	0.345	1.419	194.752	395.017	16.962	189	392	16	11	7	4
242	26.832	69.472	163	114	5070940	31110.061	11549.095	28938.000	16899	65535	783.841	403.301	17.644	1.669	0.314	1.658	783.978	403.389	17.632	780	400	16	9	8	5
243	3.951	18.308	24	24	505467	21061.125	3076.287	20109.500	17053	27257	670.083	415.458	16.542	0.749	0.153	0.735	670.081	415.458	16.529	668	414	16	5	4	2
244	14.321	43.682	87	71	2139892	24596.459	5421.359	24156.000	17318	37091	606.966	417.368	17.000	1.284	0.230	1.266	606.808	417.303	16.957	604	415	16	8	6	3
245	19.918	59.336	121	82	3213358	26556.678	8154.577	24437.000	16989	50646	363.421	418.917	18.314	1.565	0.360	1.580	363.260	418.788	18.249	360	416	16	8	7	5
246	14.651	49.890	89	71	2534198	28474.135	8977.707	26973.000	17010	49927	478.843	462.079	17.303	1.399	0.405	1.415	478.897	462.048	17.322	475	460	16	9	5	4
247	11.029	39.202	67	54	1862514	27798.717	8202.056	26761.000	16925	45791	834.134	488.493	17.970	1.236	0.339	1.209	834.202	488.530	17.976	831	487	16	7	4	5
248	13.828	48.063	84	69	2649178	31537.834	12729.000	27679.500	17009	65535	843.952	491.798	17.893	1.409	0.430	1.373	843.876	491.774	17.874	840	490	16	10	4	5
249	5.432	23.755	33	29	782112	23700.363	5766.341	22711.000	16885	37379	868.879	513.576	16.697	0.914	0.214	0.866	868.828	513.631	16.689	867	512	16	5	4	3
250	3.622	19.686	22	22	407255	18511.592	1358.816	18208.500	16988	22368	820.545	629.364	16.818	0.859	0.335	0.967	820.542	629.346	16.818	818	627	16	6	6	2
251	6.585	30.341	40	36	895344	22383.600	4933.031	20961.500	17048	36224	928.775	776.775	17.225	1.038	0.291	1.049	928.720	776.706	17.236	927	774	16	5	7	3
252	23.046	60.129	140	100	5558359	39702.562	16336.845	36801.000	16864	65535	67.257	191.221	18.479	1.606	0.322	1.630	67.194	191.226	18.469	63	189	17	10	5	5
253	19.095	55.579	116	79	3999366	34477.293	13820.429	30456.500	17331	65535	60.836	201.164	19.121	1.529	0.339	1.479	60.784	201.149	19.067	57	198	17	8	7	5
254	5.103	26.375	31	29	660909	21319.645	4125.278	20034.000	16865	31482	346.129	220.742	17.806	0.913	0.289	0.953	346.110	220.673	17.817	344	218	17	5	7	3
255	5.268	24.686	32	32	648771	20274.094	2693.185	20542.000	16926	26297	279.562	297.969	17.594	0.892	0.279	0.843	279.526	297.989	17.598	277	296	17	7	5	2
256	21.729	62.542	132	99	3498837	26506.342	6018.531	26186.500	17109	41911	585.500	326.545	18.333	1.498	0.325	1.556	585.493	326.554	18.318	582	323	17	9	8	4
257	12.017	40.132	73	57	2020173	27673.604	7811.076	25511.000	17981	49446	226.041	329.644	18.247	1.245	0.294	1.275	226.096	329.672	18.230	222	328	17	8	5	4
258	3.457	24.548	21	21	396842	18897.238	1590.798	18436.000	16855	23051	629.429	366.571	17.286	0.897	0.244	0.923	629.480	366.639	17.271	627	365	17	6	5	2
259	4.774	22.514	29	29	648027	22345.758	3410.939	22030.000	17270	29428	211.448	372.172	17.517	0.878	0.270	0.832	211.325	372.130	17.510	209	371	17	7	4	2
260	10.865	35.718	66	61	1629290	24686.213	6254.561	22910.000	16993	41233	407.742	381.242	18.303	1.146	0.298	1.154	407.744	381.207	18.301	406	378	17	5	8	3
261	4.609	23.859	28	25	567820	20279.285	2419.648	20190.000	16877	25501	739.929	430.214	17.929	0.891	0.245	0.946	739.923	430.212	17.915	738	428	17	4	5	3
262	6.585	34.581	40	40	780655	19516.375	1990.763	19341.000	16890	24957	821.800	486.575	17.575	0.993	0.273	1.002	821.811	486.569	17.559	820	484	17	5	7	2
263	5.432	24.445	33	31	705804	21388.000	3054.018	20935.000	17282	28289	744.091	579.970	17.636	0.955	0.294	0.935	744.063	579.966	17.648	741	579	17	7	3	3
264	4.115	20.687	25	24	494243	19769.721	2268.826	19355.000	17122	26782	840.600	624.600	18.360	0.825	0.230	0.777	840.624	624.578	18.355	839	622	17	4	6	3
265	4.280	24.893	26	25	491469	18902.654	1631.951	18630.500	16940	24811	252.192	145.077	18.923	0.939	0.363	0.965	252.202	145.039	18.922	250	143	18	5	6	3
266	3.951	17.963	24	24	523203	21800.125	3112.050	21575.500	17170	29843	204.583	190.958	18.583	0.774	0.228	0.736	204.621	190.984	18.570	202	190	18	5	3	3
267	5.761	23.652	35	33	785754	22450.115	3983.912	21886.000	17086	31754	287.457	193.057	19.514	0.878	0.223	0.882	287.446	193.131	19.518	286	191	18	4	5	4
268	31.112	81.954	189	121	6746280	35694.602	15799.751	29099.000	16958	65535	96.931	216.381	19.905	1.887	0.429	1.938	96.838	216.643	19.903	93	210	18	8	11	5
269	8.725	34.202	53	42	1275282	24061.924	5921.889	23752.000	16868	39270	267.434	250.849	19.415	1.149	0.300	1.074	267.440	250.779	19.404	265	249	18	6	5	4
270	3.292	17.618	20	20	378400	18920.000	1520.013	18662.000	16910	22973	110.100	297.800	19.300	0.737	0.249	0.741	110.085	297.821	19.303	108	296	18	5	4	3
271	8.560	35.581	52	48	1220642	23473.885	5378.636	21801.500	16864	36144	187.269	296.385	19.615	1.100	0.338	1.107	187.329	296.401	19.600	184	295	18	8	4	4
272	6.420	30.926	39	38	770252	19750.051	1926.899	19347.000	17174	23865	565.462	317.154	18.564	1.084	0.412	1.024	565.491	317.149	18.571	562	315	18	9	5	3
273	35.557	85.953	216	140	6761530	31303.379	11363.341	28701.000	16889	65535	295.213	362.153	20.282	1.914	0.451	1.837	295.462	361.934	20.187	290	358	18	11	9	6
274	11.029	40.339	67	55	1863884	27819.164	8334.774	27126.000	17013	48831	402.478	367.388	19.119	1.216	0.285	1.232	402.441	367.415	19.126	400	364	18	6	7	4
275	2.634	17.274	16	16	291499	18218.688	1057.605	18041.000	16959	19839	269.188	398.250	18.938	0.753	0.354	0.747	269.189	398.247	18.942	267	397	18	6	4	3
276	24.198	62.957	147	108	5100514	34697.375	13021.936	32420.000	16983	65535	358.156	402.218	19.578	1.650	0.369	1.669	358.122	402.194	19.510	353	400	18	10	5	5
277	2.963	19.308	18	17	362545	20141.389	1844.994	20479.500	16853	23087	955.667	521.333	18.944	0.815	0.315	0.923	955.663	521.284	18.931	954	520	18	4	4	3
278	1.646	11.481	10	10	188390	18839.000	1618.231	18377.500	17019	21557	1006.100	567.800	18.600	0.621	0.125	0.615	1006.139	567.806	18.607	1005	567	18	3	3	2
279	8.395	33.409	51	42	1192306	23378.549	5273.621	22235.000	17095	34248	880.686	706.255	19.216	1.139	0.325	1.092	880.661	706.264	19.206	879	703	18	4	7	4
280	8.889	36.029	54	46	1198404	22192.666	4299.972	21155.000	16893	32777	219.537	211.611	20.000	1.137	0.285	1.160	219.485	211.554	19.986	217	209	19	6	6	3
281	5.926	27.168	36	32	858095	23835.973	5809.604	22221.500	16913	40260	75.583	267.028	19.722	0.975	0.266	0.973	75.554	266.997	19.703	73	265	19	6	5	3
282	9.548	41.926	58	49	1408911	24291.568	6145.024	21787.000	16883	37865	307.121	270.983	20.345	1.212	0.351	1.304	307.114	270.973	20.345	304	268	19	7	7	4
283	6.420	30.237	39	34	781699	20043.564	2151.529	19539.000	17084	25019	876.769	465.205	19.974	1.014	0.241	1.036	876.775	465.218	19.960	874	462	19	6	6	3
284	7.737	35.236	47	42	980452	20860.682	3490.507	20269.000	16891	29757	917.532	737.149	20.340	1.074	0.295	1.015	917.532	737.189	20.333	916	734	19	4	7	4
285	8.889	32.513	54	45	1322902	24498.186	5480.657	23201.500	16879	38672	36.648	93.352	20.981	1.105	0.196	1.133	36.645	93.373	20.969	34	91	20	7	5	3
286	3.951	18.204	24	24	455875	18994.791	1879.660	18184.000	16865	23133	294.583	268.542	20.542	0.786	0.201	0.796	294.650	268.542	20.551	292	267	20	6	4	2
287	8.066	29.133	49	49	1061339	21659.980	3213.918	21130.000	16953	30026	295.898	278.837	20.469	0.989	0.305	0.989	295.922	278.867	20.445	292	277	20	8	6	2
288	5.926	27.858	36	35	720624	20017.334	2589.536	19379.000	16884	25333	249.417	336.139	21.028	0.935	0.305	1.005	249.412	336.115	21.033	247	334	20	6	6	3
