 	Volume (micron^3)	Surface (micron^2)	Nb of obj. voxels	Nb of surf. voxels	IntDen	Mean	StdDev	Median	Min	Max	X	Y	Z	Mean dist. to surf. (micron)	SD dist. to surf. (micron)	Median dist. to surf. (micron)	XM	YM	ZM	BX	BY	BZ	B-width	B-height	B-depth
1	34.404	85.812	209	158	5191077	24837.689	8503.540	25045.000	13381	41728	685.110	26.105	3.789	1.728	0.393	1.732	685.231	26.140	3.717	681	20	2	10	13	4
2	27.984	70.921	170	113	6088276	35813.387	18049.037	30783.500	13559	65535	880.371	85.159	4.153	1.762	0.386	1.844	880.286	85.147	4.151	875	83	2	11	5	5
3	10.206	39.131	62	55	1163934	18773.129	4270.490	17568.000	13444	32546	956.161	93.935	3.210	1.149	0.313	1.158	956.163	93.988	3.195	953	90	2	6	8	3
4	38.355	104.709	233	159	7833151	33618.672	15635.977	29679.000	13609	65535	843.704	107.300	3.661	2.211	0.779	2.260	843.395	107.390	3.673	837	103	2	16	10	5
5	25.680	69.643	156	125	3707421	23765.520	7621.735	21748.500	13457	43024	936.833	126.205	3.154	1.536	0.339	1.533	936.905	126.230	3.182	932	122	2	10	9	4
6	24.692	70.610	150	117	4393667	29291.113	12392.058	25192.000	13541	62130	1003.447	136.887	3.793	1.808	0.615	1.799	1003.291	136.852	3.777	997	135	2	15	5	4
7	26.009	76.988	158	122	3966442	25104.062	8576.546	23652.000	13386	45912	970.532	175.538	3.576	1.678	0.520	1.698	970.466	175.523	3.550	968	170	2	6	12	4
8	18.931	57.161	115	99	2263000	19678.262	4968.711	18591.000	13410	32383	958.774	266.765	3.183	1.374	0.324	1.384	958.770	266.682	3.204	955	262	2	8	10	3
9	36.544	100.017	222	174	5555331	25024.014	9698.244	22486.000	13367	53863	664.752	440.333	3.644	1.946	0.585	1.970	664.446	440.215	3.649	660	434	2	13	13	4
10	7.737	42.304	47	47	780248	16601.021	2379.361	16023.000	13785	24789	831.638	8.468	3.681	1.078	0.354	1.126	831.589	8.590	3.699	829	5	3	7	8	2
11	12.511	47.578	76	76	1322242	17397.922	2231.237	17149.500	13923	23604	963.145	12.316	3.579	1.241	0.402	1.248	963.134	12.267	3.578	959	9	3	9	9	2
12	29.466	79.193	179	139	4421540	24701.340	8453.147	23763.000	13438	48339	631.950	10.196	4.715	1.718	0.490	1.736	631.899	10.223	4.713	627	6	3	12	9	4
13	2.305	19.653	14	14	208273	14876.643	930.925	14894.500	13595	16151	885.643	27.429	3.429	0.882	0.318	0.823	885.648	27.445	3.424	884	25	3	5	6	2
14	12.840	72.056	78	78	1299136	16655.590	2168.478	16551.000	13371	23142	591.308	41.667	3.936	1.894	0.985	1.845	591.347	41.603	3.945	587	35	3	9	17	3
15	17.943	49.612	109	85	2795249	25644.486	9477.786	23861.000	13622	52895	743.606	72.092	4.037	1.389	0.294	1.385	743.619	72.085	4.038	740	68	3	7	9	3
16	26.997	67.920	164	118	4257102	25957.939	8698.589	24352.000	13498	45979	693.677	74.921	4.823	1.613	0.302	1.607	693.677	74.886	4.811	690	70	3	8	10	4
17	1.975	13.067	12	12	188964	15747.000	2189.806	15018.500	13860	21802	961.083	91.167	3.333	0.675	0.214	0.623	961.076	91.141	3.313	960	90	3	3	4	2
18	30.947	67.401	188	145	4641986	24691.414	7325.737	23765.500	13367	46975	723.011	96.346	3.952	1.629	0.345	1.650	723.039	96.498	3.917	719	92	3	9	10	3
19	3.786	24.548	23	22	366040	15914.782	2641.051	14916.000	13416	21985	800.739	110.435	4.130	0.863	0.307	0.893	800.740	110.499	4.126	798	108	3	6	6	3
20	30.618	80.471	186	117	6644857	35725.039	18968.316	29858.000	13493	65535	647.581	131.414	5.118	1.819	0.345	1.847	647.572	131.427	5.115	643	128	3	10	8	5
21	23.540	71.125	143	125	2764863	19334.707	4161.612	18855.000	13381	29920	939.168	147.811	3.832	1.522	0.456	1.516	939.149	147.748	3.825	934	143	3	10	9	3
22	32.594	77.882	198	159	4798400	24234.344	6764.102	24188.500	13429	43411	898.500	149.288	3.924	1.679	0.418	1.664	898.559	149.309	3.871	895	144	3	9	11	3
23	33.746	80.401	205	136	7187788	35062.379	15789.421	29821.000	13380	65535	639.844	185.224	4.649	1.811	0.339	1.764	639.862	185.152	4.683	635	182	3	11	9	5
24	24.034	60.849	146	143	3099585	21230.035	5048.884	20702.500	13486	39072	272.733	185.514	4.500	1.457	0.463	1.528	272.612	185.301	4.516	269	181	3	9	11	4
25	27.491	67.542	167	110	5667530	33937.305	16945.271	29595.000	13373	65535	669.796	209.910	5.090	1.718	0.338	1.711	669.877	209.983	5.098	667	206	3	6	9	5
26	31.606	85.538	192	141	5104278	26584.781	10784.086	23247.000	13374	57018	336.995	245.729	4.464	1.866	0.548	1.874	336.863	245.758	4.501	332	241	3	13	10	4
27	32.264	90.055	196	138	6101480	31130.000	13508.306	29348.500	13393	65535	638.184	254.133	5.224	1.801	0.432	1.819	638.210	254.084	5.192	634	249	3	11	11	5
28	17.778	55.371	108	81	2530924	23434.482	8048.360	21257.000	13477	49087	832.296	278.648	4.491	1.458	0.311	1.479	832.315	278.677	4.475	830	274	3	6	9	4
29	6.914	32.064	42	42	718542	17108.143	3070.372	16667.000	13373	25657	798.524	298.595	3.429	1.007	0.387	0.883	798.434	298.630	3.410	795	296	3	9	6	2
30	10.535	41.270	64	57	1270906	19857.906	4434.428	19017.000	13459	29290	960.656	316.578	4.234	1.168	0.322	1.160	960.643	316.603	4.256	958	313	3	7	8	3
31	10.041	41.889	61	61	1031529	16910.311	2952.601	15690.000	13369	23996	436.918	320.098	4.328	1.138	0.425	1.087	436.852	320.074	4.337	434	317	3	8	8	3
32	30.618	72.641	186	143	4190534	22529.752	7242.504	20815.500	13380	44706	465.285	326.430	4.091	1.653	0.381	1.646	465.426	326.476	4.072	461	321	3	10	11	3
33	13.992	44.476	85	70	1716320	20192.000	5112.425	19414.000	13654	34591	612.212	390.976	4.800	1.254	0.263	1.250	612.299	390.883	4.788	609	389	3	8	6	4
34	34.240	88.158	208	157	6316469	30367.639	11783.368	29387.500	13428	62295	578.188	399.385	4.159	1.940	0.675	1.889	578.133	399.453	4.163	571	395	3	16	10	4
35	28.149	73.956	171	110	7087362	41446.562	19646.883	37016.000	13856	65535	337.585	435.602	5.058	1.847	0.412	1.976	337.597	435.606	5.072	334	432	3	9	8	5
36	25.515	67.575	155	113	4527260	29208.129	11846.351	26372.000	13381	59465	356.768	440.232	4.948	1.585	0.344	1.551	356.803	440.163	4.972	352	436	3	10	9	5
37	5.268	30.374	32	32	499548	15610.875	2036.059	15007.500	13389	20601	879.875	4.531	4.188	1.000	0.377	1.031	879.887	4.493	4.169	877	3	4	8	5	2
38	5.926	29.926	36	36	630446	17512.389	3069.530	16873.500	13439	23382	897.306	16.361	4.750	1.093	0.445	1.010	897.306	16.384	4.786	893	15	4	10	4	2
39	22.552	67.093	137	107	3865583	28215.934	11305.695	26599.000	13604	65249	824.555	87.365	5.102	1.686	0.540	1.627	824.586	87.331	5.121	820	82	4	9	11	4
40	3.622	18.789	22	22	397496	18068.000	2931.618	17709.500	14282	24540	773.136	85.409	5.000	0.827	0.375	0.772	773.140	85.378	5.001	770	84	4	7	4	3
41	28.643	69.747	174	128	5252735	30188.133	13083.034	28518.500	13387	65535	539.529	102.437	5.793	1.626	0.312	1.634	539.281	102.287	5.822	535	99	4	11	8	4
42	5.761	28.788	35	35	599360	17124.572	2408.854	16894.000	13378	23900	737.886	106.371	4.257	0.978	0.274	1.021	737.888	106.324	4.235	736	104	4	5	6	2
43	6.749	30.582	41	41	794551	19379.293	4898.833	18210.000	13505	32833	1017.195	107.098	5.171	0.990	0.354	0.947	1017.247	107.077	5.173	1015	104	4	4	8	3
44	21.400	63.405	130	90	4373166	33639.738	14994.660	33178.000	13561	65535	703.600	136.262	6.031	1.628	0.399	1.637	703.628	136.238	6.039	699	133	4	9	7	5
45	21.564	58.336	131	94	4067022	31045.969	13914.448	26534.000	13531	65072	550.557	157.282	5.427	1.526	0.264	1.536	550.529	157.274	5.404	547	154	4	8	8	4
46	11.358	49.820	69	60	1319719	19126.363	5115.983	16997.000	13376	35360	221.580	170.174	5.000	1.222	0.385	1.333	221.571	170.225	5.000	218	166	4	8	9	3
47	1.811	12.723	11	11	175743	15976.637	2778.367	15402.000	13430	22480	738.818	182.273	4.818	0.666	0.288	0.742	738.822	182.258	4.821	737	181	4	4	3	3
48	5.761	25.823	35	35	594510	16986.000	2847.713	16596.000	13493	24597	925.400	188.971	4.571	0.885	0.243	0.878	925.318	188.932	4.573	923	187	4	7	5	2
49	4.445	33.065	27	27	416631	15430.777	1241.559	15170.000	13475	19327	924.407	194.889	4.630	0.967	0.259	0.960	924.427	194.866	4.638	922	193	4	6	6	2
50	16.955	52.165	103	72	3486711	33851.562	16715.354	29521.000	13421	65535	599.641	200.951	5.835	1.467	0.341	1.414	599.556	200.888	5.839	596	198	4	8	6	5
51	17.120	57.991	104	84	2686518	25831.904	9138.835	25274.500	13401	47141	132.962	220.683	5.654	1.402	0.417	1.386	132.990	220.640	5.611	128	218	4	10	6	4
52	23.704	63.884	144	126	3164861	21978.201	6004.236	20942.000	13450	38502	810.271	225.118	5.312	1.532	0.491	1.508	810.214	225.293	5.323	806	220	4	10	10	4
53	20.577	64.955	125	101	2933373	23466.984	7374.674	21814.000	13485	40050	629.848	233.624	5.344	1.543	0.517	1.541	629.805	233.641	5.353	625	229	4	10	10	4
54	17.449	54.404	106	85	2238022	21113.416	6578.434	19644.000	13515	41198	700.566	252.198	4.962	1.391	0.321	1.326	700.583	252.162	4.962	698	248	4	7	11	3
55	16.297	45.406	99	79	2387720	24118.385	7735.067	22766.000	13451	44607	72.545	276.636	4.848	1.305	0.231	1.300	72.483	276.642	4.820	70	273	4	6	8	3
56	1.646	9.999	10	10	158056	15805.600	1277.515	15702.500	13979	18110	434.400	313.000	4.400	0.596	0.099	0.607	434.390	313.021	4.383	434	312	4	2	3	2
57	5.926	24.582	36	36	654111	18169.750	3502.462	17535.000	13526	24615	892.083	334.750	5.306	0.880	0.268	0.865	892.097	334.730	5.267	890	333	4	6	5	3
58	29.960	73.575	182	119	6670339	36650.215	18344.221	33035.500	13470	65535	98.236	339.901	5.890	1.747	0.331	1.750	98.199	339.900	5.872	94	336	4	10	8	5
59	12.017	38.753	73	56	2083805	28545.273	14062.295	24123.000	13412	65535	133.973	386.000	5.274	1.268	0.265	1.250	134.032	386.097	5.299	132	383	4	5	7	4
60	9.383	43.786	57	57	1053356	18479.930	4194.301	17419.000	13421	31455	373.193	437.105	4.404	1.515	0.507	1.494	372.938	436.772	4.434	369	434	4	9	10	2
61	2.305	14.205	14	14	221779	15841.357	1838.139	15924.000	13467	18829	437.071	446.286	4.357	0.677	0.146	0.712	437.086	446.285	4.323	436	445	4	3	4	2
62	11.358	36.063	69	58	1490429	21600.420	5406.885	19874.000	13840	33135	575.116	465.551	5.029	1.192	0.225	1.187	575.116	465.535	5.020	572	463	4	7	6	3
63	8.395	30.271	51	49	1001943	19645.941	4015.503	19233.000	13975	30433	566.412	466.157	5.373	0.964	0.249	0.987	566.396	466.174	5.343	564	464	4	6	6	3
64	5.432	26.375	33	30	635007	19242.637	4900.021	17603.000	13370	30532	507.333	514.061	5.152	0.919	0.234	0.937	507.318	514.032	5.152	505	512	4	6	5	3
65	12.181	42.441	74	62	1527277	20638.879	6084.082	19146.000	13422	42444	759.432	16.932	6.095	1.239	0.305	1.217	759.436	17.039	6.101	757	11	5	6	10	3
66	6.749	29.340	41	39	857600	20917.072	5811.942	19437.000	13964	34937	508.854	65.293	5.610	0.978	0.294	1.009	508.753	65.185	5.627	506	63	5	7	6	3
67	62.060	149.218	377	247	12163804	32264.732	16419.119	26470.000	13399	65535	380.146	95.101	6.984	2.434	0.726	2.567	379.901	95.921	7.068	374	87	5	14	16	6
68	26.832	64.918	163	129	3676219	22553.490	6875.900	20745.000	13497	43637	516.350	148.061	5.865	1.537	0.299	1.570	516.384	148.097	5.861	512	143	5	10	10	3
69	15.803	48.130	96	78	1956605	20381.303	6103.147	18539.000	13491	36361	378.500	170.156	5.969	1.309	0.246	1.316	378.545	170.067	5.983	375	167	5	7	9	3
70	25.021	63.128	152	108	4214889	27729.533	11081.707	25237.000	13472	59799	533.612	180.993	6.270	1.570	0.243	1.578	533.572	181.018	6.250	530	177	5	8	8	4
71	20.741	59.440	126	89	4098899	32530.945	15815.915	27464.500	13619	65535	689.635	199.460	7.246	1.573	0.358	1.628	689.578	199.468	7.206	686	197	5	9	6	5
72	11.358	38.097	69	58	1560453	22615.262	8176.318	20778.000	13447	46842	134.725	206.000	6.072	1.225	0.284	1.210	134.867	205.977	6.136	131	204	5	8	5	3
73	35.886	80.813	218	158	5865914	26907.863	10225.438	25730.000	13405	51030	487.555	212.995	6.638	1.758	0.341	1.736	487.507	213.022	6.654	483	208	5	10	10	4
74	8.231	30.341	50	40	1357650	27153.000	10173.062	26541.500	13393	46397	526.980	229.660	6.360	1.115	0.276	1.049	526.885	229.673	6.407	525	228	5	5	5	4
75	4.280	24.100	26	26	417856	16071.385	1958.754	15402.000	13647	19845	875.462	238.615	5.577	0.959	0.367	0.858	875.459	238.629	5.607	872	237	5	8	5	2
76	24.857	63.747	151	121	3681890	24383.377	8007.825	22731.000	13632	44829	571.808	249.384	6.079	1.519	0.321	1.512	571.819	249.366	6.108	568	245	5	9	9	3
77	11.852	42.786	72	69	1538649	21370.125	5220.994	21114.500	13408	37236	165.528	252.014	5.625	1.241	0.457	1.207	165.598	251.921	5.639	163	248	5	6	10	3
78	7.408	35.615	45	45	768126	17069.467	2950.675	15933.000	13597	25594	880.889	264.222	5.289	1.186	0.452	1.242	880.861	264.258	5.255	877	261	5	9	7	2
79	18.437	57.680	112	97	2689057	24009.438	7374.594	23193.500	13510	42198	200.768	275.884	6.366	1.325	0.348	1.387	200.692	275.893	6.396	198	272	5	7	9	4
80	2.798	17.963	17	17	294775	17339.705	3637.961	16143.000	13395	27768	385.765	323.118	5.706	0.809	0.312	0.786	385.639	323.114	5.750	383	322	5	7	3	2
81	1.811	11.481	11	11	175619	15965.363	2804.867	14726.000	13872	22108	393.636	323.818	5.727	0.611	0.179	0.628	393.582	323.738	5.701	392	323	5	4	3	2
82	3.128	17.170	19	19	297693	15668.053	1890.840	15024.000	13656	20059	668.105	332.789	5.368	0.843	0.278	0.823	668.135	332.754	5.374	667	331	5	3	6	2
83	12.675	41.407	77	62	1899934	24674.467	9408.650	23128.000	13480	50572	83.442	341.948	5.974	1.237	0.235	1.221	83.564	341.970	5.944	80	338	5	8	7	3
84	22.717	69.576	138	106	3190979	23123.037	7026.872	22223.000	13447	43033	902.435	343.536	6.899	1.645	0.454	1.700	902.531	343.484	6.865	897	341	5	11	7	5
85	7.078	35.822	43	43	696917	16207.372	2450.679	15145.000	13886	22407	767.140	362.651	5.488	0.988	0.330	0.925	767.184	362.619	5.495	764	358	5	6	9	2
86	1.646	11.377	10	10	145211	14521.100	1015.306	14366.000	13544	16913	638.900	381.600	5.000	0.675	0.304	0.637	638.890	381.592	5.000	637	381	5	6	3	1
87	4.115	20.238	25	25	479110	19164.400	4441.056	18966.000	14161	28764	407.760	384.600	5.520	0.788	0.200	0.771	407.716	384.508	5.561	406	383	5	4	5	2
88	16.955	60.611	103	92	2357556	22888.893	6903.213	22286.000	13365	38867	214.932	468.223	6.728	1.562	0.601	1.507	214.810	468.246	6.704	210	464	5	11	9	4
89	4.938	26.513	30	29	535453	17848.434	4369.020	16305.000	13443	30321	272.200	467.900	6.000	0.983	0.423	1.029	272.249	467.799	6.000	269	465	5	7	7	3
90	22.058	72.437	134	105	3012089	22478.275	7071.104	20761.000	13394	40169	989.903	6.716	7.418	1.741	0.628	1.646	989.872	6.705	7.427	984	4	6	15	6	4
91	6.585	26.720	40	33	762938	19073.449	4543.713	18178.000	13549	30426	944.025	14.900	7.050	1.002	0.172	1.003	944.026	14.937	7.070	942	13	6	5	5	3
92	13.005	43.960	79	64	2258563	28589.404	11746.961	26531.000	13391	58718	1014.886	20.266	8.177	1.360	0.412	1.287	1014.989	20.158	8.194	1013	17	6	4	7	5
93	3.786	20.479	23	23	389214	16922.348	3033.963	16097.000	13587	27043	672.783	106.957	6.217	0.825	0.289	0.865	672.761	107.018	6.193	670	105	6	6	5	2
94	4.938	22.755	30	30	535565	17852.166	4051.142	17275.000	13607	29967	306.733	115.167	6.667	0.857	0.262	0.844	306.808	115.128	6.696	304	114	6	7	4	2
95	8.560	44.338	52	51	954882	18363.115	5018.649	16238.500	13473	33765	259.019	124.346	6.750	1.213	0.505	1.110	259.007	124.249	6.788	254	122	6	11	6	3
96	32.594	83.881	198	160	4758629	24033.480	7299.146	23721.000	13378	41042	174.212	178.222	7.465	1.728	0.568	1.716	174.216	178.207	7.461	168	175	6	13	8	4
97	5.432	25.030	33	33	545800	16539.395	1885.004	16411.000	13576	21623	95.333	223.030	6.636	0.871	0.249	0.884	95.348	223.049	6.650	92	220	6	6	6	2
98	8.395	30.926	51	44	1223659	23993.314	7684.141	23074.000	13568	40183	527.059	237.529	6.804	1.064	0.214	1.073	527.037	237.507	6.761	524	236	6	7	5	3
99	14.815	47.025	90	90	1984166	22046.289	4796.262	22604.000	13714	31149	131.356	262.389	6.456	1.393	0.540	1.340	131.367	262.414	6.465	129	257	6	6	12	2
100	17.778	52.543	108	84	2971538	27514.240	11631.520	24973.000	13479	65028	59.667	292.231	7.102	1.413	0.310	1.376	59.727	292.403	7.107	56	289	6	8	8	4
101	4.280	22.962	26	26	435239	16739.961	2276.988	16366.000	13409	22560	253.885	311.154	6.385	0.996	0.415	0.946	253.875	311.184	6.349	253	308	6	3	9	2
102	3.128	19.894	19	19	315924	16627.578	2015.472	16727.000	13427	19760	605.368	351.105	6.316	1.097	0.430	1.093	605.495	351.057	6.324	601	350	6	9	4	2
103	38.026	102.985	231	156	7466001	32320.352	16129.684	27840.000	13465	65535	317.788	365.377	7.957	2.113	0.724	2.092	317.407	364.917	7.975	313	360	6	13	13	5
104	1.646	9.791	10	10	173346	17334.600	2564.420	18048.000	13459	21629	765.500	393.500	6.000	0.511	0.187	0.656	765.520	393.427	6.000	764	392	6	4	4	1
105	19.754	60.404	120	97	2728967	22741.393	7079.980	21174.500	13464	44476	426.667	409.925	7.825	1.506	0.429	1.474	426.627	410.000	7.756	424	405	6	7	11	4
106	7.737	36.926	47	45	1036084	22044.340	7902.368	20279.000	13437	47803	131.532	426.596	6.936	1.182	0.398	1.180	131.597	426.767	6.931	127	425	6	9	5	3
107	9.712	33.235	59	59	1031057	17475.543	2606.157	16796.000	13459	23928	650.695	429.644	6.508	1.063	0.342	1.076	650.797	429.743	6.520	647	427	6	7	7	2
108	26.997	70.369	164	107	5669001	34567.078	17752.961	30948.500	13378	65535	455.409	48.787	8.835	1.715	0.362	1.736	455.334	48.762	8.844	451	46	7	10	7	5
109	5.597	23.892	34	34	635225	18683.088	2711.984	18768.500	13908	23793	851.500	208.676	7.441	0.856	0.225	0.831	851.520	208.670	7.444	849	206	7	6	6	2
110	1.646	12.723	10	10	147403	14740.300	1144.310	14434.000	13479	16396	176.300	213.400	7.400	0.691	0.171	0.741	176.294	213.417	7.382	176	212	7	2	4	2
111	26.009	70.058	158	110	4739655	29997.816	13153.970	24902.500	13381	63230	246.475	219.671	8.424	1.663	0.320	1.639	246.474	219.662	8.412	242	216	7	10	9	4
112	10.535	43.545	64	60	1260662	19697.844	4423.303	19104.000	13556	35898	762.844	220.016	7.688	1.376	0.529	1.375	762.678	219.936	7.674	758	217	7	11	7	3
113	5.761	24.997	35	31	751918	21483.371	6208.040	20467.000	14218	41253	474.400	243.400	7.829	0.986	0.237	1.013	474.366	243.450	7.876	473	241	7	4	5	3
114	20.741	63.780	126	122	2357284	18708.604	3607.280	17856.000	13366	27977	260.667	324.770	7.548	1.427	0.468	1.432	260.727	324.829	7.539	256	319	7	9	12	3
115	13.828	54.304	84	69	2035295	24229.703	8855.635	21386.500	13707	54059	132.345	414.786	8.571	1.490	0.505	1.535	132.048	414.613	8.631	128	412	7	11	7	5
116	6.914	35.099	42	38	795796	18947.523	4358.279	17533.500	13407	31269	417.690	62.381	9.643	1.193	0.458	1.235	417.764	62.331	9.670	414	61	8	8	5	4
117	3.128	19.790	19	18	324870	17098.422	2742.252	16565.000	13451	23839	675.895	179.895	8.947	0.770	0.325	0.833	675.850	179.913	8.967	674	177	8	5	6	3
118	14.815	55.542	90	90	1609330	17881.445	3411.581	16764.500	13394	27081	227.144	202.389	8.533	1.395	0.584	1.308	227.151	202.461	8.533	222	198	8	11	10	2
119	21.400	67.612	130	90	3969256	30532.738	14681.596	25755.000	13373	65535	361.500	316.762	10.146	1.726	0.457	1.798	361.497	316.783	10.159	358	312	8	8	10	5
120	12.017	42.408	73	63	1518328	20799.014	5388.355	19723.000	13438	34795	929.151	328.082	9.137	1.280	0.354	1.216	929.226	328.053	9.115	924	326	8	10	5	3
121	18.766	52.543	114	83	3021446	26503.912	10841.227	22582.000	13398	52925	768.018	406.237	9.368	1.459	0.258	1.452	767.975	406.305	9.383	765	403	8	7	7	4
122	37.532	81.298	228	139	8205817	35990.426	17670.271	30845.000	13377	65535	123.044	417.961	9.829	1.917	0.344	1.930	123.017	417.910	9.802	119	414	8	10	8	5
123	23.540	59.989	143	107	3297699	23060.832	7662.966	21232.000	13562	51042	472.224	463.182	9.986	1.481	0.272	1.505	472.183	463.266	9.987	468	459	9	9	9	3
124	30.618	77.574	186	123	5101448	27427.141	10575.549	25896.000	13497	60196	472.070	44.962	12.538	1.731	0.308	1.702	472.001	44.936	12.484	468	41	10	9	9	6
125	20.577	59.370	125	93	2894732	23157.855	7731.779	21337.000	13396	43627	153.600	379.184	11.512	1.454	0.291	1.493	153.506	379.242	11.526	150	376	10	9	7	4
126	13.828	50.164	84	72	1556161	18525.727	4244.656	17380.000	13373	30563	627.857	478.131	11.845	1.368	0.475	1.253	627.882	478.249	11.796	625	474	10	7	10	4
127	14.815	53.270	90	72	2544037	28267.078	12725.744	25140.000	13384	62009	315.767	506.256	11.844	1.486	0.445	1.460	315.730	506.341	11.797	312	504	10	9	6	5
128	21.564	60.715	131	90	3312273	25284.527	8725.293	23104.000	13450	48143	875.908	66.580	12.473	1.583	0.283	1.599	876.030	66.551	12.456	872	64	11	10	7	4
129	24.363	66.129	148	98	4776629	32274.520	16170.606	26983.000	13396	65535	357.831	85.345	13.047	1.729	0.401	1.872	357.907	85.327	13.075	354	83	11	9	6	5
130	4.445	23.203	27	27	460086	17040.223	2987.166	16395.000	13674	24384	489.370	108.704	11.815	0.925	0.404	0.845	489.272	108.698	11.819	486	108	11	9	3	3
131	21.400	58.714	130	98	3131991	24092.238	7468.529	22978.500	13649	42788	207.938	351.892	12.046	1.450	0.277	1.397	207.960	351.910	12.057	204	347	11	8	10	4
132	21.235	64.439	129	91	3158724	24486.232	8117.156	22815.000	13515	44195	497.473	370.116	13.124	1.591	0.387	1.581	497.382	370.168	13.130	493	367	11	9	8	5
133	10.700	43.649	65	56	1395190	21464.461	5869.844	21963.000	13761	39676	518.831	369.031	12.462	1.205	0.391	1.202	518.920	369.061	12.454	515	367	11	8	5	4
134	4.774	24.789	29	29	501455	17291.551	3315.378	16636.000	13367	24732	117.655	399.931	11.448	0.902	0.289	0.860	117.750	399.971	11.440	114	398	11	7	5	2
135	2.634	18.411	16	16	238245	14890.312	1524.324	14382.000	13427	18522	94.062	401.562	12.188	0.844	0.353	0.850	94.094	401.577	12.169	92	400	11	5	4	3
136	18.766	61.990	114	94	2411017	21149.271	6444.631	19000.000	13399	38398	285.482	490.640	12.404	1.612	0.566	1.576	285.685	490.539	12.457	280	488	11	11	7	5
137	5.268	26.272	32	32	502443	15701.344	1843.130	15482.500	13761	21710	599.406	6.125	12.438	0.974	0.412	0.865	599.419	6.114	12.429	594	5	12	10	4	2
138	2.634	15.687	16	16	244246	15265.375	1148.251	15391.500	13605	17240	860.188	13.688	12.375	0.698	0.169	0.685	860.159	13.699	12.367	859	12	12	3	5	2
139	25.186	64.714	153	108	3665413	23956.947	8087.929	23230.000	13398	48286	754.837	66.170	13.797	1.572	0.256	1.567	754.747	66.042	13.805	751	62	12	8	9	4
140	9.548	43.442	58	56	978270	16866.725	2720.841	16457.000	13397	24518	749.966	101.397	13.414	1.106	0.365	1.060	749.892	101.452	13.432	746	99	12	9	6	3
141	27.984	70.644	170	124	4343369	25549.229	8986.091	23708.000	13579	49290	485.324	141.800	13.200	1.673	0.430	1.626	485.482	141.785	13.197	479	139	12	12	8	4
142	10.865	40.373	66	57	1300931	19711.076	4641.017	18992.000	13413	29310	786.606	164.818	13.227	1.182	0.321	1.201	786.555	164.785	13.238	783	162	12	8	6	3
143	9.218	39.684	56	54	1022393	18257.018	3205.984	17857.500	13559	25452	837.339	192.446	13.321	1.114	0.378	1.095	837.469	192.440	13.316	833	191	12	9	4	3
144	38.355	87.469	233	148	6337636	27200.154	10404.242	24689.000	13435	56618	490.391	195.185	14.386	1.870	0.321	1.866	490.375	195.330	14.338	486	190	12	10	11	5
145	26.997	77.952	164	142	3367087	20531.018	4377.167	20963.000	13389	30702	777.104	213.787	13.390	1.575	0.445	1.606	777.122	213.798	13.397	771	210	12	12	8	4
146	15.968	48.545	97	75	2212077	22804.918	7078.528	21100.000	13400	39213	798.598	217.351	13.330	1.383	0.272	1.405	798.630	217.338	13.350	795	214	12	7	7	4
147	21.564	64.232	131	96	2902132	22153.680	6269.631	21585.000	13438	38689	773.733	240.496	13.420	1.571	0.388	1.587	773.845	240.505	13.393	769	238	12	11	6	4
148	6.585	30.926	40	38	683973	17099.324	2742.611	16895.000	13508	23830	796.375	270.425	13.025	0.987	0.314	1.060	796.356	270.489	13.015	795	268	12	5	6	3
149	3.128	16.825	19	19	305218	16064.105	1934.655	15398.000	13649	19528	180.105	349.053	12.368	0.738	0.198	0.709	180.175	349.098	12.367	178	348	12	5	3	2
150	5.597	24.237	34	32	575804	16935.412	3153.980	16277.000	13377	23261	173.000	354.000	13.000	0.903	0.247	0.928	172.964	354.051	12.988	171	352	12	6	5	3
151	14.651	45.269	89	73	1891370	21251.348	5622.005	20068.000	13572	36476	545.270	521.674	13.056	1.307	0.268	1.270	545.314	521.694	13.068	541	519	12	9	6	3
152	11.523	34.788	70	60	1528705	21838.643	5929.875	20973.500	13508	36478	706.857	13.371	13.957	1.177	0.198	1.184	706.887	13.394	13.926	705	11	13	5	6	3
153	17.614	53.611	107	85	2043267	19095.953	4135.904	18243.000	13414	31323	468.467	100.383	13.972	1.418	0.381	1.375	468.554	100.345	13.981	462	97	13	12	8	3
154	25.021	86.398	152	138	2676243	17606.861	3201.354	16880.000	13368	26556	596.888	109.197	14.250	1.659	0.638	1.591	596.932	109.128	14.241	593	103	13	9	16	3
155	10.535	37.857	64	55	1301051	20328.922	4503.564	20321.000	13456	29169	739.562	131.250	14.172	1.215	0.302	1.185	739.512	131.263	14.186	736	129	13	8	6	3
156	6.420	25.823	39	39	652291	16725.410	1824.095	16384.000	13469	20237	537.538	134.103	13.462	0.882	0.220	0.879	537.562	134.127	13.458	535	132	13	6	5	2
157	28.149	74.987	171	131	3403189	19901.689	4539.594	19057.000	13411	32422	442.000	184.351	15.029	1.649	0.405	1.609	441.995	184.312	14.986	437	181	13	11	8	5
158	16.626	52.647	101	80	2086390	20657.326	5793.443	19704.000	13472	35568	756.416	192.475	14.446	1.388	0.306	1.495	756.435	192.484	14.455	753	189	13	9	7	4
159	7.901	32.650	48	46	905204	18858.416	4088.181	18335.500	13455	27443	324.729	222.167	14.375	1.018	0.322	0.984	324.684	222.122	14.356	323	218	13	5	9	3
160	28.643	73.953	174	128	3940382	22645.873	7132.339	21218.000	13398	46094	631.282	226.741	15.023	1.632	0.336	1.642	631.284	226.762	14.993	627	222	13	9	11	5
161	46.421	105.431	282	178	7940453	28157.635	12025.756	25185.000	13401	61582	119.975	280.848	15.128	1.984	0.334	2.012	119.938	280.906	15.083	115	276	13	11	12	5
162	14.157	48.233	86	73	1774508	20633.814	5173.669	19621.500	13668	35314	463.081	293.884	14.733	1.253	0.289	1.282	463.047	293.811	14.713	459	291	13	9	7	4
163	8.066	37.857	49	45	831342	16966.164	2933.968	16190.000	13391	26726	165.959	309.143	14.163	1.083	0.340	1.025	166.038	309.045	14.139	164	306	13	5	9	3
164	6.255	24.445	38	32	687817	18100.447	3318.603	17005.000	13439	26943	540.711	326.947	13.947	0.984	0.173	1.021	540.703	326.927	13.956	539	325	13	4	5	3
165	7.737	30.926	47	40	907985	19318.830	3975.838	19299.000	13505	28222	615.574	387.298	14.511	1.039	0.276	0.972	615.518	387.332	14.523	613	385	13	6	5	4
166	3.292	24.100	20	20	302842	15142.100	1647.563	14587.000	13556	20143	497.150	397.550	13.650	0.942	0.337	0.868	497.123	397.522	13.648	495	396	13	6	6	2
167	11.358	42.889	69	63	1274845	18476.014	3406.048	17888.000	13429	25787	436.101	396.333	14.652	1.121	0.327	1.121	436.160	396.367	14.646	432	393	13	8	7	4
168	6.091	30.926	37	35	647082	17488.703	2938.485	17534.000	13424	23948	602.243	485.162	13.757	0.990	0.328	0.950	602.279	485.166	13.743	600	483	13	6	6	3
169	10.700	37.545	65	59	1198356	18436.246	3566.846	17809.000	13400	28069	826.092	5.323	14.815	1.164	0.310	1.167	826.169	5.324	14.813	822	3	14	9	5	3
170	9.054	41.096	55	55	870647	15829.945	2001.117	15140.000	13368	22934	749.218	26.655	14.745	1.183	0.475	1.132	749.223	26.671	14.757	746	21	14	9	10	2
171	9.383	33.580	57	57	979529	17184.719	2824.316	17272.000	13500	24510	786.070	88.421	14.544	1.086	0.395	0.993	786.099	88.449	14.554	782	86	14	10	5	2
172	4.774	22.858	29	28	497105	17141.551	2761.292	16790.000	13368	22383	329.655	102.862	14.655	0.837	0.232	0.816	329.682	102.862	14.641	327	101	14	6	5	3
173	11.852	40.718	72	63	1421452	19742.389	4331.932	19508.000	13533	30729	396.986	112.819	15.472	1.141	0.304	1.114	397.032	112.860	15.450	394	110	14	7	6	4
174	42.141	99.810	256	184	5380067	21015.887	5062.368	20356.500	13412	37319	424.250	115.648	15.715	1.952	0.547	1.916	424.255	115.604	15.701	417	111	14	14	10	5
175	15.474	45.510	94	72	2040786	21710.490	5322.873	20794.000	13911	33844	563.745	227.617	14.957	1.302	0.208	1.303	563.738	227.644	14.949	561	224	14	7	8	3
176	4.938	24.100	30	27	506790	16893.000	3000.265	16420.000	13490	24584	580.367	231.467	14.733	0.923	0.245	0.922	580.387	231.471	14.726	578	229	14	5	5	3
177	1.811	12.619	11	11	166363	15123.909	1238.355	14891.000	13762	17915	247.000	244.909	14.273	0.638	0.205	0.619	246.969	244.889	14.275	245	244	14	4	3	2
178	13.992	49.164	85	75	1445639	17007.518	2630.203	16194.000	13609	24941	737.059	262.400	14.894	1.246	0.316	1.283	737.087	262.386	14.906	733	259	14	8	8	3
179	9.712	40.373	59	49	1058419	17939.305	4100.145	16810.000	13473	29079	670.627	271.576	15.085	1.180	0.301	1.152	670.580	271.577	15.096	668	268	14	6	9	4
180	8.066	40.236	49	45	904288	18454.857	4631.404	17105.000	13495	32697	104.163	387.367	15.429	1.379	0.484	1.417	104.340	387.350	15.374	99	386	14	10	4	4
181	17.449	61.060	106	86	1998515	18853.916	4110.039	18124.500	13425	29769	466.019	458.717	15.519	1.394	0.406	1.481	466.125	458.801	15.486	462	455	14	8	9	4
182	3.128	20.687	19	19	317994	16736.525	2828.912	15357.000	13819	22478	381.947	155.684	15.263	0.920	0.328	0.898	381.944	155.700	15.227	379	154	15	7	5	2
183	20.248	64.025	123	99	2267378	18433.967	3577.485	18103.000	13380	28402	338.626	185.545	16.024	1.521	0.468	1.448	338.538	185.766	15.979	336	181	15	7	11	4
184	6.749	33.995	41	38	622831	15191.000	1174.279	14924.000	13478	18187	134.195	256.366	15.829	1.001	0.278	1.027	134.204	256.398	15.838	131	254	15	7	6	3
185	17.120	47.681	104	81	2144157	20616.895	4413.899	19611.500	13612	32949	145.144	288.288	16.096	1.326	0.200	1.333	145.159	288.326	16.111	142	284	15	8	9	3
186	5.432	23.996	33	32	546444	16558.908	2610.893	15671.000	13530	24378	52.758	347.727	15.515	0.855	0.238	0.872	52.778	347.830	15.515	51	345	15	4	6	3
187	14.815	43.234	90	73	1872896	20809.955	4786.286	20458.000	13451	35150	175.144	366.956	16.122	1.264	0.208	1.255	175.087	366.937	16.123	172	364	15	8	7	3
188	7.243	31.064	44	43	748552	17012.545	2317.426	16580.000	13573	24009	298.659	389.227	16.318	0.943	0.270	0.972	298.587	389.184	16.304	296	387	15	6	6	3
189	3.622	18.308	22	22	359724	16351.091	1936.916	16291.000	13381	20641	391.727	105.091	16.409	0.735	0.167	0.738	391.691	105.090	16.390	390	103	16	5	5	2
190	27.984	75.194	170	126	3420832	20122.541	4695.469	19492.500	13404	32870	105.347	339.018	17.265	1.612	0.352	1.618	105.263	338.907	17.241	101	335	16	10	9	4
191	1.811	11.377	11	11	185178	16834.363	2145.777	16384.000	14469	21358	122.364	355.091	16.091	0.590	0.265	0.574	122.300	355.085	16.088	121	354	16	5	3	2
