 	Volume (micron^3)	Surface (micron^2)	Nb of obj. voxels	Nb of surf. voxels	IntDen	Mean	StdDev	Median	Min	Max	X	Y	Z	Mean dist. to surf. (micron)	SD dist. to surf. (micron)	Median dist. to surf. (micron)	XM	YM	ZM	BX	BY	BZ	B-width	B-height	B-depth
1	26.503	69.024	161	118	3614351	22449.385	9138.267	21148.000	10074	47411	960.242	777.665	2.907	1.592	0.326	1.596	960.227	777.649	2.900	956	775	1	10	7	5
2	33.746	80.023	205	129	6134421	29924.004	16453.197	25459.000	10044	65535	945.873	796.624	3.161	1.869	0.339	1.938	945.815	796.640	3.149	941	793	1	11	8	5
3	18.601	57.402	113	112	1546974	13690.035	2283.768	13548.000	10078	19572	942.186	578.938	2.504	1.347	0.445	1.345	942.265	578.945	2.519	937	575	2	11	9	3
4	21.400	62.954	130	118	2228555	17142.730	5141.125	16878.000	10027	31994	695.131	581.885	3.569	1.421	0.460	1.438	695.341	581.874	3.552	690	579	2	11	8	4
5	18.272	54.715	111	92	1590024	14324.541	3215.554	13672.000	10064	25027	1004.342	598.982	2.955	1.408	0.350	1.390	1004.166	598.946	2.952	1000	597	2	10	6	3
6	16.461	49.579	100	76	2240642	22406.420	10406.391	20150.500	10169	49790	777.440	600.150	3.540	1.427	0.317	1.488	777.081	600.135	3.603	774	598	2	9	5	4
7	27.655	72.126	168	119	3548252	21120.547	8734.835	18389.500	10153	40642	666.798	610.196	3.655	1.644	0.284	1.645	666.682	610.185	3.616	661	606	2	12	9	4
8	21.400	64.818	130	97	2782770	21405.924	9461.600	18318.500	10210	46316	897.446	614.446	3.538	1.557	0.350	1.555	897.474	614.559	3.571	893	610	2	11	8	4
9	16.461	48.474	100	81	1729630	17296.301	5458.014	16796.500	10134	30726	785.260	621.870	3.120	1.306	0.230	1.306	785.256	621.933	3.189	782	619	2	8	7	3
10	40.330	90.467	245	171	5113497	20871.416	7321.783	19270.000	10061	40522	973.478	641.616	3.237	1.836	0.437	1.846	973.443	641.703	3.246	968	638	2	13	8	4
11	27.655	70.714	168	115	3966329	23609.102	9602.089	21912.500	10071	47740	910.792	662.244	4.113	1.698	0.367	1.738	910.780	662.228	4.087	907	658	2	8	9	5
12	20.248	63.576	123	94	2295494	18662.553	6636.143	17350.000	10074	34750	763.358	671.862	3.423	1.539	0.461	1.592	763.320	671.828	3.438	759	668	2	10	9	4
13	26.997	74.334	164	111	4039008	24628.098	13020.367	20857.500	10029	65535	921.000	674.396	3.701	1.777	0.441	1.776	921.061	674.285	3.663	916	671	2	10	8	5
14	41.318	111.257	251	180	5460803	21756.188	9396.804	19832.000	10085	46614	666.120	675.263	4.183	2.060	0.711	1.917	666.404	675.641	4.175	658	667	2	14	15	5
15	22.717	59.644	138	105	2247625	16287.138	4445.313	15111.000	10093	28691	831.638	752.891	3.014	1.495	0.317	1.453	831.660	752.930	3.009	827	750	2	10	7	3
16	27.984	72.574	170	123	3605684	21209.906	8243.711	19800.500	10043	46020	914.882	806.665	3.188	1.621	0.319	1.629	914.923	806.701	3.155	911	802	2	9	10	4
17	42.964	95.536	261	166	6654027	25494.355	12292.756	23288.000	10032	60399	668.276	831.142	4.180	1.945	0.335	1.964	668.337	831.167	4.149	664	827	2	11	9	5
18	40.824	86.916	248	163	6161143	24843.318	11438.395	21116.000	10083	51347	640.331	867.863	3.649	1.890	0.324	1.854	640.326	867.859	3.664	637	862	2	9	12	4
19	27.984	82.195	170	121	4138815	24345.971	12577.737	20359.000	10059	64206	697.659	865.088	4.365	1.863	0.564	1.823	697.662	865.246	4.299	694	858	2	7	14	5
20	33.911	79.090	206	153	4655561	22599.811	8606.116	22222.000	10076	43671	575.849	902.388	3.840	1.736	0.382	1.737	575.805	902.291	3.827	571	898	2	11	9	4
21	3.292	22.962	20	20	243045	12152.250	1727.050	12115.000	10106	15538	897.450	554.900	4.000	0.846	0.342	0.851	897.521	554.939	4.009	895	552	3	6	6	3
22	4.115	24.582	25	25	284925	11397.000	1247.296	11031.000	10058	13980	911.800	559.280	3.080	0.964	0.380	0.964	911.780	559.257	3.075	909	557	3	7	6	2
23	20.906	58.610	127	106	1921125	15126.969	3766.419	14371.000	10122	26356	875.661	562.079	3.898	1.459	0.364	1.419	875.619	562.112	3.904	871	559	3	10	7	3
24	36.380	83.537	221	168	4919778	22261.439	7542.764	21731.000	10061	41747	776.140	572.353	4.081	1.791	0.476	1.746	776.078	572.374	4.084	771	567	3	11	11	4
25	1.646	11.136	10	10	120814	12081.400	1564.166	11907.000	10304	14555	929.300	589.200	3.300	0.607	0.166	0.651	929.349	589.215	3.265	928	588	3	4	3	2
26	13.005	44.649	79	61	1948067	24659.076	12636.650	20667.000	10392	54665	474.152	601.557	4.481	1.352	0.297	1.469	474.146	601.430	4.425	472	598	3	5	8	4
27	31.112	75.643	189	130	3871078	20481.895	7406.858	19127.000	10028	44576	997.757	612.608	4.312	1.733	0.345	1.715	997.722	612.688	4.281	995	607	3	7	12	4
28	13.005	42.441	79	71	1157230	14648.481	3522.952	14015.000	10040	24283	1002.165	624.544	3.684	1.209	0.368	1.230	1002.222	624.563	3.658	998	622	3	9	6	3
29	35.886	80.883	218	142	4339231	19904.729	7825.145	18231.500	10027	43778	682.784	633.243	4.445	1.775	0.210	1.799	682.790	633.336	4.452	678	629	3	10	9	4
30	33.252	76.436	202	138	4689209	23213.906	9952.950	20673.000	10135	46580	923.718	649.218	4.356	1.783	0.333	1.747	923.662	649.152	4.284	920	645	3	9	10	4
31	23.540	76.195	143	115	2456136	17175.775	5871.617	15390.000	10036	35479	719.965	684.944	4.867	1.799	0.592	1.838	720.108	684.951	4.851	713	682	3	14	7	4
32	3.128	23.963	19	19	212747	11197.211	818.101	11122.000	10115	12644	1002.895	687.947	3.368	0.851	0.313	0.758	1002.898	687.985	3.376	1001	685	3	5	7	2
33	29.137	95.677	177	132	3718552	21008.768	9946.539	17631.000	10165	53002	780.384	689.870	4.593	1.891	0.537	1.943	780.258	689.726	4.500	775	686	3	13	9	5
34	14.321	47.303	87	73	1611510	18523.104	5437.364	18596.000	10227	30533	795.333	689.954	4.023	1.387	0.413	1.345	795.385	689.929	3.992	791	688	3	10	5	4
35	2.963	19.445	18	18	207209	11511.611	947.613	11421.500	10138	13100	835.667	699.722	3.833	0.787	0.322	0.777	835.670	699.691	3.841	833	698	3	7	4	2
36	40.660	95.466	247	171	5654142	22891.264	9033.994	22120.000	10086	45602	695.300	703.312	4.781	1.965	0.539	1.945	695.338	703.331	4.842	688	699	3	14	10	5
37	40.001	86.505	243	146	8519811	35060.949	20352.354	29656.000	10143	65535	407.584	704.881	5.144	1.973	0.329	1.944	407.622	704.929	5.196	403	701	3	9	9	6
38	20.083	57.094	122	91	2388750	19579.918	7098.604	17753.000	10128	37330	474.410	714.484	4.361	1.466	0.244	1.473	474.405	714.546	4.361	471	711	3	8	8	4
39	3.622	23.411	22	22	258306	11741.182	1370.583	11680.000	10226	15383	880.864	725.364	3.500	0.835	0.283	0.783	880.824	725.391	3.507	880	723	3	4	7	2
40	19.589	87.917	119	112	1573009	13218.563	2681.386	12576.000	10091	21235	581.395	733.252	3.824	1.776	0.582	1.800	581.424	733.092	3.825	576	727	3	10	13	3
41	17.284	61.853	105	92	1637620	15596.381	4307.158	14398.000	10126	30649	635.476	729.200	4.829	1.558	0.552	1.523	635.317	729.061	4.837	631	725	3	10	10	5
42	51.030	101.289	310	231	5290408	17065.832	4742.155	15881.500	10092	31554	415.342	736.532	3.955	1.951	0.496	1.993	415.495	736.535	3.932	409	732	3	14	12	3
43	8.395	29.477	51	51	692472	13577.883	2181.205	13075.000	10030	18017	882.569	734.412	3.549	1.004	0.296	0.987	882.684	734.395	3.549	879	732	3	7	6	2
44	8.395	33.202	51	45	695498	13637.216	2934.177	12417.000	10092	23024	1013.196	736.392	3.922	1.102	0.282	1.108	1013.192	736.293	3.907	1012	733	3	4	8	3
45	19.754	56.405	120	92	2458968	20491.400	7988.621	18874.000	10083	42858	471.642	740.058	4.908	1.427	0.255	1.397	471.607	740.039	4.878	468	736	3	7	9	4
46	31.935	76.091	194	124	4847797	24988.645	12874.688	20631.000	10087	65071	506.701	753.603	5.402	1.734	0.216	1.719	506.709	753.550	5.405	502	750	3	11	8	5
47	21.564	59.577	131	95	3314545	25301.871	12227.248	23555.000	10613	58747	883.412	766.198	4.244	1.602	0.409	1.636	883.465	766.159	4.157	878	764	3	11	5	4
48	31.277	77.125	190	132	4466176	23506.189	10422.653	22183.500	10128	55885	105.789	777.132	4.779	1.699	0.295	1.720	105.663	776.858	4.828	101	773	3	10	9	5
49	9.218	37.475	56	56	745543	13313.268	2117.933	12886.500	10060	17826	651.321	777.536	3.250	1.089	0.380	1.073	651.299	777.527	3.211	647	775	3	9	6	2
50	24.363	70.644	148	118	2541421	17171.764	5224.848	16248.000	10040	33509	921.047	784.493	4.115	1.714	0.570	1.662	921.024	784.529	4.151	916	779	3	10	12	3
51	36.874	94.539	224	140	7079780	31606.160	19358.877	24690.500	10104	65535	704.875	784.732	5.442	2.055	0.544	1.994	704.962	784.734	5.399	698	782	3	13	7	6
52	35.886	86.090	218	156	4544323	20845.518	7716.278	20589.500	10033	45995	992.954	788.133	4.294	1.845	0.441	1.816	993.140	788.171	4.268	987	785	3	13	7	4
53	34.404	73.712	209	138	6199105	29660.789	15658.389	24544.000	10096	64301	425.187	796.440	4.392	1.768	0.221	1.740	425.244	796.441	4.360	421	793	3	10	8	4
54	4.938	23.170	30	26	545780	18192.666	7462.403	17687.000	10119	35826	860.067	809.267	4.400	0.986	0.345	0.842	860.013	809.264	4.427	858	808	3	4	4	4
55	14.321	47.855	87	72	1923806	22112.713	9967.650	20141.000	10087	53991	552.460	821.609	5.000	1.336	0.332	1.369	552.595	821.489	5.012	548	819	3	9	6	5
56	14.486	52.406	88	72	1657261	18832.512	6652.498	18047.000	10271	36040	547.307	829.545	4.307	1.380	0.391	1.413	547.294	829.567	4.327	543	827	3	10	6	4
57	15.803	52.510	96	72	1888120	19667.916	7933.474	18031.000	10073	45874	1014.021	830.417	4.406	1.416	0.332	1.485	1013.981	830.640	4.353	1011	826	3	6	9	4
58	12.181	51.821	74	66	1344006	18162.244	6675.620	17191.500	10102	37460	762.338	831.487	4.919	1.580	0.618	1.543	762.054	831.602	4.940	757	829	3	12	5	5
59	31.771	75.368	193	120	5885716	30495.938	16980.637	24752.000	10029	65535	425.684	842.036	4.881	1.800	0.284	1.795	425.750	842.023	4.833	421	839	3	9	8	5
60	26.009	68.335	158	109	3852334	24381.861	11734.205	22026.000	10187	59983	548.190	840.728	5.234	1.610	0.249	1.602	548.244	840.790	5.220	544	837	3	9	8	5
61	50.866	97.983	309	193	7317485	23681.182	10628.432	19766.000	10040	51448	224.926	873.223	4.563	2.024	0.343	1.991	224.911	873.151	4.599	219	869	3	13	9	4
62	13.334	43.994	81	64	1742049	21506.777	9182.095	20051.000	10069	44873	825.704	545.173	5.951	1.267	0.261	1.256	825.685	545.214	5.964	823	542	4	6	7	5
63	24.034	64.610	146	106	2808828	19238.549	6883.677	17475.000	10153	41871	1004.041	566.007	5.726	1.595	0.346	1.644	1004.016	565.920	5.772	1000	562	4	9	8	5
64	27.326	70.506	166	113	4513634	27190.566	15127.959	24298.500	10030	65535	525.090	571.506	5.789	1.639	0.271	1.640	525.082	571.569	5.830	521	567	4	9	9	5
65	20.741	55.783	126	105	2116221	16795.404	5068.385	15396.500	10073	35106	856.460	591.825	5.230	1.400	0.300	1.416	856.486	591.826	5.246	853	588	4	8	9	3
66	25.515	70.540	155	120	3040840	19618.322	7169.162	17418.000	10034	38019	437.658	626.974	5.116	1.582	0.392	1.530	437.737	626.986	5.157	434	621	4	8	12	4
67	6.091	25.134	37	37	490664	13261.189	2179.323	12876.000	10061	17600	722.757	655.622	4.514	0.938	0.291	0.893	722.689	655.670	4.496	720	654	4	7	4	2
68	11.358	57.784	69	69	796718	11546.638	1080.036	11379.000	10065	14826	993.478	659.333	4.522	1.365	0.473	1.269	993.478	659.307	4.526	990	655	4	8	12	2
69	62.224	152.286	378	255	9749085	25791.230	15645.254	20635.500	10037	65535	567.122	661.246	6.791	2.688	0.980	2.715	567.164	662.169	6.638	563	651	4	9	22	6
70	15.474	50.301	94	88	1453347	15461.139	3484.531	14966.500	10240	24729	304.883	671.191	4.830	1.331	0.389	1.288	304.907	671.207	4.820	301	667	4	9	9	3
71	20.083	57.439	122	94	2908401	23839.352	9466.287	21897.500	10262	49927	515.172	688.566	5.984	1.492	0.369	1.454	515.281	688.608	6.009	510	686	4	11	6	5
72	10.535	42.648	64	60	988152	15439.875	4607.028	14445.500	10242	28143	265.422	699.031	4.688	1.258	0.521	1.139	265.544	699.155	4.676	262	694	4	8	10	3
73	34.075	80.987	207	143	4998898	24149.266	11122.014	20907.000	10248	50661	380.010	701.647	5.647	1.826	0.408	1.801	379.893	701.676	5.655	374	698	4	13	7	4
74	21.071	62.542	128	95	2678703	20927.367	8720.122	18388.000	10156	38589	486.961	712.906	5.453	1.522	0.322	1.564	486.952	712.941	5.463	484	708	4	7	10	4
75	29.960	78.333	182	124	4480647	24618.939	12961.828	21667.500	10063	60812	726.643	714.566	5.505	1.758	0.339	1.715	726.449	714.468	5.516	721	711	4	12	7	4
76	27.491	71.852	167	114	3992796	23908.959	11801.668	20872.000	10102	55292	869.719	716.515	5.934	1.761	0.465	1.863	869.741	716.380	5.955	867	712	4	7	11	5
77	17.614	56.475	107	78	2687223	25114.234	12265.179	22405.000	10197	58809	625.495	742.533	5.813	1.491	0.339	1.479	625.445	742.514	5.858	621	740	4	9	6	5
78	22.223	93.331	135	118	1852659	13723.400	3068.597	13070.000	10037	25232	856.919	755.185	6.304	2.097	0.873	2.019	857.005	755.044	6.256	851	747	4	11	17	5
79	4.280	23.755	26	26	330788	12722.615	1800.468	12322.000	10029	16502	969.077	756.154	4.538	0.899	0.328	0.795	969.031	756.069	4.525	966	755	4	7	5	2
80	29.795	89.399	181	142	3835334	21189.691	10102.965	18947.000	10036	55256	205.508	775.282	5.414	1.994	0.839	1.798	205.651	774.793	5.420	201	769	4	9	17	4
81	5.761	23.755	35	31	629275	17979.285	5881.846	16129.000	10578	32143	854.429	797.371	5.143	0.943	0.200	1.013	854.436	797.351	5.167	852	796	4	5	4	3
82	14.486	45.958	88	75	1510971	17170.125	6023.968	15455.000	10032	32472	559.705	811.602	5.705	1.249	0.265	1.279	559.720	811.686	5.661	557	808	4	7	8	4
83	40.166	87.402	244	148	7702470	31567.500	18279.900	26798.000	10137	65535	65.254	823.975	6.779	2.038	0.466	2.093	65.325	823.820	6.697	63	819	4	6	11	6
84	23.211	78.952	141	123	2611820	18523.547	6299.286	17985.000	10042	33670	206.766	827.482	5.589	1.698	0.750	1.583	206.613	827.666	5.571	202	820	4	12	14	4
85	4.609	24.341	28	28	361013	12893.321	2306.277	12513.500	10152	17159	479.250	859.607	4.714	1.028	0.427	1.020	479.283	859.687	4.749	478	855	4	3	9	2
86	21.071	67.505	128	117	1786531	13957.273	3024.719	13088.000	10246	23344	711.375	878.094	5.258	1.418	0.417	1.451	711.434	878.061	5.247	707	874	4	10	9	3
87	3.128	19.549	19	19	216577	11398.789	1288.938	10672.000	10028	13786	465.632	892.684	4.579	0.792	0.194	0.799	465.606	892.718	4.601	464	891	4	5	4	2
88	16.132	59.577	98	87	1820320	18574.693	7029.599	18043.500	10027	40102	644.653	899.929	5.704	1.663	0.645	1.659	644.494	899.970	5.658	639	896	4	13	8	4
89	21.400	62.887	130	99	2657888	20445.293	8406.396	18235.500	10052	45811	130.338	906.462	5.185	1.557	0.407	1.523	130.440	906.596	5.217	126	902	4	9	10	4
90	8.560	32.064	52	43	803333	15448.712	4336.021	14603.000	10107	25310	538.462	598.269	6.115	1.078	0.181	1.102	538.462	598.235	6.152	536	596	5	6	6	3
91	21.564	58.336	131	92	2985016	22786.381	11303.775	18014.000	10031	55073	598.733	600.000	6.527	1.523	0.233	1.522	598.720	600.032	6.558	596	596	5	7	9	4
92	6.914	29.444	42	38	671685	15992.500	4291.651	15931.500	10075	25128	552.190	614.738	6.524	0.964	0.314	0.935	552.247	614.813	6.529	550	612	5	5	6	4
93	6.091	30.926	37	34	494978	13377.784	2629.966	12626.000	10037	20888	836.054	618.541	6.108	0.988	0.284	0.999	836.001	618.599	6.099	833	615	5	7	6	3
94	3.457	22.858	21	21	267987	12761.286	2954.846	11373.000	10099	19749	428.048	644.571	5.952	1.026	0.449	1.072	428.046	644.550	5.952	425	642	5	6	7	3
95	15.145	44.027	92	74	1542911	16770.771	5315.078	16119.000	10034	32018	719.978	674.370	5.913	1.284	0.205	1.275	719.930	674.349	5.879	716	672	5	8	6	3
96	25.515	67.679	155	115	2465042	15903.497	4415.437	15213.000	10129	27504	854.465	686.097	6.903	1.567	0.317	1.560	854.502	686.071	6.878	850	683	5	10	8	5
97	20.741	60.370	126	89	2689574	21345.826	9287.343	18706.500	10079	43530	507.548	718.754	6.746	1.511	0.280	1.496	507.582	718.803	6.723	505	714	5	7	9	5
98	11.358	38.683	69	62	1221319	17700.275	4406.123	17415.000	10141	27557	285.710	733.377	5.667	1.172	0.317	1.176	285.724	733.335	5.673	283	730	5	6	8	3
99	13.828	41.785	84	81	1392416	16576.381	4516.973	16202.500	10068	29038	294.548	737.119	5.571	1.165	0.313	1.192	294.507	737.038	5.576	291	734	5	8	7	3
100	15.145	39.992	92	92	1369898	14890.195	2824.900	14778.000	10128	22606	241.293	740.337	5.489	1.184	0.335	1.220	241.264	740.435	5.496	238	737	5	7	8	2
101	6.749	27.754	41	40	575532	14037.366	2894.842	13557.000	10163	20342	267.268	758.585	5.610	0.928	0.265	0.884	267.266	758.616	5.632	265	756	5	6	6	3
102	11.852	37.649	72	58	1258946	17485.361	6371.102	15308.000	10086	36681	708.042	767.639	6.042	1.196	0.177	1.207	708.026	767.606	6.036	705	765	5	7	6	3
103	7.901	30.237	48	41	997670	20784.791	9169.709	18394.000	10182	44493	290.521	791.542	6.042	1.077	0.227	1.115	290.495	791.574	6.111	288	790	5	7	4	3
104	26.667	78.541	162	114	2986053	18432.426	6370.045	16983.500	10042	35522	844.698	791.377	7.506	1.816	0.633	1.811	844.648	791.417	7.472	841	787	5	9	9	6
105	2.798	18.204	17	17	213281	12545.941	1957.920	12016.000	10064	16137	698.706	804.353	5.941	0.879	0.488	0.759	698.678	804.412	5.946	696	801	5	7	6	2
106	36.874	87.020	224	148	4513554	20149.795	8190.430	18507.500	10082	42267	800.571	827.946	7.076	1.826	0.330	1.880	800.640	827.964	7.014	796	823	5	10	10	5
107	3.786	24.204	23	23	293948	12780.348	2041.479	12582.000	10026	17612	948.957	838.174	5.913	0.915	0.360	0.961	948.916	838.138	5.908	946	836	5	6	5	3
108	15.803	46.406	96	78	1891633	19704.510	7190.406	18755.500	10233	41568	297.552	855.750	5.938	1.318	0.244	1.304	297.490	855.863	5.931	294	853	5	8	7	3
109	32.923	86.468	200	153	4105228	20526.141	7750.984	19740.500	10111	39535	300.370	910.900	6.215	1.874	0.599	1.824	300.579	910.933	6.267	294	907	5	14	8	4
110	6.585	34.684	40	36	555479	13886.975	3382.458	13145.000	10089	23032	389.100	913.500	6.025	1.159	0.450	1.086	389.103	913.451	6.027	388	908	5	4	11	3
111	3.951	25.823	24	24	293232	12218.000	1574.862	11770.500	10128	15677	289.292	920.792	5.917	1.061	0.533	1.070	289.260	920.781	5.926	285	919	5	9	6	2
112	7.243	28.788	44	44	606258	13778.591	2516.313	13542.000	10233	19654	494.545	690.000	6.432	0.933	0.268	0.925	494.612	690.016	6.445	492	688	6	7	6	2
113	23.869	72.437	145	109	2939445	20272.035	8286.325	18976.000	10058	44451	586.234	703.200	8.207	1.629	0.459	1.636	586.208	703.098	8.195	583	698	6	8	11	5
114	14.486	51.061	88	77	1505726	17110.523	5010.884	15502.500	10292	30596	620.807	717.295	6.875	1.585	0.599	1.531	620.688	717.349	6.880	616	715	6	12	6	4
115	18.272	63.265	111	101	1773747	15979.703	4232.962	15721.000	10116	27528	717.586	730.459	6.685	1.442	0.479	1.405	717.585	730.613	6.667	713	726	6	10	9	3
116	3.622	20.031	22	22	288594	13117.909	1566.807	13261.000	10695	16617	359.773	743.864	6.136	1.005	0.419	1.039	359.755	743.837	6.128	357	742	6	7	6	2
117	42.635	103.638	259	180	5898666	22774.771	10039.673	20680.000	10071	54571	595.405	763.301	8.050	1.974	0.471	1.997	595.589	763.176	8.013	589	757	6	12	12	5
118	8.725	32.409	53	44	1077044	20321.584	8306.108	18823.000	10425	45305	298.075	783.302	6.887	1.102	0.197	1.103	298.087	783.290	6.852	296	780	6	5	8	3
119	8.231	37.512	50	46	770872	15417.440	4557.608	13670.500	10113	30799	462.060	796.580	7.000	1.206	0.438	1.231	462.158	796.485	7.013	459	794	6	7	7	3
120	11.029	40.718	67	60	1160913	17327.061	5029.025	17820.000	10068	29619	460.702	818.463	6.716	1.163	0.310	1.175	460.716	818.457	6.672	457	816	6	8	6	3
121	8.560	33.995	52	43	799010	15365.577	3800.479	13975.500	10408	27314	881.654	826.346	6.904	1.104	0.233	1.115	881.674	826.293	6.889	879	824	6	6	6	3
122	32.264	90.192	196	147	3431537	17507.842	5584.116	17536.000	10041	34309	341.638	896.143	7.291	1.799	0.508	1.802	341.657	896.145	7.297	338	890	6	8	14	4
123	9.218	36.856	56	56	814074	14537.036	3548.297	13560.000	10285	23915	420.054	920.911	6.446	1.108	0.417	1.022	420.147	921.050	6.466	416	916	6	8	9	2
124	14.815	46.028	90	70	1989467	22105.189	9542.739	20573.500	10283	49353	64.500	932.333	7.867	1.376	0.327	1.318	64.350	932.276	7.893	62	930	6	7	5	5
125	19.424	54.337	118	84	2552413	21630.619	8282.923	20689.000	10215	40905	849.754	537.661	9.212	1.532	0.365	1.485	849.801	537.641	9.181	847	535	7	7	6	5
126	29.795	74.438	181	118	4395465	24284.338	11431.892	22872.000	10087	53517	811.166	545.702	9.320	1.780	0.379	1.752	811.140	545.718	9.299	806	543	7	10	6	6
127	43.458	149.840	264	211	4203472	15922.242	5400.161	14175.000	10040	36739	582.970	579.776	10.352	2.895	1.128	2.862	583.497	579.943	10.003	574	575	7	19	11	8
128	12.840	38.305	78	61	1604125	20565.705	7804.781	19416.000	10035	41851	845.154	650.513	8.064	1.272	0.261	1.197	845.210	650.551	8.027	843	648	7	5	6	4
129	2.634	16.584	16	15	198640	12415.000	2376.503	11370.500	10435	18875	838.438	659.688	7.812	0.769	0.261	0.821	838.437	659.680	7.839	837	658	7	4	4	3
130	29.795	76.643	181	126	3851250	21277.625	9109.898	19361.000	10054	51392	866.028	664.365	8.652	1.716	0.355	1.740	865.970	664.537	8.703	862	660	7	8	10	5
131	10.700	45.476	65	59	887941	13660.631	2724.005	13096.000	10164	22123	761.462	679.908	8.446	1.207	0.402	1.184	761.502	679.981	8.436	758	677	7	7	6	4
132	27.984	76.369	170	109	4702183	27659.900	15998.929	23227.000	10040	65535	298.276	687.853	9.347	1.782	0.406	1.774	298.301	687.801	9.334	294	684	7	9	9	6
133	11.688	38.787	71	60	1091033	15366.662	4146.215	14678.000	10077	30295	582.408	713.704	8.197	1.198	0.267	1.201	582.353	713.639	8.222	580	710	7	6	8	3
134	39.837	90.330	242	164	5899657	24378.748	12703.096	18914.500	10104	65535	177.050	714.665	8.587	1.967	0.479	1.956	177.498	714.414	8.544	172	711	7	13	10	4
135	9.218	35.822	56	48	808088	14430.143	3688.719	13724.000	10072	23511	823.571	805.857	7.911	1.136	0.239	1.116	823.631	805.861	7.885	820	804	7	8	5	3
136	9.054	34.684	55	52	806396	14661.745	3294.317	13914.000	10044	24095	846.782	817.418	8.582	1.064	0.332	1.075	846.761	817.479	8.581	845	814	7	5	7	4
137	24.857	72.333	151	116	2645362	17518.953	5870.102	16766.000	10122	38376	813.921	817.026	8.861	1.576	0.338	1.543	813.876	817.144	8.873	809	814	7	11	8	5
138	6.255	27.858	38	36	481094	12660.368	2019.727	11905.500	10161	17205	342.526	851.474	7.737	0.917	0.254	0.953	342.482	851.491	7.747	340	849	7	5	6	3
139	23.046	62.853	140	93	3449988	24642.771	13214.989	20169.500	10039	62321	762.593	870.643	9.229	1.627	0.303	1.631	762.593	870.677	9.205	758	867	7	9	7	5
140	22.058	66.681	134	101	3271393	24413.381	10019.939	23914.500	10078	46578	477.425	937.910	9.866	1.765	0.527	1.847	477.435	937.960	9.811	472	935	7	10	6	6
141	2.634	15.239	16	16	178504	11156.500	721.750	10877.000	10029	12422	844.688	640.250	8.250	0.692	0.211	0.741	844.692	640.264	8.253	843	638	8	4	5	2
142	12.346	44.168	75	61	2210307	29470.760	16874.723	23510.000	10049	65535	283.427	659.840	9.627	1.382	0.400	1.418	283.384	659.706	9.550	281	658	8	6	5	5
143	11.852	38.546	72	60	1126598	15647.194	3530.731	15555.000	10219	24885	305.000	680.514	9.125	1.181	0.218	1.195	305.028	680.522	9.181	302	678	8	7	6	3
144	4.609	21.617	28	28	354152	12648.286	2064.058	12345.000	10077	17480	492.500	725.857	8.679	0.828	0.246	0.835	492.490	725.806	8.689	491	724	8	4	6	2
145	18.437	56.094	112	95	1680109	15000.974	3535.761	14164.500	10031	26436	176.143	733.268	9.089	1.405	0.344	1.367	176.215	733.247	9.110	172	731	8	10	6	3
146	14.321	42.200	87	71	1519475	17465.230	5372.605	16964.000	10387	31705	853.264	734.805	9.011	1.255	0.199	1.251	853.228	734.819	8.984	850	732	8	7	7	3
147	11.523	45.543	70	70	886898	12669.972	1704.015	12335.000	10039	16463	119.986	790.343	9.257	1.203	0.393	1.239	119.982	790.350	9.248	117	786	8	7	9	3
148	25.186	66.678	153	121	2701733	17658.385	6088.166	16315.000	10033	35629	94.072	819.065	9.333	1.559	0.390	1.570	94.048	819.133	9.374	91	815	8	8	9	4
149	1.646	13.171	10	10	110216	11021.600	813.858	10946.500	10125	12427	338.200	860.200	8.400	0.755	0.234	0.710	338.237	860.208	8.400	336	859	8	5	3	2
150	23.540	73.267	143	102	3983109	27853.908	14974.034	23686.000	10136	65535	692.615	893.301	10.259	1.758	0.512	1.826	692.595	893.344	10.267	688	891	8	11	6	6
151	12.181	44.235	74	64	1105465	14938.716	3556.211	14780.000	10137	23421	468.378	607.662	10.757	1.253	0.377	1.312	468.359	607.632	10.708	464	605	9	9	6	4
152	22.388	73.093	136	103	2325566	17099.750	5193.293	16858.500	10094	28367	577.309	639.478	10.618	1.706	0.581	1.760	577.275	639.410	10.565	575	633	9	6	14	4
153	43.787	102.708	266	176	5751193	21621.025	8943.606	20299.500	10069	44252	267.639	671.132	11.342	2.028	0.499	2.037	267.677	671.341	11.292	264	664	9	8	14	5
154	11.852	43.994	72	61	1125223	15628.098	4438.674	15090.500	10086	28827	240.778	682.625	10.444	1.283	0.420	1.260	240.887	682.717	10.375	236	681	9	9	5	4
155	16.132	49.475	98	76	1598170	16307.857	4537.765	15858.500	10034	28348	247.153	694.908	10.633	1.410	0.373	1.405	247.091	694.905	10.624	243	692	9	9	6	4
156	6.914	28.547	42	41	515779	12280.452	1465.502	12017.000	10079	16107	226.357	698.214	10.333	0.959	0.315	0.984	226.386	698.265	10.335	224	696	9	6	5	3
157	35.557	82.710	216	152	4325790	20026.805	7147.379	19415.500	10093	37747	132.407	796.366	10.718	1.772	0.367	1.773	132.361	796.315	10.712	128	793	9	10	9	5
158	27.161	81.368	165	114	2888058	17503.381	6166.116	15941.000	10084	34917	980.594	669.315	12.667	1.732	0.443	1.723	980.651	669.102	12.574	977	665	10	8	10	6
159	24.857	68.920	151	111	2529552	16752.000	5828.023	15480.000	10029	33053	892.881	718.139	11.185	1.581	0.362	1.552	892.896	718.000	11.183	889	714	10	8	10	4
160	28.807	80.090	175	132	2777014	15868.651	4646.578	14752.000	10087	29510	851.954	810.297	11.743	1.682	0.460	1.742	851.993	810.344	11.726	847	807	10	11	8	4
161	13.828	47.718	84	68	1429990	17023.691	5233.956	16204.000	10100	35717	760.333	555.929	13.667	1.407	0.420	1.368	760.327	555.812	13.599	757	554	11	7	5	6
162	19.424	58.647	118	83	1920555	16275.890	4499.565	15526.500	10030	27631	961.042	574.008	12.780	1.516	0.335	1.483	961.067	573.978	12.785	958	571	11	7	7	5
163	12.017	51.131	73	64	950550	13021.232	2343.573	12677.000	10052	18645	647.342	605.822	12.644	1.442	0.546	1.423	647.361	605.766	12.632	646	601	11	4	13	4
164	17.284	52.062	105	78	1690021	16095.438	4368.205	15199.000	10029	26956	950.981	651.171	12.638	1.447	0.287	1.441	950.947	651.185	12.643	947	648	11	8	6	4
165	19.754	58.992	120	91	2149406	17911.717	6613.219	16326.000	10028	34019	763.250	733.625	12.733	1.487	0.309	1.458	763.273	733.579	12.739	760	731	11	8	6	5
166	17.614	53.510	107	73	2454931	22943.281	10630.181	19146.000	10239	48661	660.720	742.935	13.121	1.520	0.350	1.407	660.699	742.873	13.131	658	740	11	6	7	5
167	34.075	86.090	207	140	3921976	18946.744	6324.601	17651.000	10185	37182	179.121	783.493	12.899	1.864	0.479	1.871	179.046	783.410	12.872	175	778	11	9	12	5
168	3.951	26.031	24	24	296695	12362.292	1747.411	11991.500	10033	15318	97.542	833.208	11.500	0.930	0.265	0.912	97.604	833.074	11.483	96	831	11	5	6	2
169	3.786	19.894	23	23	279984	12173.218	1575.244	11719.000	10033	15577	167.043	956.043	11.565	0.774	0.174	0.740	167.000	956.065	11.574	165	955	11	5	3	2
170	27.984	74.093	170	108	3451595	20303.500	7989.558	18717.000	10059	45502	983.929	541.941	13.941	1.770	0.412	1.731	984.055	541.977	13.934	980	539	12	9	7	6
171	34.240	83.918	208	138	4219063	20283.957	7133.768	20327.500	10061	37384	661.245	634.851	14.303	1.765	0.278	1.775	661.190	634.788	14.229	657	631	12	9	9	5
172	10.535	40.821	64	54	855854	13372.719	2717.979	13013.000	10056	20044	942.516	721.969	13.609	1.170	0.305	1.173	942.502	721.930	13.583	939	720	12	8	5	4
173	26.997	70.851	164	112	3117130	19006.891	6936.161	17821.500	10101	36970	799.067	729.140	13.756	1.645	0.300	1.679	798.989	729.079	13.763	795	726	12	9	8	5
174	7.243	31.960	44	43	565712	12857.091	1926.713	12517.500	10156	17053	923.273	743.568	13.432	1.001	0.326	0.930	923.280	743.523	13.426	919	741	12	9	6	3
175	34.075	85.160	207	136	4007204	19358.473	6740.918	18286.000	10105	36884	476.391	766.251	14.193	1.817	0.332	1.851	476.352	766.265	14.178	472	761	12	10	10	5
176	21.729	62.920	132	106	2051232	15539.637	3682.213	15223.000	10029	25877	902.189	778.447	13.879	1.473	0.340	1.457	902.270	778.464	13.886	898	775	12	10	8	4
177	12.511	61.920	76	72	949808	12497.474	2077.044	12176.500	10034	17162	535.329	906.145	13.000	1.762	0.820	1.620	535.143	906.081	12.991	528	903	12	17	7	3
178	6.749	36.960	41	41	495920	12095.609	1581.374	11681.000	10154	15638	597.756	904.317	13.000	1.296	0.637	1.228	597.668	904.255	12.994	594	901	12	9	9	3
179	19.589	65.025	119	88	1763414	14818.605	3534.072	14166.000	10027	24647	736.563	596.345	14.950	1.557	0.401	1.505	736.498	596.329	14.952	731	594	13	11	6	5
180	20.083	60.645	122	98	1866229	15296.959	3773.437	14501.500	10070	27036	593.148	610.779	14.074	1.528	0.420	1.486	593.160	610.673	14.055	590	605	13	7	12	3
181	29.301	83.229	178	120	3227832	18133.887	6160.968	17562.500	10037	35893	526.129	632.449	14.876	1.698	0.328	1.707	526.131	632.408	14.857	521	629	13	11	8	5
182	25.515	61.575	155	120	2678219	17278.832	4276.378	17214.000	10074	29166	743.181	657.955	14.052	1.520	0.289	1.547	743.149	657.879	14.068	739	654	13	9	8	4
183	6.914	28.065	42	37	614514	14631.286	3074.627	13798.500	10164	22229	948.524	687.095	14.286	1.044	0.306	1.024	948.586	687.134	14.273	946	685	13	6	4	4
184	8.231	34.788	50	45	655399	13107.980	2393.900	12780.500	10059	19194	563.240	734.000	14.140	1.029	0.288	1.055	563.253	734.097	14.175	560	732	13	7	5	3
185	14.980	49.441	91	70	1555134	17089.385	4536.802	16780.000	10140	29168	519.275	742.560	14.176	1.371	0.303	1.362	519.315	742.518	14.141	516	739	13	7	8	4
186	6.914	31.927	42	38	558154	13289.381	2404.274	13049.000	10132	18027	968.214	740.381	14.524	1.002	0.327	0.910	968.181	740.356	14.519	966	739	13	6	4	4
187	9.548	37.719	58	45	912040	15724.827	3926.373	15001.000	10334	24023	976.569	744.224	14.569	1.234	0.344	1.254	976.585	744.251	14.557	974	742	13	6	6	4
188	19.424	55.612	118	87	2333399	19774.568	6730.450	18474.000	10038	40320	289.059	754.695	14.127	1.447	0.275	1.432	289.048	754.593	14.099	286	751	13	7	8	4
189	6.420	27.617	39	35	516882	13253.385	2385.104	12777.000	10027	19540	724.872	765.974	13.897	1.029	0.264	1.023	724.872	765.960	13.879	723	763	13	4	7	3
190	22.223	68.438	135	95	2047662	15167.866	3882.915	14051.000	10098	25221	844.496	767.178	14.548	1.585	0.319	1.596	844.471	767.244	14.554	841	763	13	9	9	5
191	17.943	55.267	109	84	1908939	17513.201	5199.463	16635.000	10086	29465	273.156	767.743	14.385	1.395	0.310	1.428	273.177	767.731	14.391	270	765	13	8	7	4
192	20.741	65.403	126	101	1864951	14801.198	3927.158	13530.500	10061	26381	854.770	786.635	14.746	1.477	0.388	1.420	854.664	786.546	14.717	850	783	13	10	9	4
193	7.737	32.961	47	40	725947	15445.681	3797.549	15889.000	10092	24505	759.511	833.043	14.404	1.107	0.346	1.138	759.454	833.041	14.390	756	832	13	8	4	4
194	10.700	40.925	65	60	916159	14094.754	2570.354	14145.000	10096	19171	826.108	839.446	14.246	1.132	0.334	1.152	826.161	839.492	14.272	822	837	13	8	5	3
195	7.408	35.926	45	42	578270	12850.444	2318.918	11873.000	10126	17716	562.600	896.578	13.578	1.031	0.323	0.996	562.600	896.521	13.563	560	894	13	6	7	3
196	7.572	31.512	46	45	610926	13281.000	2106.669	12872.500	10388	17449	584.370	905.739	13.630	0.965	0.310	0.957	584.355	905.814	13.618	581	902	13	7	7	3
197	1.811	14.205	11	11	121244	11022.182	922.923	10763.000	10031	12609	859.909	572.909	14.636	0.801	0.273	0.759	859.942	572.910	14.626	858	572	14	6	3	2
198	10.206	49.923	62	61	769608	12413.032	1822.488	11988.500	10133	18228	870.952	629.484	14.629	1.288	0.545	1.186	870.923	629.415	14.627	868	624	14	6	12	3
199	2.963	17.514	18	18	207031	11501.723	1458.338	10953.000	10035	14613	1012.944	632.722	14.278	0.749	0.227	0.758	1012.926	632.753	14.266	1011	630	14	4	6	2
200	3.457	19.997	21	21	241102	11481.048	1203.078	11309.000	10089	14577	600.857	632.857	14.524	0.857	0.284	0.776	600.789	632.900	14.510	599	632	14	6	4	2
201	19.260	62.301	117	90	1701373	14541.649	3511.638	13849.000	10029	24994	557.701	648.214	15.598	1.477	0.348	1.483	557.551	648.269	15.631	554	645	14	9	7	4
202	1.646	11.481	10	10	125013	12501.300	1391.233	12435.000	10233	14218	636.900	684.000	14.700	0.623	0.169	0.675	636.929	684.038	14.739	635	683	14	4	3	2
203	3.786	22.273	23	22	288966	12563.739	2141.491	11429.000	10196	17107	502.565	721.000	15.043	0.840	0.298	0.857	502.581	721.036	15.035	501	719	14	4	5	3
204	35.392	85.227	215	156	3582001	16660.471	4627.019	15673.000	10030	28764	347.405	729.284	15.214	1.719	0.334	1.751	347.376	729.292	15.199	343	725	14	10	10	4
205	25.351	91.953	154	119	2575771	16725.785	5922.645	14713.500	10031	34184	115.968	803.558	16.045	2.164	1.015	1.983	116.376	803.189	16.043	108	798	14	14	15	5
206	5.268	30.960	32	32	377870	11808.438	1510.457	11296.000	10036	15575	521.312	816.781	14.938	1.062	0.441	1.079	521.380	816.756	14.945	518	814	14	7	8	2
207	5.432	27.858	33	33	412329	12494.818	1887.053	12378.000	10028	17874	566.394	822.364	14.515	0.886	0.263	0.838	566.364	822.372	14.526	565	819	14	4	7	2
208	14.321	54.267	87	80	1145249	13163.781	2179.052	12443.000	10107	20929	841.126	833.839	15.310	1.275	0.393	1.283	841.111	833.783	15.300	838	829	14	7	10	3
209	16.791	56.405	102	81	1431065	14030.049	2969.340	13583.000	10029	25280	660.863	841.157	15.588	1.401	0.380	1.427	660.809	841.134	15.563	656	838	14	10	7	4
210	16.132	53.096	98	80	1392355	14207.704	3300.598	13360.000	10064	23476	345.204	871.204	15.765	1.380	0.339	1.382	345.312	871.182	15.729	340	869	14	10	5	4
211	37.367	88.158	227	161	4593389	20235.193	9021.234	17606.000	10054	55133	75.396	869.665	16.233	1.895	0.513	1.897	75.878	870.073	16.214	70	864	14	11	11	5
212	19.424	67.642	118	118	1540157	13052.178	2068.001	12797.000	10047	18713	527.280	879.593	14.500	1.712	0.763	1.606	527.318	879.680	14.510	519	876	14	16	7	2
213	30.947	76.332	188	131	3203173	17038.154	4986.430	16340.000	10045	29824	449.957	919.372	15.505	1.734	0.331	1.689	449.985	919.389	15.472	446	914	14	9	11	4
214	2.140	14.205	13	13	154268	11866.770	1684.858	11366.000	10027	15827	376.000	656.692	15.615	0.686	0.152	0.654	376.000	656.721	15.643	374	656	15	5	3	2
215	1.646	10.792	10	10	116636	11663.600	1371.369	11617.500	10050	13901	917.600	734.300	15.400	0.619	0.135	0.623	917.631	734.294	15.424	917	733	15	2	4	2
216	1.646	13.067	10	10	107951	10795.100	818.101	10368.500	10072	12068	639.000	788.600	15.700	0.667	0.180	0.668	638.985	788.653	15.696	638	787	15	3	5	2
217	32.100	82.640	195	153	2938220	15067.795	3408.931	14621.000	10073	26280	309.585	800.338	15.903	1.787	0.570	1.735	309.648	800.455	15.878	307	793	15	7	15	3
218	12.840	42.234	78	75	1036509	13288.577	1909.534	13134.000	10133	17934	780.269	812.564	15.551	1.152	0.352	1.187	780.331	812.556	15.530	776	809	15	8	8	3
219	9.218	48.545	56	56	654517	11687.804	1608.003	11279.500	10050	18285	364.214	836.339	16.536	1.437	0.639	1.356	364.149	836.336	16.531	358	834	16	13	5	2
