 	Volume (micron^3)	Surface (micron^2)	Nb of obj. voxels	Nb of surf. voxels	IntDen	Mean	StdDev	Median	Min	Max	X	Y	Z	Mean dist. to surf. (micron)	SD dist. to surf. (micron)	Median dist. to surf. (micron)	XM	YM	ZM	BX	BY	BZ	B-width	B-height	B-depth
1	59.920	151.667	364	239	10789713	29642.068	16499.840	25279.500	10753	65535	660.717	431.319	4.555	2.581	0.887	2.637	660.841	431.350	4.544	654	426	1	15	13	8
2	26.997	90.611	164	112	3988360	24319.268	13283.738	19471.500	10686	60995	214.854	336.421	5.750	2.164	0.832	2.165	214.734	336.214	5.441	212	334	2	8	9	8
3	18.601	60.923	113	83	2551285	22577.744	10930.008	19790.000	10774	56275	542.460	362.292	4.035	1.524	0.394	1.475	542.418	362.267	4.016	538	359	2	10	7	5
4	75.064	187.556	456	313	10838711	23769.104	11211.427	20842.500	10743	59977	279.140	399.024	5.430	2.731	0.937	2.732	279.909	399.091	5.195	270	391	2	19	18	7
5	38.520	90.607	234	148	7524567	32156.270	18381.492	26402.500	10723	65535	585.991	425.744	4.846	1.980	0.470	1.953	586.028	425.569	4.871	582	420	2	8	12	7
6	25.515	67.542	155	110	3725026	24032.426	9556.450	23354.000	10782	49653	323.890	275.006	5.006	1.573	0.264	1.574	323.865	275.068	5.010	320	272	3	9	7	5
7	32.758	79.437	199	124	6811780	34230.051	18430.395	28623.000	11036	65535	162.543	287.462	5.060	1.882	0.340	1.959	162.569	287.413	5.085	159	284	3	8	9	6
8	25.351	67.508	154	94	4702822	30537.805	17173.559	26071.500	10734	65535	244.922	316.227	5.013	1.721	0.347	1.689	244.947	316.340	5.054	241	313	3	9	7	6
9	28.972	70.851	176	116	4619833	26249.051	11980.191	23396.500	10724	61021	381.307	316.767	4.699	1.679	0.226	1.675	381.273	316.705	4.707	378	313	3	9	8	5
10	25.351	63.713	154	108	3449954	22402.299	9281.070	19709.500	10776	51312	352.643	322.935	4.734	1.581	0.231	1.585	352.590	322.875	4.713	349	319	3	8	9	4
11	13.169	45.787	80	61	2468118	30851.475	17286.883	26332.000	11074	65535	519.188	329.975	5.300	1.368	0.326	1.402	519.187	330.010	5.228	517	327	3	6	7	5
12	29.301	73.645	178	113	5393921	30302.928	16650.072	26094.000	10696	65535	249.393	346.157	5.753	1.787	0.366	1.729	249.414	346.067	5.687	246	343	3	8	8	6
13	73.253	178.665	445	275	13773842	30952.453	17386.111	25132.000	10713	65535	118.249	348.187	5.879	2.580	0.795	2.662	118.740	348.411	5.862	109	343	3	18	12	7
14	42.800	114.259	260	183	6879899	26461.150	13475.982	23364.000	10708	65535	72.338	358.573	5.254	2.077	0.666	2.070	72.256	358.645	5.212	65	354	3	15	10	5
15	25.515	66.611	155	105	4738292	30569.625	17362.994	25792.000	10736	65535	50.929	372.923	5.523	1.661	0.322	1.683	51.038	372.934	5.478	46	370	3	10	6	6
16	80.990	178.802	492	289	16210480	32948.129	18266.396	27561.500	10737	65535	215.837	372.545	6.998	2.877	0.930	2.845	215.470	372.759	6.910	209	364	3	17	16	8
17	42.635	93.847	259	159	7677260	29641.930	16287.085	24593.000	10755	65535	523.525	374.286	5.475	1.913	0.258	1.919	523.571	374.323	5.443	519	370	3	10	10	6
18	40.166	85.712	244	143	8055868	33015.852	17480.088	29779.000	10939	65535	377.975	378.307	5.939	1.974	0.277	1.981	377.942	378.288	5.848	374	374	3	9	9	6
19	51.524	123.257	313	202	9521867	30421.301	18733.793	23130.000	10688	65535	529.022	390.067	5.492	2.291	0.667	2.341	528.282	389.553	5.504	523	386	3	15	11	6
20	22.717	63.543	138	93	4059220	29414.637	16652.736	23173.500	10694	65535	724.478	422.993	4.696	1.615	0.322	1.627	724.421	422.977	4.704	721	420	3	8	8	5
21	45.434	97.467	276	164	8681896	31456.145	17085.141	26389.500	10692	65535	492.319	452.949	4.696	2.023	0.340	2.023	492.333	452.911	4.676	487	449	3	12	9	5
22	77.369	161.388	470	276	14493414	30837.051	17224.176	26259.000	10713	65535	639.987	458.864	5.823	2.490	0.647	2.498	639.701	458.422	5.730	634	452	3	14	16	6
23	20.906	63.439	127	99	2720072	21417.891	7864.542	20398.000	10879	46152	691.472	471.693	5.850	1.648	0.563	1.524	691.862	471.651	5.727	686	470	3	11	5	6
24	34.569	80.953	210	128	6381261	30386.957	17091.949	26630.500	10891	65535	648.819	479.310	5.376	1.837	0.293	1.812	648.826	479.301	5.355	644	476	3	10	8	6
25	28.149	75.921	171	107	4234820	24765.029	12178.197	22053.000	10694	65535	784.836	522.216	5.415	1.765	0.401	1.652	784.874	522.101	5.302	781	519	3	8	8	6
26	36.874	84.470	224	140	7290266	32545.830	18163.809	27850.000	10752	65535	672.625	523.951	5.647	1.879	0.321	1.872	672.683	523.870	5.570	668	521	3	10	7	6
27	23.211	59.025	141	95	3329915	23616.418	10512.420	20128.000	10753	47643	786.794	578.411	4.539	1.563	0.191	1.565	786.769	578.414	4.559	784	575	3	7	8	4
28	17.943	55.612	109	86	2221543	20381.129	7975.708	18791.000	10699	40282	759.587	592.257	4.633	1.384	0.305	1.391	759.694	592.364	4.604	756	589	3	8	8	4
29	32.264	84.574	196	135	5431290	27710.664	14666.321	23389.500	10746	65535	75.730	203.061	6.383	1.870	0.503	1.834	75.732	202.862	6.408	73	198	4	7	12	6
30	49.384	129.327	300	198	9067323	30224.410	17356.748	25022.500	10702	65535	219.577	232.980	7.787	2.283	0.783	2.369	219.641	232.997	7.746	215	227	4	10	13	8
31	24.528	62.164	149	97	4589707	30803.402	17364.383	23743.000	10742	65535	164.262	254.658	5.919	1.693	0.336	1.694	164.282	254.702	5.887	162	251	4	6	8	5
32	19.754	53.025	120	96	2162339	18019.492	5269.606	17271.500	10718	36517	295.008	283.175	6.117	1.409	0.254	1.390	295.039	283.156	6.131	292	280	4	7	8	5
33	20.741	65.714	126	99	2570782	20403.031	8136.614	19042.000	11000	52810	263.460	305.064	5.976	1.657	0.557	1.738	263.687	305.079	5.809	259	302	4	10	7	5
34	25.351	67.679	154	112	3511261	22800.396	9750.514	20240.000	10945	51981	333.351	317.299	5.935	1.578	0.329	1.547	333.159	317.286	5.919	329	314	4	10	7	5
35	14.486	48.304	88	66	1806154	20524.477	7735.087	18700.500	10692	44517	232.943	318.489	6.227	1.357	0.339	1.296	232.862	318.368	6.167	230	316	4	7	6	5
36	74.570	155.010	453	276	13384261	29545.830	15596.076	24115.000	10724	65535	113.084	321.625	6.603	2.697	0.846	2.612	112.507	321.609	6.765	104	318	4	20	8	7
37	38.684	87.609	235	138	8575940	36493.363	20124.617	32215.000	10696	65535	566.472	320.523	6.570	2.022	0.439	1.998	566.565	320.514	6.576	562	317	4	10	7	6
38	13.828	44.097	84	60	2363948	28142.238	16285.929	21104.500	10778	65535	509.571	328.298	5.702	1.347	0.276	1.307	509.540	328.331	5.710	507	326	4	6	6	5
39	38.026	87.228	231	148	6199856	26839.203	12183.061	24107.000	10720	62332	255.394	328.935	6.407	1.907	0.387	1.867	255.328	328.927	6.349	250	325	4	12	9	5
40	56.298	116.638	342	190	10382384	30357.848	16822.861	25784.500	10730	65535	567.918	336.205	6.997	2.290	0.492	2.235	567.782	336.302	6.829	563	332	4	11	9	7
41	26.174	70.195	159	116	3173138	19956.842	7205.129	17630.000	10707	38452	105.893	336.579	5.535	1.579	0.272	1.588	106.011	336.655	5.536	102	333	4	8	9	4
42	70.949	147.839	431	261	11452931	26572.926	13214.579	22482.000	10786	64677	142.592	337.213	6.566	2.430	0.614	2.483	142.514	337.752	6.516	138	329	4	10	16	6
43	29.137	78.300	177	119	4734901	26750.854	12385.089	25710.000	10868	63082	278.260	337.915	7.068	1.879	0.555	1.909	278.353	337.895	7.041	274	334	4	10	8	7
44	48.726	127.155	296	194	9084728	30691.648	17314.506	23993.000	10703	65535	158.794	341.395	6.507	2.478	0.853	2.624	158.852	341.378	6.445	153	334	4	13	15	6
45	22.388	61.093	136	102	3034344	22311.354	9310.704	20132.000	10726	51688	513.140	343.221	6.000	1.479	0.264	1.499	513.092	343.255	5.962	509	340	4	9	8	5
46	18.931	58.818	115	95	2069243	17993.418	6347.698	15862.000	10741	37326	601.678	372.304	6.017	1.413	0.319	1.376	601.558	372.547	5.956	598	369	4	9	8	4
47	18.108	55.267	110	84	2191202	19920.018	7406.142	17499.000	10692	39092	172.636	379.491	5.591	1.463	0.360	1.520	172.593	379.513	5.574	168	377	4	10	6	4
48	30.947	77.470	188	131	4232245	22511.941	9787.252	20193.000	10863	58637	672.037	390.191	5.250	1.725	0.361	1.751	671.986	390.273	5.232	668	386	4	10	10	4
49	34.404	81.228	209	142	5066567	24241.947	11217.226	20876.000	10705	51894	509.971	391.732	5.651	1.790	0.367	1.763	509.616	391.527	5.589	505	388	4	12	9	4
50	56.133	131.429	341	216	10271242	30120.943	17752.951	23335.000	10732	65535	362.601	397.689	6.173	2.382	0.655	2.331	363.251	397.430	6.167	354	394	4	17	10	6
51	21.071	58.751	128	84	4005595	31293.711	17675.744	26477.500	10740	65535	565.047	407.977	5.984	1.632	0.370	1.572	565.082	408.049	5.894	562	405	4	8	7	5
52	28.478	93.157	173	146	2955709	17085.023	5232.956	15797.000	10695	31767	284.410	419.462	6.347	1.957	0.585	1.993	284.384	419.380	6.332	281	414	4	10	12	6
53	12.840	42.063	78	63	1739505	22301.346	9392.717	19822.500	11392	48211	336.346	426.385	5.923	1.231	0.206	1.209	336.311	426.486	5.875	333	423	4	7	7	4
54	43.458	94.399	264	158	7138675	27040.436	14020.669	22865.500	10800	65535	675.894	442.587	5.765	1.979	0.306	1.993	675.801	442.539	5.763	670	439	4	12	9	5
55	2.140	13.653	13	13	170883	13144.846	2350.484	12595.000	10750	17131	556.385	452.923	4.077	0.649	0.320	0.580	556.448	453.012	4.063	554	451	4	5	5	2
56	8.889	33.443	54	49	902572	16714.297	4445.966	16334.000	10697	26519	423.963	453.148	5.278	1.064	0.283	1.069	424.051	453.243	5.282	421	451	4	7	5	3
57	48.232	117.291	293	199	6499314	22181.959	9919.562	19518.000	10686	55690	769.092	475.082	6.198	2.193	0.660	2.170	769.281	475.109	6.151	761	470	4	16	11	5
58	44.281	105.535	269	176	5745699	21359.477	7734.492	20367.000	10729	47804	606.658	497.071	7.130	2.102	0.588	2.046	606.675	497.109	7.160	602	491	4	10	12	6
59	11.852	40.718	72	61	1228633	17064.348	5219.578	15572.000	10857	30561	774.944	509.792	5.264	1.180	0.310	1.182	774.977	509.825	5.277	772	507	4	7	6	4
60	45.269	99.917	275	157	9134438	33216.137	18264.723	27613.000	10754	65535	687.415	511.324	6.844	2.057	0.312	2.086	687.528	511.421	6.794	683	507	4	10	10	6
61	18.931	63.198	115	89	2967757	25806.582	11997.046	23581.000	10730	65176	859.617	538.870	6.096	1.606	0.477	1.551	859.509	538.782	6.021	855	536	4	11	7	5
62	52.347	121.360	318	209	8115004	25518.881	12476.210	21957.500	10705	65535	705.230	542.959	6.182	2.239	0.646	2.260	705.136	543.077	6.235	700	536	4	12	14	6
63	26.009	62.887	158	107	4260631	26966.020	13346.926	23389.000	10688	62255	739.816	610.962	5.513	1.649	0.256	1.665	739.916	611.020	5.496	736	607	4	8	8	4
64	50.207	104.501	305	176	9106237	29856.516	15441.700	27883.000	10699	65535	52.456	194.289	7.649	2.083	0.286	2.060	52.490	194.213	7.614	48	190	5	10	10	6
65	61.566	122.601	374	211	11457515	30635.066	15654.009	27597.000	10706	65535	106.155	223.198	7.639	2.205	0.310	2.221	106.204	223.050	7.608	101	218	5	12	11	6
66	17.943	55.026	109	79	2430010	22293.670	10388.657	19657.000	10733	57588	142.018	230.376	7.009	1.446	0.324	1.426	141.987	230.412	7.013	140	226	5	5	10	5
67	10.206	38.683	62	56	932265	15036.532	3404.001	14844.500	10736	24072	78.710	233.790	6.435	1.105	0.323	1.092	78.772	233.861	6.435	76	230	5	6	8	4
68	40.989	99.398	249	161	6024167	24193.441	10675.582	22459.000	10689	58028	183.699	245.092	7.008	1.906	0.391	1.953	183.570	244.974	6.985	179	240	5	11	11	5
69	44.610	101.985	271	168	8198482	30252.701	16255.625	25970.000	10712	65535	69.742	267.649	7.399	2.037	0.393	2.003	69.856	267.636	7.401	63	264	5	13	8	6
70	29.960	70.128	182	111	5147402	28282.428	13167.675	25665.000	10777	60371	40.302	272.962	7.093	1.796	0.297	1.782	40.289	272.953	7.092	37	270	5	8	7	5
71	26.667	66.886	162	108	3585020	22129.754	9163.963	20226.500	10847	47613	79.802	281.864	6.556	1.637	0.204	1.649	79.764	281.879	6.517	76	277	5	9	9	4
72	53.664	104.053	326	181	10619839	32576.193	17573.707	27054.500	10752	65535	27.113	279.752	8.021	2.135	0.224	2.123	27.163	279.723	7.979	22	275	5	11	10	6
73	62.883	123.568	382	203	12439803	32564.930	18476.627	27366.500	10696	65535	487.647	302.958	7.513	2.356	0.389	2.429	487.672	302.886	7.405	483	297	5	11	12	7
74	8.725	33.306	53	44	921322	17383.434	5006.815	16669.000	10703	30052	539.094	306.396	6.415	1.072	0.251	1.052	539.119	306.374	6.417	537	304	5	5	6	4
75	7.078	29.237	43	43	662371	15403.977	3387.924	15053.000	10879	22315	85.488	319.465	5.512	0.939	0.273	0.828	85.446	319.502	5.505	83	317	5	7	6	2
76	48.726	97.571	296	179	9290629	31387.260	16665.154	25540.000	10738	65535	190.466	319.662	7.128	2.100	0.353	2.116	190.142	319.404	7.100	186	316	5	11	10	5
77	16.297	54.648	99	72	2453202	24779.818	12548.422	21760.000	10936	60146	31.818	325.000	6.808	1.498	0.407	1.498	31.758	325.026	6.812	29	321	5	7	8	5
78	17.778	48.993	108	75	2502718	23173.314	10029.075	20524.000	10833	49696	135.056	328.574	6.333	1.460	0.227	1.439	135.032	328.547	6.304	132	326	5	7	6	4
79	20.741	63.231	126	100	2372809	18831.818	6034.644	17542.000	10752	31781	64.913	336.730	6.214	1.572	0.442	1.614	64.798	336.750	6.204	60	333	5	11	8	4
80	33.581	79.816	204	126	5768083	28274.916	15537.571	24991.000	10784	65535	550.789	336.779	6.897	1.857	0.317	1.893	550.765	336.708	6.910	546	333	5	11	8	5
81	12.840	42.545	78	66	1190050	15257.052	4270.121	13830.500	10867	29540	191.346	341.500	6.179	1.213	0.262	1.235	191.332	341.464	6.158	188	339	5	8	6	3
82	32.264	80.920	196	122	5549908	28315.857	15386.017	24539.500	10720	65535	159.087	353.199	7.214	1.842	0.339	1.857	159.121	353.159	7.182	155	350	5	9	8	5
83	28.807	93.639	175	149	3146313	17978.932	6048.900	16657.000	10744	32383	627.406	356.143	7.394	1.925	0.778	1.867	627.027	356.089	7.410	621	352	5	16	9	5
84	23.046	60.611	140	96	3527447	25196.051	11361.312	22142.000	10796	58523	597.779	360.436	6.507	1.557	0.202	1.560	597.783	360.386	6.525	595	357	5	8	8	4
85	11.029	42.752	67	59	1058978	15805.642	3793.036	15550.000	10707	25855	585.343	362.209	6.388	1.185	0.344	1.251	585.316	362.220	6.403	583	359	5	6	8	4
86	29.631	81.402	180	123	4390102	24389.455	12102.717	20163.500	10718	60191	148.667	366.528	6.944	1.848	0.459	1.888	148.346	366.774	6.937	144	362	5	12	9	5
87	35.227	84.092	214	129	7139183	33360.668	18852.297	28820.500	10702	65535	161.757	367.313	7.495	1.926	0.419	1.876	161.803	367.291	7.509	157	364	5	10	7	6
88	5.103	26.272	31	29	422602	13632.322	2433.015	12847.000	10815	18254	57.290	383.806	5.806	0.882	0.258	0.885	57.309	383.799	5.819	55	381	5	6	6	3
89	25.186	65.266	153	102	3382041	22104.844	9495.533	20276.000	10699	46654	351.020	393.209	6.961	1.618	0.294	1.580	350.992	393.146	6.962	348	390	5	8	8	5
90	22.388	71.781	136	118	2125653	15629.802	3566.567	15111.000	10730	24659	703.735	399.618	6.346	1.464	0.413	1.502	703.838	399.592	6.348	699	395	5	10	10	4
91	18.437	50.924	112	76	2939868	26248.822	11822.138	23472.500	10805	51644	346.375	408.464	6.473	1.486	0.214	1.503	346.411	408.397	6.452	343	406	5	8	6	4
92	40.495	106.121	246	173	4972639	20213.980	8520.874	17071.000	10685	42097	541.195	417.081	9.679	2.347	1.046	2.168	541.391	417.172	9.956	537	413	5	9	10	8
93	24.198	65.577	147	96	4294883	29216.891	15773.852	25468.000	10863	65535	577.476	414.782	7.170	1.670	0.353	1.680	577.610	414.680	7.202	574	412	5	9	7	5
94	30.618	72.092	186	122	5036024	27075.398	13126.918	24078.000	10911	61234	384.419	417.785	6.624	1.735	0.268	1.729	384.428	417.737	6.611	381	414	5	8	9	5
95	7.572	31.064	46	44	731940	15911.739	3667.488	14532.000	11065	23314	613.478	417.543	5.674	1.007	0.273	1.014	613.497	417.351	5.639	611	415	5	6	7	3
96	71.278	160.250	433	291	9490917	21918.977	8521.193	20356.000	10720	46064	648.945	430.397	9.755	2.804	1.046	2.906	648.794	430.448	9.596	643	426	5	14	10	9
97	36.215	89.296	220	150	5498735	24994.250	12373.974	20587.500	10730	56577	357.373	436.936	6.941	1.875	0.367	1.915	357.404	437.229	6.866	354	431	5	9	11	5
98	78.192	166.180	475	301	11869374	24988.156	13991.094	20586.000	10730	65535	508.048	447.029	6.676	2.631	0.823	2.741	507.045	446.959	6.702	499	441	5	20	12	5
99	23.869	63.128	145	105	3105561	21417.662	8829.671	18703.000	10752	47628	552.572	445.917	6.186	1.533	0.249	1.539	552.535	445.965	6.165	549	442	5	9	9	4
100	55.310	117.016	336	192	9676900	28800.297	16321.749	23868.000	10823	65535	403.539	453.378	8.125	2.191	0.387	2.147	403.586	453.056	8.040	399	448	5	10	12	7
101	34.569	82.677	210	136	5103159	24300.758	10744.141	21361.000	10708	54734	446.410	456.848	6.638	1.817	0.326	1.779	446.437	456.830	6.634	442	453	5	10	9	5
102	11.523	39.580	70	61	1105854	15797.914	3761.634	14618.000	10732	26588	435.814	457.657	5.786	1.145	0.224	1.172	435.849	457.625	5.792	433	455	5	6	7	3
103	60.907	147.909	370	246	10439044	28213.633	15757.503	23609.000	10726	65535	407.516	463.914	9.078	2.785	0.941	2.902	407.942	463.523	8.792	400	458	5	15	12	9
104	65.023	125.362	395	206	12882784	32614.643	17317.389	28104.000	10703	65535	425.478	467.433	7.595	2.432	0.526	2.398	425.550	467.423	7.492	421	463	5	10	10	7
105	24.198	65.336	147	95	4493209	30566.047	17176.227	25707.000	10949	65535	595.571	466.333	7.361	1.679	0.362	1.668	595.658	466.362	7.380	592	464	5	8	6	6
106	19.424	52.302	118	81	3044634	25801.982	12455.427	22717.000	10874	62881	752.195	470.619	6.415	1.499	0.208	1.513	752.221	470.647	6.325	749	468	5	7	7	4
107	27.326	67.575	166	119	3753409	22610.898	9731.338	20636.500	10707	56831	697.783	484.325	6.355	1.630	0.274	1.628	697.731	484.342	6.286	693	481	5	10	8	4
108	5.268	23.548	32	32	490004	15312.625	2949.624	15049.000	11155	23867	712.250	491.531	5.625	0.845	0.224	0.836	712.158	491.596	5.635	711	489	5	4	6	2
109	26.009	65.474	158	105	4925259	31172.525	16615.066	25854.000	10743	65535	778.310	502.171	7.481	1.657	0.258	1.648	778.367	502.141	7.511	775	499	5	8	7	6
110	15.145	47.373	92	66	2399615	26082.771	14219.877	20243.000	10736	65535	711.957	510.163	6.696	1.450	0.374	1.445	711.984	510.277	6.729	709	508	5	7	5	5
111	2.140	14.550	13	13	168319	12947.615	1707.937	12610.000	10718	15681	696.923	511.077	5.692	0.708	0.259	0.663	696.916	511.082	5.730	695	510	5	4	5	2
112	21.564	61.716	131	91	2753815	21021.488	8480.477	19493.000	10867	44194	794.618	514.160	7.031	1.577	0.355	1.521	794.562	514.064	7.001	791	512	5	8	6	5
113	61.072	128.564	371	234	8857082	23873.537	11427.534	20324.000	10695	65276	814.288	533.539	7.776	2.321	0.656	2.289	814.620	533.430	7.676	807	529	5	15	10	7
114	29.960	74.023	182	117	4446915	24433.600	11909.011	21213.000	10686	57211	867.308	547.467	6.918	1.736	0.342	1.742	867.300	547.498	6.909	863	544	5	10	7	5
115	43.458	91.812	264	171	6608470	25032.084	11088.604	22264.000	10738	54945	821.000	560.481	6.542	1.943	0.386	1.930	820.964	560.467	6.528	817	554	5	9	13	4
116	26.997	69.094	164	106	5350251	32623.482	17623.135	28190.000	10754	65535	699.006	563.494	7.835	1.737	0.350	1.735	698.975	563.498	7.806	696	559	5	7	9	6
117	32.429	77.918	197	131	5054200	25655.838	12133.553	22495.000	10696	61941	736.010	588.690	7.528	1.739	0.262	1.721	736.004	588.632	7.526	732	584	5	9	10	5
118	35.227	83.125	214	136	5439257	25417.088	11748.902	23313.500	10714	55300	153.785	215.780	8.178	1.807	0.268	1.814	153.774	215.747	8.184	150	211	6	9	10	5
119	24.857	61.957	151	105	4206894	27860.225	14434.051	23592.000	10779	63551	80.636	226.126	7.483	1.651	0.272	1.646	80.758	226.101	7.498	77	223	6	8	8	4
120	19.754	56.853	120	86	2556137	21301.143	8611.800	17744.500	10814	41363	263.067	248.925	7.542	1.503	0.292	1.533	263.045	248.941	7.520	260	245	6	7	9	4
121	35.557	101.018	216	161	4124471	19094.773	6807.763	17560.000	10709	42441	36.000	253.315	8.329	2.109	0.786	2.118	35.748	253.242	8.244	29	249	6	16	9	6
122	26.997	70.680	164	104	5119213	31214.713	17985.859	25466.500	10816	65535	275.409	256.598	8.317	1.764	0.408	1.742	275.468	256.567	8.300	271	254	6	10	6	6
123	60.578	120.637	368	204	11754422	31941.363	17990.727	27955.000	10732	65535	305.440	262.503	8.391	2.259	0.357	2.301	305.517	262.398	8.372	301	256	6	10	13	6
124	5.926	24.686	36	36	523181	14532.806	2196.004	14258.500	11411	18832	221.694	260.917	6.528	0.865	0.218	0.851	221.693	260.930	6.518	219	259	6	6	5	2
125	46.750	111.016	284	185	6957968	24499.887	11458.944	22126.000	10685	61341	385.732	282.194	7.873	2.069	0.545	2.094	385.446	282.065	7.907	381	276	6	13	12	5
126	14.815	47.270	90	67	1960514	21783.488	9221.061	20061.500	10873	45818	115.733	283.078	7.889	1.384	0.327	1.326	115.801	283.030	7.868	113	281	6	6	6	5
127	28.643	73.608	174	121	3833372	22030.873	9025.066	19484.500	11095	50499	129.621	308.563	7.466	1.664	0.254	1.624	129.551	308.321	7.465	125	305	6	10	9	4
128	8.725	35.374	53	49	834447	15744.283	4078.218	15201.000	10907	25962	409.151	311.679	7.264	1.059	0.292	1.051	409.169	311.713	7.284	406	308	6	7	7	3
129	15.145	49.853	92	81	1391764	15127.869	3532.209	14524.000	10768	27225	170.630	313.859	7.239	1.280	0.338	1.264	170.616	313.790	7.241	167	310	6	8	9	3
130	7.243	35.270	44	42	606937	13794.022	2088.002	13361.000	10732	18586	165.205	323.432	7.114	1.007	0.335	1.073	165.159	323.440	7.114	162	321	6	7	6	3
131	12.181	39.787	74	55	1347767	18213.068	6915.250	16144.000	10693	36879	196.973	330.473	7.419	1.281	0.254	1.235	196.978	330.444	7.451	195	328	6	6	6	4
132	14.157	45.924	86	66	1869846	21742.395	9427.707	19392.500	10819	49275	274.651	330.081	7.779	1.316	0.274	1.286	274.675	330.076	7.781	271	328	6	8	5	4
133	42.141	90.226	256	166	6547817	25577.410	11823.941	21707.500	10687	61507	608.480	350.312	7.484	1.981	0.440	1.915	608.384	350.299	7.457	602	347	6	14	8	4
134	5.761	23.892	35	35	496054	14172.972	2741.323	13467.000	10698	19931	641.057	356.457	6.571	0.858	0.230	0.852	641.177	356.401	6.564	638	355	6	6	5	2
135	28.314	69.335	172	112	4727373	27484.727	14768.339	22165.000	10822	64200	250.692	374.849	8.047	1.781	0.390	1.897	250.709	374.772	8.031	246	373	6	11	5	5
136	2.963	22.273	18	18	229294	12738.556	1956.252	12086.500	10891	17594	530.111	409.611	6.667	0.879	0.294	0.844	530.127	409.624	6.702	528	407	6	6	6	2
137	32.429	81.402	197	122	5407785	27450.686	14332.297	23045.000	10701	62453	692.655	409.091	8.228	1.797	0.298	1.778	692.627	409.107	8.226	688	405	6	10	9	6
138	12.675	39.580	77	64	1275496	16564.883	4602.068	15207.000	10759	30340	266.766	413.753	7.039	1.216	0.193	1.202	266.747	413.665	7.045	264	411	6	7	6	3
139	5.926	30.960	36	36	470068	13057.444	1337.656	13184.000	10954	15552	374.000	428.000	6.778	0.990	0.301	0.952	373.961	428.048	6.786	371	425	6	7	6	2
140	12.840	44.579	78	65	1425090	18270.385	6110.100	17864.500	10710	32428	409.744	442.641	7.500	1.216	0.299	1.244	409.650	442.719	7.488	407	440	6	7	6	4
141	41.647	117.190	253	176	5083477	20092.795	7802.061	17867.000	10710	42091	793.466	457.000	10.589	2.763	1.080	2.777	793.673	457.049	10.701	787	454	6	13	7	10
142	3.128	23.755	19	19	228796	12041.895	1226.137	12003.000	10714	14694	735.526	489.316	6.368	0.956	0.181	0.944	735.511	489.332	6.379	733	487	6	6	6	2
143	22.388	62.542	136	98	3201779	23542.492	10319.630	21684.000	10741	52659	628.787	503.735	7.794	1.536	0.281	1.551	628.790	503.687	7.825	625	500	6	8	9	5
144	14.980	47.407	91	68	1801558	19797.340	7562.369	17624.000	10693	41076	794.308	528.725	7.571	1.357	0.265	1.405	794.322	528.697	7.543	791	526	6	8	6	4
145	18.601	56.060	113	88	2155760	19077.521	5586.097	19217.000	10706	33710	750.080	534.885	7.690	1.392	0.270	1.390	750.049	534.902	7.670	747	532	6	8	7	4
146	24.034	70.644	146	117	2632954	18033.932	5091.370	18271.500	10691	31692	720.233	576.897	7.788	1.555	0.465	1.581	720.214	576.899	7.737	714	573	6	12	8	4
147	28.972	73.438	176	113	4847422	27542.170	14537.083	23675.000	10720	62654	757.114	580.483	7.972	1.764	0.362	1.731	757.104	580.414	7.916	753	577	6	9	8	5
148	11.194	37.649	68	56	1076278	15827.617	3586.681	15104.000	10706	24514	720.603	588.103	6.824	1.167	0.214	1.171	720.601	588.098	6.804	718	585	6	6	7	3
149	26.503	65.437	161	128	3306422	20536.783	7021.970	19486.000	10798	39831	829.540	590.894	8.025	1.637	0.458	1.595	829.585	590.754	8.023	827	585	6	6	13	4
150	23.704	65.162	144	106	2663006	18493.098	6112.899	16703.000	10783	34732	887.972	598.201	7.528	1.593	0.361	1.608	887.991	598.244	7.525	884	594	6	9	9	4
151	34.898	93.917	212	145	4773579	22516.883	9323.820	20843.000	10712	47581	740.495	628.410	8.533	1.926	0.530	1.832	740.389	628.435	8.469	735	623	6	12	12	6
152	5.103	20.135	31	31	476683	15376.871	2780.673	15215.000	10860	21277	763.355	636.613	6.452	0.796	0.169	0.810	763.377	636.568	6.451	761	635	6	5	5	2
153	4.115	21.376	25	25	330281	13211.240	1783.452	12943.000	10746	16327	756.840	641.800	6.560	0.807	0.200	0.793	756.837	641.753	6.560	755	640	6	5	5	2
154	10.865	51.613	66	60	983916	14907.818	3828.354	13949.500	10780	28313	93.848	200.045	7.924	1.173	0.306	1.228	93.823	200.019	7.924	90	197	7	8	8	3
155	41.483	97.849	252	147	7600650	30161.309	16843.496	25571.000	10721	65535	103.694	201.802	9.575	2.000	0.349	1.934	103.843	201.746	9.545	100	197	7	9	10	6
156	28.478	71.437	173	121	3721650	21512.428	9241.311	18547.000	10741	46840	67.017	249.936	8.422	1.673	0.257	1.648	66.991	250.055	8.403	64	246	7	9	9	4
157	17.449	53.751	106	73	2388532	22533.320	10183.253	20798.500	10741	52259	45.877	261.274	9.066	1.477	0.336	1.389	45.924	261.194	9.044	43	259	7	7	6	5
158	2.469	17.514	15	15	192990	12866.000	1573.172	12858.000	10743	15652	276.733	265.867	7.133	0.821	0.403	0.733	276.654	265.852	7.117	273	265	7	7	3	2
159	26.667	71.851	162	110	3386985	20907.314	9092.755	18835.000	10690	52019	168.802	281.858	8.895	1.703	0.369	1.728	168.755	281.919	8.891	164	279	7	11	7	5
160	9.712	34.132	59	53	871984	14779.390	3163.649	14410.000	10716	24514	531.847	301.712	7.746	1.055	0.232	1.073	531.811	301.669	7.741	529	299	7	7	6	3
161	6.255	26.961	38	37	556787	14652.289	3146.175	13170.500	10764	21086	476.868	312.658	7.579	0.893	0.255	0.885	476.875	312.550	7.579	475	310	7	5	7	3
162	5.926	31.857	36	36	452959	12582.194	1387.816	12369.000	10720	15985	148.500	316.889	7.722	0.973	0.337	1.000	148.520	316.876	7.733	144	315	7	9	5	2
163	6.091	27.721	37	36	726726	19641.244	7095.197	17140.000	11498	34835	19.622	325.811	8.189	0.986	0.319	0.964	19.508	325.849	8.251	19	323	7	3	7	3
164	8.560	33.684	52	52	708241	13620.020	1841.653	13605.500	10690	19162	548.404	326.250	7.577	0.985	0.266	1.011	548.438	326.204	7.585	546	324	7	7	6	2
165	16.132	51.958	98	76	2018939	20601.418	7477.282	20061.000	10778	37900	204.684	343.337	8.357	1.424	0.359	1.477	204.805	343.349	8.354	200	341	7	10	6	4
166	16.791	53.681	102	81	1928848	18910.275	6344.581	17412.000	10707	38820	636.392	365.863	8.775	1.339	0.285	1.349	636.406	365.819	8.770	633	362	7	8	8	4
167	10.535	36.615	64	53	1131203	17675.047	5500.230	15448.000	10697	36171	626.312	371.500	7.938	1.158	0.196	1.146	626.274	371.481	7.963	624	369	7	6	7	3
168	7.408	26.857	45	45	617504	13722.312	2148.074	13654.000	10755	18217	597.000	411.000	7.511	0.926	0.247	0.963	597.055	410.981	7.495	594	409	7	7	5	2
169	49.384	104.846	300	174	8270159	27567.197	14531.783	23801.500	10696	65535	732.397	415.047	9.313	2.076	0.316	2.067	732.483	414.954	9.290	727	411	7	11	10	6
170	21.400	56.957	130	88	3363656	25874.277	13089.654	21543.500	10718	63118	141.985	418.223	9.438	1.558	0.250	1.549	141.967	418.254	9.351	138	415	7	8	7	5
171	64.364	164.942	391	251	9190956	23506.281	12764.655	19635.000	10726	65535	264.642	438.018	9.972	2.547	0.838	2.608	265.108	437.745	9.805	256	433	7	17	11	9
172	21.400	62.576	130	104	2183459	16795.838	4634.983	15883.500	10721	28089	598.254	480.500	8.215	1.437	0.278	1.485	598.214	480.479	8.244	594	477	7	9	8	4
173	11.852	37.304	72	59	1360757	18899.402	5787.952	18554.000	10772	33185	798.972	491.681	8.014	1.183	0.169	1.192	798.893	491.671	7.999	796	489	7	7	6	3
174	23.704	61.230	144	109	2986605	20740.312	7366.327	19124.000	10780	39314	617.611	494.375	8.132	1.485	0.278	1.485	617.607	494.395	8.167	614	491	7	9	8	4
175	46.586	110.123	283	176	5948414	21019.131	8836.939	18178.000	10815	44317	545.449	499.346	10.682	2.285	0.715	2.297	545.556	499.226	10.899	542	494	7	8	12	8
176	32.758	83.607	199	142	3988735	20043.895	7889.865	17902.000	10708	41616	838.854	531.442	8.985	1.776	0.423	1.736	839.102	531.259	8.941	834	527	7	11	10	5
177	27.491	71.885	167	119	3330606	19943.748	7070.990	18241.000	10712	43001	822.898	547.443	8.353	1.647	0.340	1.644	822.978	547.499	8.319	818	544	7	11	7	4
178	10.206	34.236	62	52	1070871	17272.113	4232.083	17010.500	10939	30070	822.694	576.306	7.935	1.129	0.189	1.136	822.785	576.312	7.883	820	574	7	6	6	3
179	21.564	64.988	131	115	2021474	15431.100	3076.294	15093.000	10685	24135	731.511	618.893	8.198	1.458	0.382	1.440	731.526	618.799	8.198	727	615	7	10	9	3
180	7.408	32.064	45	42	708338	15740.845	3670.554	15261.000	10730	23660	35.422	219.556	9.333	1.011	0.291	0.943	35.403	219.537	9.344	32	217	8	7	6	3
181	9.054	39.513	55	52	1518444	27608.072	14268.569	24396.000	11000	64359	20.545	242.891	10.218	1.287	0.458	1.254	20.418	242.847	10.227	20	240	8	3	8	5
182	39.672	87.917	241	151	5509679	22861.738	9810.037	21612.000	10736	49589	322.299	262.058	9.992	1.880	0.254	1.922	322.349	262.012	9.983	318	258	8	10	9	5
183	38.849	82.469	236	143	5902672	25011.322	10457.881	22661.000	10763	50861	408.195	278.271	10.305	1.874	0.217	1.860	408.066	278.187	10.274	404	274	8	10	9	5
184	9.548	33.995	58	47	953574	16440.932	5998.719	13966.500	10773	34418	550.069	319.483	9.569	1.121	0.249	1.110	550.034	319.392	9.572	548	317	8	5	6	4
185	14.980	48.786	91	70	1544798	16975.803	5165.317	15091.000	10906	33053	388.352	321.758	9.385	1.315	0.229	1.342	388.319	321.738	9.374	385	319	8	8	7	4
186	22.058	62.750	134	92	2907470	21697.537	8441.732	19258.500	11058	45184	531.821	369.985	9.813	1.556	0.334	1.480	531.777	369.992	9.795	528	367	8	9	7	5
187	8.231	34.236	50	45	667564	13351.280	2216.888	12817.500	10712	20081	700.900	381.520	9.300	1.101	0.326	1.056	700.969	381.507	9.298	697	379	8	9	5	3
188	27.491	67.575	167	115	3322885	19897.516	7588.209	17029.000	10813	41433	717.293	398.707	9.359	1.639	0.236	1.640	717.360	398.634	9.313	713	394	8	9	10	4
189	38.849	83.296	236	153	4816064	20407.051	6749.137	18700.500	10730	37989	762.597	440.534	9.521	1.856	0.299	1.823	762.647	440.621	9.506	758	436	8	10	10	4
190	34.734	77.092	211	129	5529452	26205.934	12367.962	22183.000	10702	56720	246.957	442.498	10.175	1.867	0.307	1.842	247.003	442.603	10.161	244	438	8	8	9	5
191	6.255	25.479	38	37	596496	15697.263	3768.228	14767.500	10777	24843	548.000	486.395	8.579	0.876	0.208	0.882	547.888	486.352	8.616	546	484	8	5	6	3
192	64.200	157.630	390	258	9003708	23086.432	10279.958	20067.500	10735	54579	557.579	491.618	11.497	2.837	0.977	2.894	557.617	491.274	11.408	553	484	8	11	17	9
193	57.450	115.604	349	189	9309444	26674.625	12696.654	22954.000	10699	63015	621.335	519.103	10.192	2.258	0.354	2.247	621.471	519.095	10.072	616	514	8	12	10	6
194	2.469	16.136	15	15	182285	12152.333	1293.686	11736.000	10934	15825	848.400	548.800	8.467	0.709	0.156	0.689	848.379	548.828	8.488	847	547	8	4	4	2
195	7.078	27.065	43	39	693612	16130.512	4629.687	14731.000	10764	25876	733.605	553.744	8.651	0.955	0.206	0.962	733.570	553.759	8.636	731	552	8	6	5	3
196	35.063	83.125	213	138	4509950	21173.475	7651.217	20205.000	10937	41646	742.343	595.944	10.479	1.809	0.295	1.773	742.350	595.954	10.435	739	592	8	9	9	6
197	26.338	71.574	160	117	2640895	16505.594	4232.115	15562.500	10921	28022	897.931	599.619	9.994	1.579	0.337	1.604	898.008	599.585	9.969	894	595	8	9	11	5
198	35.227	88.985	214	156	3833724	17914.598	6012.253	16475.500	10707	37534	790.981	621.107	9.248	1.736	0.369	1.767	791.123	621.185	9.215	786	615	8	10	12	4
199	46.257	103.608	281	153	9984964	35533.680	19213.910	30878.000	10831	65535	285.915	250.018	12.384	2.188	0.475	2.141	285.983	249.989	12.362	282	246	9	9	9	8
200	28.478	71.611	173	115	4721069	27289.416	13972.851	24570.000	10732	63794	402.387	269.370	10.601	1.747	0.339	1.744	402.376	269.291	10.540	400	265	9	6	10	5
201	16.297	49.820	99	78	1834474	18530.041	5837.665	16580.000	10757	32818	447.303	325.212	10.556	1.355	0.337	1.418	447.291	325.273	10.553	444	322	9	8	7	4
202	30.618	74.127	186	116	4172706	22433.902	8695.442	21362.000	10832	40641	228.892	389.559	10.704	1.768	0.299	1.740	228.907	389.530	10.697	225	386	9	8	9	5
203	3.457	18.204	21	21	265001	12619.096	1709.372	12708.000	10792	16600	721.905	411.762	9.286	0.810	0.298	0.782	721.871	411.643	9.254	720	409	9	5	6	2
204	14.486	46.477	88	67	1948298	22139.750	8497.415	20708.000	11056	44976	89.955	411.636	11.136	1.363	0.324	1.352	89.962	411.693	11.065	87	409	9	7	6	5
205	30.124	81.746	183	132	4115536	22489.268	7996.108	22122.000	10720	41724	123.809	426.350	11.115	1.720	0.407	1.729	123.810	426.356	11.097	120	421	9	9	11	5
206	19.424	59.440	118	83	2757816	23371.322	11223.481	20150.000	10731	53314	494.364	433.915	10.839	1.495	0.295	1.456	494.344	433.947	10.839	491	431	9	8	7	5
207	10.041	39.131	61	56	1028373	16858.574	4748.181	15827.000	10687	27060	277.066	443.148	10.541	1.071	0.296	1.044	277.067	443.107	10.503	274	440	9	7	7	4
208	22.717	63.128	138	101	2372885	17194.818	5178.614	15510.000	10741	32012	623.761	444.681	10.775	1.516	0.293	1.533	623.736	444.618	10.753	620	441	9	9	8	4
209	16.132	48.026	98	81	1540319	15717.541	3658.723	15359.000	10772	25796	743.245	486.327	9.806	1.287	0.229	1.305	743.203	486.318	9.785	740	483	9	7	8	3
210	15.474	46.199	94	83	1460571	15537.989	3772.431	14808.000	10712	24104	733.415	488.106	10.298	1.251	0.297	1.284	733.411	488.115	10.304	730	485	9	7	8	4
211	11.688	44.476	71	64	1050539	14796.324	3571.407	13979.000	10735	25231	692.239	551.479	9.958	1.280	0.420	1.195	692.342	551.323	9.997	688	548	9	8	9	4
212	25.844	66.611	157	101	3800581	24207.521	11697.936	20833.000	10817	62626	187.745	215.892	12.045	1.694	0.303	1.635	187.754	215.837	12.048	184	213	10	8	7	5
213	10.206	37.304	62	55	924701	14914.532	3110.023	14083.500	10812	23121	396.758	330.484	11.726	1.088	0.255	1.109	396.717	330.410	11.713	394	328	10	6	6	4
214	48.890	126.292	297	180	6121832	20612.229	8605.934	17982.000	10734	50075	602.518	330.822	12.781	2.199	0.528	2.174	602.438	330.472	12.890	598	326	10	10	13	7
215	28.972	72.404	176	110	4393623	24963.768	10753.146	23156.500	10746	51108	91.881	333.256	12.631	1.754	0.305	1.713	91.884	333.159	12.615	88	330	10	8	8	6
216	16.955	52.821	103	72	2923917	28387.543	15803.927	21754.000	11154	65535	110.175	345.223	12.971	1.557	0.435	1.399	110.288	345.263	12.984	108	343	10	6	6	6
217	4.280	27.409	26	26	317175	12199.038	1230.312	11920.000	10758	15445	295.846	365.808	10.923	0.963	0.308	0.937	295.765	365.799	10.923	293	363	10	6	7	3
218	21.894	60.267	133	97	2577039	19376.232	7041.980	17997.000	10694	39082	278.436	377.985	11.895	1.505	0.286	1.499	278.435	377.971	11.904	276	374	10	6	9	5
219	5.926	25.445	36	32	631694	17547.055	4774.189	17585.500	10950	32085	427.750	406.083	11.139	1.002	0.290	1.045	427.846	406.090	11.145	425	405	10	6	3	4
220	17.284	54.026	105	86	1616281	15393.152	3272.883	14933.000	10813	28803	114.790	419.419	11.095	1.330	0.268	1.341	114.747	419.402	11.109	112	416	10	7	8	4
221	35.063	109.397	213	161	3287860	15435.963	3540.218	14857.000	10754	26565	582.174	438.333	11.897	2.006	0.729	1.851	582.090	438.362	11.897	577	431	10	13	14	5
222	21.729	61.645	132	99	2215315	16782.689	4740.829	15378.000	10805	29428	589.705	459.212	11.258	1.523	0.332	1.515	589.786	459.195	11.260	586	455	10	8	10	4
223	26.503	75.850	161	117	2937255	18243.820	6028.189	16514.000	10687	36248	758.540	471.547	11.727	1.713	0.432	1.639	758.660	471.508	11.722	753	468	10	12	10	4
224	5.761	27.272	35	31	454855	12995.857	1998.902	12435.000	10721	18723	686.171	475.829	10.771	0.943	0.226	0.930	686.190	475.829	10.802	684	474	10	5	5	3
225	59.755	129.809	363	212	9700480	26723.086	15493.421	21860.000	10703	65535	468.438	478.846	12.871	2.366	0.582	2.371	467.845	478.629	12.598	463	474	10	14	10	8
226	5.103	23.514	31	26	628843	20285.258	8779.598	18963.000	10730	40463	737.323	493.677	11.129	0.988	0.277	1.021	737.306	493.635	11.146	736	492	10	4	4	4
227	33.252	121.360	202	180	3027329	14986.777	3337.881	14299.500	10702	29805	697.500	518.906	13.035	2.787	1.009	2.835	697.426	518.652	12.974	693	510	10	9	20	7
228	38.355	93.950	233	152	4359781	18711.506	6310.414	17665.000	10714	37476	637.815	520.871	11.876	1.837	0.362	1.836	637.722	520.949	11.871	633	517	10	11	9	5
229	20.248	57.509	123	82	2890294	23498.326	11525.511	21185.000	10721	57763	944.008	570.854	12.106	1.573	0.361	1.534	944.011	570.784	12.040	941	568	10	7	7	5
230	14.157	44.787	86	67	1657129	19268.941	6619.661	17754.500	10704	35687	751.709	606.988	11.244	1.310	0.261	1.291	751.669	606.929	11.230	748	605	10	8	5	4
231	25.351	79.297	154	127	2397347	15567.188	3596.406	14778.500	10725	26773	744.429	635.136	11.526	1.662	0.593	1.674	744.284	635.131	11.516	740	629	10	11	12	4
232	40.495	103.812	246	166	4251613	17282.980	4583.475	16287.500	10720	31928	112.963	189.122	13.943	2.080	0.553	2.080	112.963	188.986	13.926	109	184	11	9	12	6
233	49.878	103.916	303	172	8676932	28636.740	14575.419	25346.000	10709	63531	141.116	198.508	13.838	2.122	0.324	2.100	141.129	198.487	13.784	137	194	11	10	10	6
234	35.392	98.331	215	144	4648340	21620.186	10497.985	17892.000	10687	51616	459.009	285.535	13.107	1.965	0.529	1.950	458.793	285.602	12.942	456	281	11	9	11	6
235	4.609	21.239	28	24	539897	19282.035	7020.498	16862.000	11048	32676	195.643	304.143	12.536	0.962	0.340	0.828	195.663	304.138	12.514	194	303	11	4	3	4
236	26.997	69.954	164	116	3355687	20461.506	7556.917	18849.500	10704	42166	524.226	343.006	12.689	1.600	0.225	1.607	524.157	342.981	12.711	521	339	11	9	9	4
237	11.358	38.857	69	51	1460785	21170.797	8056.287	19527.000	10833	39864	101.696	357.087	12.710	1.300	0.341	1.257	101.697	357.102	12.736	100	355	11	5	6	5
238	24.034	65.852	146	104	2672345	18303.732	6005.438	16447.000	10757	38696	359.945	363.801	12.610	1.560	0.294	1.595	360.060	363.823	12.571	356	360	11	9	8	4
239	14.321	46.751	87	75	1422242	16347.609	4230.822	15652.000	10804	29595	568.506	367.529	12.356	1.220	0.286	1.249	568.570	367.533	12.364	566	364	11	6	8	4
240	6.255	29.892	38	35	506440	13327.368	2346.827	12396.000	10747	18816	672.000	371.211	12.132	0.976	0.272	1.015	672.016	371.185	12.109	670	369	11	5	6	3
241	14.157	44.716	86	68	1404323	16329.337	4425.301	15408.500	10703	29814	345.198	381.140	12.000	1.267	0.197	1.269	345.158	381.157	12.026	342	378	11	7	8	3
242	24.857	65.196	151	114	2781509	18420.590	5306.416	18047.000	10824	33007	382.788	472.523	12.066	1.555	0.331	1.547	382.797	472.564	12.052	379	469	11	9	9	4
243	12.181	42.752	74	58	1165577	15751.041	4419.278	14406.500	10694	28816	564.649	504.608	12.392	1.228	0.244	1.219	564.594	504.609	12.385	562	501	11	7	7	4
244	26.174	74.713	159	116	2892980	18194.842	5781.205	16704.000	10719	34469	314.969	283.572	13.975	1.579	0.318	1.579	315.013	283.606	13.951	311	279	12	8	10	5
245	52.512	115.226	319	175	7632419	23926.078	10165.160	21440.000	10690	53374	381.288	311.705	15.016	2.282	0.520	2.234	381.296	311.529	15.030	378	306	12	8	13	8
246	7.408	30.823	45	41	642122	14269.378	2904.939	13389.000	10693	22752	565.511	324.622	12.911	1.007	0.213	1.063	565.406	324.628	12.885	563	322	12	6	6	3
247	10.371	52.302	63	61	874664	13883.556	2293.843	13419.000	10719	20582	574.508	329.524	13.397	1.264	0.483	1.214	574.422	329.370	13.395	571	326	12	8	10	3
248	1.811	13.757	11	11	136479	12407.182	1438.078	11628.000	10994	15036	543.909	358.182	12.091	0.631	0.260	0.573	543.908	358.170	12.082	542	356	12	5	5	2
249	13.169	49.475	80	70	1280331	16004.138	3967.343	15652.000	10956	28369	748.562	427.263	13.525	1.346	0.466	1.401	748.542	427.339	13.512	746	422	12	6	11	4
250	46.421	101.847	282	161	7738494	27441.469	12750.627	24458.000	10998	58030	180.106	430.362	15.011	2.092	0.371	2.115	180.170	430.372	14.959	177	425	12	8	12	7
251	17.449	52.028	106	73	2824780	26648.867	14771.641	21609.500	10803	65535	932.830	572.085	13.783	1.565	0.409	1.490	932.895	572.132	13.693	930	570	12	7	5	5
252	21.235	61.716	129	90	2408169	18667.977	6086.745	17872.000	10722	37181	339.287	263.279	15.194	1.544	0.291	1.541	339.284	263.279	15.150	336	260	13	8	7	5
253	2.305	14.894	14	14	190437	13602.643	1807.516	13405.500	11303	16154	187.786	283.000	13.214	0.668	0.246	0.625	187.744	282.980	13.192	186	282	13	5	4	2
254	43.623	104.223	265	195	4375990	16513.170	3760.194	16263.000	10746	28703	429.358	290.883	15.196	1.861	0.445	1.895	429.355	290.855	15.174	423	286	13	13	10	5
255	3.292	19.894	20	19	261974	13098.700	1568.356	12686.000	10828	17381	184.000	298.300	13.750	0.776	0.257	0.837	183.994	298.273	13.761	182	297	13	5	4	3
256	29.631	74.575	180	117	3812982	21183.232	8390.683	19125.500	10706	42009	500.539	306.378	14.989	1.774	0.354	1.786	500.485	306.375	14.940	497	302	13	8	9	5
257	67.986	144.459	413	250	8461049	20486.801	7292.599	19023.000	10701	40474	544.341	315.119	16.329	2.377	0.641	2.419	544.177	315.148	16.276	538	309	13	15	12	8
258	6.091	30.374	37	36	449075	12137.162	1282.990	12033.000	10699	15818	529.892	351.676	14.189	1.016	0.366	1.001	529.889	351.647	14.174	526	349	13	8	6	3
259	12.181	42.719	74	54	1311669	17725.256	6125.481	15686.500	10749	32968	343.514	369.635	15.081	1.355	0.390	1.245	343.485	369.666	15.052	341	367	13	6	6	5
260	26.009	66.715	158	107	4149656	26263.646	12130.393	23934.500	10695	54793	20.386	391.361	15.861	1.720	0.367	1.648	20.223	391.343	15.779	18	388	13	7	8	6
261	17.943	53.166	109	73	2372722	21768.092	8482.776	19927.000	10711	45619	410.605	401.982	15.266	1.568	0.414	1.573	410.618	401.991	15.271	408	400	13	7	5	6
262	24.692	66.163	150	104	3036197	20241.312	6774.047	19084.500	10911	36532	261.787	446.653	14.807	1.646	0.328	1.643	261.639	446.647	14.764	258	444	13	10	6	5
263	39.672	89.055	241	148	5154719	21388.875	7951.940	20468.000	10765	43419	432.793	479.788	15.797	1.898	0.320	1.911	432.724	479.854	15.759	429	474	13	8	12	6
264	14.486	45.580	88	64	1531520	17403.637	5416.638	15365.500	10696	30682	848.307	506.091	14.614	1.356	0.240	1.379	848.284	506.195	14.630	846	503	13	6	7	4
265	61.072	148.702	371	228	6921349	18655.928	6154.201	17134.000	10722	37092	613.801	510.013	16.388	2.598	0.825	2.637	613.964	509.866	16.493	608	503	13	13	15	8
266	14.157	49.612	86	77	1289881	14998.616	2982.335	14765.500	10730	22401	583.965	525.802	13.802	1.238	0.311	1.254	583.900	525.694	13.752	580	523	13	9	7	3
267	55.146	125.499	335	195	6369543	19013.561	6036.300	18293.000	10752	37706	659.812	552.896	16.128	2.186	0.414	2.206	659.893	552.997	16.090	654	548	13	13	11	7
268	20.577	56.887	125	97	1993790	15950.320	3318.889	15497.000	10724	27504	350.728	263.448	15.096	1.431	0.255	1.428	350.751	263.400	15.108	347	260	14	9	8	4
269	53.170	109.638	323	202	7624020	23603.777	9098.587	21408.000	10700	44754	387.241	272.681	15.706	2.144	0.449	2.106	387.195	272.591	15.671	381	269	14	14	8	5
270	27.984	70.128	170	109	3700985	21770.500	9384.442	19813.000	10731	50330	270.753	275.924	15.894	1.746	0.333	1.700	270.724	276.044	15.821	267	272	14	8	9	5
271	7.572	41.029	46	46	599314	13028.565	1449.731	13026.500	10876	16379	418.891	282.652	14.457	1.088	0.313	1.098	418.864	282.551	14.451	416	279	14	7	8	2
272	21.071	57.094	128	100	2143241	16744.070	3956.931	16597.500	10728	28583	84.562	315.383	15.953	1.448	0.276	1.457	84.575	315.362	15.944	81	311	14	7	9	5
273	56.463	148.046	343	239	6361846	18547.656	6844.184	17148.000	10708	43349	625.845	343.125	16.484	2.489	0.843	2.512	625.277	343.227	16.462	615	338	14	19	11	6
274	26.009	66.196	158	110	3373275	21349.842	7635.573	20095.500	10703	40617	75.297	409.627	15.753	1.613	0.243	1.639	75.360	409.627	15.762	71	407	14	10	7	5
275	19.424	59.233	118	88	2190160	18560.678	6278.762	17067.500	10713	34682	271.822	451.983	15.508	1.546	0.350	1.551	271.831	452.041	15.505	270	448	14	6	10	4
276	21.729	56.957	132	94	2835629	21482.037	7683.826	20018.500	10810	37568	452.295	483.523	15.583	1.561	0.279	1.577	452.330	483.542	15.578	449	480	14	7	8	4
277	23.540	65.644	143	110	2398851	16775.182	4436.322	15916.000	10688	30002	740.930	530.755	15.077	1.567	0.408	1.512	740.851	530.982	15.072	738	525	14	7	12	4
278	2.140	12.274	13	13	164642	12664.770	1330.155	12428.000	10860	15171	645.462	529.000	14.615	0.636	0.123	0.618	645.445	529.036	14.622	644	528	14	4	3	2
279	12.346	47.992	75	67	985711	13142.813	1769.408	12929.000	10705	18583	640.933	541.693	15.267	1.234	0.416	1.266	640.936	541.739	15.286	638	538	14	7	9	4
280	3.457	23.307	21	21	247776	11798.857	1375.176	11298.000	10794	15536	95.143	215.667	15.238	0.940	0.368	0.929	95.179	215.653	15.224	92	212	15	6	7	2
281	44.281	93.847	269	167	4876153	18126.963	5335.309	17243.000	10688	32542	526.089	305.762	17.770	1.959	0.326	1.942	526.116	305.834	17.736	522	301	15	9	11	6
282	14.486	47.407	88	67	1453874	16521.295	4222.709	15883.500	10698	27950	589.830	391.705	16.807	1.324	0.289	1.273	589.863	391.703	16.804	587	389	15	7	6	5
283	9.712	34.995	59	46	955180	16189.491	3826.002	15362.000	10759	26142	344.356	399.525	16.525	1.189	0.308	1.162	344.346	399.517	16.519	342	398	15	6	4	4
284	18.108	57.543	110	86	1529842	13907.654	2427.239	13382.000	10692	19533	666.773	413.891	16.282	1.426	0.348	1.416	666.715	413.885	16.287	662	411	15	10	6	4
285	15.309	64.992	93	77	1479864	15912.517	4627.865	14137.000	10729	29073	318.151	422.204	16.183	1.701	0.589	1.730	318.405	422.255	16.236	312	419	15	11	7	4
286	25.680	76.747	156	112	2538053	16269.570	4411.902	15470.500	10703	28706	203.551	434.622	17.090	1.716	0.447	1.786	203.533	434.629	17.067	198	432	15	13	6	5
287	4.938	22.858	30	30	399629	13320.967	1531.073	13515.000	10806	16957	582.300	467.900	15.500	0.836	0.204	0.832	582.296	467.911	15.502	581	465	15	4	6	2
288	9.383	46.165	57	54	721118	12651.193	1410.225	12413.000	10748	15783	655.000	476.105	16.439	1.197	0.422	1.185	654.985	476.076	16.454	651	473	15	8	9	4
289	18.108	51.924	110	75	2092692	19024.473	6517.896	17413.500	10695	38569	476.718	490.627	16.918	1.535	0.370	1.447	476.751	490.591	16.918	474	488	15	6	6	5
290	2.963	16.032	18	18	223143	12396.833	1332.692	12438.500	10702	15768	830.056	541.611	15.333	0.690	0.163	0.713	830.033	541.579	15.329	828	540	15	5	4	2
291	13.169	56.957	80	72	1058344	13229.300	2138.651	12728.000	10703	19005	877.638	545.025	16.737	1.489	0.721	1.340	877.756	544.947	16.707	874	542	15	8	10	6
292	6.749	28.306	41	37	583886	14241.122	2863.089	13067.000	10884	21009	729.415	588.122	16.659	0.990	0.271	0.935	729.450	588.177	16.646	727	586	15	6	5	4
293	2.963	15.928	18	18	222637	12368.723	1319.436	12266.500	10737	14783	304.667	254.056	16.722	0.725	0.229	0.736	304.694	254.031	16.735	303	252	16	4	5	2
294	10.865	40.028	66	55	933115	14138.106	2982.805	13442.000	10733	22670	182.758	281.894	17.197	1.169	0.230	1.205	182.793	281.942	17.175	180	279	16	6	7	4
295	4.774	24.893	29	26	410330	14149.311	2858.022	13076.000	10983	20477	569.828	336.690	17.069	0.912	0.255	0.943	569.767	336.698	17.067	568	335	16	6	4	3
296	5.268	26.272	32	32	401651	12551.594	1475.384	12001.500	10756	16853	359.688	388.469	17.125	0.898	0.334	0.892	359.675	388.489	17.117	357	386	16	6	5	3
297	8.231	36.823	50	46	631208	12624.160	1946.441	11902.500	10714	18321	701.120	389.260	16.960	1.108	0.357	1.102	701.073	389.191	16.982	699	387	16	6	6	4
298	19.424	56.646	118	90	1800792	15260.949	3079.853	14825.500	10714	23723	452.466	429.822	17.975	1.414	0.252	1.413	452.451	429.817	17.954	449	426	16	8	9	4
299	53.500	128.086	325	189	5947077	18298.699	5893.564	17076.000	10761	36493	345.338	456.480	19.025	2.294	0.585	2.226	345.260	456.247	19.091	340	451	16	10	12	8
300	29.301	75.988	178	126	3120088	17528.584	5923.481	15750.500	10700	38993	602.607	509.955	17.567	1.697	0.317	1.674	602.436	510.146	17.583	599	505	16	9	11	4
301	1.975	15.102	12	12	140752	11729.333	845.274	11614.000	10900	13988	864.000	522.417	16.417	0.733	0.216	0.680	863.981	522.409	16.418	863	520	16	3	5	2
302	25.680	74.609	156	123	2363396	15149.975	3126.114	14655.000	10752	24825	904.673	553.878	17.923	1.731	0.559	1.679	904.561	553.854	17.908	898	551	16	15	6	4
303	4.938	32.857	30	30	355967	11865.566	727.426	11845.000	10809	13083	769.300	636.200	17.133	0.932	0.320	0.967	769.279	636.193	17.122	767	634	16	7	6	3
304	19.095	56.131	116	82	2158156	18604.793	6101.279	17913.000	10755	34786	103.517	191.259	19.405	1.529	0.325	1.540	103.538	191.301	19.378	101	188	17	6	7	5
305	44.281	95.125	269	151	5888920	21891.896	8635.732	19808.000	10881	45253	149.494	210.257	19.357	2.074	0.353	2.017	149.491	210.211	19.342	145	206	17	10	9	6
306	2.634	13.171	16	16	253374	15835.875	3725.638	14894.000	11077	23387	160.875	240.500	17.875	0.779	0.322	0.899	160.904	240.520	17.913	160	240	17	3	2	3
307	2.963	16.825	18	18	230656	12814.223	1411.929	12467.000	11122	17456	528.667	318.944	17.500	0.718	0.172	0.691	528.671	318.933	17.486	527	317	17	4	5	2
308	21.729	59.025	132	94	2249197	17039.371	4743.434	15612.000	10795	28714	47.621	387.477	18.371	1.521	0.276	1.561	47.683	387.558	18.373	45	384	17	6	9	4
309	7.737	36.374	47	44	579694	12333.915	1495.620	11823.000	10728	16596	691.702	388.255	18.043	1.096	0.328	1.117	691.698	388.265	18.033	689	386	17	7	6	3
310	2.963	17.859	18	18	213390	11855.000	962.103	11793.000	10702	14438	44.278	400.944	17.944	0.697	0.273	0.704	44.288	400.952	17.943	42	399	17	5	5	3
311	49.549	120.741	301	189	5776012	19189.408	6561.166	17559.000	10691	38204	435.894	457.897	18.884	2.171	0.558	2.245	436.056	457.906	18.859	428	454	17	15	9	5
312	9.054	37.719	55	45	759893	13816.236	2544.639	13152.000	10736	19908	365.236	465.200	18.418	1.165	0.344	1.121	365.265	465.271	18.376	364	462	17	4	7	4
313	7.408	32.064	45	40	616239	13694.200	2356.478	13299.000	10740	19087	723.889	466.067	18.089	1.061	0.265	1.043	723.866	466.107	18.075	722	463	17	5	7	3
314	5.597	27.617	34	31	457163	13445.971	2312.442	13225.500	10724	19660	466.088	486.882	18.382	0.969	0.316	0.942	466.058	486.982	18.381	464	484	17	5	6	4
315	9.877	36.478	60	48	863679	14394.650	2975.948	13895.000	10688	23011	118.300	190.417	19.267	1.204	0.300	1.228	118.333	190.414	19.250	116	188	18	5	6	4
316	53.006	112.295	322	183	6751412	20967.117	7722.208	19641.500	10716	46554	127.233	303.404	20.649	2.206	0.447	2.240	127.249	303.302	20.659	121	300	18	13	8	6
317	6.585	33.754	40	38	517118	12927.950	1705.728	12588.000	10718	18557	179.925	313.475	19.650	1.024	0.361	0.960	179.876	313.519	19.647	177	312	18	7	5	4
318	3.622	17.514	22	22	273776	12444.363	1149.944	12575.500	10701	14814	589.727	328.818	18.409	0.767	0.196	0.741	589.701	328.818	18.400	588	327	18	4	5	2
319	26.009	70.888	158	109	3183245	20147.121	6775.247	18893.000	10750	37128	188.747	329.481	20.165	1.769	0.465	1.860	188.801	329.515	20.159	184	327	18	10	5	6
320	19.918	59.648	121	85	2569428	21234.941	8104.180	19472.000	10719	42912	531.975	343.554	19.917	1.611	0.424	1.646	531.989	343.542	19.898	527	342	18	10	5	5
321	24.363	72.300	148	106	2289570	15470.067	3125.978	14671.500	10727	23301	544.791	345.115	19.534	1.661	0.399	1.670	544.741	345.206	19.511	541	340	18	8	10	4
322	37.367	88.780	227	141	4830958	21281.754	8333.172	19847.000	10700	45220	335.361	347.674	20.753	1.969	0.496	1.939	335.340	347.636	20.760	330	345	18	12	7	7
323	38.849	88.573	236	149	4110240	17416.271	4467.973	16796.000	10693	31210	134.890	351.835	20.525	1.876	0.300	1.836	134.911	351.760	20.539	130	348	18	10	9	6
324	5.761	26.031	35	32	480254	13721.543	2270.171	13116.000	10869	18037	810.971	464.600	19.400	0.926	0.250	0.894	810.955	464.648	19.419	809	462	18	5	6	3
325	18.931	54.923	115	85	1720960	14964.869	3360.696	13893.000	10781	24314	536.226	474.043	19.530	1.464	0.254	1.496	536.203	474.101	19.535	533	471	18	8	7	4
326	25.680	67.404	156	107	2824129	18103.391	5851.205	17252.500	10798	36807	636.115	495.744	20.218	1.640	0.286	1.610	636.179	495.755	20.207	633	492	18	8	8	5
327	32.758	84.541	199	124	3830166	19247.064	6466.122	17592.000	10726	37713	152.181	232.382	21.201	1.903	0.424	1.923	152.250	232.415	21.172	147	230	19	11	7	6
328	8.725	33.306	53	48	714273	13476.849	1985.499	12906.000	10704	18328	185.642	233.868	20.113	1.096	0.264	1.112	185.700	233.890	20.108	183	232	19	6	5	3
329	8.725	34.547	53	43	740133	13964.773	2619.249	13184.000	10722	21614	30.792	268.491	20.906	1.119	0.250	1.115	30.769	268.513	20.917	28	267	19	6	5	4
330	20.248	60.544	123	79	2680167	21789.977	9334.300	19633.000	10733	49236	122.545	277.382	21.447	1.630	0.426	1.606	122.496	277.383	21.433	120	275	19	7	6	6
331	10.041	35.444	61	49	1007912	16523.148	4342.836	15231.000	10759	29388	118.426	300.311	20.623	1.233	0.317	1.256	118.519	300.266	20.613	116	299	19	6	4	4
332	12.511	43.408	76	59	1137007	14960.618	3108.576	14607.000	10883	24153	207.789	302.184	21.224	1.314	0.313	1.276	207.776	302.195	21.204	205	300	19	7	5	5
333	25.515	69.854	155	101	3581573	23106.922	9689.029	20695.000	10696	47234	151.768	309.955	21.819	1.795	0.472	1.811	151.704	309.899	21.794	148	308	19	9	5	7
334	27.326	73.749	166	105	3077384	18538.457	5947.901	17603.000	10796	33213	329.898	330.849	21.325	1.744	0.371	1.699	329.873	330.862	21.353	327	327	19	7	8	6
335	38.355	102.088	233	144	3955429	16976.090	5258.455	15637.000	10760	33994	101.236	347.730	21.283	1.981	0.420	1.923	101.293	347.757	21.285	95	344	19	12	9	6
336	21.894	62.475	133	84	2825357	21243.285	8410.503	18864.000	10729	44374	332.917	363.865	21.308	1.683	0.437	1.585	332.875	363.818	21.248	330	361	19	7	6	6
337	13.992	48.096	85	68	1202857	14151.259	2285.427	13844.000	10755	20392	346.953	365.118	21.118	1.280	0.255	1.262	346.937	365.063	21.108	343	362	19	8	7	5
338	12.017	63.094	73	70	994832	13627.836	2510.688	13074.000	10690	20011	602.247	368.699	20.438	1.442	0.537	1.426	602.112	368.509	20.434	599	364	19	9	11	4
339	15.145	50.234	92	68	1380092	15001.000	3330.182	14267.000	10719	24692	389.717	369.587	20.924	1.358	0.281	1.302	389.691	369.613	20.917	387	367	19	7	6	5
340	65.187	192.354	396	272	7292841	18416.266	7364.391	15892.500	10686	45395	351.475	373.899	22.523	3.366	1.051	3.462	351.925	374.035	22.559	341	370	19	22	12	9
341	4.115	21.687	25	22	432723	17308.920	5165.982	16839.000	11183	29675	112.680	414.600	20.760	0.977	0.377	0.957	112.705	414.558	20.838	111	413	19	4	4	4
342	14.486	48.304	88	66	1344282	15275.932	3359.985	15038.000	10705	24390	636.705	426.477	21.011	1.327	0.274	1.261	636.652	426.430	21.019	634	424	19	7	6	5
343	55.969	134.360	340	209	5225169	15368.145	3430.169	14458.000	10694	25817	399.444	453.891	22.106	2.257	0.555	2.252	399.543	453.821	22.170	393	449	19	13	11	7
344	2.469	20.790	15	15	176242	11749.467	1025.259	11502.000	10687	14213	650.800	475.067	20.133	0.790	0.302	0.878	650.779	475.031	20.139	649	474	19	5	4	3
345	3.292	20.342	20	19	248741	12437.050	1219.495	12046.500	10781	15508	631.350	504.850	20.000	0.786	0.291	0.782	631.366	504.841	19.983	630	503	19	4	5	3
346	19.754	57.509	120	80	2144933	17874.441	5412.854	16060.000	10686	31654	86.792	253.783	22.292	1.552	0.304	1.525	86.805	253.803	22.275	84	251	20	7	7	5
347	21.071	69.991	128	91	2018701	15771.102	3366.351	15458.500	10691	24085	269.789	255.656	22.633	1.602	0.436	1.600	269.785	255.711	22.617	265	253	20	10	6	6
348	19.424	65.473	118	89	1773031	15025.687	3497.000	14262.000	10686	24962	239.297	258.322	22.390	1.515	0.338	1.521	239.334	258.202	22.393	236	255	20	8	10	5
349	17.943	59.681	109	84	1642357	15067.495	3284.685	14581.000	10738	24099	46.872	259.312	22.037	1.464	0.338	1.425	46.808	259.333	22.033	43	257	20	9	6	5
350	1.811	13.412	11	11	134736	12248.728	1071.727	11939.000	10821	13903	287.636	262.818	20.364	0.668	0.141	0.668	287.646	262.805	20.387	286	262	20	4	3	2
351	4.445	21.135	27	25	352205	13044.630	1821.835	12739.000	10771	19794	278.259	263.630	21.037	0.901	0.268	0.982	278.233	263.645	21.064	277	262	20	4	4	3
352	7.078	37.167	43	41	536149	12468.581	1564.104	12000.000	10736	16568	51.698	268.651	21.140	1.012	0.313	1.116	51.683	268.700	21.136	49	266	20	7	6	3
353	24.198	71.095	147	103	2582760	17569.797	5078.041	17058.000	10918	30508	176.252	282.986	22.531	1.773	0.521	1.709	176.220	282.978	22.528	172	281	20	9	5	6
354	5.268	25.238	32	31	435980	13624.375	2159.494	13034.500	10786	18102	97.531	284.375	21.344	0.895	0.282	0.876	97.474	284.401	21.348	95	283	20	7	4	3
355	1.646	11.826	10	10	121490	12149.000	631.059	12206.500	10825	13099	336.400	286.300	20.100	0.563	0.233	0.615	336.404	286.311	20.089	335	285	20	4	4	2
356	4.774	26.031	29	29	357485	12327.069	1286.307	12110.000	10691	14702	335.276	304.759	20.517	0.894	0.260	0.871	335.254	304.782	20.526	333	303	20	6	5	2
357	16.297	62.991	99	90	1280124	12930.546	1536.713	12950.000	10700	17610	252.889	306.222	21.717	1.354	0.423	1.353	252.917	306.193	21.709	248	304	20	10	7	4
358	8.066	36.374	49	46	636616	12992.163	2034.571	12106.000	10724	18513	370.408	329.735	21.388	1.092	0.378	1.056	370.373	329.692	21.395	367	328	20	8	5	4
359	19.424	57.854	118	83	1921284	16282.067	4228.994	15892.000	10708	29773	486.339	330.686	22.364	1.562	0.366	1.585	486.366	330.731	22.360	483	328	20	8	7	5
360	10.206	39.995	62	50	844272	13617.290	2807.312	12822.500	10711	20557	196.194	334.435	21.758	1.190	0.290	1.163	196.172	334.452	21.738	194	332	20	5	6	4
361	22.881	61.716	139	94	2748990	19776.906	7139.328	18051.000	10689	37880	148.777	352.806	22.259	1.644	0.334	1.638	148.754	352.814	22.281	146	350	20	7	7	5
362	13.498	50.924	82	69	1164296	14198.731	2616.276	13812.000	10763	21559	268.024	354.073	21.927	1.306	0.332	1.286	268.037	354.021	21.895	264	351	20	8	7	4
363	27.491	72.922	167	105	3226781	19322.041	6759.139	18235.000	10703	37295	293.413	365.928	22.856	1.848	0.474	1.844	293.358	365.950	22.893	290	363	20	8	7	7
364	3.128	20.790	19	18	237156	12481.895	1660.636	11876.000	10859	16225	51.421	369.895	21.211	0.860	0.306	0.833	51.461	369.868	21.203	50	368	20	4	5	3
365	13.334	40.028	81	67	1191118	14705.160	2648.664	14635.000	10746	21005	382.383	376.148	21.012	1.239	0.211	1.227	382.461	376.157	21.026	379	374	20	8	6	3
366	31.771	86.230	193	117	3276146	16974.850	4457.966	15989.000	10714	28413	402.207	388.109	22.984	2.005	0.599	1.990	402.156	388.102	22.936	399	385	20	9	8	7
367	17.449	55.371	106	76	1635224	15426.642	3533.984	14385.500	10744	22843	663.179	397.349	21.415	1.397	0.248	1.444	663.165	397.296	21.421	660	394	20	7	8	4
368	12.346	47.511	75	61	1080036	14400.480	2792.507	13766.000	10700	22619	163.267	412.040	21.320	1.229	0.289	1.266	163.305	412.027	21.316	160	409	20	7	7	4
369	7.078	32.168	43	40	557461	12964.209	1607.136	12787.000	10729	18001	383.047	423.488	21.209	1.045	0.285	1.069	383.052	423.489	21.211	380	422	20	7	4	3
370	6.255	32.375	38	34	479899	12628.921	1768.542	11719.500	10718	16205	336.184	429.658	21.658	1.048	0.369	0.997	336.131	429.619	21.645	334	427	20	6	6	4
371	35.392	87.884	215	135	3575727	16631.289	4629.645	15698.000	10738	32750	369.688	452.577	22.191	1.842	0.287	1.866	369.661	452.544	22.150	365	449	20	10	9	5
372	10.865	38.546	66	56	943511	14295.621	3013.166	13428.000	10699	23250	639.349	460.561	21.364	1.157	0.274	1.175	639.405	460.531	21.358	636	459	20	7	5	4
373	7.078	31.238	43	36	564883	13136.813	1924.667	12741.000	10703	17117	661.372	480.233	21.163	1.076	0.296	1.095	661.363	480.227	21.160	659	479	20	6	4	4
374	2.963	19.204	18	17	216162	12009.000	1156.656	11620.000	10709	14966	648.889	513.889	21.389	0.800	0.256	0.698	648.901	513.865	21.371	648	512	20	3	5	3
375	22.552	76.506	137	108	1874623	13683.380	2449.790	13032.000	10692	21796	844.044	528.562	21.635	1.704	0.612	1.711	844.027	528.519	21.607	839	525	20	12	7	5
376	3.622	22.618	22	22	261070	11866.818	1059.128	11871.000	10734	14461	23.636	216.409	21.864	0.791	0.306	0.779	23.641	216.389	21.878	22	214	21	4	6	3
377	17.449	51.821	106	75	1754340	16550.377	4174.912	16185.500	10827	29788	106.604	239.547	23.245	1.461	0.309	1.405	106.565	239.539	23.232	104	237	21	6	6	5
378	18.437	60.923	112	84	1627098	14527.661	2956.020	14184.000	10803	25593	117.250	240.036	23.357	1.454	0.333	1.476	117.197	240.031	23.343	114	237	21	8	7	5
379	3.128	18.170	19	18	267131	14059.526	2519.850	12912.000	11140	20048	38.158	243.789	22.632	0.851	0.342	0.773	38.150	243.793	22.640	37	243	21	4	3	4
380	11.029	45.339	67	53	924163	13793.478	2385.009	13055.000	10908	20601	94.060	245.537	22.313	1.255	0.365	1.276	93.996	245.515	22.322	90	244	21	9	5	4
381	8.725	36.237	53	42	814868	15374.868	3518.760	14719.000	10693	25524	128.434	246.491	23.094	1.208	0.391	1.102	128.389	246.482	23.128	126	244	21	5	6	5
382	2.634	18.756	16	16	182492	11405.750	690.739	11224.000	10804	13555	251.562	256.250	21.812	0.786	0.313	0.776	251.533	256.244	21.804	249	255	21	7	4	2
383	13.005	48.063	79	62	1159731	14680.140	3117.175	14252.000	10732	24385	240.608	271.380	22.861	1.291	0.327	1.248	240.647	271.403	22.869	237	269	21	7	6	5
384	14.815	45.443	90	64	1501005	16677.834	3958.119	15754.500	10924	24948	252.667	281.900	22.800	1.422	0.368	1.351	252.701	281.924	22.788	250	280	21	6	5	5
385	10.206	37.134	62	48	1091996	17612.838	4693.722	16693.500	10718	29553	269.032	289.306	23.129	1.307	0.456	1.204	269.024	289.233	23.133	267	288	21	5	4	5
386	17.120	55.786	104	75	1603868	15421.808	3149.698	15477.500	10747	23203	415.885	309.606	22.971	1.539	0.434	1.441	415.880	309.628	22.967	412	307	21	8	6	5
387	12.675	44.787	77	64	1105231	14353.649	2447.907	14186.000	10754	19846	149.974	332.649	22.896	1.263	0.307	1.264	149.943	332.629	22.877	147	330	21	7	7	4
388	21.564	71.370	131	103	2013362	15369.176	3440.234	14732.000	10720	24836	290.725	344.420	22.435	1.586	0.410	1.603	290.561	344.272	22.442	286	342	21	10	7	5
389	15.803	52.373	96	72	1531494	15953.062	3775.391	15398.500	10779	25371	262.156	348.000	22.750	1.448	0.363	1.467	262.198	347.987	22.745	258	346	21	9	5	5
390	3.622	20.342	22	21	289618	13164.454	2280.269	12329.000	10832	18044	439.045	348.545	21.818	0.826	0.261	0.860	439.004	348.609	21.816	437	347	21	5	4	3
391	8.560	33.409	52	44	684472	13162.923	1985.286	12579.500	10837	19841	338.904	359.692	22.096	1.106	0.252	1.134	338.838	359.671	22.087	337	357	21	5	6	4
392	17.449	58.681	106	89	1431964	13509.095	1850.678	13112.500	10744	18020	189.377	368.179	22.066	1.439	0.425	1.418	189.268	368.151	22.052	185	365	21	11	6	3
393	6.255	29.789	38	35	483369	12720.237	1431.865	12731.000	10717	15897	175.553	376.421	21.763	0.936	0.212	0.961	175.587	376.433	21.748	173	374	21	6	6	3
394	10.865	37.857	66	52	918751	13920.470	2250.254	13601.500	10720	19035	365.439	384.652	22.864	1.194	0.222	1.170	365.429	384.630	22.866	363	382	21	6	6	4
395	47.409	172.390	288	233	4380604	15210.431	4188.189	13894.500	10704	29328	313.448	403.931	22.913	2.804	1.007	2.969	313.515	404.542	22.987	308	392	21	12	21	6
396	6.585	27.858	40	35	550593	13764.825	2514.577	13077.500	10711	22235	455.050	402.200	21.875	0.980	0.199	0.982	455.078	402.182	21.855	453	400	21	5	6	3
397	13.992	47.270	85	64	1285901	15128.247	3282.861	14450.000	10773	22884	347.341	402.753	23.341	1.356	0.311	1.349	347.370	402.715	23.313	344	401	21	7	5	5
398	3.622	22.825	22	21	277084	12594.728	1374.112	12635.500	10743	15626	312.955	416.409	22.636	0.877	0.332	0.786	312.963	416.416	22.643	311	415	21	5	4	4
399	7.408	34.443	45	41	558892	12419.822	1191.896	12271.000	10730	15974	487.644	421.978	21.822	1.052	0.288	1.055	487.644	421.995	21.821	484	420	21	7	5	3
400	22.717	60.303	138	94	2870482	20800.594	8128.243	18771.500	10825	40599	343.333	424.529	23.471	1.821	0.570	1.752	343.331	424.523	23.464	341	422	21	6	6	6
401	10.206	38.753	62	50	892938	14402.226	2981.510	13712.000	10703	22448	629.242	454.903	22.210	1.219	0.286	1.196	629.211	454.902	22.191	626	452	21	7	6	4
402	2.634	13.757	16	16	195287	12205.438	1300.511	11866.000	10990	16097	625.375	482.250	21.500	0.693	0.127	0.737	625.369	482.234	21.488	624	481	21	4	3	2
403	8.725	38.409	53	44	725788	13694.113	2457.541	13198.000	10721	19445	67.736	191.604	23.660	1.140	0.308	1.168	67.702	191.593	23.648	65	189	22	7	6	4
404	61.895	161.080	376	243	6431306	17104.537	4886.273	15982.000	10700	34132	61.864	204.540	24.005	2.436	0.801	2.395	62.005	204.574	24.031	55	198	22	16	13	6
405	16.791	55.923	102	78	1416710	13889.313	2276.617	13617.000	10725	21129	39.255	201.902	24.294	1.407	0.320	1.415	39.186	201.938	24.300	36	199	22	8	7	5
406	24.857	91.815	151	117	2181942	14449.947	3105.528	13626.000	10766	23113	80.305	214.185	24.079	2.127	0.621	2.204	80.560	214.295	24.129	73	211	22	14	8	6
407	19.589	59.233	119	81	1765131	14833.033	3288.577	14050.000	10735	23909	57.790	231.101	24.345	1.495	0.253	1.487	57.862	231.181	24.329	55	228	22	8	8	5
408	19.260	59.199	117	85	2028884	17340.889	5063.450	16444.000	10700	30589	66.009	238.684	24.179	1.535	0.378	1.441	66.062	238.775	24.164	63	236	22	8	6	5
409	3.128	18.170	19	18	274514	14448.105	2192.430	14400.000	11349	18831	48.526	249.895	23.368	0.823	0.316	0.738	48.533	249.889	23.360	47	249	22	4	3	4
410	11.523	38.650	70	58	1071187	15302.672	3352.157	14918.000	10801	24614	116.443	251.329	23.043	1.209	0.263	1.162	116.399	251.276	23.053	114	249	22	6	6	4
411	12.181	43.753	74	56	1028359	13896.743	2428.854	13403.500	10753	19486	131.784	278.351	23.459	1.271	0.290	1.251	131.722	278.313	23.430	129	276	22	6	6	4
412	8.560	34.995	52	42	685134	13175.654	1784.764	12888.000	10720	17407	212.519	285.519	23.596	1.121	0.316	1.088	212.497	285.545	23.592	209	284	22	7	4	4
413	21.564	67.026	131	87	2016986	15396.840	3317.412	14796.000	10734	23557	233.260	296.748	24.076	1.705	0.480	1.767	233.277	296.747	24.095	229	294	22	9	7	6
414	14.486	44.546	88	66	1462672	16621.273	4227.240	16186.000	10696	26425	308.341	318.273	23.580	1.383	0.273	1.438	308.328	318.283	23.570	305	316	22	7	5	4
415	10.041	45.235	61	54	776095	12722.869	1374.154	12364.000	10758	15881	451.541	331.623	23.836	1.272	0.425	1.170	451.543	331.610	23.848	449	328	22	6	8	4
416	11.688	42.615	71	60	1032166	14537.549	2698.511	14143.000	10739	21256	261.789	333.845	23.859	1.283	0.357	1.255	261.754	333.881	23.842	258	332	22	8	4	5
417	6.255	30.685	38	36	460642	12122.158	1034.263	12005.000	10861	14475	463.658	342.737	23.237	1.014	0.296	1.028	463.635	342.730	23.252	461	341	22	7	5	3
418	3.951	24.548	24	23	293984	12249.333	1235.225	12018.500	10694	14803	419.417	372.000	23.208	0.962	0.426	0.880	419.355	371.997	23.205	417	371	22	8	3	3
419	10.371	40.443	63	49	886316	14068.508	2490.941	13649.000	10814	19448	261.921	373.936	23.317	1.224	0.302	1.168	261.891	373.972	23.321	259	372	22	7	5	4
420	5.103	25.341	31	30	385616	12439.226	1441.597	12265.000	10699	15073	294.613	411.903	23.419	0.878	0.284	0.877	294.599	411.900	23.427	293	410	22	4	5	4
421	12.675	43.890	77	64	1028560	13357.922	1736.208	13170.000	10755	18123	457.299	423.065	23.052	1.239	0.256	1.230	457.272	423.065	23.061	454	420	22	8	7	3
422	7.408	29.307	45	36	640485	14233.000	2677.853	13654.000	10899	20344	724.622	425.467	23.467	1.124	0.320	1.026	724.607	425.441	23.460	723	424	22	5	4	4
423	4.938	27.031	30	28	351069	11702.300	781.214	11545.000	10785	13777	289.067	430.500	23.800	0.999	0.366	0.986	289.087	430.512	23.798	287	429	22	5	4	4
424	4.115	21.031	25	23	313080	12523.200	1519.401	12123.000	10965	17466	284.920	440.680	22.800	0.865	0.241	0.865	284.887	440.684	22.786	284	438	22	3	6	3
425	20.248	76.232	123	94	1799274	14628.244	3295.648	14031.000	10742	26042	633.667	468.724	23.789	1.644	0.532	1.685	633.771	468.818	23.783	630	464	22	8	10	5
426	1.975	12.378	12	12	165875	13822.917	2590.501	13093.000	11175	18452	162.500	241.000	24.000	0.692	0.341	0.721	162.490	240.990	23.951	162	240	23	2	3	3
427	5.103	24.204	31	26	447503	14435.581	2216.303	14061.000	10712	19456	273.355	280.839	24.968	0.966	0.270	0.999	273.368	280.816	24.960	271	279	23	5	4	4
428	1.646	12.274	10	10	124162	12416.200	1255.047	12118.000	10869	14052	242.500	289.400	23.200	0.706	0.218	0.709	242.541	289.415	23.184	241	288	23	4	4	2
429	5.268	26.687	32	28	424359	13261.219	1842.423	12654.500	10898	17848	386.812	356.156	24.562	1.070	0.401	0.968	386.816	356.134	24.575	385	354	23	4	5	4
430	5.432	30.341	33	33	406973	12332.516	1022.275	12451.000	10771	14333	501.121	359.939	24.121	0.985	0.284	0.995	501.108	359.920	24.134	498	359	23	7	4	3
431	8.395	39.546	51	46	624843	12251.823	1206.397	12119.000	10705	15288	366.961	395.039	24.922	1.185	0.387	1.199	367.013	395.019	24.933	364	393	23	8	5	4
432	1.646	11.136	10	10	116630	11663.000	843.637	11352.500	10732	13239	435.000	399.900	23.300	0.599	0.153	0.628	434.997	399.894	23.287	434	399	23	3	3	2
433	17.449	52.510	106	79	1567745	14790.047	2519.007	14579.500	10823	21623	460.858	435.962	24.434	1.499	0.331	1.538	460.801	435.920	24.409	457	434	23	9	5	4
434	5.268	23.411	32	30	405962	12686.312	1365.125	12234.500	10848	16157	489.375	449.750	23.688	0.935	0.279	0.889	489.414	449.735	23.658	487	448	23	6	4	3
