 	Volume (micron^3)	Surface (micron^2)	Nb of obj. voxels	Nb of surf. voxels	IntDen	Mean	StdDev	Median	Min	Max	X	Y	Z	Mean dist. to surf. (micron)	SD dist. to surf. (micron)	Median dist. to surf. (micron)	XM	YM	ZM	BX	BY	BZ	B-width	B-height	B-depth
1	51.360	103.256	312	213	10979808	35191.691	16039.629	32815.500	14040	65535	880.885	425.087	4.301	1.977	0.379	2.046	880.810	425.042	4.247	876	420	2	11	12	5
2	41.483	101.192	252	171	9154705	36328.195	17310.705	32585.500	13990	65535	921.611	507.976	4.706	2.057	0.594	2.011	921.538	507.999	4.649	918	502	2	8	13	6
3	20.577	60.163	125	96	3928425	31427.400	15116.021	26806.000	13965	65535	769.360	522.848	3.656	1.508	0.332	1.524	769.513	522.582	3.708	765	519	2	9	9	4
4	26.174	68.646	159	107	6154496	38707.523	18700.877	35734.000	14206	65535	878.226	547.000	4.403	1.700	0.350	1.718	878.320	546.928	4.404	874	544	2	9	7	6
5	28.149	69.506	171	119	5480579	32050.170	15096.842	27496.000	14038	65535	884.333	557.877	3.684	1.644	0.244	1.643	884.137	557.805	3.723	881	554	2	8	10	4
6	40.495	103.467	246	166	8983182	36517.000	18369.184	30291.000	13955	65535	774.045	588.772	4.293	2.101	0.638	2.102	774.073	588.703	4.277	766	584	2	15	10	5
7	26.503	77.196	161	122	5042265	31318.416	15321.787	26303.000	13983	65535	883.820	583.925	4.522	1.912	0.658	1.857	883.770	584.366	4.461	881	577	2	6	14	5
8	25.680	64.955	156	112	5034216	32270.615	14769.690	27869.000	14222	65535	706.263	657.570	3.641	1.608	0.279	1.613	706.325	657.600	3.648	701	655	2	11	7	4
9	28.972	68.472	176	119	6218408	35331.863	17132.775	31379.500	14024	65535	617.841	666.903	3.506	1.672	0.206	1.671	618.059	666.880	3.521	613	663	2	10	8	4
10	27.655	74.435	168	132	4702254	27989.607	13454.957	23207.000	14096	65535	487.976	725.905	3.738	1.710	0.510	1.703	487.639	726.346	3.734	483	721	2	12	10	4
11	36.709	100.469	223	159	8198215	36763.297	17940.131	31778.000	13936	65535	528.628	777.027	4.538	2.287	0.877	2.463	528.675	776.863	4.568	525	770	2	8	15	7
12	60.907	126.463	370	229	13168427	35590.344	15724.332	32962.500	13944	65535	291.000	834.162	5.214	2.285	0.611	2.246	291.031	834.039	5.229	286	828	2	12	13	7
13	27.655	66.989	168	113	5703503	33949.422	16584.936	27836.000	14228	65535	296.113	853.065	3.619	1.675	0.271	1.655	295.962	853.032	3.604	292	850	2	10	7	4
14	47.080	110.672	286	186	10188178	35623.000	16845.809	31500.500	13945	65535	217.311	881.185	4.577	2.122	0.595	2.094	217.215	881.125	4.557	210	877	2	16	9	6
15	24.528	66.026	149	98	5886564	39507.141	18548.779	35565.000	13947	65535	259.758	883.604	4.141	1.701	0.381	1.782	259.755	883.603	4.175	255	881	2	10	6	5
16	48.397	104.809	294	200	9891624	33644.980	15409.271	29331.500	13936	65535	954.969	342.752	4.626	2.145	0.646	2.062	954.915	342.973	4.610	952	335	3	8	17	4
17	38.190	92.675	232	150	8298832	35770.828	17341.988	30026.500	14054	65535	933.987	440.323	5.185	1.938	0.404	1.986	933.972	440.096	5.140	930	436	3	10	11	5
18	29.795	72.678	181	120	6163931	34054.867	16058.974	30821.000	14010	65535	980.707	443.547	5.309	1.702	0.249	1.693	980.723	443.553	5.240	977	439	3	8	10	5
19	22.223	59.715	135	101	4146989	30718.438	12776.100	27997.000	13944	65535	951.104	448.644	5.141	1.506	0.297	1.473	951.144	448.657	5.074	947	445	3	8	8	5
20	21.400	59.233	130	89	4373836	33644.891	16386.438	27627.000	14061	65535	989.654	453.938	4.554	1.578	0.291	1.618	989.640	453.964	4.544	987	450	3	7	9	4
21	41.154	129.598	250	211	6846805	27387.221	15120.148	21299.500	13953	65535	871.476	464.404	4.036	2.430	0.943	2.366	872.646	463.522	4.085	861	459	3	18	13	4
22	18.108	49.682	110	80	3793481	34486.191	17194.709	30872.000	14149	65535	908.591	466.827	4.318	1.438	0.254	1.467	908.532	466.790	4.308	905	464	3	8	6	4
23	46.750	131.392	284	219	7910390	27853.486	13013.372	24329.000	14012	65535	899.532	476.609	5.504	2.230	0.705	2.355	900.258	476.456	5.431	891	472	3	17	11	5
24	16.791	61.953	102	95	1990085	19510.637	4552.323	17822.500	13949	32102	982.716	494.804	4.186	1.958	0.960	1.776	982.533	495.158	4.178	978	486	3	12	15	3
25	12.511	40.614	76	66	1691522	22256.869	6230.702	21799.500	13990	39481	994.526	509.382	3.882	1.199	0.248	1.185	994.504	509.492	3.895	992	506	3	6	7	3
26	5.597	25.134	34	33	650927	19144.912	4284.936	18400.000	13966	27301	883.706	515.088	3.765	0.897	0.299	0.875	883.703	515.109	3.757	881	513	3	6	5	3
27	18.272	52.199	111	84	3377397	30427.000	12971.061	28224.000	13948	65535	902.613	535.739	4.135	1.402	0.241	1.395	902.534	535.690	4.115	900	532	3	7	8	4
28	38.520	92.675	234	153	7942862	33943.855	16908.094	28470.000	14021	65535	945.812	536.487	4.534	1.889	0.383	1.912	945.724	536.323	4.551	941	532	3	10	10	5
29	30.947	78.952	188	139	5417367	28815.781	11478.378	27085.000	14248	57744	967.761	548.000	4.878	1.772	0.481	1.694	967.740	548.000	4.874	965	542	3	7	13	5
30	36.874	95.222	224	194	5302269	23670.844	7116.074	21452.500	14106	45897	900.080	557.254	4.272	1.877	0.637	1.818	899.797	557.372	4.273	893	553	3	15	11	3
31	22.388	58.095	136	95	5218435	38370.844	18216.652	34759.000	14190	65535	702.029	583.368	4.529	1.570	0.241	1.567	702.020	583.275	4.497	699	580	3	7	8	5
32	29.301	67.197	178	119	7185615	40368.625	17968.756	36454.500	13988	65535	867.775	595.478	5.511	1.712	0.243	1.656	867.806	595.485	5.493	865	592	3	7	8	6
33	33.911	106.328	206	164	6034398	29293.193	13187.971	25613.000	14013	65535	684.660	605.010	4.689	2.427	1.052	2.471	685.186	605.087	4.623	674	602	3	21	8	4
34	29.301	74.887	178	116	7158369	40215.555	19631.330	33205.500	14102	65535	821.298	611.225	5.163	1.842	0.403	1.909	821.369	611.253	5.148	817	608	3	10	7	5
35	24.363	66.541	148	113	4780171	32298.453	14631.255	29551.500	14004	65535	720.446	618.554	5.041	1.594	0.404	1.525	720.466	618.544	4.988	717	613	3	7	11	5
36	26.503	70.781	161	123	4938184	30671.951	12903.259	27378.000	14028	65535	727.981	631.093	4.857	1.610	0.403	1.580	727.948	631.153	4.813	724	626	3	9	11	4
37	49.055	104.431	298	187	9840646	33022.301	16100.149	27077.500	13954	65535	831.376	640.651	5.218	2.062	0.433	2.072	831.678	640.525	5.167	826	636	3	11	10	5
38	17.120	54.337	104	76	3316675	31891.105	15665.530	26891.000	14357	65535	636.413	640.221	4.288	1.458	0.308	1.482	636.432	640.150	4.298	633	637	3	9	7	4
39	28.478	78.089	173	144	4409562	25488.797	8557.127	24587.000	13993	50767	664.156	642.642	3.792	1.713	0.591	1.661	664.059	642.557	3.745	659	638	3	13	10	3
40	22.388	58.647	136	94	5328445	39179.742	17536.465	37739.000	14309	65535	857.860	644.294	5.338	1.615	0.332	1.640	857.846	644.290	5.353	855	641	3	8	7	5
41	23.046	63.298	140	123	3604811	25748.650	9691.755	23179.500	13964	63318	685.271	657.664	4.064	1.542	0.401	1.501	685.248	657.588	4.063	682	653	3	8	11	4
42	22.881	63.335	139	102	4401045	31662.193	15056.723	26526.000	13960	65535	786.014	652.719	5.072	1.585	0.372	1.544	785.887	652.769	5.044	783	649	3	7	9	5
43	31.112	79.264	189	128	6113683	32347.529	14324.028	29849.000	14024	63055	530.862	675.915	5.005	1.750	0.439	1.686	530.738	676.016	4.955	527	672	3	10	9	5
44	23.375	69.369	142	108	4179680	29434.365	14031.943	25452.000	13998	65535	652.063	680.852	4.746	1.699	0.507	1.738	652.194	681.086	4.704	650	675	3	5	13	4
45	5.761	27.617	35	29	685477	19585.057	5860.121	17166.000	13987	33950	504.400	682.543	3.971	0.986	0.197	1.022	504.382	682.546	3.961	502	680	3	6	6	3
46	22.717	62.750	138	97	4695308	34023.973	15794.877	29449.000	13975	65535	719.949	682.688	5.232	1.593	0.310	1.607	719.938	682.670	5.172	716	679	3	9	8	5
47	29.301	73.679	178	119	6249268	35108.246	16526.930	32644.000	14263	65535	772.112	695.247	5.326	1.737	0.341	1.745	772.094	695.303	5.242	768	692	3	10	7	5
48	17.120	51.854	104	82	3060148	29424.500	11956.226	28797.500	13952	56368	615.183	704.087	4.308	1.387	0.284	1.399	615.223	704.188	4.342	613	700	3	6	9	4
49	15.803	45.958	96	77	2662071	27729.906	9263.155	27950.000	14366	52654	670.719	717.406	4.125	1.334	0.267	1.308	670.675	717.421	4.136	667	714	3	8	8	3
50	19.424	60.508	118	102	2990048	25339.391	8811.657	23116.500	14109	49354	445.839	736.110	4.415	1.501	0.533	1.458	445.683	736.086	4.401	441	734	3	12	5	4
51	20.248	58.025	123	98	3463251	28156.512	11410.117	25542.000	14210	57573	549.244	744.138	4.691	1.469	0.369	1.492	549.307	744.169	4.658	546	739	3	7	11	4
52	23.869	75.402	145	113	3412997	23537.910	6524.676	22610.000	13948	40547	469.931	753.455	4.710	1.755	0.585	1.755	470.013	753.359	4.713	465	749	3	11	10	5
53	10.206	36.752	62	59	1322450	21329.838	4989.817	22027.000	14015	29808	532.710	764.081	4.355	1.091	0.344	1.068	532.751	763.950	4.333	530	761	3	6	8	3
54	14.486	49.097	88	69	2523806	28679.613	13026.807	25279.500	13962	60113	384.920	767.534	4.420	1.427	0.369	1.465	384.895	767.475	4.423	382	765	3	8	7	4
55	48.561	110.568	295	194	10436527	35378.059	17800.168	29803.000	13969	65535	548.658	767.559	4.780	2.124	0.525	2.131	548.286	767.635	4.818	544	763	3	14	10	5
56	23.046	65.266	140	100	4677180	33408.430	15400.741	28707.000	13948	65535	300.136	790.064	4.521	1.626	0.366	1.594	300.183	790.073	4.524	295	787	3	12	7	4
57	20.083	58.818	122	98	3394428	27823.180	11914.899	25814.000	14003	64129	521.566	797.295	3.926	1.495	0.392	1.437	521.424	797.271	3.948	518	794	3	10	9	4
58	30.124	76.714	183	118	6525850	35660.383	18304.818	28380.000	14011	65535	544.585	804.880	4.984	1.820	0.384	1.940	544.570	804.883	4.937	542	800	3	6	10	5
59	39.837	93.776	242	177	6936181	28661.904	12744.455	25406.000	13960	65535	246.244	805.455	5.079	1.939	0.535	1.976	246.480	805.764	5.062	241	799	3	12	12	5
60	24.198	64.439	147	95	5583285	37981.531	18402.234	33985.000	14275	65535	510.939	810.327	4.762	1.675	0.331	1.689	511.049	810.305	4.703	507	808	3	9	6	5
61	47.738	117.257	290	194	9941863	34282.285	17331.258	30146.500	13967	65535	302.466	811.324	5.386	2.061	0.407	2.062	302.240	810.975	5.475	297	807	3	13	10	6
62	44.775	106.017	272	182	8686742	31936.551	14475.733	30331.000	13967	65535	413.099	814.643	5.118	2.127	0.631	2.131	413.369	814.513	5.180	406	809	3	14	11	6
63	34.898	85.297	212	137	6942296	32746.680	15692.917	28037.000	13938	65535	243.991	817.297	5.137	1.835	0.340	1.850	243.990	817.377	5.102	241	813	3	8	11	5
64	41.977	105.706	255	192	6551557	25692.381	9360.035	22802.000	13931	58815	213.239	816.718	5.741	2.092	0.604	2.099	213.320	816.710	5.759	206	812	3	15	9	6
65	18.437	53.922	112	91	2968561	26505.010	9515.857	24384.500	13994	56871	215.991	840.259	4.089	1.497	0.432	1.409	215.864	840.262	4.077	211	838	3	12	6	3
66	55.475	150.904	337	260	9493580	28170.861	13910.180	23716.000	13940	65535	272.602	842.270	4.424	2.758	1.116	2.668	272.415	842.735	4.387	267	831	3	13	22	4
67	22.388	60.026	136	91	4630199	34045.582	16212.594	30471.500	13942	65535	279.625	898.882	4.544	1.566	0.237	1.546	279.632	898.815	4.554	276	896	3	8	7	5
68	33.417	91.812	203	156	5728143	28217.453	12309.391	24869.000	14141	65535	966.054	312.867	6.453	1.825	0.471	1.759	965.863	312.719	6.405	961	308	4	12	13	5
69	16.955	48.578	103	86	2567746	24929.572	8398.895	23585.000	14037	46766	958.379	323.893	4.922	1.317	0.242	1.321	958.426	323.899	4.888	955	321	4	7	7	3
70	32.923	76.747	200	124	7451191	37255.953	18296.021	32748.500	14068	65535	932.220	348.330	5.850	1.793	0.268	1.790	932.208	348.273	5.799	929	344	4	8	9	5
71	48.397	105.157	294	172	11638935	39588.215	18828.352	36518.000	13941	65535	921.493	366.602	6.459	2.110	0.419	2.074	921.559	366.547	6.452	917	362	4	10	11	6
72	2.798	14.894	17	17	301835	17755.000	3061.952	16844.000	14597	26309	968.000	378.412	4.353	0.685	0.158	0.676	967.980	378.448	4.325	966	377	4	5	4	2
73	24.034	63.817	146	115	4533912	31054.191	12219.795	28387.500	14002	65535	985.527	389.418	5.021	1.564	0.398	1.500	985.578	389.374	4.980	982	385	4	9	10	4
74	12.017	42.441	73	67	1439023	19712.645	3912.940	20200.000	14022	29014	969.151	404.247	5.137	1.177	0.304	1.191	969.084	404.222	5.129	966	400	4	7	8	3
75	10.865	39.372	66	63	1454321	22035.166	6335.591	20595.000	14266	40648	934.409	430.576	5.379	1.138	0.358	1.142	934.299	430.592	5.374	931	428	4	9	6	3
76	9.054	30.511	55	55	1091636	19847.928	4177.194	18512.000	14066	33498	919.764	446.709	4.473	0.999	0.284	1.010	919.639	446.742	4.417	917	444	4	7	6	2
77	3.951	23.755	24	24	386218	16092.417	1532.959	15899.500	14136	20375	842.708	458.583	4.542	0.819	0.194	0.818	842.753	458.560	4.561	841	456	4	5	6	2
78	21.894	62.679	133	101	3492145	26256.729	8897.335	24006.000	13941	46334	885.910	460.098	5.368	1.493	0.332	1.485	885.852	460.062	5.353	881	457	4	10	7	4
79	11.358	39.269	69	69	1406564	20384.986	3394.285	20560.000	13936	28602	848.913	465.826	4.493	1.175	0.450	1.050	848.810	465.834	4.501	844	463	4	11	6	2
80	47.080	103.845	286	177	10558188	36916.742	17553.955	32715.000	13946	65535	820.972	478.787	6.360	2.049	0.415	1.993	820.963	478.864	6.342	816	473	4	11	12	5
81	23.869	68.264	145	115	3697659	25501.096	8653.719	23341.000	13993	50300	808.414	484.559	5.069	1.703	0.552	1.710	808.345	484.452	5.081	804	480	4	10	11	3
82	19.589	56.679	119	99	2961375	24885.504	9105.998	22521.000	14108	54491	806.866	494.370	4.983	1.488	0.390	1.407	806.738	494.364	5.002	803	490	4	9	9	3
83	33.417	80.468	203	159	5713184	28143.764	10994.148	25174.000	13995	65535	864.778	511.616	5.054	1.816	0.561	1.745	864.627	511.937	5.052	861	507	4	11	11	4
84	51.360	128.772	312	217	10060531	32245.291	16010.794	27313.500	14002	65535	756.728	516.910	5.516	2.406	0.797	2.503	756.947	516.381	5.569	751	509	4	11	18	5
85	4.280	25.341	26	26	476374	18322.076	3521.539	17290.500	14083	26894	715.154	516.231	5.077	0.989	0.417	1.018	715.161	516.242	5.085	711	515	4	8	4	3
86	29.301	70.747	178	120	5933488	33334.203	15057.737	31299.000	14007	65535	989.326	519.461	5.320	1.705	0.305	1.699	989.368	519.423	5.269	986	515	4	8	11	4
87	17.943	55.578	109	82	3515281	32250.285	15290.520	27161.000	13981	65535	804.661	518.633	5.330	1.503	0.345	1.539	804.723	518.588	5.269	800	516	4	10	6	4
88	5.268	24.237	32	32	602102	18815.688	3531.336	18253.000	13966	26746	895.562	521.906	4.688	0.873	0.273	0.856	895.514	521.920	4.708	893	519	4	7	6	2
89	2.963	14.894	18	18	353825	19656.945	4141.711	19323.000	14502	31465	826.000	536.833	4.389	0.698	0.154	0.699	826.031	536.789	4.340	825	535	4	3	5	2
90	30.454	75.747	185	123	5825126	31487.168	14468.536	28328.000	13938	65535	679.659	545.308	6.049	1.708	0.321	1.722	679.635	545.284	6.028	676	542	4	9	8	5
91	14.486	55.060	88	82	1971242	22400.477	6149.750	21566.000	14203	35021	722.500	545.295	4.830	1.594	0.620	1.491	722.355	545.305	4.810	716	543	4	14	6	3
92	37.697	82.125	229	150	8067192	35227.914	15989.206	30884.000	13934	65535	999.908	544.646	6.437	1.843	0.296	1.835	999.945	544.744	6.408	997	539	4	8	11	5
93	16.297	49.130	99	81	2882208	29113.213	11240.599	27296.000	13995	60001	789.788	555.374	5.111	1.329	0.261	1.306	789.640	555.240	5.090	787	552	4	7	8	4
94	1.646	12.723	10	10	155147	15514.700	985.403	15483.000	14211	16829	702.500	561.300	4.700	0.642	0.186	0.704	702.500	561.302	4.699	701	560	4	4	3	2
95	24.198	66.989	147	101	4726751	32154.770	15168.736	28606.000	14004	65535	735.830	563.592	6.082	1.564	0.256	1.532	735.809	563.607	6.050	732	560	4	9	8	5
96	33.087	85.364	201	160	5087966	25313.264	8378.557	24444.000	13961	53057	766.667	568.532	5.189	1.739	0.499	1.697	766.688	568.502	5.212	762	563	4	11	12	4
97	18.108	55.508	110	91	2534304	23039.127	6918.685	20885.500	13949	38600	786.436	592.891	5.064	1.422	0.345	1.366	786.430	592.778	4.953	783	589	4	8	8	4
98	23.211	62.679	141	100	3977458	28208.922	12091.948	25377.000	14287	59546	652.631	597.312	5.404	1.567	0.253	1.561	652.546	597.223	5.395	649	593	4	9	9	4
99	12.181	42.752	74	58	1839362	24856.244	9395.106	21898.000	13966	45972	738.622	597.676	5.581	1.218	0.259	1.214	738.560	597.605	5.542	736	595	4	7	7	4
100	13.992	44.924	85	70	1992927	23446.199	7990.241	20428.000	13989	46490	799.388	599.659	4.894	1.288	0.276	1.260	799.339	599.499	4.875	796	596	4	7	9	3
101	12.181	41.407	74	66	1811187	24475.500	7424.647	23634.000	13988	39374	748.932	609.649	4.716	1.142	0.274	1.193	749.022	609.812	4.672	746	607	4	7	6	3
102	7.737	36.063	47	44	861586	18331.617	4281.442	16606.000	13976	28418	630.702	620.191	4.830	1.098	0.375	1.020	630.752	620.228	4.850	627	618	4	9	6	3
103	36.380	81.398	221	166	6430507	29097.316	10586.602	27309.000	13968	61134	808.136	623.348	5.973	1.737	0.403	1.730	808.115	623.333	6.006	803	619	4	12	10	5
104	22.058	60.715	134	95	4385387	32726.770	14598.516	31434.000	14020	65535	851.649	627.724	5.940	1.539	0.312	1.503	851.688	627.753	5.963	848	624	4	8	8	5
105	32.429	77.195	197	122	7141374	36250.629	18002.402	31002.000	14064	65535	602.178	643.188	6.096	1.796	0.279	1.809	602.079	643.180	6.088	598	640	4	10	8	5
106	24.198	72.919	147	117	3404840	23162.178	7805.059	21469.000	13945	52721	624.048	654.918	5.571	1.617	0.480	1.609	623.838	654.773	5.526	619	651	4	11	9	4
107	23.046	57.543	140	97	4082565	29161.178	11651.176	26578.000	14014	61815	776.993	658.071	5.679	1.541	0.192	1.547	776.926	658.076	5.692	774	655	4	8	7	4
108	9.548	46.199	58	56	1081832	18652.275	3401.316	17971.500	13948	26678	759.845	661.741	4.793	1.148	0.332	1.207	759.771	661.691	4.824	757	658	4	7	8	3
109	21.564	65.162	131	100	3663267	27963.871	12766.113	24544.000	13974	65535	518.809	672.382	5.641	1.614	0.432	1.609	518.842	672.416	5.637	512	670	4	12	6	4
110	38.684	87.398	235	163	7292744	31032.953	12676.170	28186.000	13946	61825	571.438	676.145	5.791	1.810	0.351	1.831	571.352	676.136	5.793	566	672	4	12	10	4
111	12.675	47.303	77	64	1801124	23391.221	7654.573	21612.000	14078	43012	641.429	682.831	5.195	1.296	0.411	1.293	641.423	682.849	5.247	639	679	4	6	9	4
112	35.227	90.433	214	155	6023311	28146.312	12029.988	25480.500	13941	65535	599.117	687.715	5.350	1.901	0.545	1.845	599.137	687.413	5.310	595	680	4	8	15	4
113	23.375	63.265	142	105	3780691	26624.584	11133.332	23677.000	14064	59981	522.817	692.296	5.176	1.515	0.259	1.509	522.676	692.362	5.132	518	689	4	10	7	4
114	11.688	40.959	71	66	1474346	20765.438	5650.661	19532.000	14087	36847	527.310	700.648	5.282	1.200	0.396	1.198	527.349	700.386	5.228	525	697	4	5	9	3
115	34.569	81.124	210	148	5832964	27776.020	10645.169	25267.500	13956	58805	496.448	704.657	5.748	1.793	0.445	1.827	496.543	704.528	5.754	492	700	4	10	11	4
116	25.515	76.747	155	111	4415200	28485.162	12256.776	25263.000	13994	62048	481.561	713.355	5.510	1.770	0.507	1.707	481.705	713.276	5.436	477	709	4	11	11	4
117	77.039	189.212	468	306	15618556	33372.984	16209.139	28295.000	13973	65535	346.968	721.658	7.291	3.030	1.046	3.006	346.764	722.219	7.527	341	711	4	13	20	8
118	20.083	58.025	122	98	2865692	23489.279	8256.294	21467.500	13981	48823	502.090	730.557	5.385	1.440	0.396	1.455	502.041	730.739	5.352	499	726	4	7	9	4
119	27.491	65.577	167	106	6358891	38077.191	18764.910	32139.000	14127	65535	680.335	741.832	6.120	1.749	0.321	1.804	680.378	741.874	6.121	678	738	4	6	9	5
120	21.235	62.646	129	99	4094969	31743.945	13641.782	29030.000	14087	65535	569.504	745.085	5.124	1.509	0.323	1.513	569.606	745.121	5.087	566	742	4	8	8	4
121	31.935	76.814	194	136	5535056	28531.217	11327.759	25099.000	14175	61337	489.830	750.500	5.825	1.695	0.353	1.719	489.729	750.464	5.815	485	746	4	11	10	4
122	26.667	63.680	162	111	5881852	36307.727	17357.705	32300.500	13950	65535	396.531	753.988	5.648	1.635	0.215	1.644	396.531	753.972	5.642	393	751	4	8	7	5
123	29.960	74.401	182	131	5269584	28953.758	12340.113	25414.500	13956	65535	444.769	758.313	5.791	1.731	0.454	1.719	444.486	758.217	5.796	439	756	4	12	7	4
124	6.255	32.513	38	36	758398	19957.842	4712.006	19117.500	14284	33819	524.447	762.237	4.868	1.086	0.443	1.091	524.406	762.319	4.875	522	758	4	6	8	3
125	32.100	83.055	195	151	5432364	27858.277	10395.878	26920.000	13983	59601	292.600	774.426	5.846	1.812	0.519	1.830	292.429	774.384	5.787	287	771	4	13	8	5
126	49.055	137.047	298	214	7449453	24998.164	8956.622	22539.000	13941	55335	470.201	782.430	6.399	2.375	0.769	2.438	470.217	782.494	6.350	464	774	4	13	17	7
127	27.161	64.818	165	111	5651151	34249.398	15876.500	30110.000	13955	65535	392.794	784.424	5.636	1.643	0.217	1.637	392.754	784.359	5.677	389	781	4	8	8	5
128	18.931	56.991	115	92	2982637	25935.975	9488.564	23715.000	13973	52854	313.896	785.209	5.948	1.439	0.359	1.372	313.766	785.012	5.913	310	782	4	9	8	4
129	18.601	84.675	113	113	2023076	17903.328	2888.172	17338.000	13949	27110	367.699	787.575	4.549	2.133	0.937	2.102	367.568	787.507	4.565	361	783	4	17	12	2
130	24.034	63.680	146	103	4343585	29750.582	14004.248	26113.500	13996	65535	273.500	791.767	5.904	1.561	0.332	1.543	273.610	791.797	5.925	270	789	4	9	7	5
131	27.161	70.403	165	117	5344408	32390.352	14168.753	29952.000	14213	65535	254.545	795.673	5.818	1.604	0.253	1.604	254.553	795.742	5.872	251	792	4	9	9	5
132	48.561	126.081	295	227	8468194	28705.742	11403.164	27278.000	14016	65535	319.424	802.966	6.356	2.160	0.836	2.198	319.110	802.846	6.290	311	799	4	18	10	5
133	23.540	63.094	143	98	4893868	34222.852	16861.148	28000.000	14007	65535	217.168	802.713	6.231	1.640	0.357	1.680	217.304	802.664	6.192	213	800	4	9	6	5
134	24.034	64.128	146	98	4557750	31217.465	14621.810	25514.000	13943	65535	287.774	805.596	5.404	1.624	0.245	1.636	287.790	805.539	5.410	284	802	4	9	8	4
135	11.852	40.166	72	69	1484846	20622.861	4294.604	20084.000	14022	29425	461.417	804.847	5.444	1.121	0.322	1.141	461.433	804.896	5.415	459	801	4	6	8	4
136	13.005	44.027	79	69	1650804	20896.254	5360.221	19594.000	13931	34853	353.278	807.203	4.987	1.221	0.272	1.211	353.431	807.181	5.038	350	804	4	7	7	3
137	20.412	58.369	124	96	2893602	23335.500	7567.872	21101.500	14017	50934	256.492	817.968	4.952	1.414	0.272	1.405	256.485	817.867	4.926	252	815	4	10	7	3
138	32.429	93.050	197	176	4544775	23069.924	7352.659	21369.000	13973	51889	264.579	828.782	4.807	1.872	0.650	1.874	264.521	829.013	4.830	259	821	4	14	14	3
139	22.881	59.095	139	91	5103702	36717.281	17474.070	33896.000	14041	65535	185.007	830.777	6.022	1.640	0.338	1.577	185.005	830.752	6.022	182	828	4	7	6	5
140	35.063	85.816	213	140	8380346	39344.348	18892.885	35241.000	13973	65535	167.221	834.239	5.723	1.912	0.410	1.918	167.257	834.195	5.708	162	831	4	12	7	5
141	34.240	91.297	208	141	6826326	32818.875	16365.102	26861.500	13936	65535	408.779	834.572	6.188	2.000	0.571	1.964	408.573	834.664	6.121	403	830	4	13	10	5
142	38.026	84.193	231	156	7000756	30306.303	13801.795	27195.000	13991	65535	202.009	838.519	5.810	1.843	0.312	1.839	202.187	838.477	5.845	197	835	4	11	8	5
143	49.055	115.189	298	195	10286024	34516.859	16051.112	32227.000	14009	65535	269.534	875.638	6.081	2.075	0.495	2.125	269.479	875.779	6.116	264	869	4	11	13	5
144	23.869	66.300	145	116	4427747	30536.186	11385.134	27969.000	14015	60348	146.655	876.876	5.938	1.614	0.455	1.552	146.604	876.871	5.959	141	873	4	11	8	4
145	23.869	71.611	145	111	5081703	35046.227	16068.262	32181.000	14029	65535	153.476	887.752	6.214	1.757	0.503	1.748	153.433	887.746	6.178	148	885	4	12	7	5
146	22.223	57.406	135	94	4680720	34672.000	16512.926	32591.000	14017	65535	218.304	891.030	5.704	1.562	0.257	1.525	218.352	891.064	5.770	215	888	4	7	7	5
147	30.783	79.401	187	131	4838554	25874.621	9475.115	22213.000	14030	47027	221.070	901.144	5.428	1.819	0.473	1.786	221.110	901.177	5.426	216	898	4	13	7	4
148	22.223	63.784	135	89	4210903	31191.875	14520.949	26763.000	14093	65535	971.800	284.326	6.993	1.604	0.325	1.561	971.784	284.244	7.003	968	281	5	8	8	5
149	45.598	100.362	277	190	7814515	28211.246	10920.683	26548.000	13941	52810	902.733	387.079	6.350	1.947	0.410	1.910	902.752	387.111	6.357	899	382	5	10	12	4
150	14.321	42.889	87	72	2175418	25004.805	8874.557	22929.000	14024	50648	888.575	393.701	5.989	1.303	0.286	1.234	888.634	393.695	6.007	884	392	5	10	5	3
151	32.264	83.537	196	152	4954261	25276.842	8610.153	24780.000	14005	48981	883.316	414.194	6.577	1.787	0.534	1.739	883.266	414.212	6.560	877	411	5	14	7	4
152	41.812	111.980	254	198	6783877	26708.178	9086.051	26782.500	13947	48049	796.382	503.232	6.358	2.165	0.812	2.035	796.420	503.250	6.381	792	494	5	10	19	4
153	15.309	47.440	93	81	2301462	24746.902	8898.838	21822.000	14102	49443	709.602	540.118	6.656	1.305	0.356	1.307	709.349	540.002	6.633	706	537	5	9	7	4
154	11.688	43.682	71	64	1485627	20924.324	6025.844	18721.000	14008	37396	632.845	579.338	5.972	1.247	0.402	1.203	632.764	579.180	5.940	630	576	5	7	10	3
155	64.035	150.596	389	265	12598072	32385.789	15149.647	28657.000	13931	65535	603.237	603.000	8.288	2.587	0.910	2.686	603.181	603.123	8.223	597	595	5	13	16	7
156	8.725	34.925	53	53	1015120	19153.207	3928.942	18549.000	14122	30368	772.094	640.792	5.566	1.042	0.285	1.026	772.171	640.605	5.543	769	638	5	6	7	2
157	23.704	63.472	144	106	4270238	29654.430	13689.414	25137.500	14069	65535	521.535	664.576	6.528	1.566	0.313	1.567	521.411	664.491	6.531	518	661	5	9	8	4
158	16.626	53.199	101	75	3124756	30938.178	14209.601	28396.000	13971	65535	746.624	667.337	6.248	1.419	0.288	1.386	746.705	667.271	6.222	744	664	5	7	8	4
159	39.837	92.501	242	163	7544112	31174.016	13648.121	27257.500	14024	65535	790.326	669.087	6.508	1.901	0.451	1.908	790.274	669.137	6.513	786	663	5	10	13	4
160	10.700	37.442	65	59	1554202	23910.801	7412.060	22039.000	14370	43579	550.431	674.308	6.292	1.208	0.345	1.196	550.463	674.337	6.289	548	670	5	5	10	3
161	7.901	37.304	48	44	935059	19480.396	5072.002	17641.500	14098	34259	703.083	681.083	6.083	1.101	0.341	1.069	702.996	681.006	6.111	700	678	5	7	8	3
162	1.646	10.584	10	10	155571	15557.100	1151.518	15363.500	14167	17703	775.900	681.800	5.000	0.554	0.299	0.500	775.881	681.844	5.000	774	680	5	5	4	1
163	14.651	47.785	89	82	2114925	23763.203	7504.734	23229.000	13984	44791	467.551	701.742	6.382	1.244	0.341	1.256	467.456	701.843	6.383	465	698	5	7	8	4
164	34.569	79.608	210	139	6915932	32933.008	15479.957	28072.000	13983	65535	430.086	704.557	7.390	1.811	0.305	1.803	430.089	704.548	7.329	426	701	5	10	9	6
165	12.511	44.372	76	70	1596241	21003.172	5529.904	20497.500	14086	35240	526.316	714.539	5.671	1.232	0.367	1.240	526.353	714.617	5.671	523	710	5	7	9	3
166	2.305	13.757	14	14	227116	16222.571	1919.847	15821.500	13946	20625	546.286	717.786	5.357	0.667	0.165	0.664	546.265	717.774	5.335	545	717	5	4	3	2
167	4.280	25.479	26	26	448706	17257.924	2978.468	15916.000	13939	24590	535.692	722.654	5.192	0.869	0.297	0.865	535.661	722.683	5.164	533	721	5	7	4	2
168	35.227	81.469	214	145	6792662	31741.412	14513.904	28121.000	13960	65535	657.967	734.355	6.603	1.788	0.311	1.774	658.038	734.375	6.631	654	729	5	9	12	4
169	9.548	30.408	58	58	1158621	19976.225	3403.442	20321.000	14008	28237	533.966	738.569	5.483	0.999	0.265	0.987	533.960	738.599	5.492	531	736	5	7	6	2
170	10.700	36.752	65	62	1353121	20817.246	4148.118	20623.000	14083	29722	599.538	742.200	6.400	1.059	0.283	1.098	599.463	742.227	6.386	596	739	5	8	7	3
171	53.006	135.806	322	232	9848014	30583.895	13863.510	26290.000	13960	65535	637.509	748.655	6.540	2.338	0.701	2.395	637.062	748.777	6.476	630	743	5	16	12	4
172	38.026	103.156	231	162	7660371	33161.777	17268.043	26417.000	13934	65535	348.913	748.022	6.835	2.122	0.605	2.116	349.541	748.042	6.832	341	744	5	15	8	5
173	11.523	39.717	70	67	1356573	19379.615	3692.858	18869.500	14151	30542	604.114	751.057	5.900	1.210	0.397	1.226	604.152	751.058	5.903	602	747	5	6	9	3
174	2.305	13.757	14	14	226817	16201.214	2121.924	15721.000	13983	21937	404.786	756.214	5.714	0.689	0.210	0.728	404.827	756.198	5.722	403	755	5	5	3	2
175	52.018	102.949	316	186	11642212	36842.441	17554.594	31766.500	14222	65535	587.747	763.199	6.807	2.112	0.320	2.094	587.705	763.107	6.813	584	757	5	9	14	5
176	25.844	77.436	157	116	4059071	25853.955	9838.019	22903.000	14000	61089	340.713	764.032	6.656	1.865	0.603	1.800	340.505	764.051	6.642	336	760	5	12	10	5
177	12.181	43.338	74	64	1617855	21862.906	5851.598	21863.000	14026	35842	420.405	761.689	5.784	1.203	0.307	1.225	420.490	761.626	5.747	417	759	5	8	7	3
178	14.157	44.305	86	67	3416734	39729.465	17931.613	35830.000	14425	65535	324.663	764.616	6.558	1.409	0.315	1.507	324.665	764.578	6.613	322	762	5	6	6	4
179	70.784	171.728	430	320	12123535	28194.268	12752.366	24922.500	13962	65535	269.663	769.667	8.081	2.803	0.918	2.937	269.497	770.337	7.859	262	759	5	14	19	7
180	11.852	36.960	72	60	1652575	22952.430	7436.845	20496.500	14076	42149	435.097	779.458	5.986	1.203	0.221	1.200	435.071	779.366	5.932	433	776	5	5	8	3
181	18.437	51.165	112	81	3759233	33564.582	15716.675	29578.500	14380	65535	445.589	782.652	6.348	1.463	0.254	1.489	445.641	782.646	6.308	442	780	5	8	6	4
182	14.321	44.164	87	76	1829546	21029.264	5246.926	20061.000	14133	36289	517.563	787.655	6.253	1.225	0.262	1.243	517.587	787.646	6.250	514	784	5	7	8	3
183	6.091	27.409	37	35	692899	18727.000	3620.527	17752.000	13972	26338	384.541	792.081	6.270	0.926	0.248	0.922	384.567	792.044	6.228	382	790	5	6	5	3
184	28.478	90.708	173	159	3583370	20713.121	4820.546	19874.000	14102	35182	365.717	800.936	6.283	1.735	0.580	1.734	365.711	800.999	6.265	360	796	5	14	12	3
185	47.244	126.393	287	216	7710436	26865.631	10152.089	24146.000	13938	51563	435.564	820.028	7.014	2.488	0.895	2.566	435.546	820.126	6.998	431	811	5	10	19	5
186	31.112	81.539	189	139	6497616	34378.922	16104.016	30760.000	14014	65535	529.312	819.746	6.778	1.906	0.575	1.860	529.151	820.200	6.737	526	813	5	8	13	4
187	26.997	65.507	164	111	5684228	34659.926	17421.025	26196.000	14533	65535	201.226	828.256	6.518	1.694	0.315	1.694	201.249	828.187	6.533	196	826	5	11	6	4
188	3.128	19.238	19	19	311738	16407.264	2011.418	15422.000	14533	20937	216.368	864.316	5.000	0.902	0.378	0.992	216.325	864.346	5.000	214	862	5	6	6	1
189	26.997	68.127	164	115	4794452	29234.463	12960.384	24581.500	13946	65535	169.067	864.402	6.579	1.652	0.279	1.677	169.077	864.553	6.573	164	860	5	10	8	4
190	73.747	203.036	448	339	11525318	25726.156	10056.726	22642.000	13938	61530	341.060	866.491	7.815	3.232	1.310	3.210	341.109	867.118	7.740	334	854	5	14	27	6
191	23.704	61.853	144	96	5164598	35865.266	17634.980	32135.500	13982	65535	189.347	880.292	6.646	1.605	0.245	1.617	189.372	880.269	6.681	186	877	5	8	8	5
192	25.844	72.367	157	124	4116999	26222.924	9035.820	26250.000	13969	49178	205.089	893.083	6.312	1.610	0.420	1.626	205.029	893.112	6.343	200	889	5	11	9	4
193	27.326	74.401	166	128	4241500	25551.205	8542.356	24671.000	13967	48921	171.211	894.301	6.596	1.648	0.463	1.618	171.334	894.260	6.602	165	891	5	13	8	4
194	29.466	80.987	179	131	5030908	28105.631	10198.297	26912.000	13994	50765	216.464	915.302	7.101	1.776	0.529	1.768	216.424	915.367	7.098	211	910	5	11	11	5
195	22.223	62.060	135	90	4116278	30490.947	13657.915	27681.000	14222	65535	935.170	304.444	8.237	1.591	0.304	1.599	935.214	304.402	8.207	931	302	6	9	6	5
196	25.844	69.436	157	132	3552312	22626.191	6587.631	21048.000	14062	42509	936.694	321.166	7.573	1.527	0.391	1.563	936.584	321.026	7.581	932	317	6	10	9	4
197	29.466	77.815	179	131	4597916	25686.682	8815.815	23704.000	13995	48766	842.559	433.151	7.581	1.636	0.296	1.654	842.422	433.091	7.574	838	429	6	10	9	4
198	14.157	41.303	86	71	2176483	25307.941	6564.265	24875.500	14736	42657	663.930	567.628	7.128	1.248	0.216	1.250	663.940	567.667	7.155	661	565	6	7	6	3
199	39.507	100.847	240	159	8043828	33515.949	16251.128	27932.000	14010	65535	925.467	616.758	8.933	2.033	0.576	2.063	925.208	616.924	8.872	920	611	6	11	11	6
200	2.305	19.204	14	14	221339	15809.929	1702.438	15098.500	14154	19114	842.214	637.143	6.143	0.834	0.338	0.876	842.256	637.106	6.129	840	634	6	5	7	2
201	37.367	84.848	227	147	7639890	33655.902	16500.035	28288.000	13947	65535	556.934	641.863	7.656	1.825	0.264	1.814	556.894	641.904	7.649	554	637	6	9	11	5
202	3.786	21.376	23	23	422329	18362.131	3655.511	16790.000	14261	24413	472.304	668.087	7.348	0.826	0.306	0.779	472.414	668.066	7.355	469	667	6	7	3	3
203	32.758	91.330	199	147	5734355	28815.854	11630.600	24626.000	13990	57819	801.638	679.216	7.593	2.166	0.761	2.148	801.654	679.470	7.579	796	672	6	10	15	4
204	33.087	78.193	201	147	5394047	26836.055	10680.411	23958.000	13946	58139	465.289	690.040	7.547	1.729	0.307	1.725	465.215	689.936	7.513	461	685	6	9	11	4
205	13.663	48.130	83	73	1911991	23036.037	6505.789	21399.000	14085	38485	458.000	696.169	6.759	1.305	0.384	1.281	457.834	695.948	6.723	455	692	6	8	10	3
206	15.968	56.301	97	82	2372582	24459.607	8835.199	22396.000	13996	51425	373.072	702.608	7.381	1.397	0.486	1.400	372.880	702.350	7.320	369	699	6	9	9	4
207	38.520	120.256	234	201	5342444	22830.957	7679.986	20549.000	13946	45638	397.453	708.320	8.919	2.240	0.746	2.271	397.579	708.721	8.749	390	703	6	16	12	6
208	2.140	12.619	13	13	196195	15091.923	797.616	14912.000	14173	16570	683.769	709.846	6.385	0.643	0.124	0.672	683.755	709.854	6.380	682	709	6	4	3	2
209	4.115	20.376	25	25	421274	16850.961	2489.739	16273.000	13940	22178	435.040	722.760	6.680	0.827	0.257	0.841	435.103	722.713	6.680	433	720	6	5	6	2
210	10.371	33.028	63	63	1136834	18044.984	3282.606	17196.000	13982	29720	330.810	744.730	6.460	1.040	0.298	1.051	330.751	744.627	6.444	328	741	6	7	7	2
211	13.828	50.579	84	67	2103258	25038.785	9548.124	24175.500	13940	49558	204.750	768.750	7.321	1.393	0.376	1.388	204.669	768.617	7.353	201	766	6	9	7	4
212	16.955	53.715	103	95	2161488	20985.320	6080.992	19306.000	13960	36667	456.447	786.515	7.311	1.367	0.478	1.373	456.688	786.756	7.327	452	782	6	10	9	3
213	27.326	70.988	166	119	5305516	31960.939	13637.719	29084.000	14037	65535	228.801	803.711	7.247	1.671	0.368	1.669	228.926	803.627	7.229	223	800	6	11	8	4
214	20.412	56.094	124	93	3191718	25739.662	8118.321	24297.500	14180	50933	197.161	811.048	7.040	1.441	0.279	1.370	197.131	810.967	7.068	193	807	6	9	9	4
215	25.351	89.366	154	121	3190847	20719.785	6333.151	18523.000	13972	39246	314.383	822.481	8.169	1.817	0.625	1.779	314.148	822.319	8.293	310	819	6	11	9	5
216	11.358	43.682	69	63	1312316	19019.072	4110.237	17523.000	14128	30524	376.377	823.884	7.188	1.158	0.288	1.182	376.475	823.877	7.174	373	821	6	7	7	3
217	12.511	46.992	76	71	1441730	18970.131	3696.634	17911.500	13943	27347	379.250	834.118	6.763	1.167	0.355	1.220	379.271	834.172	6.777	376	830	6	7	9	3
218	17.120	55.612	104	84	2511977	24153.625	7595.418	21989.500	13974	46424	483.817	846.038	7.712	1.457	0.439	1.412	484.010	846.012	7.670	479	844	6	11	6	4
219	3.128	19.445	19	19	317382	16704.316	2443.126	16270.000	14075	22660	421.105	848.947	7.000	0.865	0.438	0.879	421.122	848.885	6.999	418	847	6	6	5	3
220	24.034	64.714	146	111	4406044	30178.383	11728.793	28176.500	13962	58395	154.938	860.336	7.096	1.614	0.425	1.585	155.033	860.334	7.072	149	858	6	12	6	4
221	72.924	168.696	443	287	13952591	31495.691	13858.721	27972.000	14020	65535	446.106	859.442	9.079	2.699	0.918	2.650	446.140	859.635	9.034	437	852	6	18	14	7
222	32.100	81.917	195	145	5868795	30096.385	12055.286	28354.000	14153	65535	300.231	876.615	7.133	1.795	0.498	1.744	300.131	876.546	7.124	295	872	6	12	10	4
223	4.115	25.134	25	25	413074	16522.961	2366.801	16292.000	13967	22644	865.840	416.080	7.800	0.947	0.381	0.917	865.842	416.141	7.824	863	412	7	7	7	2
224	56.298	144.011	342	249	9019686	26373.352	11246.575	22903.000	13952	65535	859.348	427.702	10.912	3.039	0.970	3.162	859.188	428.115	10.617	855	420	7	11	15	9
225	73.583	181.867	447	307	12435216	27819.275	11649.538	24963.000	13942	64625	837.197	443.000	10.761	2.966	1.084	2.981	837.209	443.063	10.372	830	438	7	16	11	10
226	31.935	92.123	194	142	4522000	23309.279	7563.109	21366.500	13931	48251	791.201	466.598	8.299	1.967	0.630	1.856	791.082	466.472	8.303	785	462	7	15	10	4
227	1.975	12.860	12	12	180445	15037.083	892.617	14842.000	14127	16972	669.417	562.750	7.000	0.600	0.252	0.650	669.413	562.759	7.000	667	561	7	5	4	1
228	2.963	20.342	18	18	276555	15364.167	1316.811	14904.500	13933	18045	936.056	576.889	7.556	0.803	0.264	0.708	936.050	576.889	7.564	935	574	7	3	6	2
229	19.095	64.162	116	102	2562110	22087.154	6511.242	21039.500	13944	37982	791.647	579.517	8.147	1.630	0.596	1.503	791.672	579.441	8.157	788	575	7	10	13	3
230	5.926	28.684	36	36	601695	16713.750	2199.150	16442.000	13954	21168	920.694	586.833	7.778	0.961	0.362	0.927	920.736	586.898	7.792	918	583	7	6	8	2
231	3.786	17.963	23	23	451156	19615.479	3581.328	18365.000	14301	28740	806.957	604.478	8.348	0.766	0.227	0.770	806.968	604.513	8.315	806	602	7	3	5	3
232	11.029	39.925	67	55	1468391	21916.283	6727.001	20648.000	14545	43986	790.045	643.149	7.970	1.203	0.272	1.176	790.126	643.016	8.010	786	640	7	8	6	4
233	42.306	113.981	257	192	6922802	26936.973	10377.639	24491.000	14052	59151	811.191	670.272	8.230	2.274	0.845	2.328	811.336	670.199	8.217	801	667	7	19	8	4
234	9.383	42.648	57	57	953515	16728.334	2222.482	16139.000	14022	24161	747.281	685.702	7.526	1.170	0.428	1.097	747.291	685.766	7.554	744	681	7	7	10	2
235	40.989	111.224	249	184	6522926	26196.490	9365.128	25060.000	14125	57534	235.450	773.177	9.064	2.224	0.707	2.298	235.338	773.244	9.093	228	768	7	15	10	5
236	25.680	71.229	156	117	4002637	25657.930	9268.290	22632.500	14048	52866	494.744	825.987	8.865	1.568	0.313	1.559	494.636	825.928	8.787	490	822	7	10	9	4
237	16.626	54.093	101	101	1855551	18371.793	3037.997	17971.000	14000	25056	336.158	846.257	7.574	1.388	0.531	1.328	336.113	846.457	7.583	333	840	7	7	12	2
238	44.775	129.050	272	195	7840149	28824.078	15545.328	22144.500	13934	65535	432.364	844.599	10.206	2.158	0.689	2.191	431.631	844.126	9.947	428	838	7	12	14	7
239	32.429	97.534	197	173	4799669	24363.803	8570.649	21914.000	14030	55205	386.563	854.812	9.107	2.003	0.612	2.058	386.990	855.254	9.253	379	850	7	14	11	5
240	20.083	56.613	122	87	3731301	30584.434	12650.454	25793.000	14241	58470	156.328	852.934	8.566	1.537	0.289	1.580	156.420	852.903	8.531	152	850	7	9	6	4
241	12.017	39.132	73	60	1620454	22198.000	7080.096	19894.000	14087	43341	349.178	853.808	8.055	1.187	0.179	1.178	349.144	853.832	8.056	347	851	7	6	7	3
242	70.784	155.562	430	258	13170524	30629.125	13138.784	27406.500	13935	65535	913.607	355.405	10.958	2.621	0.783	2.605	913.356	355.484	10.977	905	351	8	18	10	7
243	23.540	64.336	143	98	4336074	30322.195	13953.041	26946.000	14051	65535	756.580	498.399	10.119	1.618	0.360	1.538	756.768	498.460	10.073	752	496	8	9	6	5
244	3.622	18.445	22	22	367948	16724.908	2217.860	16004.000	13974	22637	885.364	623.091	8.136	0.789	0.301	0.833	885.355	623.055	8.125	884	621	8	5	6	2
245	16.955	59.715	103	90	2143473	20810.418	5411.577	19618.000	14270	33741	444.524	671.068	9.689	1.513	0.556	1.424	444.470	670.861	9.660	442	666	8	7	12	4
246	26.997	69.817	164	114	4602640	28064.879	11820.008	26068.000	14025	64561	437.622	682.421	9.402	1.651	0.257	1.645	437.649	682.476	9.337	434	678	8	8	10	4
247	34.898	95.951	212	147	5225498	24648.576	9625.034	21544.500	13981	51493	434.217	693.571	9.962	2.049	0.669	1.987	434.144	693.389	9.866	431	688	8	8	14	6
248	61.072	173.866	371	309	8150079	21967.867	6271.230	20950.000	13951	43779	411.677	700.914	10.466	2.659	0.879	2.696	411.788	700.730	10.311	405	691	8	13	19	7
249	17.284	53.956	105	93	2254107	21467.686	5041.640	21092.000	14045	37610	499.562	693.638	9.524	1.314	0.364	1.328	499.492	693.498	9.514	496	690	8	9	8	4
250	26.832	75.469	163	138	3310239	20308.215	4802.161	19113.000	13961	34948	702.748	724.037	9.755	1.723	0.646	1.609	702.718	724.049	9.744	696	720	8	13	9	4
251	11.194	38.683	68	56	1409262	20724.441	5040.014	20407.500	14183	32563	689.059	728.721	8.912	1.185	0.204	1.168	689.073	728.782	8.924	687	725	8	6	8	3
252	33.746	99.331	205	152	6693721	32652.297	14665.606	28933.000	13931	65535	287.751	731.790	9.771	1.911	0.532	2.045	287.577	731.842	9.689	283	727	8	11	11	5
253	10.371	34.581	63	52	1593849	25299.191	8353.005	24052.000	14171	43870	465.317	771.349	8.794	1.121	0.186	1.147	465.292	771.331	8.734	463	769	8	6	6	3
254	26.503	71.781	161	121	4694574	29158.844	11285.593	26396.000	13940	53916	139.037	821.118	9.776	1.684	0.457	1.684	139.029	821.023	9.732	132	818	8	14	7	4
255	36.874	87.191	224	165	5783782	25820.455	8850.151	23574.000	13967	52755	400.674	846.112	9.879	1.827	0.500	1.766	400.910	846.120	9.851	395	840	8	11	13	4
256	10.865	36.408	66	56	1279049	19379.531	4243.046	18230.000	14093	31334	359.636	857.273	8.788	1.125	0.184	1.157	359.594	857.237	8.786	357	855	8	7	6	3
257	29.795	83.677	181	126	5208467	28776.061	11330.091	27140.000	13936	54869	408.116	872.674	9.757	1.847	0.533	1.784	408.017	872.767	9.766	403	868	8	12	10	5
258	14.157	46.751	86	77	1993229	23177.082	6025.981	23582.500	14012	36995	359.128	878.326	9.395	1.298	0.391	1.264	359.192	878.371	9.409	357	874	8	5	10	4
259	26.338	67.404	160	106	5249115	32806.969	16127.071	27746.000	13965	65535	318.962	884.681	10.056	1.717	0.361	1.822	319.057	884.582	10.036	316	880	8	7	10	5
260	31.277	76.851	190	123	6123686	32229.926	15360.763	28059.000	13936	65535	309.763	897.490	10.305	1.772	0.313	1.762	309.904	897.637	10.264	306	893	8	8	10	5
261	21.235	60.334	129	112	2829717	21935.791	5324.233	21021.000	13949	36731	265.814	902.969	8.837	1.521	0.462	1.469	265.939	902.997	8.797	261	898	8	10	10	3
262	29.137	84.333	177	116	6006870	33937.117	15406.233	29687.000	13983	65535	152.282	909.492	10.232	1.874	0.459	1.884	152.300	909.509	10.193	148	905	8	10	10	5
263	33.746	84.229	205	130	7106202	34664.398	16807.217	30520.000	13983	65535	273.551	909.083	10.151	1.867	0.347	1.916	273.449	909.233	10.157	270	905	8	9	10	5
264	36.215	90.885	220	135	7039296	31996.801	15218.107	27207.500	14117	65535	802.791	463.714	11.818	2.000	0.484	1.968	802.786	463.745	11.801	798	461	9	10	7	7
265	15.145	49.612	92	81	1787524	19429.609	3817.161	19135.500	14148	30385	737.967	717.304	9.739	1.269	0.353	1.289	738.008	717.479	9.729	735	713	9	7	9	3
266	6.420	23.892	39	39	705891	18099.770	2623.539	18331.000	14088	23292	455.154	724.846	9.487	0.871	0.212	0.899	455.156	724.773	9.472	453	723	9	5	5	2
267	6.585	27.339	40	40	700343	17508.574	2697.053	16880.500	13971	24563	458.900	735.675	9.225	0.944	0.316	0.911	458.923	735.710	9.194	457	732	9	5	8	2
268	19.260	64.714	117	93	2756656	23561.162	7652.727	22195.000	13976	44036	439.709	741.145	10.462	1.474	0.393	1.502	439.821	741.164	10.479	436	736	9	8	11	4
269	21.400	56.887	130	97	3059601	23535.393	7278.438	22442.500	14057	41985	626.677	766.823	10.346	1.476	0.300	1.518	626.724	766.804	10.323	623	764	9	8	7	4
270	26.997	82.091	164	131	4495724	27412.951	10536.307	26685.500	14010	56544	176.372	804.500	10.500	1.826	0.694	1.663	176.115	804.457	10.326	172	801	9	11	8	6
271	15.145	47.337	92	75	1887651	20517.945	4766.762	19586.000	14157	32815	516.870	809.359	10.141	1.294	0.253	1.279	516.802	809.412	10.165	513	806	9	9	8	3
272	42.141	101.018	256	165	6691652	26139.266	9546.733	23443.500	13993	51463	503.219	817.688	10.699	1.966	0.427	1.952	503.192	817.635	10.715	499	811	9	9	14	5
273	18.931	49.957	115	90	2715778	23615.461	7145.116	21954.000	14073	43880	277.026	824.000	10.043	1.372	0.218	1.320	277.003	824.014	10.110	273	821	9	9	7	3
274	40.824	104.742	248	170	8515661	34337.344	18347.898	28082.000	14075	65535	132.403	831.274	11.137	2.139	0.631	2.109	132.626	830.828	10.948	126	827	9	13	13	5
275	15.474	48.096	94	76	2572572	27367.787	9947.219	25204.000	13966	60050	139.447	844.809	10.989	1.370	0.323	1.343	139.363	844.922	10.996	136	841	9	8	8	4
276	17.614	54.163	107	87	2163660	20221.121	4574.860	19250.000	13966	35048	381.692	865.103	9.888	1.359	0.316	1.333	381.780	865.097	9.883	377	862	9	10	7	3
277	26.338	75.057	160	120	3670085	22938.031	6480.325	22969.000	13939	38482	224.900	923.237	10.337	1.635	0.459	1.662	224.942	923.223	10.339	222	918	9	8	12	4
278	20.906	63.784	127	100	3786869	29817.865	11561.573	28597.000	14182	63643	217.622	936.024	10.126	1.612	0.458	1.605	217.732	935.830	10.084	215	932	9	8	11	4
279	40.824	126.118	248	180	5212509	21018.182	5976.357	19324.000	13950	43374	927.790	336.456	14.262	2.223	0.842	2.048	927.837	336.494	14.421	921	332	10	14	10	8
280	16.955	53.166	103	73	3248700	31540.777	15657.241	26573.000	13973	65535	960.592	437.194	12.563	1.510	0.394	1.539	960.561	437.115	12.469	958	434	10	6	7	6
281	19.754	58.440	120	94	3364729	28039.408	11933.947	25064.000	14196	63535	926.692	558.858	11.858	1.543	0.460	1.509	926.676	559.187	11.857	925	553	10	5	12	4
282	30.454	79.263	185	129	5195183	28082.070	10515.354	25196.000	14044	55776	655.962	565.157	11.519	1.767	0.385	1.717	655.973	565.217	11.530	651	560	10	11	10	4
283	13.169	48.545	80	64	1805975	22574.688	6899.072	21251.000	13954	41062	905.312	621.862	11.600	1.272	0.321	1.335	905.408	621.859	11.629	902	618	10	7	8	4
284	8.725	38.683	53	46	1029878	19431.660	4705.771	18743.000	13975	32276	523.283	641.340	11.019	1.142	0.286	1.112	523.306	641.346	11.034	520	639	10	8	6	3
285	2.634	15.032	16	16	258637	16164.812	1523.128	16102.000	14131	19181	499.375	643.562	10.000	0.714	0.311	0.699	499.358	643.497	10.000	497	642	10	5	5	1
286	28.972	81.054	176	145	3672389	20865.846	4914.629	20280.000	13955	36379	314.051	738.523	10.835	1.680	0.488	1.639	314.070	738.552	10.840	309	731	10	10	14	3
287	10.700	40.959	65	63	1173495	18053.770	2965.186	17520.000	13943	24920	654.569	742.723	11.431	1.112	0.369	1.110	654.565	742.746	11.456	651	740	10	9	6	4
288	11.688	44.716	71	71	1257447	17710.521	2983.111	17110.000	14087	25259	641.437	757.394	10.676	1.257	0.544	1.199	641.428	757.223	10.618	639	753	10	6	11	3
289	36.051	93.535	219	164	5177805	23642.945	6860.786	22924.000	13947	44634	610.822	773.845	11.658	1.929	0.532	1.835	610.795	773.929	11.671	607	767	10	10	14	5
290	19.260	63.335	117	97	2393734	20459.266	4792.453	19919.000	14035	31862	577.402	783.521	11.556	1.442	0.375	1.507	577.344	783.423	11.539	573	781	10	10	7	4
291	11.852	39.717	72	68	1465461	20353.625	4498.028	19971.000	14131	30691	511.014	796.569	11.486	1.119	0.318	1.133	511.016	796.574	11.456	509	793	10	6	8	4
292	47.573	126.911	289	205	7611625	26337.803	11223.508	22462.000	13964	60829	264.592	816.180	12.907	2.379	0.795	2.324	264.605	816.590	13.162	259	806	10	11	16	7
293	47.903	122.327	291	197	9412373	32344.924	15773.476	27582.000	13936	65535	270.313	829.643	13.333	2.382	0.866	2.478	270.133	829.307	13.521	265	825	10	12	13	8
294	11.852	56.887	72	72	1182231	16419.875	1811.744	16156.000	14165	23675	468.431	838.069	11.403	1.316	0.496	1.210	468.417	838.003	11.392	465	832	10	8	13	3
295	25.351	70.747	154	118	4160236	27014.520	9615.132	25434.500	13985	55429	119.675	841.773	11.786	1.662	0.460	1.606	119.810	841.825	11.779	113	839	10	13	7	4
296	3.457	21.272	21	21	323913	15424.429	1091.269	15092.000	13944	18516	355.048	867.333	10.190	0.895	0.310	0.880	355.041	867.316	10.181	353	865	10	6	5	2
297	19.918	52.888	121	86	3437565	28409.629	11935.123	24240.000	14021	62349	885.694	396.694	12.562	1.482	0.239	1.505	885.782	396.804	12.539	881	394	11	9	6	4
298	15.968	52.992	97	80	2242870	23122.371	6181.399	22542.000	14173	36580	803.825	449.866	12.691	1.414	0.386	1.410	803.764	449.837	12.654	799	448	11	11	5	4
299	5.761	39.202	35	34	571106	16317.314	1890.122	16230.000	14080	22151	964.743	572.371	12.171	1.385	0.661	1.364	964.761	572.353	12.165	961	569	11	7	11	3
300	9.054	41.614	55	50	967682	17594.219	3276.938	16401.000	13936	26912	582.164	590.455	12.109	1.206	0.370	1.144	582.130	590.430	12.129	578	588	11	9	7	3
301	5.432	28.203	33	32	556847	16874.152	2677.425	16062.000	13969	25271	574.697	594.455	11.576	1.011	0.415	0.918	574.696	594.464	11.583	572	591	11	7	8	3
302	22.552	68.161	137	114	2989524	21821.344	6119.058	20754.000	13998	40005	560.394	619.766	12.263	1.656	0.541	1.591	560.371	619.741	12.269	556	613	11	10	13	4
303	1.811	10.929	11	11	184098	16736.182	2310.353	16420.000	13948	21342	896.545	622.273	11.000	0.597	0.269	0.575	896.545	622.288	11.000	895	620	11	4	5	1
304	26.832	94.124	163	133	2960653	18163.516	3185.385	17445.000	13952	27377	381.276	709.558	13.301	2.037	0.679	2.126	381.280	709.614	13.321	377	703	11	10	11	6
305	8.066	43.682	49	47	821885	16773.164	2700.517	15992.000	13975	25987	668.816	707.163	12.041	1.683	0.760	1.660	668.670	707.199	12.035	664	703	11	13	8	3
306	28.643	76.710	174	137	4264173	24506.742	7481.573	23152.500	13996	48034	315.075	756.466	12.155	1.827	0.614	1.750	314.937	756.465	12.184	308	754	11	15	6	4
307	5.597	27.858	34	31	602906	17732.529	3538.484	17029.000	14007	26543	458.794	768.618	11.794	0.991	0.323	1.022	458.791	768.666	11.813	457	765	11	4	8	3
308	40.330	131.633	245	212	5031913	20538.420	4762.719	19779.000	13973	33506	257.494	772.857	12.510	2.442	1.037	2.289	257.603	772.891	12.482	249	765	11	16	18	5
309	39.507	96.330	240	164	6658139	27742.246	10581.879	26284.000	13948	60768	240.363	800.854	13.008	1.890	0.465	1.922	240.334	800.736	13.045	236	796	11	10	11	6
310	4.115	22.996	25	25	430825	17233.000	2756.500	17368.000	13952	24218	486.280	811.480	11.080	0.844	0.335	0.828	486.281	811.532	11.066	484	809	11	6	6	2
311	18.108	52.992	110	85	2923055	26573.227	10878.291	22835.000	13978	57743	182.664	821.618	12.245	1.447	0.339	1.433	182.811	821.620	12.251	178	819	11	9	6	4
312	4.774	23.340	29	29	481845	16615.346	1632.230	16904.000	14250	19545	132.448	851.310	11.241	0.838	0.266	0.812	132.489	851.285	11.245	130	849	11	5	6	2
313	9.877	37.097	60	51	1127509	18791.816	3911.221	17831.000	13953	29684	287.233	888.450	12.133	1.102	0.205	1.113	287.229	888.395	12.129	284	886	11	8	6	3
314	19.424	52.647	118	81	3195775	27082.840	10649.601	24354.000	14218	55907	272.398	898.415	12.610	1.481	0.230	1.503	272.371	898.344	12.613	270	895	11	6	8	4
315	10.041	39.580	61	56	1156276	18955.344	3427.015	18462.000	13999	27179	954.262	298.984	13.279	1.196	0.395	1.166	954.458	299.038	13.290	950	297	12	9	5	3
316	16.626	50.991	101	86	2142220	21210.100	5341.980	19559.000	14017	34972	946.871	314.406	12.950	1.334	0.297	1.329	946.868	314.298	12.933	943	310	12	8	10	3
317	44.446	106.432	270	182	7240845	26817.945	10494.188	24074.500	13982	62011	814.996	470.789	14.689	2.039	0.503	2.035	815.085	471.138	14.716	811	464	12	9	13	6
318	23.211	61.645	141	103	3392459	24059.992	7468.263	22111.000	14017	43550	727.582	534.440	13.787	1.536	0.280	1.549	727.566	534.407	13.773	725	530	12	7	9	4
319	31.441	81.295	191	155	3952037	20691.293	5001.214	19330.000	13999	33654	926.141	575.136	13.770	1.657	0.368	1.685	926.201	575.120	13.736	921	571	12	11	10	4
320	16.461	52.751	100	77	2129188	21291.881	6236.998	19476.500	13936	42464	635.700	587.870	13.510	1.380	0.272	1.454	635.685	587.947	13.467	633	584	12	7	8	4
321	24.198	77.677	147	118	3525894	23985.674	8888.736	21465.000	13956	54553	615.490	599.844	13.143	1.834	0.587	1.886	615.851	599.735	13.137	609	597	12	13	8	4
322	27.984	70.677	170	128	4013709	23610.053	6647.399	22640.000	14003	41969	512.188	636.312	13.024	1.607	0.375	1.579	512.157	636.293	12.997	507	633	12	12	8	4
323	23.046	67.541	140	97	3157243	22551.736	7214.533	20506.000	14044	41367	556.679	646.507	13.664	1.603	0.332	1.608	556.754	646.422	13.593	553	643	12	8	9	5
324	25.844	65.852	157	110	3961517	25232.592	9221.945	22897.000	14011	48883	542.057	648.580	13.389	1.606	0.254	1.608	541.961	648.511	13.371	539	645	12	8	8	4
325	19.424	63.921	118	96	2848097	24136.416	7956.806	22591.000	13935	48745	489.602	669.822	13.076	1.633	0.567	1.490	489.770	669.898	13.035	484	665	12	11	10	4
326	23.375	67.542	142	101	3547331	24981.205	9020.729	23560.500	13960	51035	806.634	672.246	14.190	1.555	0.272	1.561	806.577	672.154	14.159	803	669	12	9	8	5
327	17.778	55.438	108	92	2086544	19319.852	4564.731	18275.000	14107	37605	463.778	689.148	12.843	1.361	0.324	1.333	463.720	689.272	12.843	461	684	12	7	10	3
328	9.054	35.477	55	52	1155482	21008.764	4648.577	20227.000	14462	33213	331.036	717.982	12.600	1.108	0.378	1.052	331.125	718.060	12.600	328	715	12	7	7	3
329	10.700	42.682	65	62	1157972	17814.953	2940.133	16883.000	14054	24205	417.585	727.200	13.292	1.112	0.330	1.135	417.585	727.284	13.274	414	724	12	8	8	3
330	17.778	56.231	108	98	1952642	18080.018	3104.257	17394.000	13963	26222	334.602	743.676	13.630	1.408	0.449	1.359	334.641	743.671	13.595	331	741	12	10	8	4
331	26.338	72.541	160	116	4011904	25074.400	8685.938	23527.500	14004	50660	295.469	765.994	13.562	1.786	0.486	1.714	295.509	765.944	13.541	289	764	12	13	6	5
332	6.585	33.443	40	38	711255	17781.375	2921.340	16943.000	14032	25263	572.575	772.475	13.200	1.003	0.356	1.008	572.478	772.492	13.185	569	770	12	9	5	3
333	34.898	96.293	212	173	4366812	20598.170	4743.345	19769.500	13940	35161	272.288	789.519	13.703	2.024	0.704	2.076	272.306	789.541	13.703	265	785	12	16	9	5
334	25.844	67.679	157	107	4104962	26146.254	10282.293	23288.000	13947	54809	437.892	813.293	14.382	1.613	0.226	1.624	437.898	813.310	14.323	434	809	12	9	9	5
335	44.281	92.157	269	169	7630858	28367.502	11613.212	25198.000	13951	65303	244.390	821.561	13.762	1.953	0.324	1.934	244.299	821.633	13.749	240	818	12	11	9	5
336	24.528	67.197	149	106	3663076	24584.402	8084.528	22735.000	13971	48120	186.577	832.953	13.510	1.674	0.390	1.638	186.623	832.978	13.480	181	830	12	12	6	4
337	35.227	80.746	214	138	6933321	32398.695	14124.496	29218.500	14011	65535	227.481	838.893	13.565	1.840	0.334	1.800	227.421	838.839	13.531	223	835	12	10	9	5
338	47.080	141.287	286	226	6386244	22329.525	7312.050	20276.500	13965	46282	172.552	842.374	13.584	3.305	1.487	3.381	173.355	842.214	13.523	157	839	12	28	9	4
339	20.248	57.198	123	88	3016864	24527.350	8175.587	21991.000	14081	44871	210.902	842.374	13.537	1.480	0.225	1.504	210.853	842.254	13.505	208	839	12	7	8	4
340	37.697	88.640	229	161	6300562	27513.371	9509.335	25547.000	14097	52954	210.502	853.450	13.843	1.835	0.444	1.889	210.526	853.328	13.817	206	848	12	10	12	5
341	8.560	45.406	52	52	876747	16860.520	1684.932	16351.500	14571	20716	148.019	866.462	12.769	1.367	0.629	1.286	148.042	866.458	12.777	143	864	12	12	6	3
342	29.301	74.160	178	120	4928903	27690.467	11170.857	25277.500	13950	65116	274.764	886.528	13.371	1.715	0.306	1.688	274.833	886.401	13.312	271	882	12	9	10	4
343	6.914	38.338	42	42	672939	16022.357	1381.185	15598.500	14095	19068	296.548	888.976	12.452	1.090	0.325	1.135	296.545	889.000	12.457	293	886	12	8	7	2
344	15.803	47.270	96	68	2674333	27857.635	10114.247	26148.500	14046	53218	240.292	894.583	13.750	1.435	0.347	1.366	240.277	894.573	13.712	238	892	12	6	6	5
345	10.535	35.615	64	61	1201040	18766.250	3289.987	18602.000	14103	26508	946.938	305.562	13.578	1.048	0.268	1.089	946.952	305.535	13.576	944	303	13	7	6	3
346	25.515	74.401	155	117	3202351	20660.328	5677.009	19289.000	13942	39944	893.213	418.665	14.271	1.694	0.520	1.725	892.948	418.556	14.276	888	416	13	13	6	4
347	11.688	38.338	71	63	1330738	18742.789	3238.214	18481.000	13939	28013	815.239	641.000	14.197	1.212	0.308	1.221	815.284	640.962	14.208	813	637	13	5	9	3
348	5.268	27.202	32	32	519857	16245.531	1287.605	15985.000	14091	19103	548.969	655.781	14.031	1.068	0.481	1.037	548.963	655.782	14.024	546	653	13	7	7	3
349	14.651	45.821	89	69	1962544	22051.057	6923.036	19785.000	13942	39152	578.393	657.730	14.730	1.345	0.290	1.323	578.389	657.795	14.721	575	655	13	7	6	4
350	13.498	66.886	82	82	1347408	16431.805	1985.110	15856.500	13938	22054	475.024	670.098	13.756	1.473	0.554	1.447	475.023	670.147	13.734	471	664	13	9	11	3
351	10.206	45.854	62	58	1083776	17480.258	2459.566	17191.500	13963	24264	430.323	679.016	13.742	1.432	0.647	1.314	430.285	679.001	13.741	427	675	13	9	11	3
352	7.078	28.996	43	40	709086	16490.373	1714.569	16102.000	14033	20548	501.884	676.558	14.093	1.042	0.294	1.064	501.913	676.598	14.079	499	674	13	6	6	3
353	17.614	52.992	107	82	2424362	22657.588	7138.838	20657.000	14100	39617	515.355	695.570	14.710	1.430	0.294	1.419	515.370	695.549	14.674	511	693	13	9	7	4
354	5.432	29.548	33	32	570198	17278.727	2803.804	16436.000	13988	24457	475.576	729.788	13.939	0.978	0.353	1.015	475.534	729.785	13.952	473	727	13	6	7	3
355	3.292	18.756	20	19	364608	18230.400	3348.770	18411.000	13952	26109	510.000	728.150	14.350	0.775	0.233	0.749	510.013	728.216	14.322	509	726	13	3	5	3
356	27.326	94.191	166	144	3226405	19436.174	4341.830	18369.500	13975	31824	668.669	736.518	14.313	2.281	0.824	2.373	668.537	736.540	14.305	663	730	13	14	16	4
357	5.926	28.996	36	33	624911	17358.639	2867.965	16383.500	14225	24937	379.250	748.250	13.889	0.980	0.288	0.990	379.205	748.272	13.883	377	746	13	7	5	3
358	13.828	47.303	84	67	1857747	22116.035	6529.323	20474.000	14237	38077	431.357	749.762	14.512	1.313	0.325	1.406	431.366	749.756	14.481	427	748	13	9	5	4
359	6.420	30.237	39	35	716085	18361.154	3339.325	17684.000	13964	25845	553.154	752.205	14.051	1.012	0.279	1.059	553.094	752.218	14.046	551	750	13	6	6	3
360	10.700	37.649	65	55	1340186	20618.246	4426.004	20949.000	13944	29716	381.708	754.154	13.892	1.168	0.242	1.163	381.705	754.115	13.854	379	751	13	6	7	3
361	13.498	45.372	82	65	1709911	20852.572	5685.395	19170.500	13951	38162	440.524	753.744	14.280	1.328	0.324	1.344	440.540	753.760	14.290	438	750	13	6	8	4
362	23.704	68.713	144	111	3052454	21197.598	5823.816	20599.000	13950	40985	404.181	758.875	14.167	1.490	0.305	1.491	404.117	759.029	14.177	400	755	13	10	8	4
363	11.523	39.235	70	57	1496810	21383.000	5293.702	20617.000	14049	36818	525.014	758.671	14.129	1.186	0.218	1.188	524.948	758.713	14.133	522	756	13	7	6	3
364	7.737	32.064	47	43	851432	18115.574	3055.102	17183.000	13961	26883	307.596	764.404	13.723	0.995	0.259	0.989	307.605	764.452	13.734	305	762	13	6	6	3
365	4.609	21.617	28	28	454242	16222.929	1270.368	15942.000	14468	18675	603.357	765.393	14.179	0.816	0.274	0.831	603.348	765.391	14.189	601	764	13	6	4	3
366	20.083	56.991	122	90	2347592	19242.557	3969.670	17828.500	13989	31499	347.451	773.254	14.746	1.464	0.261	1.438	347.418	773.263	14.732	345	769	13	6	9	4
367	23.046	65.025	140	99	4125399	29467.135	13029.917	25572.500	14014	65194	336.914	780.636	14.514	1.611	0.304	1.637	337.011	780.644	14.489	332	778	13	10	7	5
368	6.585	26.961	40	40	672242	16806.051	2183.415	16272.000	14016	22653	395.525	784.625	14.375	0.935	0.303	0.896	395.507	784.552	14.367	394	782	13	4	7	3
369	9.383	43.097	57	53	984961	17280.018	2477.835	16721.000	14144	23214	254.070	785.842	14.070	1.126	0.362	1.168	253.963	785.910	14.052	251	783	13	8	7	3
370	5.268	22.858	32	31	543891	16996.594	2200.030	16447.000	14054	22862	402.562	788.219	13.688	0.864	0.266	0.837	402.573	788.228	13.661	400	786	13	5	5	3
371	52.347	110.672	318	192	9516664	29926.617	13796.397	26050.500	13965	65535	301.358	792.780	14.843	2.127	0.394	2.137	301.584	793.030	14.883	296	787	13	12	11	5
372	18.601	51.165	113	79	3042938	26928.654	9846.469	25109.000	14035	49125	333.425	795.080	14.593	1.464	0.214	1.461	333.422	795.031	14.602	331	792	13	7	7	4
373	14.980	47.992	91	73	2184532	24005.846	7350.141	22872.000	13968	41997	359.330	796.187	14.692	1.316	0.292	1.320	359.409	796.140	14.684	355	794	13	8	6	4
374	13.498	54.441	82	73	1788329	21808.891	6821.003	19212.000	14071	38841	321.159	799.488	14.512	1.551	0.560	1.561	321.142	799.721	14.488	318	794	13	7	12	4
375	3.622	19.894	22	22	339279	15421.772	1083.608	15272.000	14189	18230	567.545	799.045	13.500	0.774	0.203	0.727	567.552	799.058	13.510	566	797	13	5	5	2
376	34.404	84.159	209	148	6193434	29633.656	11899.813	28242.000	13936	60655	322.096	814.522	14.699	1.795	0.383	1.822	322.017	814.381	14.716	319	809	13	8	11	4
377	17.943	50.372	109	81	3065249	28121.551	10592.389	25454.000	13987	58627	287.908	822.670	14.789	1.408	0.254	1.392	287.939	822.820	14.802	285	819	13	7	7	4
378	11.852	41.614	72	59	1426075	19806.598	4691.420	18535.500	14035	30504	430.542	836.083	14.250	1.221	0.281	1.215	430.495	836.063	14.254	428	834	13	7	6	4
379	27.820	71.781	169	121	3666967	21698.029	5551.638	20524.000	14120	36721	355.491	843.095	14.604	1.636	0.302	1.677	355.488	843.208	14.568	352	839	13	8	9	4
380	22.717	78.849	138	126	2696079	19536.805	5081.893	18009.000	13940	37392	259.783	852.457	14.391	1.771	0.669	1.760	259.652	852.106	14.261	255	848	13	10	12	4
381	64.200	178.524	390	282	10051989	25774.330	10229.656	23224.500	13939	60550	312.782	860.336	14.954	2.676	0.909	2.691	312.611	860.290	14.895	307	853	13	14	20	5
382	14.486	47.407	88	69	1903791	21633.988	5716.256	21142.000	13973	33854	218.625	858.841	14.659	1.316	0.298	1.309	218.664	858.793	14.651	215	857	13	9	6	4
383	43.129	100.743	262	168	7256210	27695.459	9980.690	26654.000	13944	55818	296.897	861.328	14.947	1.977	0.465	1.998	296.891	861.309	14.945	291	857	13	13	9	5
384	34.898	85.022	212	130	6503966	30679.084	13060.389	27568.000	14021	59673	278.708	861.590	15.533	1.846	0.292	1.796	278.758	861.567	15.489	275	858	13	9	8	6
385	34.569	91.538	210	157	5291720	25198.666	8525.455	23630.500	14159	49052	256.186	870.462	14.876	2.023	0.690	2.069	256.549	870.439	14.909	249	868	13	15	6	5
386	80.332	211.619	488	381	11229893	23012.076	6746.887	21578.000	13956	46926	231.404	874.744	14.867	2.666	0.873	2.729	231.574	874.812	14.858	223	866	13	19	19	5
387	21.894	69.680	133	101	3045430	22897.971	6828.606	21712.000	13953	37524	150.368	874.278	14.541	1.603	0.429	1.582	150.322	874.357	14.513	146	870	13	11	9	4
388	20.577	57.302	125	89	3677895	29423.160	13330.572	25530.000	14265	65535	211.376	883.872	14.336	1.565	0.334	1.614	211.410	883.830	14.289	207	881	13	10	6	4
389	21.729	66.300	132	97	2742720	20778.182	4780.656	19744.500	13939	32206	160.030	886.106	14.326	1.599	0.382	1.600	159.981	886.105	14.310	155	882	13	11	8	4
390	32.264	77.644	196	137	5343416	27262.326	9964.704	24793.000	13995	53275	942.796	326.653	15.515	1.841	0.405	1.821	942.608	326.683	15.479	938	323	14	11	8	5
391	14.815	50.027	90	68	1928588	21428.756	5974.596	19640.000	13994	35491	931.200	366.056	15.611	1.341	0.268	1.380	931.226	366.063	15.615	928	363	14	7	7	4
392	26.009	86.538	158	129	2931342	18552.797	3394.320	17872.500	14008	27890	921.051	383.538	15.475	2.043	0.843	2.001	920.923	383.550	15.496	913	381	14	18	7	4
393	4.115	22.962	25	24	412938	16517.520	1887.828	16045.000	14476	21507	944.040	402.400	14.760	0.850	0.276	0.863	944.033	402.394	14.774	941	401	14	7	4	3
394	7.408	28.547	45	42	831010	18466.889	3451.120	18235.000	14186	27313	878.222	404.378	14.711	0.989	0.281	0.975	878.327	404.366	14.683	875	403	14	7	4	3
395	7.901	31.030	48	42	882803	18391.729	3834.963	17498.500	13991	28553	959.938	414.562	15.062	1.090	0.269	1.106	959.947	414.557	15.048	958	412	14	5	7	3
396	13.663	50.509	83	76	1491537	17970.326	3481.987	17209.000	13967	29393	870.892	441.301	15.386	1.206	0.316	1.224	870.969	441.318	15.400	867	438	14	9	7	4
397	16.791	49.682	102	75	2210188	21668.510	5756.944	19964.000	14140	37602	781.167	492.951	15.569	1.425	0.277	1.476	781.106	492.962	15.593	777	491	14	9	5	4
398	10.865	40.614	66	54	1196120	18123.031	3337.959	17128.500	14051	28064	960.530	520.939	15.561	1.181	0.321	1.188	960.517	520.945	15.566	958	517	14	6	8	4
399	12.840	46.510	78	66	1444868	18523.949	3863.698	17573.000	13937	30980	905.680	535.833	15.692	1.220	0.302	1.247	905.683	535.784	15.687	902	533	14	8	7	4
400	2.305	14.998	14	14	213944	15281.714	1128.029	14779.500	14195	17484	695.286	541.571	14.357	0.812	0.275	0.765	695.277	541.567	14.351	692	541	14	6	3	2
401	1.811	11.930	11	11	183907	16718.818	2566.063	16764.000	13979	22667	807.727	548.545	15.273	0.683	0.301	0.631	807.697	548.577	15.263	806	548	14	4	2	3
402	5.761	30.478	35	35	570294	16294.114	1785.368	15832.000	14082	20653	763.971	568.771	15.257	0.974	0.352	0.962	763.970	568.783	15.241	762	566	14	5	8	3
403	5.268	26.272	32	30	538734	16835.438	3021.152	16252.500	14045	25027	711.562	597.312	14.969	0.936	0.320	1.003	711.478	597.295	14.982	709	596	14	7	4	3
404	8.395	36.856	51	50	879776	17250.510	2300.681	17542.000	13931	22081	691.275	614.980	15.451	1.026	0.327	0.989	691.218	614.957	15.439	688	612	14	8	6	4
405	10.535	35.133	64	54	1403607	21931.359	6471.000	20771.000	13943	39022	812.516	650.578	14.875	1.148	0.209	1.153	812.581	650.634	14.882	810	648	14	6	6	3
406	23.046	72.056	140	128	2513732	17955.229	2809.237	17494.500	13967	27358	726.250	707.521	14.950	1.613	0.552	1.567	726.210	707.584	14.959	722	702	14	10	11	4
407	5.761	29.444	35	34	575165	16433.285	1850.577	16276.000	13943	22539	663.057	705.857	15.371	1.017	0.371	0.942	663.026	705.898	15.380	661	703	14	6	7	3
408	24.692	65.266	150	108	3981679	26544.527	9712.262	24368.500	14051	51807	430.080	712.047	15.313	1.684	0.413	1.671	430.179	712.020	15.266	425	709	14	12	6	4
409	7.737	33.443	47	45	809923	17232.404	2208.860	17025.000	13953	21438	523.213	715.787	14.723	1.010	0.329	0.960	523.251	715.842	14.720	520	712	14	7	7	3
410	4.938	23.548	30	30	487851	16261.700	1927.965	15725.500	14297	21776	558.467	717.600	14.733	0.884	0.310	0.837	558.494	717.589	14.738	555	716	14	7	4	3
411	3.128	14.101	19	19	323546	17028.736	2248.202	16408.000	13940	20413	465.895	719.158	14.526	0.698	0.127	0.684	465.874	719.156	14.515	465	718	14	3	4	2
412	4.115	20.687	25	23	402406	16096.240	1847.526	15761.000	13961	20029	578.560	724.880	14.800	0.876	0.255	0.866	578.586	724.857	14.806	576	724	14	6	3	3
413	1.646	11.481	10	10	161827	16182.700	1138.006	16563.000	14196	17371	611.600	727.000	15.000	0.593	0.297	0.484	611.602	726.991	15.003	611	725	14	2	5	3
414	4.445	22.065	27	27	462880	17143.703	2314.815	16959.000	14230	23179	400.926	730.482	14.407	0.829	0.276	0.752	400.972	730.554	14.398	399	727	14	5	7	2
415	5.926	26.375	36	35	632865	17579.584	2056.407	17507.000	14089	22037	588.750	758.000	14.722	0.906	0.278	0.878	588.777	758.012	14.701	587	756	14	4	6	3
416	22.552	75.057	137	112	2802165	20453.760	4877.126	19616.000	13962	35467	620.015	766.219	15.358	1.656	0.626	1.599	619.997	766.386	15.364	616	761	14	10	11	4
417	3.786	16.377	23	23	375731	16336.131	1966.296	15882.000	13948	21424	521.913	764.522	14.478	0.732	0.139	0.706	521.894	764.522	14.450	520	763	14	4	4	2
418	1.646	13.067	10	10	154031	15403.100	1254.267	15103.000	14137	17695	581.400	771.900	14.400	0.674	0.176	0.622	581.373	771.921	14.393	580	771	14	4	4	2
419	15.309	52.888	93	78	1916405	20606.506	5089.276	18983.000	14061	33266	378.032	786.699	15.398	1.411	0.497	1.451	378.133	786.572	15.393	375	782	14	7	11	4
420	11.358	39.580	69	56	1244262	18032.783	3053.882	17253.000	13935	24749	458.652	790.217	15.014	1.173	0.211	1.167	458.758	790.269	15.030	455	788	14	8	6	3
421	13.005	41.511	79	67	1842930	23328.229	6284.537	22878.000	14118	38512	375.987	803.696	14.873	1.234	0.241	1.208	376.061	803.726	14.845	373	800	14	7	7	3
422	25.186	74.093	153	104	4485338	29315.936	13255.469	26231.000	13947	63743	332.516	808.706	15.980	1.727	0.416	1.801	332.614	808.672	15.963	328	805	14	10	8	5
423	12.181	58.128	74	72	1273106	17204.135	2927.132	16595.000	14000	27304	387.946	846.554	15.716	1.515	0.686	1.458	387.953	846.602	15.733	383	842	14	11	10	4
424	44.610	122.153	271	197	6596929	24342.912	8690.701	21755.000	13938	56268	254.720	879.756	15.387	2.373	0.848	2.327	254.257	879.904	15.438	246	876	14	19	9	5
425	4.938	29.444	30	30	473144	15771.467	1643.817	15280.500	14023	20141	218.567	896.000	14.500	0.970	0.339	0.941	218.622	895.977	14.497	215	894	14	8	5	2
426	6.091	28.651	37	37	606710	16397.568	1702.489	16162.000	13949	20185	984.378	337.973	15.541	1.011	0.349	0.964	984.377	337.997	15.549	981	336	15	7	5	3
427	2.963	15.239	18	18	291463	16192.389	1473.397	15922.000	14049	18640	898.111	479.556	15.389	0.696	0.150	0.711	898.116	479.549	15.375	897	478	15	4	4	2
428	12.181	43.545	74	61	1426279	19274.041	4137.585	18785.500	14009	30423	945.351	491.703	16.068	1.249	0.276	1.182	945.206	491.748	16.037	942	489	15	8	6	4
429	2.140	14.446	13	13	199962	15381.692	1514.206	14701.000	13958	18621	995.154	525.923	16.000	0.671	0.365	0.569	995.140	525.926	15.998	994	523	15	4	6	3
430	17.120	62.542	104	87	2094087	20135.451	5035.284	19327.000	13976	33539	987.288	537.865	16.288	1.455	0.526	1.471	987.354	538.014	16.303	985	532	15	7	12	4
431	1.975	12.619	12	12	186680	15556.667	1258.029	15260.500	14156	18164	782.167	554.667	15.667	0.675	0.208	0.649	782.214	554.672	15.651	780	554	15	5	2	2
432	4.445	25.582	27	26	430746	15953.556	1910.827	15146.000	14044	20220	713.444	584.407	15.741	0.871	0.264	0.905	713.416	584.386	15.755	711	583	15	6	4	3
433	4.445	21.135	27	25	486400	18014.814	2903.235	17645.000	14367	24563	866.704	614.222	15.963	0.887	0.270	1.002	866.730	614.210	15.955	865	613	15	4	4	3
434	1.646	10.343	10	10	162625	16262.500	1898.619	15773.000	14264	19511	739.700	614.900	15.600	0.604	0.102	0.626	739.719	614.897	15.584	739	614	15	3	3	2
435	4.280	26.928	26	24	418444	16094.000	1827.525	15300.000	13940	20189	746.231	630.308	16.000	0.842	0.296	0.924	746.247	630.314	16.009	744	629	15	5	4	3
436	6.255	27.858	38	35	702206	18479.105	3901.451	17266.000	13970	28410	469.947	725.263	15.868	0.969	0.304	0.968	469.900	725.287	15.868	468	722	15	5	6	3
437	30.783	76.228	187	129	4312488	23061.434	7448.720	22193.000	13978	43582	320.118	836.460	16.396	1.693	0.274	1.707	320.000	836.385	16.361	316	832	15	9	11	4
438	3.128	19.101	19	19	304931	16049.000	1489.231	15836.000	14054	19408	267.263	881.947	15.316	0.864	0.367	0.794	267.253	881.945	15.307	266	879	15	5	7	2
439	2.305	16.721	14	14	220397	15742.643	1706.727	15240.000	14006	18581	847.143	435.214	16.000	0.920	0.532	0.921	847.051	435.233	16.000	844	434	16	9	4	1
440	2.963	17.411	18	18	277551	15419.500	1118.803	15240.000	14022	18161	882.167	597.944	16.222	0.749	0.271	0.829	882.177	597.930	16.209	881	596	16	4	5	2
441	2.469	14.550	15	15	241395	16093.000	1273.054	16148.000	14123	18961	867.867	599.133	16.667	0.697	0.188	0.672	867.896	599.138	16.648	866	598	16	4	4	2
442	1.646	13.757	10	10	160835	16083.500	1561.579	16009.000	14182	18556	711.700	664.100	16.100	0.649	0.318	0.631	711.721	664.097	16.088	709	663	16	6	3	2
443	5.103	23.996	31	31	513955	16579.193	1468.771	16334.000	14143	19325	517.484	679.677	16.516	0.915	0.311	0.830	517.495	679.688	16.506	515	678	16	7	5	2
444	4.609	19.790	28	28	507208	18114.572	2442.262	17816.000	14106	22574	555.571	731.143	16.571	0.795	0.205	0.788	555.570	731.123	16.560	554	729	16	4	5	3
