 	Volume (micron^3)	Surface (micron^2)	Nb of obj. voxels	Nb of surf. voxels	IntDen	Mean	StdDev	Median	Min	Max	X	Y	Z	Mean dist. to surf. (micron)	SD dist. to surf. (micron)	Median dist. to surf. (micron)	XM	YM	ZM	BX	BY	BZ	B-width	B-height	B-depth
1	35.557	91.986	216	146	8023331	37145.051	17565.863	35559.000	14220	65535	284.421	363.000	4.120	1.885	0.432	1.920	284.409	362.990	4.083	280	358	2	11	11	5
2	56.133	116.290	341	224	12607746	36972.863	17013.887	33351.000	14189	65535	348.100	399.428	4.481	2.232	0.626	2.097	348.076	399.672	4.474	345	391	2	8	16	6
3	47.244	101.399	287	168	11904320	41478.469	18816.797	39477.000	14146	65535	280.544	486.369	4.756	2.080	0.347	2.093	280.587	486.347	4.684	277	481	2	9	12	6
4	25.844	69.543	157	109	6531833	41604.031	18612.789	41250.000	14153	65535	555.688	501.382	4.178	1.700	0.386	1.770	555.673	501.306	4.183	551	499	2	10	6	5
5	37.203	89.329	226	169	7215248	31925.877	13038.610	28589.500	14344	65535	365.690	546.819	3.898	1.853	0.519	1.858	365.754	546.684	3.866	360	542	2	13	11	4
6	25.844	70.817	157	115	5781009	36821.715	17014.891	34556.000	14266	65535	359.102	575.783	4.166	1.741	0.477	1.737	358.991	575.769	4.128	354	573	2	12	6	5
7	43.952	115.119	267	198	8968725	33590.730	14862.767	31502.000	14131	65535	578.105	599.094	4.161	2.032	0.648	1.988	577.948	599.378	4.160	572	590	2	13	15	5
8	30.947	75.713	188	127	7873463	41880.121	18538.648	39348.000	14732	65535	452.261	639.160	4.324	1.758	0.302	1.756	452.250	639.223	4.317	449	635	2	7	10	6
9	29.137	77.677	177	126	5133309	29001.746	11008.582	29092.000	14172	60757	486.927	11.808	5.458	1.655	0.314	1.675	486.828	11.681	5.359	482	9	3	10	8	5
10	18.766	56.439	114	97	2669132	23413.439	7921.014	20873.500	14365	46794	178.465	53.377	4.202	1.446	0.387	1.398	178.433	53.305	4.216	175	49	3	8	10	3
11	31.771	90.537	193	144	5877996	30455.938	13608.055	26249.000	14216	62147	455.943	61.912	4.342	2.005	0.690	1.894	456.172	62.038	4.369	449	56	3	14	12	4
12	31.771	77.058	193	118	7863910	40745.648	19976.070	39303.000	14172	65535	500.715	60.404	5.347	1.858	0.381	1.852	500.783	60.409	5.405	496	58	3	10	6	6
13	35.227	83.021	214	134	8030050	37523.598	17548.203	35192.000	14129	65535	376.860	81.551	4.911	1.844	0.296	1.876	376.895	81.567	4.896	373	77	3	9	10	5
14	13.005	46.614	79	65	2029503	25689.912	9147.415	22845.000	14508	46038	492.861	85.228	4.658	1.308	0.340	1.334	492.886	85.192	4.646	489	82	3	8	8	4
15	27.161	71.540	165	117	4942563	29954.928	12534.674	27166.000	14195	58040	318.533	90.927	4.376	1.689	0.357	1.685	318.594	90.990	4.373	316	85	3	6	12	4
16	20.248	60.819	123	91	4270095	34716.219	16251.603	30464.000	14556	65535	330.065	137.244	4.252	1.538	0.339	1.530	330.022	137.280	4.275	326	134	3	10	8	4
17	20.741	58.095	126	91	4402068	34937.047	17009.541	28981.500	14355	65535	339.802	144.683	4.333	1.528	0.271	1.504	339.740	144.597	4.355	337	141	3	8	8	4
18	27.984	81.573	170	131	4644549	27320.877	11480.343	24176.000	14177	65535	314.976	148.171	4.371	1.643	0.395	1.643	315.104	148.342	4.431	308	144	3	13	10	4
19	29.960	71.299	182	115	6665842	36625.504	18214.025	31960.500	14165	65535	516.604	210.143	4.802	1.753	0.293	1.753	516.636	210.178	4.788	513	206	3	8	8	5
20	22.552	63.750	137	90	5559683	40581.629	18946.043	38932.000	14377	65535	525.788	211.591	5.504	1.624	0.324	1.597	525.809	211.603	5.490	522	209	3	8	7	6
21	55.804	129.602	339	218	11467369	33827.047	16010.752	29356.000	14183	65535	301.894	229.867	7.295	2.405	0.712	2.425	301.761	230.241	7.033	297	224	3	11	11	8
22	12.181	41.752	74	65	1766989	23878.230	7682.172	22388.500	14170	46900	233.973	240.527	4.189	1.177	0.272	1.157	233.945	240.507	4.201	231	237	3	7	8	3
23	37.038	84.641	225	152	7944009	35306.707	16982.326	31676.000	14245	65535	373.769	244.569	4.342	1.819	0.348	1.791	373.836	244.500	4.287	370	239	3	8	12	4
24	35.227	77.918	214	137	8103947	37868.910	18237.354	31574.000	14171	65535	460.402	245.000	4.692	1.805	0.249	1.784	460.491	245.074	4.661	456	241	3	9	9	5
25	30.618	76.781	186	127	6144149	33033.059	15352.538	29052.000	14187	65535	374.790	255.876	4.392	1.743	0.348	1.755	374.803	255.918	4.391	370	252	3	11	9	4
26	35.557	82.158	216	148	6976047	32296.514	15149.193	27109.000	14511	65535	191.583	264.616	4.495	1.846	0.391	1.807	191.609	264.311	4.435	189	259	3	7	13	4
27	45.927	100.536	279	168	10150162	36380.508	17659.092	34197.000	14235	65535	265.219	271.165	5.115	2.033	0.346	2.052	265.275	271.184	5.086	261	266	3	10	12	5
28	39.507	98.880	240	174	6750599	28127.496	10397.313	27072.500	14268	57282	554.646	277.583	4.658	1.881	0.432	1.856	554.724	277.718	4.649	551	271	3	8	13	5
29	14.321	42.993	87	73	2300443	26441.873	9613.534	25021.000	14144	59613	416.345	281.770	4.115	1.328	0.312	1.306	416.356	281.728	4.181	414	278	3	6	8	3
30	20.577	55.301	125	98	3753415	30027.320	12454.865	27356.000	14180	65294	550.096	296.416	3.976	1.444	0.298	1.419	550.116	296.421	3.974	547	291	3	7	11	3
31	15.309	47.337	93	79	2040554	21941.441	6694.530	20120.000	14133	39840	406.108	298.226	3.828	1.308	0.318	1.284	406.161	298.255	3.825	403	295	3	7	9	3
32	72.759	146.457	442	286	15338339	34702.125	14747.948	31632.500	14153	65535	523.226	308.244	5.152	2.519	0.802	2.398	523.153	308.281	5.183	518	299	3	11	19	5
33	38.849	95.192	236	153	8825484	37396.117	17863.734	33381.000	14160	65535	536.983	298.263	5.229	1.993	0.536	1.911	536.951	298.202	5.246	533	292	3	10	13	5
34	34.075	81.850	207	128	8101868	39139.457	18918.357	35143.000	14189	65535	353.865	309.237	5.203	1.869	0.352	1.902	353.956	309.227	5.228	350	305	3	9	9	5
35	46.257	105.328	281	178	9834913	34999.691	16610.582	30553.000	14191	65535	188.192	323.744	5.181	2.114	0.517	2.096	188.400	323.863	5.161	182	319	3	14	9	5
36	44.610	98.398	271	173	9019581	33282.586	15697.380	28600.000	14224	65535	283.410	331.756	4.886	1.966	0.429	1.987	283.615	331.818	4.889	279	326	3	9	12	5
37	33.581	91.293	204	171	5313567	26046.896	9444.133	23672.500	14200	65348	564.049	330.667	4.564	1.740	0.535	1.763	564.281	330.912	4.575	560	323	3	10	14	4
38	26.832	70.951	163	142	3883787	23826.914	7104.818	22591.000	14139	44706	187.417	340.840	3.730	1.548	0.440	1.590	187.402	340.830	3.726	182	337	3	12	9	3
39	40.989	100.466	249	181	8463598	33990.352	14642.398	31048.000	14209	65535	305.145	346.550	4.197	2.017	0.637	2.001	305.244	346.292	4.188	301	339	3	9	16	4
40	14.157	60.989	86	79	1714710	19938.488	5616.254	17663.000	14278	40389	250.558	347.035	4.128	1.462	0.559	1.389	250.596	346.914	4.131	248	342	3	7	12	3
41	13.992	44.683	85	67	2437672	28678.494	11970.768	24692.000	14171	65535	368.094	354.506	4.682	1.318	0.294	1.330	368.119	354.479	4.662	366	351	3	5	8	4
42	14.980	42.648	91	74	2571208	28255.033	10410.766	26763.000	14200	54672	376.209	362.297	4.923	1.287	0.230	1.274	376.278	362.335	4.899	374	359	3	6	7	4
43	37.038	80.053	225	166	6734956	29933.139	11432.516	26901.000	14169	65535	242.493	370.493	4.987	1.721	0.354	1.760	242.314	370.604	4.976	238	366	3	11	10	4
44	30.124	77.677	183	127	5795752	31670.775	14886.638	26390.000	14131	65535	340.798	376.432	4.481	1.781	0.392	1.757	340.928	376.351	4.462	338	371	3	8	13	4
45	52.841	105.739	321	208	11150143	34735.648	16009.624	30132.000	14155	65535	392.159	377.069	5.349	2.018	0.340	2.033	392.112	376.977	5.295	387	371	3	12	12	5
46	80.990	206.489	492	303	17680568	35936.113	18146.922	31038.500	14162	65535	176.900	377.951	6.549	3.062	1.154	2.758	176.643	377.957	6.488	170	372	3	17	13	11
47	20.741	59.199	126	87	4740322	37621.602	18341.973	33526.500	14433	65535	250.913	380.286	4.857	1.618	0.398	1.603	250.945	380.311	4.826	249	376	3	5	9	5
48	27.820	72.782	169	120	5316866	31460.746	13889.295	26419.000	14134	65535	294.710	408.538	4.503	1.706	0.351	1.624	294.641	408.586	4.521	291	405	3	11	8	4
49	24.857	69.195	151	123	3975666	26328.914	9320.234	24961.000	14308	54568	567.947	409.801	4.424	1.517	0.423	1.536	567.979	409.840	4.433	565	405	3	7	11	4
50	30.947	85.123	188	150	4977957	26478.494	9790.142	25227.500	14231	60830	454.335	411.229	4.809	1.672	0.411	1.683	454.539	411.328	4.788	449	406	3	11	11	4
51	23.375	61.301	142	105	4224895	29752.781	11268.744	27167.000	14160	60399	292.077	419.120	4.169	1.502	0.257	1.495	292.124	419.103	4.195	289	415	3	7	9	4
52	20.906	61.404	127	95	3903420	30735.590	14593.101	25026.000	14278	65535	175.559	427.654	4.299	1.532	0.323	1.557	175.593	427.625	4.310	172	424	3	9	8	4
53	54.652	112.362	332	205	12988928	39123.277	18734.502	33907.500	14135	65535	235.407	430.494	5.777	2.207	0.535	2.180	235.556	430.453	5.764	229	427	3	14	8	6
54	31.441	74.746	191	134	6012346	31478.252	14133.757	25909.000	14178	65535	314.696	446.696	4.288	1.684	0.313	1.685	314.649	446.620	4.320	310	443	3	11	8	4
55	64.035	168.215	389	266	14262001	36663.242	19578.059	29825.000	14192	65535	335.609	453.039	5.424	2.982	1.232	2.814	334.275	453.015	5.653	328	448	3	23	10	6
56	45.598	100.984	277	164	10296441	37171.266	18169.094	33522.000	14159	65535	531.314	455.173	4.931	2.021	0.339	2.032	531.321	455.096	4.884	526	450	3	11	11	5
57	32.594	78.675	198	151	5353035	27035.531	10543.890	24644.500	14139	60257	171.470	459.333	4.263	1.713	0.368	1.689	171.514	459.367	4.282	168	455	3	10	11	4
58	40.989	91.226	249	159	8680155	34860.059	16821.693	28887.000	14187	65535	562.594	464.827	5.462	1.880	0.292	1.883	562.545	464.672	5.421	558	461	3	11	9	5
59	21.071	69.610	128	108	3267658	25528.578	8782.384	24863.500	14191	46376	286.938	467.719	4.508	1.550	0.481	1.591	287.036	467.673	4.515	281	464	3	12	8	4
60	26.338	68.057	160	125	4655589	29097.432	11672.771	26568.000	14390	65535	391.913	470.625	4.125	1.562	0.350	1.556	391.723	470.624	4.127	387	467	3	11	8	4
61	35.721	90.848	217	142	7811640	35998.340	16654.328	32977.000	14634	65535	240.816	477.465	4.917	1.892	0.425	1.963	240.919	477.424	4.909	235	474	3	13	9	5
62	20.577	57.232	125	96	3668506	29348.049	12319.658	25892.000	14195	65535	438.536	486.128	4.896	1.435	0.277	1.409	438.415	485.947	4.913	435	482	3	8	9	4
63	33.087	81.746	201	132	7844003	39024.891	19171.082	31925.000	14143	65535	556.060	513.363	4.547	1.831	0.395	1.805	556.072	513.332	4.555	551	509	3	11	9	5
64	43.623	136.806	265	203	8118823	30637.068	14708.036	26116.000	14225	65535	577.087	526.849	5.106	2.572	1.145	2.425	577.755	526.952	5.045	564	521	3	23	11	5
65	34.734	87.087	211	168	5299741	25117.256	9046.246	22739.000	14222	57793	447.592	556.024	4.024	1.754	0.485	1.691	447.809	556.019	4.032	441	552	3	14	10	3
66	9.218	47.199	56	56	1063401	18989.303	4195.464	17774.000	14202	32292	324.089	582.857	4.071	1.229	0.381	1.272	324.107	582.816	4.067	320	580	3	9	7	3
67	10.371	44.302	63	62	1218953	19348.461	3833.135	19307.000	14469	28995	499.619	589.365	3.794	1.203	0.444	1.155	499.557	589.463	3.817	496	585	3	8	10	3
68	38.520	93.743	234	163	7491921	32016.756	14158.360	27231.000	14157	65535	455.436	595.833	4.321	1.976	0.552	1.934	455.321	595.680	4.297	449	590	3	12	13	4
69	41.977	131.804	255	229	5474446	21468.416	6346.631	19608.000	14140	45159	512.776	591.796	4.463	2.412	0.880	2.513	512.981	591.461	4.540	504	584	3	18	15	5
70	30.947	79.297	188	135	5228175	27809.441	11476.655	23516.500	14214	62231	560.154	595.830	4.229	1.698	0.351	1.735	559.996	595.859	4.272	555	591	3	11	10	4
71	25.680	64.025	156	105	5750507	36862.223	17090.008	32720.500	14368	65535	374.231	600.083	4.372	1.618	0.217	1.619	374.246	600.129	4.340	371	596	3	8	9	4
72	35.721	79.434	217	157	7328263	33770.797	14364.120	30769.000	14166	65535	416.369	607.912	4.157	1.758	0.402	1.768	416.185	607.818	4.148	411	604	3	12	9	4
73	25.680	68.127	156	108	4701487	30137.736	13105.359	26418.000	14248	65009	451.532	618.782	4.506	1.630	0.308	1.620	451.503	618.727	4.544	448	614	3	8	10	4
74	45.104	121.534	274	191	9840317	35913.566	17253.973	31410.000	14148	65535	509.485	627.777	4.613	2.305	0.709	2.415	509.855	627.238	4.659	503	622	3	14	14	5
75	18.437	52.162	112	103	2382303	21270.562	5715.242	20120.000	14135	43608	516.759	645.143	3.688	1.308	0.358	1.375	516.847	645.204	3.731	513	641	3	8	9	3
76	23.211	58.058	141	114	4151181	29441.000	10838.732	28049.000	14175	61664	528.426	649.511	4.014	1.503	0.325	1.472	528.426	649.610	4.033	524	646	3	10	8	3
77	6.914	33.443	42	42	748303	17816.738	3176.976	17035.500	14175	26575	345.214	9.714	4.333	0.998	0.367	0.944	345.196	9.736	4.305	343	6	4	5	8	2
78	23.046	65.544	140	91	5286872	37763.371	17182.070	35173.500	14239	65535	178.236	12.014	6.429	1.740	0.481	1.675	178.180	11.989	6.389	175	9	4	7	7	6
79	8.725	40.855	53	53	999898	18866.000	3261.762	18057.000	14215	25782	230.113	17.302	4.415	1.133	0.334	1.108	230.249	17.319	4.428	226	14	4	8	7	2
80	35.227	99.776	214	172	5479509	25605.182	8218.987	23709.000	14132	46271	220.262	19.808	5.850	2.271	0.899	2.252	220.161	19.649	5.824	215	12	4	13	16	4
81	52.018	134.946	316	213	11726005	37107.609	17648.426	33786.500	14196	65535	342.009	34.066	5.896	2.571	0.963	2.684	342.053	34.056	5.891	334	28	4	19	12	5
82	51.853	124.462	315	230	9981965	31688.777	13111.051	29662.000	14199	65535	451.076	44.527	5.771	2.146	0.678	2.065	451.169	44.532	5.765	446	36	4	10	17	5
83	26.009	78.193	158	136	3717625	23529.271	6443.645	22297.000	14269	42737	407.627	55.728	4.816	1.657	0.571	1.558	407.766	55.780	4.793	402	51	4	13	9	3
84	29.137	75.988	177	125	5331215	30119.859	12074.228	27175.000	14179	65535	372.695	60.740	5.367	1.711	0.364	1.694	372.778	60.783	5.365	368	56	4	11	10	4
85	7.737	34.443	47	42	965441	20541.299	4921.640	20085.000	14521	33343	324.936	72.787	5.745	1.113	0.362	1.140	324.952	72.798	5.754	323	69	4	5	8	4
86	5.432	28.788	33	33	618193	18733.121	4965.455	17113.000	14328	34388	150.061	75.879	4.788	0.919	0.334	0.904	150.062	75.877	4.820	146	73	4	8	7	2
87	28.149	73.782	171	116	5939303	34732.766	17102.594	29829.000	14171	65535	339.462	90.918	5.532	1.761	0.392	1.729	339.389	90.764	5.484	336	86	4	8	11	4
88	44.775	99.191	272	171	9629325	35401.930	15942.231	34936.500	14204	65535	297.081	109.923	6.074	1.935	0.289	1.974	297.084	109.966	6.012	292	105	4	11	10	5
89	22.881	60.956	139	96	4123855	29668.021	12472.257	26609.000	14860	60587	236.396	121.122	5.576	1.555	0.241	1.563	236.430	121.124	5.542	232	118	4	9	8	4
90	20.741	75.710	126	122	2447060	19421.111	3974.332	18667.500	14221	31891	404.936	123.508	5.341	1.578	0.541	1.568	404.850	123.514	5.315	401	119	4	9	12	3
91	12.017	38.787	73	58	2040536	27952.549	10832.757	25159.000	14803	60960	168.479	126.945	4.986	1.203	0.171	1.209	168.475	126.952	4.980	166	124	4	7	7	3
92	34.898	78.367	212	135	7483048	35297.395	16297.114	31631.000	14241	65535	273.712	145.250	5.637	1.809	0.291	1.791	273.684	145.249	5.595	270	141	4	9	9	5
93	6.585	38.201	40	40	704202	17605.051	3363.772	16557.500	14168	27808	162.550	150.400	4.525	1.066	0.344	1.041	162.607	150.358	4.543	160	146	4	7	9	2
94	20.741	73.438	126	101	3146349	24971.023	8497.319	23066.500	14134	48182	394.127	161.460	5.437	1.848	0.706	1.773	394.144	161.455	5.427	389	157	4	13	10	4
95	26.009	68.094	158	107	5951636	37668.582	18401.092	33048.500	14189	65535	482.551	164.013	5.633	1.664	0.293	1.658	482.445	163.986	5.626	479	161	4	10	7	5
96	26.009	69.817	158	106	5625105	35601.930	16849.260	32745.000	14184	65535	470.842	172.848	5.810	1.656	0.318	1.690	470.810	172.842	5.810	467	169	4	9	9	5
97	14.980	47.166	91	67	2920469	32093.066	13980.298	28583.000	14466	65535	243.912	176.484	5.725	1.373	0.271	1.371	243.860	176.539	5.698	241	174	4	7	7	4
98	19.918	58.681	121	94	3301119	27281.975	9200.010	25293.000	14328	49379	422.207	178.347	6.000	1.498	0.408	1.440	422.298	178.381	6.013	417	175	4	10	8	5
99	28.643	92.813	174	147	4210565	24198.650	8095.154	21747.000	14275	46079	528.207	248.086	5.511	2.143	0.883	2.118	528.048	247.775	5.482	523	241	4	13	17	4
100	41.812	91.986	254	160	9373462	36903.395	17522.172	34829.000	14148	65535	319.937	259.878	5.933	1.953	0.314	1.977	319.915	259.811	5.900	316	255	4	9	11	5
101	37.697	93.602	229	184	5788536	25277.449	8305.549	23417.000	14134	53073	421.354	264.790	5.170	1.820	0.576	1.816	421.318	264.782	5.194	415	259	4	12	14	4
102	20.741	65.300	126	99	2761996	21920.604	6710.872	19514.000	14194	41087	405.397	271.317	5.016	1.526	0.429	1.438	405.342	271.379	5.011	402	266	4	8	12	3
103	11.688	39.443	71	58	2032772	28630.592	10223.919	26843.000	14471	55141	165.028	292.155	5.887	1.210	0.260	1.205	165.067	292.144	5.904	162	290	4	6	6	5
104	4.445	24.341	27	27	431007	15963.223	1759.049	15627.000	14175	21846	555.815	316.407	4.556	0.882	0.257	0.859	555.826	316.345	4.539	553	314	4	6	5	2
105	30.783	78.574	187	120	6692595	35789.277	17962.504	30840.000	14289	65535	426.791	326.075	6.043	1.793	0.331	1.833	426.740	326.205	6.030	423	321	4	9	10	5
106	3.292	20.135	20	20	340544	17027.199	2274.988	16588.500	14243	22223	478.150	326.750	4.950	0.866	0.392	0.899	478.093	326.642	4.942	477	324	4	5	7	3
107	25.844	73.920	157	114	4911067	31280.682	15207.777	25354.000	14171	65535	488.688	332.229	5.497	1.724	0.455	1.661	488.773	332.165	5.473	484	327	4	9	12	4
108	16.955	49.923	103	76	2863081	27796.902	10639.521	25988.000	14199	52737	299.515	330.883	5.602	1.398	0.254	1.429	299.516	330.876	5.561	297	327	4	6	8	4
109	25.844	83.400	157	131	3438634	21902.127	5429.039	20929.000	14373	36521	511.427	339.369	5.656	2.115	0.728	2.199	511.411	339.341	5.674	507	333	4	10	15	4
110	21.400	59.818	130	95	4011010	30853.924	14484.818	25595.500	14174	65535	486.931	345.146	5.669	1.534	0.301	1.535	487.101	345.097	5.646	482	342	4	10	7	4
111	34.734	78.849	211	147	6571967	31146.764	12906.975	26733.000	14131	64637	520.583	349.858	5.218	1.776	0.357	1.765	520.592	349.888	5.194	517	344	4	8	12	4
112	6.255	28.651	38	37	740584	19489.053	4343.857	18363.000	14327	34966	354.816	365.105	4.737	1.064	0.425	0.973	354.818	365.164	4.747	354	361	4	3	9	3
113	16.791	54.990	102	102	2126568	20848.705	4495.177	19839.500	14221	32071	314.882	370.637	4.490	1.300	0.419	1.329	314.900	370.594	4.468	311	366	4	10	9	2
114	20.741	54.923	126	85	4580554	36353.602	17517.338	31112.000	14270	65535	243.667	383.103	5.579	1.535	0.219	1.535	243.709	383.126	5.595	240	380	4	8	8	4
115	24.198	63.128	147	106	4417984	30054.312	14126.781	24017.000	14286	65535	436.374	384.184	5.537	1.587	0.316	1.579	436.486	384.211	5.502	431	381	4	10	7	4
116	11.688	38.820	71	71	1449741	20418.887	3844.723	20500.000	14178	29325	574.493	393.366	4.465	1.089	0.311	1.127	574.378	393.342	4.464	571	390	4	8	7	2
117	17.943	52.992	109	82	3328465	30536.377	13120.419	27151.000	14381	65535	264.046	398.716	5.716	1.402	0.259	1.403	264.121	398.753	5.734	261	395	4	7	8	4
118	23.046	61.783	140	113	4107261	29337.578	11350.768	26888.000	14157	62432	435.121	410.036	4.950	1.605	0.485	1.514	435.076	410.087	4.924	433	404	4	6	13	3
119	25.515	66.230	155	120	4315226	27840.168	10992.107	25357.000	14145	59706	544.161	411.213	5.148	1.532	0.303	1.538	544.146	411.129	5.172	540	407	4	9	9	4
120	26.997	70.195	164	123	5135571	31314.457	13065.118	27983.500	14182	65535	340.213	424.488	5.091	1.647	0.432	1.629	340.284	424.608	5.083	337	419	4	8	11	4
121	27.984	76.299	170	121	5111801	30069.418	12956.482	25412.000	14190	64295	225.600	422.576	5.582	1.749	0.414	1.668	225.618	422.554	5.571	221	419	4	12	8	4
122	23.046	76.918	140	116	3625169	25894.064	9741.522	23652.500	14130	53106	596.779	423.350	5.493	1.614	0.569	1.542	597.121	423.361	5.488	591	421	4	13	7	4
123	55.146	137.837	335	255	8967860	26769.730	10152.015	23583.000	14173	58150	350.158	429.003	5.388	2.320	0.844	2.256	350.380	428.464	5.426	343	422	4	15	16	4
124	8.560	32.064	52	44	1184800	22784.615	6668.692	21622.500	14210	36298	560.731	425.077	5.538	1.052	0.259	1.012	560.746	425.096	5.511	558	423	4	6	5	4
125	9.383	37.408	57	51	1231717	21609.070	4777.362	20826.000	14158	32625	308.123	429.456	5.754	1.274	0.480	1.232	308.148	429.491	5.737	304	428	4	10	4	4
126	31.441	80.435	191	142	5638001	29518.330	11655.752	28379.000	14227	63005	453.366	434.366	5.168	1.763	0.488	1.740	453.448	434.233	5.157	449	431	4	12	9	4
127	23.540	80.709	143	142	2972079	20783.770	4720.583	20252.000	14215	38929	265.308	449.741	4.538	1.725	0.655	1.728	265.237	449.654	4.557	260	446	4	13	11	3
128	24.528	66.782	149	110	3962382	26593.168	8605.393	25366.000	14222	52840	202.168	452.470	5.134	1.568	0.348	1.536	202.205	452.496	5.136	197	449	4	12	8	4
129	13.828	42.441	84	71	2032133	24192.059	7302.491	22520.500	14350	44070	585.857	483.143	4.857	1.238	0.222	1.221	585.794	483.120	4.844	583	480	4	7	7	3
130	15.803	51.647	96	85	2227259	23200.615	6873.949	21929.000	14179	41857	597.344	485.812	5.719	1.411	0.494	1.301	597.407	485.790	5.671	591	484	4	12	5	4
131	43.294	101.188	263	192	6922083	26319.707	9173.949	24612.000	14147	54241	531.635	488.046	5.186	1.928	0.542	1.868	531.407	488.133	5.185	525	484	4	15	9	4
132	25.021	69.302	152	95	5835580	38391.973	18831.875	33516.500	14167	65535	372.204	493.783	6.934	1.744	0.391	1.706	372.221	493.775	6.884	368	491	4	9	7	6
133	11.194	44.820	68	64	1405104	20663.295	4816.682	19616.000	14138	30905	384.853	496.471	5.294	1.217	0.441	1.163	384.847	496.412	5.279	381	493	4	9	8	3
134	11.852	38.064	72	54	2711708	37662.609	19397.047	30902.000	14268	65535	223.250	497.264	5.569	1.301	0.279	1.322	223.293	497.341	5.532	221	495	4	6	5	4
135	18.766	65.989	114	94	2517240	22081.053	7186.928	20492.000	14131	44783	493.018	503.298	5.114	1.511	0.490	1.405	493.043	503.478	5.065	488	497	4	11	11	4
136	3.457	16.929	21	20	465272	22155.809	8540.338	19703.000	14255	49743	221.286	504.190	5.048	0.848	0.299	0.949	221.214	504.103	5.053	220	503	4	4	3	3
137	54.817	140.186	333	226	11947319	35877.836	17116.473	30815.000	14253	65535	330.982	511.375	5.637	2.596	0.951	2.560	330.822	511.708	5.656	326	503	4	12	19	5
138	18.601	57.543	113	88	3458383	30605.160	12590.922	28158.000	14169	65535	464.230	515.027	6.027	1.467	0.368	1.374	464.214	515.080	6.005	460	512	4	11	7	5
139	9.548	44.787	58	52	1152244	19866.275	4568.542	19280.500	14337	34954	297.190	516.155	5.776	1.187	0.394	1.181	297.114	516.277	5.755	294	512	4	8	7	4
140	5.432	28.547	33	33	562972	17059.758	2288.557	16836.000	14152	22620	408.727	539.879	4.303	1.022	0.366	1.044	408.735	539.859	4.284	405	538	4	8	6	2
141	38.355	122.805	233	213	4953517	21259.730	5250.768	19937.000	14146	39668	514.266	535.764	6.433	2.291	1.031	2.212	513.955	535.633	6.452	503	531	4	22	12	5
142	2.469	20.238	15	15	237211	15814.066	1482.909	15327.000	14155	18567	279.933	548.000	4.000	0.834	0.390	0.858	279.850	547.997	4.000	277	546	4	7	5	1
143	17.120	64.025	104	94	2254995	21682.645	5882.134	19930.000	14190	36258	446.471	564.346	5.750	1.697	0.637	1.647	446.643	564.267	5.759	440	562	4	15	5	4
144	38.190	94.469	232	163	9323302	40186.648	18317.354	36089.500	14334	65535	534.207	565.125	6.358	2.041	0.607	1.916	534.208	565.148	6.312	527	562	4	16	7	5
145	46.750	128.809	284	195	10201101	35919.371	17141.762	31100.000	14133	65535	557.268	567.806	5.775	2.400	0.809	2.487	556.922	567.575	5.766	549	563	4	17	12	5
146	34.734	97.019	211	162	6521056	30905.479	13360.291	27244.000	14272	65535	537.882	573.768	5.839	2.184	0.795	2.239	537.994	573.770	5.819	529	571	4	17	7	4
147	14.321	63.231	87	84	1815938	20872.850	5065.553	20234.000	14134	32244	439.598	629.207	4.851	1.541	0.557	1.539	439.637	629.225	4.849	436	623	4	9	12	3
148	3.128	24.652	19	19	302695	15931.315	1440.679	15628.000	14146	18940	140.579	6.579	5.684	1.097	0.371	1.064	140.590	6.531	5.695	139	3	5	5	8	2
149	4.938	22.065	30	30	543279	18109.301	3365.357	17073.000	14514	27811	260.633	18.967	5.567	0.828	0.214	0.816	260.647	18.916	5.568	259	17	5	4	6	2
150	4.115	23.755	25	25	484991	19399.641	4237.957	19515.000	14221	29783	312.520	33.920	5.960	1.082	0.443	1.104	312.427	33.898	5.954	310	33	5	7	3	3
151	13.663	47.440	83	69	1714413	20655.578	5130.352	19720.000	14238	34887	492.277	48.566	6.072	1.271	0.267	1.220	492.239	48.570	6.089	489	45	5	8	7	3
152	8.560	30.582	52	46	1102819	21208.059	5234.895	20123.500	14271	32491	165.250	50.096	6.250	1.048	0.257	1.038	165.222	50.127	6.275	163	48	5	5	5	4
153	1.646	9.999	10	10	202715	20271.500	4501.048	18477.000	15383	28235	391.400	60.000	5.400	0.596	0.099	0.607	391.390	60.026	5.367	391	59	5	2	3	2
154	6.091	32.409	37	37	647629	17503.486	2516.265	17060.000	14202	23210	212.378	77.432	5.676	0.989	0.271	0.962	212.344	77.361	5.694	210	75	5	6	6	3
155	3.128	19.101	19	19	329026	17317.158	2742.694	17020.000	14384	23962	441.263	77.053	5.947	0.786	0.349	0.823	441.234	77.073	5.952	438	76	5	6	4	3
156	18.931	65.022	115	114	2365307	20567.887	4949.748	19329.000	14228	36897	514.591	85.974	5.539	1.553	0.678	1.457	514.333	85.643	5.533	509	82	5	12	11	3
157	2.798	13.790	17	17	287984	16940.234	2304.950	16506.000	14606	21343	269.588	103.647	5.000	0.675	0.277	0.675	269.562	103.692	5.000	268	101	5	4	6	1
158	10.371	51.302	63	63	1141165	18113.730	3092.300	17718.000	14190	30624	513.000	104.889	5.635	1.282	0.491	1.294	513.044	104.870	5.657	509	103	5	10	6	2
159	2.469	15.239	15	15	250309	16687.268	1728.963	16204.000	14485	19732	438.600	107.867	5.200	0.825	0.329	0.779	438.539	107.881	5.184	436	106	5	6	4	2
160	17.943	61.850	109	108	2223676	20400.697	4236.309	20100.000	14173	31171	239.367	135.743	5.431	1.512	0.589	1.518	239.343	135.706	5.419	233	132	5	13	10	3
161	19.095	53.233	116	90	3634817	31334.629	12902.926	30129.500	14231	65535	487.207	142.595	6.086	1.400	0.241	1.399	487.288	142.626	6.039	484	139	5	7	8	4
162	7.737	38.787	47	45	922367	19624.830	5371.578	18094.000	14184	33168	363.170	164.468	6.596	1.291	0.641	1.128	363.326	164.371	6.567	360	160	5	7	10	4
163	38.520	90.848	234	149	8951460	38254.102	18092.693	35746.000	14224	65535	264.410	168.893	6.709	1.946	0.370	1.916	264.361	168.772	6.661	261	163	5	9	12	5
164	23.046	65.852	140	103	3846897	27477.836	10045.826	24907.500	14207	56288	411.807	177.807	6.443	1.614	0.402	1.668	411.735	177.723	6.478	408	174	5	9	9	4
165	19.918	60.923	121	83	3614795	29874.338	12499.396	28301.000	14224	63256	246.793	216.942	7.174	1.588	0.390	1.596	246.750	216.985	7.181	243	214	5	9	6	5
166	23.869	70.473	145	104	4565486	31486.109	14034.146	28182.000	14151	65208	211.779	233.614	6.979	1.720	0.459	1.767	211.931	233.491	6.977	206	230	5	11	8	5
167	49.713	109.812	302	179	12212535	40438.859	19281.303	38343.500	14144	65535	317.960	233.258	7.457	2.157	0.442	2.229	317.973	233.259	7.426	312	230	5	14	7	6
168	30.783	70.918	187	148	5515100	29492.514	11091.332	28027.000	14164	65535	390.818	241.144	5.920	1.654	0.396	1.628	390.988	241.224	5.883	386	237	5	9	11	3
169	10.535	38.891	64	56	1320031	20625.484	5111.471	19128.000	14165	34902	157.688	256.422	6.031	1.170	0.264	1.147	157.630	256.496	6.000	156	253	5	5	7	3
170	20.412	75.988	124	115	2427345	19575.363	4230.818	18541.000	14240	31391	469.919	308.234	6.847	2.095	0.920	2.072	469.811	308.211	6.877	462	306	5	18	6	5
171	4.609	23.789	28	28	481772	17206.143	2466.924	16864.500	14323	25515	577.821	318.500	5.214	0.847	0.271	0.920	577.838	318.517	5.206	575	316	5	6	6	2
172	12.181	47.233	74	72	1365077	18446.986	3360.361	17873.000	14147	27304	588.176	330.000	6.365	1.276	0.473	1.277	588.203	330.037	6.382	584	327	5	9	7	4
173	35.063	84.022	213	134	7743801	36355.875	17260.781	30552.000	14184	65535	159.197	348.042	7.362	1.878	0.358	1.860	159.229	348.113	7.345	155	343	5	9	10	5
174	18.601	53.337	113	83	3073844	27202.160	10802.877	24654.000	14231	58554	476.558	350.381	6.336	1.439	0.265	1.440	476.574	350.303	6.310	473	347	5	7	8	4
175	15.968	64.095	97	82	2934716	30254.805	13947.864	26348.000	14948	65535	491.124	379.928	7.021	1.598	0.625	1.553	491.087	379.842	7.007	487	375	5	11	10	5
176	4.115	30.237	25	25	427686	17107.439	3212.982	16538.000	14192	27612	593.360	384.440	5.760	1.339	0.503	1.358	593.299	384.318	5.763	588	383	5	10	6	3
177	18.108	57.369	110	106	2291607	20832.791	4841.428	19761.000	14240	35929	580.482	446.664	5.582	1.447	0.561	1.469	580.419	446.666	5.581	575	442	5	12	10	3
178	28.149	74.057	171	123	5441152	31819.602	14382.494	26684.000	14130	65535	363.620	495.854	6.409	1.750	0.396	1.699	363.527	496.041	6.411	360	490	5	9	11	4
179	2.305	19.308	14	14	226208	16157.714	2102.447	15458.000	14186	20646	474.357	511.000	6.000	0.921	0.389	0.968	474.216	510.936	5.984	472	510	5	7	4	3
180	1.646	10.792	10	10	221220	22122.000	5484.574	20349.000	16192	31047	559.900	518.200	5.400	0.597	0.099	0.615	559.893	518.249	5.380	559	517	5	3	3	2
181	31.112	90.019	189	160	4393091	23243.867	6023.732	21972.000	14134	41473	465.005	572.048	6.921	2.120	0.844	2.090	465.027	572.097	6.908	457	569	5	18	7	4
182	32.100	79.916	195	154	5203458	26684.400	9224.125	24495.000	14234	55539	420.338	588.949	6.113	1.719	0.469	1.687	420.468	588.891	6.152	415	584	5	12	11	4
183	40.330	97.364	245	159	7764182	31690.539	14011.334	28903.000	14172	65535	499.878	18.498	7.963	1.894	0.388	1.957	499.882	18.582	7.965	496	13	6	9	12	5
184	7.737	31.167	47	44	975126	20747.361	5709.035	19445.000	14167	37663	381.149	24.255	6.617	0.979	0.267	0.972	380.998	24.260	6.617	378	22	6	7	6	3
185	14.157	43.475	86	70	1961889	22812.662	7022.320	20919.500	14218	38095	401.430	32.058	6.884	1.264	0.226	1.249	401.417	31.909	6.814	398	29	6	7	8	3
186	5.926	27.650	36	36	670669	18629.695	3376.667	18027.500	14425	27821	198.361	60.917	6.306	0.930	0.321	0.869	198.346	60.971	6.277	196	57	6	5	8	2
187	30.618	79.575	186	119	6279864	33762.711	16075.423	30431.500	14173	65535	329.747	95.425	7.710	1.815	0.379	1.803	329.840	95.339	7.704	324	93	6	12	6	5
188	3.786	20.031	23	23	386638	16810.348	2420.646	16336.000	14189	22195	375.435	115.696	6.174	0.786	0.302	0.819	375.419	115.743	6.150	373	113	6	7	5	2
189	13.992	50.338	85	69	1848391	21745.777	6160.831	19445.000	14157	41444	137.400	137.388	7.541	1.429	0.427	1.514	137.392	137.305	7.576	136	133	6	4	10	5
190	6.914	26.064	42	42	843963	20094.357	4437.012	19114.500	14141	30952	342.048	162.286	6.500	0.913	0.252	0.944	342.009	162.344	6.488	340	159	6	5	7	2
191	1.811	9.999	11	11	249169	22651.727	5398.557	21319.000	14980	33155	382.091	170.545	6.455	0.610	0.079	0.618	382.136	170.549	6.451	381	170	6	3	2	2
192	5.597	23.411	34	30	693156	20386.941	4368.614	19155.000	14623	28154	154.559	192.441	7.000	0.981	0.230	1.000	154.533	192.460	6.982	153	191	6	5	4	3
193	18.766	51.958	114	79	3306321	29002.816	12701.782	25686.500	14275	65535	189.711	206.237	7.482	1.477	0.207	1.486	189.711	206.234	7.482	187	203	6	7	7	4
194	13.992	45.510	85	71	1568289	18450.459	3471.823	17800.000	14133	30029	477.388	208.776	7.082	1.284	0.327	1.238	477.343	208.716	7.083	473	207	6	10	5	3
195	43.952	99.020	267	152	10318068	38644.449	18430.088	35318.000	14182	65535	352.581	222.213	8.655	2.064	0.390	2.028	352.581	222.161	8.676	349	217	6	9	12	6
196	13.169	48.304	80	66	1927204	24090.051	8899.716	20607.500	14194	44824	330.825	239.462	7.637	1.360	0.367	1.379	330.926	239.461	7.618	326	238	6	10	4	4
197	28.972	78.022	176	120	4773183	27120.357	11170.927	24074.000	14518	65535	156.381	276.398	7.756	1.732	0.414	1.684	156.295	276.308	7.809	152	272	6	10	10	5
198	23.375	68.472	142	112	3972615	27976.162	11175.819	25299.500	14217	58401	583.359	284.535	7.866	1.768	0.623	1.785	583.368	284.621	7.850	581	278	6	5	14	4
199	8.395	34.236	51	47	1067477	20930.922	5538.191	19826.000	14195	36654	572.353	309.118	7.373	1.053	0.267	1.097	572.485	308.944	7.401	570	307	6	6	6	3
200	4.938	24.789	30	30	509000	16966.666	2048.443	16959.500	14133	20890	362.733	317.033	6.400	0.886	0.311	0.845	362.725	317.080	6.412	361	313	6	5	7	2
201	30.947	85.538	188	144	4692882	24962.139	8363.488	24077.000	14234	47773	270.862	335.915	7.303	1.802	0.545	1.802	270.679	335.961	7.323	264	333	6	14	7	4
202	2.305	13.067	14	14	348631	24902.215	8486.333	24548.500	14282	41046	502.214	383.214	6.571	0.647	0.110	0.649	502.244	383.264	6.539	501	382	6	3	4	2
203	9.712	35.133	59	52	1439544	24399.051	6601.352	25033.000	14326	36400	387.390	488.475	7.610	1.101	0.277	1.086	387.314	488.480	7.571	385	486	6	7	5	4
204	66.175	168.529	402	255	12709685	31616.133	14247.729	28160.000	14221	65535	610.458	542.883	11.077	2.945	1.076	3.044	610.463	542.861	11.207	605	535	6	10	16	11
205	3.951	24.445	24	24	401608	16733.666	1770.763	16594.000	14213	19971	486.042	568.750	7.250	0.884	0.334	0.890	486.001	568.772	7.242	483	566	6	7	5	3
206	17.284	50.164	105	83	3076071	29295.914	10778.678	28232.000	14889	55797	409.781	574.476	6.981	1.396	0.316	1.351	409.925	574.523	6.967	405	572	6	10	6	4
207	16.132	55.886	98	95	1899265	19380.256	3644.248	19299.500	14136	31691	137.204	47.418	7.592	1.346	0.469	1.313	137.256	47.532	7.596	133	43	7	9	10	3
208	20.083	57.509	122	88	3727060	30549.672	11259.214	28487.500	14166	60059	358.754	43.730	8.975	1.512	0.356	1.467	358.857	43.769	8.988	355	41	7	8	6	5
209	9.218	34.028	56	55	1221435	21811.340	5020.991	21131.500	14185	36140	525.482	83.911	7.607	1.050	0.354	1.003	525.383	83.793	7.622	523	81	7	7	8	3
210	31.771	81.884	193	132	6692127	34674.234	16427.225	30228.000	14314	65535	548.637	154.990	9.192	1.806	0.427	1.817	548.707	154.973	9.212	544	151	7	10	9	5
211	27.984	69.817	170	113	5711146	33594.977	15264.776	29056.000	15047	65535	340.559	227.447	8.576	1.679	0.268	1.649	340.507	227.293	8.591	336	224	7	10	8	4
212	15.638	58.888	95	86	2191770	23071.264	7807.562	20552.000	14174	46843	301.368	242.389	8.095	1.729	0.742	1.575	301.318	242.404	8.111	293	241	7	17	4	3
213	2.469	14.998	15	14	312706	20847.066	7362.117	16947.000	14668	38847	495.333	383.133	8.000	0.737	0.296	0.677	495.274	383.126	7.985	494	382	7	4	3	3
214	10.700	35.789	65	52	1882440	28960.615	11445.427	27124.000	14384	62025	185.754	389.169	8.615	1.294	0.329	1.386	185.705	389.212	8.566	184	387	7	5	5	4
215	4.280	22.514	26	26	458313	17627.424	2283.828	17389.500	14258	23141	506.615	447.038	7.346	0.881	0.364	0.824	506.551	447.031	7.337	504	445	7	8	5	2
216	23.211	71.574	141	115	3226933	22886.049	7193.224	21334.000	14142	39214	540.830	125.440	9.319	1.541	0.433	1.581	540.977	125.479	9.357	536	121	8	10	10	4
217	11.194	37.649	68	59	1690808	24864.824	8204.635	22773.500	14354	48663	556.132	180.324	9.029	1.180	0.237	1.168	556.154	180.294	9.029	553	178	8	7	6	3
218	23.375	61.716	142	93	5177622	36462.125	17520.238	33511.500	14451	65535	172.211	230.169	9.845	1.636	0.305	1.608	172.215	230.131	9.803	169	226	8	7	8	5
219	5.103	22.065	31	31	562222	18136.193	2642.708	17846.000	14145	24870	304.484	272.161	8.484	0.838	0.223	0.802	304.467	272.126	8.472	302	270	8	6	5	2
220	2.305	14.309	14	13	306799	21914.215	7907.613	20687.500	14281	38281	162.143	308.071	9.071	0.758	0.292	0.889	162.169	308.026	9.047	161	307	8	3	3	3
221	30.618	84.229	186	133	6184711	33251.133	15539.737	29317.500	14141	65535	596.774	341.613	10.204	1.959	0.601	1.991	596.739	341.640	10.175	595	335	8	6	15	5
222	8.395	34.684	51	45	1241880	24350.588	7589.946	23352.000	14167	37436	193.647	393.235	9.431	1.065	0.322	1.026	193.655	393.204	9.426	190	391	8	8	5	4
223	24.692	74.160	150	115	3895830	25972.199	10575.742	21114.000	14151	50048	492.927	561.487	9.493	1.713	0.557	1.659	492.590	561.296	9.499	487	559	8	14	7	4
224	35.557	85.986	216	145	7002451	32418.754	15167.913	29885.500	14136	65535	357.819	564.662	10.019	1.863	0.432	1.928	357.802	564.732	9.971	352	562	8	13	7	5
225	9.218	39.443	56	50	1118079	19965.697	4069.482	19355.000	14240	31463	127.143	13.071	10.429	1.210	0.408	1.154	127.183	13.119	10.425	125	9	9	6	9	4
226	13.334	46.751	81	75	1636365	20202.037	3714.896	20245.000	14151	30003	151.160	246.901	10.457	1.215	0.414	1.132	151.141	246.950	10.458	149	242	9	5	10	4
227	3.457	21.376	21	21	369627	17601.285	2814.305	17336.000	14192	25320	152.143	262.143	9.238	0.930	0.262	0.933	152.182	262.111	9.213	150	260	9	5	6	2
228	12.840	50.924	78	66	1645833	21100.424	5429.279	19541.500	14172	38499	599.000	356.551	11.090	1.392	0.460	1.304	599.011	356.640	11.083	596	353	9	6	8	5
229	15.638	51.302	95	81	2185876	23009.221	7569.982	21004.000	14243	45298	416.179	565.979	10.126	1.382	0.371	1.366	416.312	566.089	10.114	412	562	9	9	8	3
230	27.820	77.677	169	122	4483594	26530.143	9167.397	26367.000	14143	53481	133.669	53.852	12.213	1.711	0.404	1.760	133.695	53.972	12.166	130	49	10	9	10	5
231	19.754	61.990	120	101	2734345	22786.209	6202.592	22212.500	14136	37142	137.150	169.942	11.708	1.657	0.608	1.518	137.170	169.949	11.694	135	163	10	5	14	4
232	23.211	69.921	141	109	3510674	24898.396	6778.958	24063.000	14567	45258	570.582	226.348	12.255	1.683	0.526	1.670	570.525	226.483	12.227	569	220	10	5	13	5
233	17.449	56.372	106	80	2463991	23245.197	7200.584	21590.000	14317	44063	574.424	243.321	11.575	1.467	0.342	1.533	574.367	243.456	11.476	572	239	10	6	10	4
234	27.655	73.883	168	143	3594964	21398.596	5834.630	20269.500	14129	39503	271.339	314.256	11.762	1.581	0.426	1.608	271.516	314.122	11.758	266	310	10	11	10	4
235	2.798	17.411	17	17	271891	15993.588	1515.292	15531.000	14244	18895	280.118	572.294	10.941	0.785	0.409	0.712	280.029	572.267	10.948	277	571	10	8	4	2
236	1.811	12.378	11	11	215437	19585.182	5223.956	17004.000	15237	29912	454.273	613.364	11.091	0.671	0.320	0.647	454.306	613.363	11.073	453	612	10	3	3	3
237	3.622	25.341	22	21	363134	16506.092	2554.681	15716.500	14238	23295	551.318	143.136	11.909	0.974	0.340	0.981	551.288	143.085	11.922	549	140	11	5	8	3
238	5.597	23.170	34	32	914075	26884.559	11194.104	23682.000	14212	61968	459.029	233.147	12.000	0.973	0.267	1.043	458.943	233.086	11.985	457	232	11	5	3	3
239	39.014	96.330	237	152	6781030	28611.941	11572.202	25488.000	14292	65535	584.253	278.561	13.148	1.980	0.504	1.934	584.169	278.613	13.138	580	273	11	10	12	5
240	1.975	13.757	12	12	199298	16608.166	2095.058	15757.000	14365	20849	265.250	304.583	12.000	0.668	0.324	0.665	265.268	304.620	11.996	263	303	11	5	4	3
241	5.268	26.031	32	26	589200	18412.500	3301.251	17976.000	14231	26255	398.094	318.438	11.938	0.987	0.225	1.028	398.123	318.481	11.926	396	316	11	5	6	3
242	1.646	12.274	10	10	161896	16189.600	1031.304	16129.000	14569	17969	376.700	318.500	11.800	0.644	0.239	0.688	376.698	318.531	11.808	375	317	11	4	4	2
243	15.968	49.579	97	77	2429403	25045.393	8791.189	23118.000	14397	51153	235.381	323.433	12.144	1.342	0.270	1.304	235.289	323.466	12.123	232	321	11	9	7	4
244	26.174	72.852	159	110	4480011	28176.170	10583.822	26802.000	14196	52310	536.069	642.874	12.918	1.725	0.404	1.795	536.124	642.818	12.868	532	640	11	10	7	5
245	15.968	51.165	97	76	2268067	23382.135	7650.475	20859.000	14386	39852	385.680	52.206	13.784	1.413	0.383	1.368	385.835	52.207	13.757	381	50	12	10	5	4
246	2.798	17.274	17	17	286958	16879.883	2367.677	16026.000	14378	22617	520.000	54.529	12.588	0.775	0.271	0.732	519.986	54.494	12.619	519	53	12	3	6	2
247	10.371	38.787	63	59	1204598	19120.604	3508.694	18957.000	14134	27248	143.746	94.524	13.476	1.154	0.369	1.166	143.724	94.570	13.475	141	90	12	6	9	4
248	21.235	56.164	129	90	3691280	28614.574	10458.441	25827.000	14172	53886	137.915	207.543	13.550	1.537	0.235	1.564	137.943	207.562	13.540	135	204	12	7	9	4
249	29.137	78.956	177	110	6073971	34316.219	17301.639	29277.000	14223	65535	167.203	351.379	14.175	1.871	0.445	1.897	167.173	351.446	14.134	163	347	12	8	9	6
250	2.634	19.997	16	16	267440	16715.000	1222.406	16541.000	14517	19134	595.250	380.062	13.125	0.805	0.333	0.839	595.266	380.057	13.102	594	378	12	4	5	3
251	19.095	51.854	116	83	3089222	26631.225	9000.479	24663.500	14525	48054	581.888	454.241	13.724	1.455	0.243	1.452	581.865	454.236	13.695	579	451	12	7	7	4
252	7.737	37.408	47	46	864928	18402.723	3584.964	17594.000	14232	26247	601.021	482.340	13.064	1.174	0.448	1.179	601.052	482.357	13.054	597	480	12	8	7	3
253	7.408	38.201	45	42	783418	17409.289	3084.916	16922.000	14262	26131	145.222	10.289	14.200	1.083	0.343	1.077	145.160	10.388	14.175	143	7	13	6	7	3
254	7.737	33.995	47	43	906464	19286.469	4503.514	17678.000	14221	32162	530.277	105.170	14.723	1.041	0.324	0.997	530.348	105.101	14.678	528	103	13	5	7	4
255	5.761	25.479	35	35	594991	16999.742	2271.679	16402.000	14257	22437	334.771	136.771	13.457	0.938	0.300	0.905	334.646	136.827	13.453	332	135	13	7	5	2
256	23.704	62.268	144	97	4481140	31119.027	13043.701	26918.500	14357	63212	395.778	183.660	15.146	1.669	0.351	1.639	395.810	183.673	15.088	392	181	13	8	7	5
257	4.280	23.099	26	26	405885	15610.962	993.479	15384.500	14285	18251	396.231	206.846	13.192	0.916	0.359	0.915	396.223	206.815	13.181	395	203	13	4	8	2
258	32.100	76.918	195	136	5199278	26662.965	10547.817	23974.000	14151	63111	432.041	226.154	14.344	1.703	0.297	1.714	432.302	226.017	14.336	427	222	13	10	9	4
259	53.170	136.187	323	214	10006317	30979.311	13708.660	28039.000	14206	65535	445.947	252.356	15.913	2.183	0.589	2.268	445.824	252.305	15.857	441	245	13	11	15	6
260	44.940	97.812	273	172	8390826	30735.627	11805.195	28277.000	14183	59945	339.729	336.465	15.348	1.977	0.347	1.955	339.641	336.467	15.293	336	331	13	9	13	5
261	18.272	54.682	111	78	3167570	28536.666	11954.175	25364.000	14462	60940	279.351	347.685	14.396	1.518	0.297	1.545	279.389	347.749	14.364	276	343	13	7	9	4
262	11.029	46.303	67	62	1244592	18576.000	3474.731	17819.000	14143	27305	585.388	413.687	14.164	1.195	0.342	1.151	585.330	413.607	14.177	583	410	13	6	8	3
263	10.041	38.201	61	52	1401483	22975.131	7495.990	20672.000	14195	39518	409.279	415.672	14.656	1.165	0.305	1.167	409.260	415.629	14.648	407	413	13	6	7	4
264	9.877	36.063	60	57	1076409	17940.150	2464.766	17539.500	14165	24090	430.000	418.683	14.550	1.081	0.363	1.023	430.059	418.654	14.544	426	417	13	10	5	4
265	3.951	22.410	24	24	387080	16128.333	1544.036	15848.500	14283	20759	355.542	424.167	14.125	0.852	0.333	0.807	355.534	424.161	14.123	352	423	13	7	4	3
266	29.466	91.019	179	151	3918861	21893.078	7336.949	19789.000	14131	45634	242.575	459.620	14.827	1.813	0.628	1.851	242.087	459.760	14.824	236	455	13	15	9	5
267	62.389	154.769	379	258	8735278	23048.227	7289.698	21200.000	14192	49606	548.557	551.989	15.195	2.445	0.759	2.503	548.529	551.803	15.113	541	546	13	16	16	6
268	34.404	89.225	209	165	4220684	20194.660	3864.659	19792.000	14175	29254	205.646	40.900	15.522	1.732	0.460	1.790	205.723	40.891	15.509	200	37	14	12	9	4
269	15.638	46.751	95	76	1990301	20950.537	5129.364	19810.000	14250	35182	292.674	44.126	15.021	1.343	0.298	1.301	292.741	44.123	15.019	288	42	14	10	5	3
270	10.700	40.477	65	54	1312793	20196.814	5262.643	18739.000	14307	36378	319.185	61.554	15.323	1.244	0.345	1.265	319.157	61.476	15.299	318	58	14	4	9	4
271	5.268	27.168	32	29	679824	21244.500	6366.210	19146.000	14368	36030	428.562	76.844	15.719	0.988	0.329	0.912	428.693	76.757	15.682	426	75	14	6	6	4
272	9.548	38.546	58	48	1053451	18162.949	3142.120	17637.000	14253	27944	269.276	82.034	14.966	1.209	0.297	1.246	269.258	82.116	14.969	267	78	14	5	9	3
273	17.943	58.577	109	89	2194422	20132.312	4626.617	18909.000	14212	37079	279.679	106.119	15.505	1.554	0.565	1.639	279.627	106.368	15.450	277	101	14	7	11	4
274	2.634	18.860	16	16	263347	16459.188	2348.611	15681.500	14164	22338	289.938	125.688	14.812	0.775	0.305	0.811	289.908	125.687	14.835	288	124	14	5	4	3
275	13.663	44.476	83	72	1708217	20580.928	5156.963	20168.000	14292	35957	241.590	133.133	15.181	1.296	0.334	1.290	241.571	133.084	15.177	239	128	14	6	10	3
276	7.243	33.858	44	38	925977	21044.932	6439.946	18640.500	14197	41853	216.659	138.886	15.477	1.159	0.392	1.162	216.788	138.934	15.392	214	137	14	6	5	4
277	1.646	11.585	10	10	161605	16160.500	1545.249	15777.000	14363	18620	546.000	144.100	14.700	0.680	0.269	0.649	546.029	144.099	14.715	545	143	14	3	3	3
278	12.346	43.682	75	67	1466381	19551.746	3925.052	18910.000	14162	28871	270.293	180.747	15.387	1.179	0.283	1.227	270.342	180.799	15.391	267	178	14	7	7	4
279	1.975	14.653	12	12	198820	16568.334	1823.095	15863.000	14269	19669	414.000	188.250	14.583	0.749	0.270	0.654	414.016	188.309	14.593	412	186	14	4	5	2
280	6.585	35.477	40	40	696461	17411.525	2708.120	16790.000	14157	28085	270.825	197.450	15.300	1.256	0.470	1.237	270.809	197.358	15.295	269	193	14	4	10	3
281	7.243	27.995	44	44	810602	18422.773	2397.061	18447.500	14270	23255	165.341	203.727	14.500	0.972	0.309	0.904	165.270	203.696	14.497	162	202	14	8	4	2
282	23.704	78.574	144	118	2837980	19708.195	4535.397	18729.500	14143	36008	477.486	213.201	15.229	1.749	0.589	1.744	477.555	213.216	15.235	475	206	14	6	15	4
283	5.268	27.065	32	32	536907	16778.344	2018.761	16408.000	14340	22462	348.188	214.125	14.406	0.927	0.348	0.879	348.111	214.181	14.401	347	210	14	4	8	2
284	26.832	73.712	163	119	3645770	22366.688	6567.409	20419.000	14134	42072	504.215	211.816	15.509	1.729	0.477	1.688	504.165	212.123	15.448	501	206	14	7	13	4
285	3.951	29.548	24	24	368323	15346.792	1040.481	15005.000	14229	17861	375.042	216.500	14.458	1.163	0.441	1.195	375.040	216.474	14.471	374	212	14	4	10	2
286	18.766	54.337	114	82	2801492	24574.492	8943.167	21702.500	14518	49544	523.509	251.605	15.482	1.489	0.263	1.556	523.603	251.687	15.458	520	249	14	8	7	4
287	3.622	22.514	22	22	356391	16199.591	1474.959	15557.000	14404	19563	346.955	254.136	14.955	0.840	0.402	0.879	346.955	254.115	14.965	345	251	14	6	6	3
288	3.622	23.411	22	21	357476	16248.909	2292.511	15514.000	14128	22648	380.545	260.636	14.864	0.848	0.337	0.865	380.519	260.616	14.864	379	258	14	6	6	3
289	20.248	62.646	123	92	2850237	23172.658	6691.113	21881.000	14290	41317	432.715	271.577	15.220	1.591	0.412	1.601	432.806	271.847	15.147	430	266	14	6	11	4
290	22.223	70.747	135	117	2815102	20852.607	4646.295	20111.000	14228	36070	338.156	283.689	15.519	1.532	0.526	1.554	338.132	283.669	15.505	332	280	14	11	9	4
291	14.815	46.958	90	69	2030123	22556.922	6789.115	20841.500	14188	41579	355.456	287.333	15.367	1.324	0.257	1.326	355.486	287.405	15.333	353	284	14	6	7	4
292	2.634	17.722	16	16	251237	15702.312	1690.259	15203.000	14252	21363	358.188	325.250	14.875	0.852	0.379	0.891	358.205	325.208	14.887	357	323	14	4	5	3
293	2.963	17.963	18	18	312018	17334.334	2386.299	16589.500	14340	21880	299.833	328.222	14.833	0.818	0.342	0.846	299.856	328.198	14.837	298	325	14	4	6	3
294	22.552	67.334	137	105	2800907	20444.576	4599.698	19490.000	14206	34643	298.044	343.044	15.803	1.575	0.471	1.488	297.980	342.999	15.780	294	339	14	10	9	4
295	10.041	40.236	61	52	1046216	17151.082	2408.917	16442.000	14157	22988	365.410	351.393	15.639	1.191	0.352	1.223	365.404	351.364	15.615	364	348	14	4	8	4
296	5.926	36.270	36	36	586431	16289.750	1906.962	15199.500	14173	20433	429.917	355.778	14.972	1.027	0.433	1.044	429.871	355.777	14.973	427	352	14	7	9	3
297	9.548	35.477	58	49	1172728	20219.449	4196.307	19381.000	14439	31198	474.586	358.362	15.276	1.103	0.252	1.069	474.540	358.326	15.277	472	356	14	6	6	4
298	30.454	79.575	185	129	5942460	32121.406	14206.248	29383.000	14181	65535	540.135	360.405	15.676	1.792	0.396	1.769	540.055	360.271	15.596	536	357	14	10	10	5
299	13.992	49.923	85	73	1712916	20151.953	4969.162	19287.000	14136	31734	550.718	380.106	15.671	1.289	0.360	1.332	550.774	379.973	15.660	548	376	14	7	9	4
300	37.532	97.534	228	182	5061848	22201.088	5856.426	21865.500	14155	42738	470.311	390.566	14.952	2.006	0.753	1.970	470.030	390.483	14.919	464	387	14	16	8	4
301	4.445	23.892	27	27	459991	17036.703	2128.345	16369.000	14310	22351	351.222	390.407	14.778	0.905	0.359	0.847	351.204	390.416	14.791	348	387	14	7	7	2
302	12.346	46.165	75	65	1454489	19393.188	3724.623	19358.000	14268	28293	339.267	399.413	15.120	1.314	0.394	1.225	339.233	399.366	15.108	335	397	14	10	6	3
303	16.461	49.716	100	80	2248939	22489.391	6163.719	21347.500	14203	39819	245.650	403.020	14.950	1.364	0.313	1.328	245.682	402.873	14.928	243	399	14	6	9	4
304	5.597	28.203	34	34	566010	16647.354	1799.948	16533.500	14350	21092	156.735	434.912	14.529	0.979	0.261	0.986	156.744	434.838	14.523	154	433	14	7	6	2
305	31.277	73.779	190	144	4184967	22026.143	5350.473	21186.000	14134	38779	217.216	472.589	15.942	1.707	0.452	1.647	217.309	472.636	15.931	210	469	14	13	8	4
306	2.140	12.515	13	13	212119	16316.846	1526.862	16055.000	14136	19767	485.077	504.769	14.846	0.630	0.248	0.569	485.126	504.779	14.864	483	504	14	5	3	2
307	21.729	62.371	132	94	4613886	34953.684	16066.829	30849.500	14659	65535	513.136	507.705	16.015	1.673	0.440	1.790	513.151	507.725	15.981	510	504	14	6	9	5
308	6.091	29.685	37	36	657661	17774.621	2687.133	17261.000	14320	26193	547.135	511.757	15.297	0.927	0.257	0.955	547.239	511.741	15.291	544	510	14	7	5	3
309	12.346	47.855	75	60	1425022	19000.293	4464.184	17658.000	14219	31453	399.240	515.987	15.267	1.289	0.355	1.283	399.175	515.861	15.276	397	513	14	6	8	4
310	23.046	63.405	140	92	4267083	30479.164	13162.087	26355.500	14224	61932	514.321	519.421	15.843	1.653	0.361	1.653	514.349	519.398	15.880	512	515	14	6	9	5
311	21.400	61.197	130	100	2772535	21327.191	5467.213	20160.500	14199	38841	548.123	520.531	15.246	1.507	0.334	1.498	548.136	520.467	15.232	545	516	14	7	10	4
312	40.495	98.227	246	162	7852160	31919.350	12512.732	29802.500	14265	61689	344.110	524.516	15.598	1.991	0.473	1.951	344.242	524.405	15.598	339	519	14	11	14	5
313	40.824	99.328	248	174	5432861	21906.697	6149.455	20627.500	14161	37166	437.940	565.960	15.452	1.834	0.325	1.843	437.885	565.978	15.425	433	561	14	11	11	4
314	9.218	36.167	56	52	1010686	18047.965	2876.593	17204.500	14149	25275	559.750	562.696	15.268	1.096	0.327	1.082	559.725	562.732	15.259	557	560	14	7	6	3
315	14.321	46.614	87	66	1872921	21527.828	6127.520	20419.000	14151	37796	545.805	596.609	15.736	1.315	0.250	1.323	545.740	596.548	15.708	544	593	14	6	8	4
316	19.754	66.541	120	99	2107626	17563.551	2417.368	17156.000	14153	24422	459.592	613.850	15.575	1.465	0.401	1.502	459.580	613.815	15.558	456	610	14	10	9	4
317	4.609	20.928	28	28	529286	18903.072	3101.149	18666.500	14702	24669	511.679	624.429	14.571	0.841	0.257	0.819	511.674	624.443	14.576	509	622	14	6	5	2
318	2.798	17.033	17	16	331079	19475.234	3652.848	19501.000	14366	27196	459.706	645.118	14.941	0.812	0.290	0.928	459.697	645.121	15.017	458	644	14	4	3	3
319	7.243	42.822	44	41	788612	17923.000	3633.013	16813.000	14210	28219	485.545	650.614	15.841	1.168	0.471	1.112	485.372	650.694	15.818	483	648	14	9	5	4
320	6.255	32.857	38	36	617080	16238.947	1659.044	15701.000	14265	20456	390.211	21.316	16.184	0.970	0.284	0.979	390.275	21.319	16.183	388	19	15	5	6	3
321	1.811	13.860	11	11	168848	15349.818	1508.125	14715.000	14138	18842	335.182	25.091	15.636	0.685	0.190	0.664	335.168	25.104	15.616	334	24	15	4	4	2
322	7.572	28.065	46	39	1072352	23312.000	7202.340	22068.000	14314	40660	419.457	75.413	16.152	1.061	0.269	1.061	419.367	75.395	16.146	418	73	15	4	5	4
323	6.420	28.858	39	36	772250	19801.281	4527.710	18714.000	14190	30418	208.077	164.615	15.872	1.088	0.333	1.093	208.109	164.740	15.848	207	161	15	3	7	3
324	2.305	15.239	14	14	215088	15363.429	777.144	15489.000	14141	16802	219.857	259.429	15.929	0.671	0.284	0.677	219.863	259.455	15.921	219	257	15	3	5	3
325	11.852	43.338	72	60	1338156	18585.500	3474.903	17396.000	14563	28360	322.736	279.069	15.972	1.191	0.229	1.210	322.768	279.073	15.969	319	276	15	8	7	3
326	5.268	23.996	32	32	559513	17484.781	2599.226	16989.000	14225	23447	251.875	283.312	15.562	0.873	0.269	0.857	251.820	283.316	15.555	249	282	15	7	4	3
327	11.029	43.753	67	53	1178459	17588.939	2802.776	16604.000	14214	25497	560.612	311.881	16.672	1.227	0.323	1.247	560.638	311.907	16.670	558	308	15	6	8	4
328	13.005	44.372	79	72	1550062	19621.037	4250.769	18994.000	14129	32223	532.038	345.291	15.658	1.224	0.343	1.274	532.003	345.273	15.635	528	343	15	9	6	3
329	5.268	28.306	32	32	531104	16597.000	1742.920	16539.500	14189	20447	319.031	370.688	16.250	0.996	0.386	0.950	319.056	370.665	16.257	315	368	15	8	6	3
330	15.145	51.509	92	73	1845819	20063.250	4335.877	19387.500	14135	29252	531.511	395.446	16.326	1.406	0.388	1.436	531.538	395.423	16.328	528	391	15	7	9	4
331	2.469	16.273	15	15	242270	16151.333	1991.793	15488.000	14179	20690	376.133	402.867	15.000	0.745	0.298	0.854	376.102	402.909	15.000	374	400	15	5	6	1
332	5.432	33.650	33	33	529846	16055.939	1044.670	16017.000	14453	18518	506.697	402.818	15.909	0.957	0.370	0.963	506.685	402.796	15.912	504	400	15	6	7	3
333	2.963	16.032	18	18	321249	17847.166	3272.589	16483.000	14174	23876	498.944	461.722	15.667	0.718	0.197	0.718	498.887	461.818	15.654	498	460	15	4	5	2
334	7.737	30.478	47	44	819642	17439.191	2159.334	16877.000	14250	21554	208.340	503.085	16.255	0.983	0.280	0.997	208.391	503.112	16.248	206	501	15	6	5	3
335	1.811	11.033	11	11	182092	16553.818	2009.016	15839.000	14385	20479	305.636	507.909	15.182	0.561	0.188	0.552	305.643	507.930	15.178	304	507	15	4	3	2
336	3.292	17.618	20	20	358991	17949.551	3209.017	17286.000	14213	24612	430.300	513.400	15.400	0.766	0.199	0.779	430.276	513.343	15.372	428	512	15	5	4	2
337	12.675	44.890	77	62	1510023	19610.688	4594.333	18040.000	14270	33254	493.571	549.039	16.299	1.338	0.386	1.374	493.433	549.095	16.310	490	547	15	8	5	4
338	10.206	43.234	62	61	1049201	16922.598	1872.468	16500.500	14255	21353	318.210	565.774	15.645	1.068	0.326	1.084	318.201	565.774	15.643	315	562	15	7	9	3
339	15.309	56.683	93	67	1817643	19544.549	4288.615	18657.000	14171	29335	356.828	585.021	17.301	1.489	0.416	1.447	356.811	585.050	17.268	354	581	15	6	8	6
340	9.877	39.098	60	50	1096863	18281.051	3255.564	18050.500	14515	31071	513.667	593.317	15.900	1.190	0.298	1.151	513.690	593.248	15.916	512	590	15	5	8	3
341	5.268	28.858	32	30	531141	16598.156	1992.520	16289.500	14231	23271	501.562	612.312	15.844	1.050	0.365	1.088	501.547	612.362	15.833	500	608	15	4	8	3
342	10.041	48.578	61	59	968178	15871.771	1426.830	15644.000	14129	20794	472.525	613.836	15.492	1.392	0.621	1.246	472.550	613.893	15.491	466	610	15	12	8	3
343	2.634	16.480	16	16	273027	17064.188	1889.154	16705.000	14342	20296	302.125	99.875	16.312	0.716	0.219	0.694	302.118	99.886	16.308	300	98	16	5	4	2
344	2.798	16.480	17	17	274552	16150.117	1546.447	16156.000	14235	18928	485.000	160.412	16.588	0.720	0.174	0.719	484.984	160.422	16.607	484	159	16	3	5	2
345	2.140	12.170	13	13	221298	17022.924	2784.372	15871.000	14295	23219	169.846	198.308	16.231	0.629	0.202	0.601	169.846	198.312	16.207	168	197	16	4	3	2
346	2.305	19.997	14	14	214629	15330.643	811.814	15115.000	14309	16565	235.214	359.857	16.929	0.856	0.399	0.890	235.251	359.898	16.931	233	357	16	5	6	3
347	3.457	20.824	21	21	316125	15053.571	825.730	14858.000	14205	17329	551.905	456.429	16.095	0.897	0.400	0.993	551.934	456.390	16.092	549	454	16	7	7	2
348	7.901	26.064	48	48	840093	17501.938	1949.761	17352.000	14324	23542	216.354	495.875	16.521	0.924	0.223	0.939	216.355	495.846	16.525	214	494	16	6	5	2
349	7.572	39.476	46	45	733847	15953.195	1413.684	15590.000	14206	19516	325.196	495.304	17.065	1.059	0.387	1.109	325.183	495.283	17.061	323	492	16	6	7	3
350	1.811	13.067	11	11	172124	15647.637	1441.064	15235.000	14130	18121	560.909	304.455	17.364	0.695	0.200	0.740	560.854	304.472	17.367	559	304	17	5	2	2
