 	Volume (micron^3)	Surface (micron^2)	Nb of obj. voxels	Nb of surf. voxels	IntDen	Mean	StdDev	Median	Min	Max	X	Y	Z	Mean dist. to surf. (micron)	SD dist. to surf. (micron)	Median dist. to surf. (micron)	XM	YM	ZM	BX	BY	BZ	B-width	B-height	B-depth
1	37.697	85.812	229	168	7436980	32475.895	13464.107	29567.000	14382	65535	687.127	28.707	5.118	1.767	0.416	1.778	687.325	28.851	5.101	683	23	3	9	12	5
2	29.631	71.851	180	118	7105976	39477.645	18447.520	35784.500	14186	65535	846.644	245.033	5.367	1.716	0.245	1.705	846.658	245.057	5.329	843	241	3	9	9	5
3	35.721	88.951	217	160	7438057	34276.762	14747.520	32012.000	14275	65535	729.221	266.714	4.779	1.979	0.685	1.943	729.209	266.799	4.803	727	259	3	6	16	4
4	33.417	79.953	203	136	7729730	38077.488	17735.912	33426.000	14621	65535	684.438	303.187	5.443	1.769	0.273	1.757	684.620	303.109	5.389	679	298	3	11	10	5
5	27.820	70.851	169	116	6132490	36286.922	16949.527	33217.000	14218	65535	685.491	350.503	5.290	1.682	0.306	1.660	685.499	350.427	5.278	682	346	3	8	10	5
6	55.146	111.947	335	199	12872221	38424.539	17686.121	37736.000	14365	65535	551.818	406.116	5.116	2.110	0.282	2.102	551.893	406.189	5.093	546	400	3	12	12	5
7	21.894	58.921	133	102	4287746	32238.691	13433.243	28656.000	14206	65535	778.128	409.398	4.910	1.518	0.363	1.485	778.131	409.358	4.865	776	404	3	6	11	4
8	68.973	151.972	419	299	12070232	28807.236	11766.925	24861.000	14213	57858	738.136	419.427	4.706	2.396	0.727	2.336	738.409	419.139	4.670	732	410	3	13	20	4
9	45.104	97.571	274	170	11159655	40728.668	19063.447	39236.000	14284	65535	563.066	475.814	5.613	1.994	0.336	1.969	563.130	475.785	5.596	559	470	3	9	11	6
10	25.186	71.162	153	108	5422786	35443.047	16215.772	32600.000	14367	65535	591.190	495.980	4.843	1.643	0.358	1.661	591.064	495.822	4.865	587	492	3	10	8	5
11	32.264	77.266	196	119	8434483	43033.078	20387.625	45146.500	14419	65535	660.571	519.592	5.500	1.884	0.410	1.807	660.592	519.598	5.523	657	516	3	8	8	6
12	24.857	66.163	151	100	5578912	36946.438	17782.982	32288.000	14213	65535	693.675	547.179	4.649	1.656	0.275	1.672	693.731	547.150	4.658	690	544	3	9	8	5
13	23.046	66.300	140	106	4458020	31843.000	14475.826	28107.000	14219	65535	632.193	567.229	4.893	1.588	0.390	1.571	632.324	567.357	4.889	628	563	3	9	9	5
14	21.071	64.644	128	109	3104123	24250.961	8676.569	22064.000	14233	53208	686.773	586.992	4.312	1.431	0.330	1.441	686.604	587.074	4.301	683	582	3	9	10	4
15	30.618	76.643	186	123	6980891	37531.672	17696.115	34359.000	14234	65535	580.312	609.269	5.376	1.784	0.374	1.751	580.276	609.205	5.320	577	604	3	8	11	5
16	8.889	38.372	54	53	1026971	19017.982	3812.557	17587.500	14280	27384	693.130	684.111	4.222	1.062	0.333	1.020	693.023	684.114	4.189	690	681	3	8	8	3
17	36.709	90.882	223	150	7581883	33999.477	15263.294	33080.000	14258	65535	629.749	696.072	5.022	1.870	0.432	1.934	629.822	696.345	4.989	626	690	3	9	12	5
18	45.269	114.533	275	198	9431401	34296.004	17878.127	26118.000	14194	65535	651.535	761.196	5.193	2.135	0.591	2.093	651.851	761.774	5.280	645	754	3	13	14	5
19	43.623	116.842	265	200	8217516	31009.494	14018.284	26550.000	14302	65535	556.498	777.932	5.936	2.301	0.829	2.179	556.292	778.359	5.706	551	770	3	12	14	7
20	27.655	67.608	168	125	4466691	26587.447	10184.486	23324.000	14322	55786	612.720	786.929	4.107	1.581	0.297	1.607	612.595	786.859	4.114	608	783	3	10	10	4
21	22.552	76.192	137	126	2871209	20957.730	5214.013	19821.000	14279	39622	590.635	796.365	4.219	1.491	0.459	1.522	590.470	796.299	4.195	585	792	3	12	10	3
22	27.326	73.746	166	129	4195859	25276.260	9074.216	22438.000	14213	48930	593.639	810.060	4.006	1.642	0.436	1.608	593.543	810.021	3.998	588	806	3	13	9	3
23	10.206	41.337	62	61	1228546	19815.258	4760.670	18890.000	14239	35812	624.242	813.113	4.258	1.147	0.425	1.132	624.249	812.949	4.232	621	810	3	8	9	3
24	7.078	29.237	43	42	923561	21478.162	5247.886	20038.000	14431	33205	626.837	824.814	4.372	0.965	0.320	0.938	626.813	824.856	4.302	624	822	3	7	6	3
25	17.778	55.438	108	93	2533543	23458.732	8154.760	21398.000	14317	45440	729.472	844.296	4.194	1.339	0.287	1.357	729.377	844.307	4.177	725	840	3	10	9	3
26	16.461	51.784	100	82	2406534	24065.340	7739.065	22193.500	14345	47888	888.250	33.220	5.110	1.332	0.256	1.300	888.271	33.286	5.119	885	29	4	9	10	3
27	2.140	17.618	13	13	235106	18085.076	3446.469	16937.000	14254	26183	726.769	46.538	4.923	0.795	0.354	0.718	726.813	46.585	4.928	724	45	4	7	4	2
28	20.083	52.751	122	85	4429556	36307.836	17702.674	31409.000	14298	65535	707.393	57.492	5.664	1.507	0.220	1.532	707.393	57.473	5.655	704	55	4	8	6	4
29	37.367	99.328	227	171	7261518	31989.066	14445.051	28828.000	14289	65535	795.921	105.634	5.132	2.021	0.668	2.111	796.017	105.614	5.165	791	98	4	11	16	4
30	22.552	62.164	137	93	5239570	38245.035	18877.449	33855.000	14307	65535	691.847	110.307	5.876	1.648	0.358	1.590	691.949	110.359	5.831	689	106	4	7	8	5
31	19.589	53.681	119	80	3935116	33068.203	16045.046	27631.000	14201	65535	715.076	127.908	5.521	1.493	0.186	1.515	715.077	127.899	5.539	711	125	4	8	7	4
32	17.778	53.266	108	91	2548035	23592.916	7569.212	21816.500	14242	49138	805.898	145.713	5.148	1.349	0.268	1.337	805.807	145.732	5.138	803	142	4	8	8	3
33	27.655	75.332	168	137	4751483	28282.637	10285.509	28438.000	14253	52292	695.917	151.935	5.452	1.651	0.503	1.694	695.879	151.980	5.453	691	147	4	10	11	4
34	14.157	44.924	86	69	2377109	27640.803	11268.769	25134.000	14294	61278	874.942	154.791	5.105	1.304	0.269	1.254	875.001	154.759	5.153	872	151	4	7	8	4
35	19.589	55.130	119	88	4610713	38745.488	17635.371	34247.000	14304	65535	828.193	158.807	5.462	1.540	0.330	1.574	828.238	158.803	5.430	825	154	4	7	9	4
36	54.487	112.566	331	222	11743120	35477.703	16384.105	30544.000	14269	65535	843.897	189.985	5.483	2.195	0.581	2.152	844.190	189.621	5.450	838	185	4	14	13	4
37	25.680	63.921	156	108	5366607	34401.328	15717.610	30311.000	14389	65535	701.301	191.756	5.692	1.592	0.253	1.619	701.228	191.646	5.721	697	188	4	9	8	4
38	11.194	39.339	68	52	1871982	27529.146	12318.720	22916.000	14444	56711	686.809	195.118	5.265	1.226	0.267	1.220	686.930	195.207	5.330	683	193	4	8	6	4
39	33.252	83.366	202	137	6670655	33023.043	15018.460	30455.000	14197	65535	674.762	244.951	5.995	1.826	0.505	1.818	674.813	245.028	6.004	671	239	4	8	13	5
40	28.807	67.230	175	128	6101519	34865.824	15220.124	31659.000	14320	65535	601.343	261.229	5.743	1.673	0.353	1.683	601.302	261.263	5.728	599	256	4	6	11	4
41	78.356	168.944	476	258	18629140	39136.848	18269.266	35937.500	14216	65535	730.187	291.032	8.658	2.876	0.904	2.995	730.358	290.985	8.434	724	286	4	12	12	10
42	36.709	85.297	223	149	8430068	37802.996	16890.213	32180.000	14288	65535	576.166	296.220	5.601	1.889	0.427	1.831	576.216	296.262	5.589	573	290	4	8	13	4
43	19.424	52.751	118	88	4319072	36602.305	17457.387	32445.500	14227	65535	781.703	309.881	5.763	1.484	0.273	1.471	781.656	309.908	5.768	779	306	4	7	8	4
44	7.408	28.202	45	40	954424	21209.422	5091.007	20157.000	14540	38537	680.600	328.578	5.244	0.988	0.230	0.993	680.622	328.558	5.250	679	326	4	5	6	3
45	9.218	44.442	56	51	1185247	21165.125	5650.793	19808.000	14209	39232	686.250	335.018	5.339	1.392	0.540	1.331	686.220	335.189	5.345	683	329	4	6	12	3
46	28.643	68.127	174	120	6148718	35337.461	16205.071	33317.500	14188	65535	638.816	341.822	5.644	1.673	0.260	1.668	638.806	341.924	5.687	635	338	4	9	8	4
47	31.606	88.225	192	161	4546426	23679.303	7362.319	22166.000	14326	49247	732.792	345.849	4.766	1.826	0.662	1.757	732.604	345.587	4.733	726	342	4	14	11	3
48	12.675	45.372	77	64	1744170	22651.559	6080.568	21287.000	14506	36500	717.182	346.896	4.844	1.211	0.262	1.233	717.232	346.847	4.814	715	343	4	6	8	3
49	10.371	47.889	63	62	1157453	18372.270	3080.831	18306.000	14323	26689	791.429	367.873	5.048	1.329	0.486	1.327	791.431	367.940	5.059	788	364	4	7	10	3
50	16.132	49.890	98	73	3566534	36393.203	17255.014	30712.000	14704	65535	570.449	378.286	5.837	1.397	0.289	1.372	570.544	378.272	5.850	567	376	4	8	6	5
51	3.951	21.376	24	23	432253	18010.541	3168.132	17810.000	14616	25682	629.292	379.292	5.042	0.833	0.287	0.890	629.336	379.275	5.037	628	377	4	4	6	3
52	22.881	61.783	139	109	3592735	25847.014	7797.795	25356.000	14185	42250	805.180	390.482	5.719	1.478	0.297	1.497	805.202	390.514	5.728	801	387	4	9	8	4
53	27.491	67.160	167	130	4089290	24486.766	7219.964	22992.000	14531	45512	672.820	395.383	5.006	1.595	0.380	1.535	672.779	395.446	4.986	670	390	4	7	12	3
54	20.412	67.368	124	102	2612437	21068.041	5796.287	19380.000	14251	39194	637.121	420.032	5.097	1.514	0.431	1.511	637.138	420.079	5.094	634	415	4	8	12	3
55	24.034	73.023	146	119	3599761	24655.896	7889.063	23942.000	14331	46188	696.945	414.507	5.651	1.724	0.666	1.636	696.956	414.498	5.609	693	409	4	10	13	4
56	18.437	57.439	112	93	2898398	25878.553	8811.069	24628.000	14285	53703	643.911	428.045	4.839	1.563	0.550	1.466	643.911	428.306	4.837	641	421	4	6	13	3
57	18.601	54.337	113	85	3943419	34897.512	15672.144	32438.000	14222	65535	779.071	422.911	6.062	1.426	0.264	1.362	779.180	422.902	6.031	776	420	4	7	7	5
58	33.581	80.160	204	133	7739268	37937.590	17830.707	33620.000	14198	65535	650.848	442.495	6.186	1.844	0.341	1.873	650.966	442.396	6.189	647	438	4	9	10	5
59	33.911	86.605	206	163	5344676	25945.029	7997.080	23498.500	14362	46843	560.883	461.078	5.107	1.888	0.639	1.789	560.799	461.303	5.116	556	455	4	10	14	4
60	3.128	17.066	19	19	344530	18133.158	3358.959	17387.000	14426	27163	606.211	470.895	4.789	0.759	0.279	0.823	606.262	470.851	4.808	603	469	4	6	4	2
61	17.120	51.302	104	83	2769427	26629.105	9600.725	25006.000	14273	54003	685.702	481.692	5.904	1.352	0.272	1.355	685.582	481.780	5.873	682	478	4	9	7	4
62	1.646	11.136	10	10	161685	16168.500	1244.031	16419.000	14264	17762	753.500	488.300	4.700	0.593	0.157	0.671	753.532	488.320	4.710	752	487	4	4	3	2
63	19.589	61.026	119	90	3785319	31809.404	14393.950	25650.000	14458	63398	616.958	496.933	5.479	1.611	0.436	1.662	616.935	497.010	5.538	614	492	4	7	10	4
64	15.474	46.992	94	74	2378535	25303.564	8183.633	22785.500	14253	43885	539.191	529.734	4.936	1.337	0.294	1.295	539.196	529.651	4.884	537	526	4	6	10	3
65	26.174	89.744	159	137	3592876	22596.705	6380.931	21592.000	14247	43869	696.434	559.516	4.836	2.011	0.771	2.037	696.589	559.499	4.824	691	554	4	13	13	3
66	6.585	28.340	40	40	743745	18593.625	4261.848	17370.000	14333	31138	589.000	567.850	4.325	0.941	0.326	0.927	588.848	567.894	4.295	587	565	4	7	7	2
67	7.078	27.995	43	43	790586	18385.721	2840.305	18359.000	14301	26382	599.093	582.721	4.465	0.925	0.251	0.949	599.056	582.714	4.462	596	581	4	7	5	2
68	11.194	41.648	68	64	1522553	22390.484	6090.592	21095.500	14236	37447	668.000	618.176	4.647	1.192	0.367	1.196	668.053	618.331	4.619	665	614	4	7	9	3
69	16.297	48.233	99	81	2713234	27406.404	10495.232	24758.000	14392	58353	655.374	632.050	4.838	1.335	0.280	1.311	655.397	632.076	4.801	652	628	4	8	8	3
70	7.243	31.857	44	44	815377	18531.295	3320.557	17206.000	14244	26587	535.818	640.955	4.477	1.002	0.336	0.967	535.837	641.059	4.444	534	637	4	5	8	2
71	35.063	86.746	213	137	8477820	39801.973	18836.760	36153.000	14321	65535	592.423	644.676	5.667	1.917	0.424	1.913	592.480	644.635	5.663	589	639	4	8	12	5
72	12.840	46.373	78	60	2136660	27393.076	12613.809	22376.500	14268	58409	662.205	664.782	5.641	1.331	0.311	1.360	662.295	664.882	5.625	658	662	4	9	6	4
73	40.495	107.811	246	174	7631869	31023.857	13339.070	26741.000	14193	65535	787.500	678.224	5.337	2.210	0.783	2.125	787.657	678.437	5.349	783	670	4	10	17	4
74	17.614	55.267	107	85	2737788	25586.805	8985.424	23442.000	14407	51229	676.411	684.935	5.056	1.441	0.375	1.402	676.525	685.090	5.082	673	680	4	7	10	4
75	4.280	24.548	26	26	437126	16812.539	2151.845	16666.500	14233	21653	731.231	685.038	4.962	0.907	0.354	1.021	731.211	685.059	4.995	729	684	4	6	4	3
76	7.572	39.098	46	45	817815	17778.588	3011.383	17104.000	14219	25549	729.935	690.783	4.739	1.150	0.428	1.120	729.891	690.721	4.752	727	688	4	8	7	3
77	22.881	64.369	139	102	4542133	32677.217	13623.509	31117.000	14262	65535	629.964	712.137	5.230	1.532	0.292	1.508	629.903	712.094	5.203	626	709	4	9	7	4
78	27.984	76.677	170	128	4606525	27097.205	10393.673	25890.000	14208	55833	685.865	712.424	5.435	1.678	0.393	1.644	685.969	712.358	5.454	680	709	4	13	8	4
79	5.761	23.099	35	35	658487	18813.914	3079.885	18339.000	14282	24024	686.400	720.971	4.514	0.859	0.222	0.858	686.316	720.964	4.514	684	719	4	6	5	2
80	24.198	65.507	147	108	4326971	29435.178	12452.208	26387.000	14187	59272	662.653	724.449	5.408	1.577	0.296	1.581	662.629	724.411	5.376	659	721	4	9	7	4
81	49.055	136.358	298	212	7222094	24235.215	9431.339	21280.000	14204	56694	769.255	731.826	6.272	2.393	0.708	2.392	769.110	731.625	6.452	761	728	4	16	11	6
82	10.700	51.750	65	65	1204952	18537.723	3440.175	17177.000	14417	28207	569.462	739.477	4.462	1.277	0.571	1.164	569.350	739.644	4.433	565	735	4	12	9	2
83	22.552	59.095	137	94	5233714	38202.293	18930.754	34618.000	14529	65535	701.759	744.650	6.190	1.624	0.328	1.599	701.754	744.679	6.174	698	742	4	8	7	5
84	13.992	40.510	85	71	2194485	25817.471	8228.103	24097.000	14205	47238	634.141	747.341	4.765	1.219	0.214	1.261	634.120	747.264	4.716	631	745	4	7	6	3
85	14.815	46.303	90	71	2134875	23720.834	6811.815	21630.500	14240	42533	784.689	809.133	4.911	1.286	0.215	1.286	784.672	809.062	4.884	781	806	4	8	8	3
86	16.297	49.783	99	99	1984672	20047.191	4350.566	19048.000	14286	30907	765.434	813.849	4.424	1.410	0.533	1.385	765.509	813.835	4.381	761	810	4	10	9	2
87	9.383	34.028	57	57	1036353	18181.631	2303.983	18174.000	14609	23993	770.351	831.175	4.474	1.047	0.350	1.044	770.387	831.150	4.457	766	829	4	9	6	2
88	7.408	26.961	45	45	908202	20182.268	3608.288	20486.000	14209	29403	706.467	833.311	4.556	0.917	0.241	0.900	706.438	833.333	4.543	704	831	4	6	5	3
89	1.975	13.516	12	12	245447	20453.916	4212.314	20449.500	15320	29035	686.917	849.167	4.417	0.719	0.179	0.706	686.818	849.163	4.389	685	848	4	5	3	2
90	18.108	58.369	110	96	2216548	20150.436	4795.286	19070.500	14357	35918	763.727	864.500	4.864	1.362	0.295	1.360	763.756	864.479	4.858	760	860	4	8	9	3
91	30.947	70.747	188	126	6882499	36609.039	17640.529	29508.500	14265	65535	770.766	29.899	6.511	1.741	0.249	1.719	770.810	29.884	6.520	766	26	5	10	8	4
92	25.186	65.162	153	100	5518899	36071.234	16708.162	30162.000	14316	65535	792.725	45.196	6.641	1.614	0.198	1.607	792.757	45.138	6.644	788	42	5	10	8	4
93	19.424	56.027	118	77	4469913	37880.617	18659.307	31490.500	14208	65535	657.059	51.814	7.288	1.562	0.326	1.509	657.037	51.810	7.303	654	49	5	7	7	5
94	4.280	20.583	26	26	487365	18744.809	3220.652	18131.000	14300	25454	650.269	120.500	5.538	0.830	0.232	0.818	650.261	120.388	5.556	648	118	5	5	6	2
95	2.634	14.205	16	16	291088	18193.000	2921.982	17809.500	14309	22432	646.812	123.625	5.500	0.674	0.115	0.672	646.810	123.638	5.498	646	122	5	3	4	2
96	7.078	37.857	43	43	800644	18619.627	3590.258	17427.000	14198	29821	642.163	127.535	6.256	1.071	0.325	1.082	642.078	127.597	6.239	640	124	5	6	7	3
97	30.783	87.161	187	127	6220158	33262.879	15870.492	28719.000	14352	65535	786.754	178.406	6.765	1.962	0.561	1.962	786.895	178.652	6.756	783	171	5	8	14	5
98	17.120	48.096	104	84	3190454	30677.441	12752.180	27892.500	14397	65535	759.096	223.423	6.067	1.361	0.285	1.348	759.052	223.377	6.093	757	220	5	5	8	4
99	14.651	46.303	89	75	2124020	23865.393	6873.649	22740.000	14249	43962	619.809	224.764	6.146	1.262	0.230	1.242	619.773	224.751	6.118	617	221	5	8	8	3
100	14.486	45.165	88	73	2248279	25548.625	8126.316	24783.000	14590	44264	714.250	229.636	5.841	1.255	0.221	1.251	714.270	229.617	5.798	711	226	5	7	8	3
101	39.343	117.431	239	180	7802587	32646.807	14450.883	28645.000	14191	65535	709.004	294.301	6.582	2.529	1.059	2.516	709.001	294.453	6.580	706	283	5	8	20	5
102	30.618	77.125	186	135	5310632	28551.785	10022.008	26019.000	14454	57266	799.237	301.726	6.462	1.795	0.452	1.713	799.161	301.705	6.468	795	297	5	10	11	4
103	55.640	149.599	338	231	11398154	33722.348	15057.942	30370.500	14218	65535	826.485	352.210	7.808	2.816	1.166	2.710	826.431	352.357	7.859	821	342	5	12	22	6
104	58.109	152.597	353	257	11027486	31239.338	13334.498	28506.000	14225	65535	685.844	406.331	8.598	2.948	1.027	3.129	685.797	406.407	8.628	680	398	5	12	15	9
105	8.560	31.960	52	49	1301935	25037.211	8420.595	23872.500	14267	41779	737.519	436.442	5.577	1.025	0.302	0.990	737.487	436.563	5.537	735	433	5	6	8	3
106	14.651	45.958	89	72	1954466	21960.293	5695.464	20395.000	14224	37410	664.528	450.517	6.146	1.272	0.233	1.272	664.498	450.490	6.159	662	447	5	7	8	3
107	3.951	23.755	24	24	449334	18722.250	3366.283	18044.500	14238	27228	719.917	504.750	5.542	0.974	0.492	0.837	719.975	504.914	5.499	718	500	5	5	9	3
108	19.754	70.265	120	100	3085970	25716.416	9447.946	23537.000	14203	61081	623.267	614.908	6.567	1.827	0.610	1.897	623.318	614.856	6.572	619	610	5	8	12	4
109	50.866	140.323	309	220	10087869	32646.826	17015.080	26156.000	14190	65535	743.207	621.049	8.353	2.318	0.693	2.289	743.167	621.732	8.347	738	613	5	11	16	7
110	6.420	29.685	39	38	746676	19145.539	3900.063	18536.000	14431	28980	535.641	652.897	6.359	0.975	0.319	0.962	535.688	652.985	6.347	533	649	5	6	8	3
111	35.557	93.709	216	146	6502972	30106.352	12267.758	27956.500	14325	61571	542.671	662.824	6.819	1.918	0.528	1.861	542.643	662.807	6.830	537	658	5	13	10	5
112	21.729	62.161	132	118	3005282	22767.287	6404.367	20974.500	14207	43298	733.333	665.705	5.697	1.558	0.560	1.513	733.370	665.655	5.675	727	663	5	14	6	3
113	37.697	99.709	229	157	7698655	33618.582	16273.687	29863.000	14243	65535	705.515	685.118	7.825	2.179	0.798	2.215	705.507	685.072	7.732	701	680	5	11	11	7
114	23.704	70.128	144	100	4501284	31258.916	14778.820	28486.000	14245	65535	573.396	719.326	7.000	1.626	0.368	1.646	573.401	719.332	7.025	569	716	5	10	7	5
115	6.091	22.755	37	37	724482	19580.594	3832.168	19100.000	14285	30368	684.568	727.541	5.541	0.852	0.207	0.819	684.626	727.484	5.577	682	726	5	6	5	2
116	11.358	41.752	69	63	1391444	20165.855	4629.665	19555.000	14316	37093	669.348	772.420	5.957	1.206	0.326	1.157	669.448	772.522	5.908	666	769	5	8	7	3
117	9.712	33.202	59	50	1465185	24833.645	7403.611	23428.000	14426	41657	671.932	780.424	5.729	1.079	0.221	1.095	671.936	780.488	5.681	670	778	5	5	6	3
118	44.117	108.637	268	185	8717176	32526.775	14632.144	29100.000	14209	65535	932.892	35.892	8.638	2.050	0.593	2.093	933.025	36.102	8.675	929	29	6	8	14	6
119	27.655	77.744	168	140	3916617	23313.197	6217.129	22747.000	14301	40546	797.321	192.179	7.220	1.592	0.434	1.595	797.334	192.223	7.241	791	188	6	12	10	4
120	58.438	159.424	355	257	10539421	29688.510	13084.718	26598.000	14250	65535	537.921	434.085	9.217	2.535	0.921	2.481	537.553	434.411	9.076	531	427	6	15	14	7
121	2.963	18.067	18	18	309000	17166.666	3329.600	15888.000	14186	25259	690.111	441.056	7.056	0.801	0.356	0.902	690.113	441.033	7.038	689	439	6	4	5	3
122	12.017	42.648	73	65	1848841	25326.590	7772.242	24603.000	14213	43011	773.452	489.438	7.507	1.139	0.316	1.172	773.454	489.294	7.481	771	486	6	6	8	4
123	10.700	37.890	65	61	1525641	23471.400	6807.794	23318.000	14218	37486	668.800	510.723	7.462	1.092	0.325	1.090	668.780	510.781	7.453	666	508	6	7	7	4
124	4.445	25.927	27	26	509570	18872.963	3784.281	18665.000	14190	27728	645.667	553.741	6.667	1.113	0.613	0.987	645.557	553.568	6.715	644	550	6	6	10	3
125	31.606	78.986	192	140	5481457	28549.256	11215.729	25592.500	14286	63882	728.948	620.281	7.776	1.694	0.413	1.704	728.969	620.263	7.744	724	616	6	11	9	4
126	21.235	59.922	129	95	3571892	27689.086	11200.139	24134.000	14217	57483	802.388	756.364	7.659	1.566	0.354	1.597	802.451	756.480	7.634	800	751	6	6	11	4
127	24.692	64.403	150	114	3773460	25156.400	8724.447	23392.000	14384	48704	790.673	820.573	7.967	1.564	0.376	1.509	790.670	820.465	7.938	788	816	6	7	11	4
128	22.881	61.023	139	115	3141282	22599.150	6964.021	20647.000	14255	48510	720.612	42.777	7.856	1.472	0.321	1.478	720.599	42.739	7.856	716	39	7	10	9	3
129	41.812	99.261	254	153	9805445	38604.113	18581.066	34690.500	14293	65535	640.350	99.776	9.260	1.995	0.377	2.019	640.337	99.711	9.216	636	94	7	10	12	6
130	25.186	74.850	153	122	3741654	24455.256	6860.929	23716.000	14257	40963	906.033	104.386	8.497	1.795	0.618	1.827	905.966	104.438	8.485	900	99	7	13	11	4
131	9.712	38.476	59	59	1017765	17250.254	1776.860	17183.000	14262	23355	730.492	229.441	7.610	1.120	0.394	1.114	730.474	229.419	7.615	727	226	7	9	7	2
132	16.132	54.993	98	84	3302554	33699.531	12873.539	32680.500	14402	62218	847.122	305.622	8.908	1.436	0.426	1.394	847.246	305.656	8.866	844	301	7	7	10	5
133	37.861	114.500	230	173	5828028	25339.252	9171.525	23379.500	14215	57055	804.691	405.922	9.061	2.367	0.937	2.387	804.825	405.525	8.993	800	397	7	10	19	5
134	13.169	40.477	80	65	2408871	30110.887	11614.486	28771.500	14208	61772	775.037	475.000	7.988	1.238	0.218	1.265	775.033	474.909	7.954	772	473	7	7	5	4
135	21.235	67.886	129	106	3224634	24997.162	7644.394	24382.000	14201	48017	729.597	600.605	8.628	1.703	0.651	1.659	729.680	600.687	8.643	725	595	7	10	11	4
136	19.424	53.889	118	87	3572377	30274.381	12383.616	26193.000	14530	64822	524.314	621.093	8.881	1.486	0.340	1.418	524.116	621.056	8.822	522	618	7	6	7	5
137	11.194	36.615	68	59	1737890	25557.205	8401.517	23936.000	14742	49276	537.588	707.191	8.132	1.158	0.222	1.145	537.524	707.216	8.133	535	705	7	6	6	3
138	7.408	34.410	45	43	1211623	26924.955	10962.699	24988.000	14293	53295	539.222	783.867	8.400	1.113	0.361	1.059	539.112	783.801	8.453	538	781	7	4	7	4
139	29.137	73.297	177	133	4940286	27911.221	11147.053	26548.000	14286	65535	702.768	809.836	8.356	1.617	0.276	1.653	702.837	809.675	8.347	698	806	7	10	9	4
140	30.289	78.470	184	130	5351491	29084.189	11435.815	25608.500	14193	55809	791.418	880.304	8.435	1.736	0.341	1.731	791.506	880.343	8.419	787	876	7	10	10	4
141	19.754	57.335	120	93	3126102	26050.850	10357.691	23181.000	14237	65122	646.867	90.683	9.750	1.466	0.352	1.429	646.691	90.608	9.718	643	88	8	9	7	4
142	26.338	72.059	160	106	5692135	35575.844	16390.656	32180.500	14203	65535	659.013	112.438	10.206	1.718	0.361	1.756	659.038	112.517	10.210	656	107	8	7	10	5
143	34.404	78.470	209	133	7665307	36676.109	17251.910	33994.000	14573	65535	783.062	223.919	10.258	1.802	0.255	1.782	783.104	223.812	10.226	779	220	8	9	10	5
144	34.734	89.848	211	150	6143096	29114.199	11106.557	25752.000	14326	54889	746.659	224.659	9.607	2.003	0.591	1.981	746.692	224.649	9.615	740	221	8	14	8	4
145	4.609	24.445	28	28	490797	17528.465	3396.580	16558.500	14186	27065	747.250	254.357	8.393	0.856	0.251	0.835	747.161	254.414	8.365	744	252	8	7	5	2
146	35.063	82.988	213	137	8115079	38098.961	18250.463	34667.000	14274	65535	751.169	263.634	10.268	1.852	0.298	1.840	751.166	263.614	10.284	747	260	8	9	10	5
147	27.491	73.334	167	115	5529857	33112.918	15016.313	30237.000	14212	65535	769.287	297.228	10.305	1.721	0.415	1.707	769.278	297.259	10.255	766	291	8	7	12	5
148	9.054	34.684	55	47	1039052	18891.855	4014.511	17595.000	14209	28705	742.927	305.200	9.109	1.124	0.256	1.152	742.948	305.221	9.102	740	303	8	7	6	3
149	7.078	25.341	43	39	1301638	30270.650	12473.957	29155.000	14400	62049	801.442	361.512	8.930	1.007	0.208	1.070	801.446	361.530	8.894	800	359	8	4	5	3
150	21.564	61.749	131	91	3375537	25767.459	8940.032	24222.000	14282	45076	547.595	379.122	9.534	1.541	0.268	1.558	547.603	379.115	9.523	544	375	8	8	9	4
151	33.581	78.885	204	126	7565270	37084.656	17234.871	32117.500	14358	65535	647.157	434.706	10.137	1.876	0.340	1.945	647.270	434.741	10.176	644	430	8	7	10	5
152	22.717	69.643	138	118	2829853	20506.182	4999.196	19195.000	14198	38142	693.391	460.326	8.855	1.642	0.536	1.605	693.215	460.325	8.866	689	456	8	13	8	3
153	31.606	79.367	192	119	5995943	31228.869	14255.647	26685.500	14299	65535	628.286	478.276	10.062	1.775	0.274	1.780	628.329	478.307	10.075	625	474	8	8	10	5
154	23.211	66.852	141	103	3572429	25336.375	7058.004	25743.000	14243	44925	686.837	494.922	10.220	1.658	0.506	1.605	686.869	494.846	10.207	683	491	8	8	9	5
155	26.997	65.403	164	113	5692620	34711.098	15837.885	31907.000	14186	65535	523.738	520.293	9.494	1.636	0.232	1.619	523.730	520.252	9.438	521	516	8	7	10	4
156	8.889	41.270	54	52	1056513	19565.055	4426.374	18693.000	14259	32334	631.630	564.130	9.444	1.238	0.467	1.202	631.550	564.144	9.478	629	560	8	8	9	4
157	2.634	18.204	16	16	260917	16307.312	1693.087	15928.000	14274	19728	712.812	603.500	8.000	0.879	0.351	0.863	712.820	603.557	8.000	710	600	8	6	7	1
158	19.589	55.819	119	82	3639727	30585.941	13474.239	27921.000	14315	65535	573.622	622.429	10.118	1.497	0.314	1.474	573.687	622.500	10.104	571	619	8	7	8	5
159	26.503	88.191	161	144	3576518	22214.398	5454.170	21888.000	14290	36906	736.646	632.429	8.814	1.878	0.693	1.845	736.580	632.545	8.792	732	626	8	12	13	3
160	23.704	64.747	144	117	3547876	24638.027	7659.960	22751.500	14410	45049	756.312	626.007	9.806	1.545	0.403	1.547	756.200	626.182	9.807	753	620	8	8	11	4
161	15.638	50.716	95	75	2661840	28019.369	10150.407	26328.000	14840	57340	654.495	654.274	9.147	1.382	0.313	1.326	654.518	654.201	9.133	651	650	8	8	9	4
162	32.758	79.023	199	135	6771699	34028.637	15286.359	29491.000	14225	65535	690.854	668.809	10.422	1.844	0.407	1.848	690.866	668.767	10.383	688	664	8	7	11	5
163	9.548	38.857	58	50	1437776	24789.242	9674.717	21609.500	14302	55202	696.121	689.034	9.621	1.260	0.380	1.373	696.073	689.047	9.575	693	687	8	8	5	4
164	16.297	49.923	99	75	2860650	28895.455	12290.229	25909.000	14296	65339	926.919	51.646	10.242	1.381	0.275	1.388	926.941	51.546	10.207	924	48	9	7	8	4
165	37.532	81.572	228	154	7570166	33202.484	14226.851	29276.500	14388	65535	766.561	150.276	10.570	1.836	0.306	1.810	766.599	150.200	10.614	763	145	9	8	12	4
166	24.034	65.336	146	95	5469077	37459.430	18478.277	32355.500	14298	65535	813.945	190.712	10.993	1.687	0.331	1.670	813.873	190.787	11.021	811	187	9	7	8	5
167	47.573	110.086	289	188	10109288	34980.234	17119.396	28994.000	14210	65535	806.401	210.561	11.073	2.177	0.592	2.134	806.358	210.210	11.045	803	204	9	8	17	6
168	17.449	51.476	106	76	3534779	33346.973	16180.104	28977.000	14196	65535	837.708	208.000	10.613	1.472	0.298	1.530	837.719	208.016	10.618	835	205	9	7	7	5
169	25.844	72.196	157	109	5483330	34925.668	15914.952	32459.000	14314	65535	868.287	233.331	10.771	1.674	0.337	1.698	868.337	233.377	10.801	864	228	9	9	10	5
170	23.869	69.817	145	103	4200167	28966.670	12384.000	26775.000	14306	60960	684.193	250.648	10.890	1.631	0.422	1.564	684.056	250.870	10.844	680	247	9	10	8	5
171	35.557	96.915	216	164	5765367	26691.514	9617.159	24524.000	14214	57268	845.773	256.111	10.829	1.933	0.612	1.984	845.546	255.980	10.795	840	251	9	12	13	4
172	12.346	43.167	75	55	2779129	37055.055	17662.158	34880.000	14673	65535	664.693	262.360	11.067	1.338	0.364	1.259	664.720	262.374	11.027	662	260	9	7	6	5
173	21.235	65.336	129	90	4407751	34168.613	16484.443	32475.000	14318	65535	624.271	349.116	10.992	1.622	0.396	1.628	624.312	349.070	10.976	621	345	9	8	9	5
174	43.623	130.324	265	203	7489210	28261.170	11842.580	24970.000	14274	65535	728.596	376.309	10.498	2.258	0.716	2.282	729.030	376.514	10.409	720	371	9	18	12	4
175	14.157	45.924	86	67	2585326	30061.930	14861.750	23893.500	14715	65535	575.360	434.453	10.895	1.330	0.288	1.270	575.539	434.774	10.901	573	431	9	6	7	4
176	15.968	48.200	97	74	2696279	27796.691	10230.874	26610.000	14259	53368	710.278	471.052	11.072	1.359	0.283	1.317	710.190	471.132	11.006	708	468	9	7	7	5
177	12.840	44.338	78	65	1993062	25552.076	7696.300	24975.000	14733	45024	631.526	489.000	10.962	1.312	0.332	1.312	631.456	488.909	10.961	628	487	9	9	6	4
178	6.749	28.651	41	37	720995	17585.244	3004.783	16779.000	14190	24779	554.049	513.781	9.854	0.965	0.223	0.962	554.071	513.763	9.866	552	512	9	5	5	3
179	13.663	46.303	83	73	1868511	22512.182	6846.451	20613.000	14214	41056	581.928	512.313	10.711	1.262	0.328	1.280	581.864	512.302	10.691	578	509	9	9	7	4
180	18.272	56.405	111	90	2903999	26162.152	8027.880	25730.000	14213	48774	743.243	513.261	11.054	1.477	0.419	1.429	743.271	513.305	11.070	738	510	9	11	7	5
181	23.046	61.163	140	99	4629956	33071.113	16285.778	29520.500	14190	65535	594.250	539.643	10.357	1.599	0.299	1.624	594.233	539.549	10.380	591	536	9	7	9	4
182	18.766	56.887	114	94	2511928	22034.457	5380.107	20504.000	14289	34059	717.175	552.351	10.219	1.506	0.477	1.405	717.156	552.527	10.237	715	547	9	5	12	4
183	1.646	11.481	10	10	157198	15719.800	1016.539	15704.500	14194	17602	557.900	580.800	9.700	0.615	0.179	0.605	557.907	580.797	9.696	557	580	9	3	3	2
184	4.445	26.272	27	27	469546	17390.592	3213.815	16406.000	14307	26102	700.593	609.704	9.222	1.029	0.438	1.037	700.549	609.679	9.198	697	608	9	8	5	2
185	5.432	33.202	33	33	537466	16286.849	1828.496	15912.000	14227	22576	528.879	613.424	9.727	0.969	0.259	0.982	528.841	613.448	9.732	526	611	9	7	6	2
186	28.314	83.744	172	139	4271541	24834.541	7771.717	23493.000	14198	49980	610.616	615.773	10.581	1.705	0.539	1.708	610.790	615.729	10.574	604	611	9	12	11	4
187	22.388	64.610	136	100	3585146	26361.367	9476.410	24729.000	14217	54668	685.882	632.500	10.213	1.538	0.353	1.521	685.990	632.465	10.236	681	628	9	10	9	4
188	4.609	21.824	28	25	568215	20293.393	4789.088	19964.500	14299	33566	642.107	636.857	10.036	0.889	0.238	0.964	642.102	636.897	10.023	641	635	9	4	5	3
189	9.712	38.097	59	56	1113892	18879.525	3939.201	18054.000	14242	29427	766.085	642.610	9.627	1.080	0.318	1.074	766.041	642.578	9.630	763	639	9	7	7	3
190	11.358	37.753	69	56	1744750	25286.232	7599.847	22658.000	14430	42172	539.435	672.826	10.768	1.204	0.262	1.207	539.497	672.819	10.728	536	671	9	7	5	4
191	15.638	46.958	95	71	2684123	28253.926	12222.272	22811.000	14347	65535	659.158	705.221	10.547	1.399	0.313	1.467	659.144	705.164	10.515	657	701	9	5	9	4
192	14.321	56.405	87	77	1807844	20779.816	5585.989	19276.000	14308	35254	738.161	758.908	9.931	1.403	0.402	1.390	738.170	758.907	9.925	734	756	9	9	8	3
193	26.338	65.952	160	143	3423657	21397.855	4977.293	21052.000	14348	41938	791.737	780.181	10.337	1.506	0.419	1.585	791.806	780.243	10.341	787	776	9	10	9	4
194	16.791	52.543	102	79	2413692	23663.646	7297.462	22293.000	14194	42989	668.186	807.843	10.265	1.377	0.304	1.377	668.200	807.719	10.264	665	804	9	7	9	4
195	15.638	44.683	95	73	2515024	26473.938	9222.073	23677.000	14204	46607	721.526	809.305	10.768	1.360	0.254	1.332	721.621	809.300	10.741	719	807	9	6	6	4
196	17.449	54.715	106	84	2440744	23025.887	6997.134	20649.000	14209	42800	892.698	70.528	11.396	1.410	0.361	1.446	892.736	70.442	11.392	890	67	10	7	9	4
197	18.766	52.681	114	92	2623253	23010.992	7199.942	21500.500	14290	40963	891.658	90.342	11.684	1.408	0.291	1.402	891.670	90.273	11.671	889	86	10	6	10	4
198	9.877	36.063	60	57	1361664	22694.400	5414.132	23249.500	14298	31883	728.167	93.250	10.583	1.052	0.311	1.032	728.318	93.295	10.561	725	91	10	8	6	3
199	7.737	26.513	47	47	905108	19257.617	3417.588	18450.000	14354	30118	789.574	141.681	10.511	0.942	0.259	0.884	789.551	141.761	10.536	788	139	10	5	7	2
200	6.914	31.616	42	39	786029	18714.977	3978.342	17932.500	14217	30189	856.286	170.405	11.286	1.059	0.300	1.090	856.228	170.518	11.262	854	168	10	6	6	3
201	8.889	33.339	54	53	1117536	20695.111	4138.592	20535.000	14186	27665	723.815	194.000	11.407	1.007	0.296	1.008	723.852	193.910	11.405	721	191	10	7	7	3
202	22.388	68.127	136	107	3275677	24085.859	7496.745	22353.000	14204	42205	773.301	212.221	11.471	1.513	0.362	1.529	773.285	212.022	11.449	769	208	10	9	9	4
203	26.338	70.195	160	121	3951709	24698.182	8407.456	22489.500	14283	45608	707.562	237.731	11.700	1.557	0.316	1.586	707.438	237.641	11.718	704	234	10	9	9	4
204	14.651	52.232	89	87	1914529	21511.562	5183.503	21163.000	14317	34288	603.348	240.281	11.539	1.267	0.357	1.286	603.290	240.349	11.541	600	236	10	8	9	4
205	8.725	30.237	53	44	1241572	23425.887	5914.964	22282.000	15241	37094	621.094	243.226	10.962	1.094	0.173	1.101	621.057	243.223	10.966	619	241	10	6	5	3
206	25.351	67.575	154	113	3889170	25254.352	9129.263	23737.500	14227	51337	815.682	252.838	11.916	1.549	0.300	1.538	815.669	252.929	11.916	811	249	10	9	8	5
207	9.877	35.270	60	57	1214854	20247.566	3658.767	20444.500	14248	30433	630.650	254.683	11.500	1.035	0.278	1.084	630.607	254.619	11.516	628	252	10	6	7	4
208	7.408	27.168	45	39	1213031	26956.244	9408.143	26040.000	14410	52099	677.089	263.600	11.133	1.056	0.232	1.080	677.147	263.629	11.107	674	262	10	6	4	3
209	12.181	43.442	74	64	1625870	21971.217	6340.917	20441.500	14241	37738	763.568	274.622	10.824	1.207	0.303	1.194	763.552	274.606	10.799	761	270	10	6	9	3
210	6.420	29.651	39	33	833248	21365.334	5631.356	20104.000	14228	33027	638.667	321.282	11.231	1.059	0.324	1.052	638.684	321.325	11.207	637	319	10	4	6	4
211	22.058	72.471	134	111	2809756	20968.328	5288.993	19615.500	14204	34119	713.030	324.858	11.067	1.496	0.391	1.542	712.973	324.926	11.067	709	321	10	9	9	3
212	28.807	87.054	175	146	4196209	23978.338	8128.375	21640.000	14342	47782	765.389	344.737	11.343	1.913	0.773	1.901	765.051	344.990	11.356	760	338	10	14	14	4
213	12.675	43.130	77	69	1556741	20217.416	4758.591	19046.000	14236	32545	682.948	376.974	10.779	1.201	0.303	1.190	682.861	377.087	10.761	680	374	10	8	7	3
214	3.951	20.238	24	24	420410	17517.084	2930.313	17271.500	14323	26473	630.458	380.458	10.708	0.793	0.263	0.736	630.424	380.464	10.711	629	378	10	4	6	3
215	9.712	36.408	59	52	1186617	20112.152	4395.824	18771.000	14274	36380	628.254	408.271	11.085	1.133	0.249	1.145	628.204	408.294	11.074	625	405	10	8	6	3
216	11.523	38.924	70	69	1472698	21038.543	3441.130	20890.500	14315	31772	639.743	419.243	10.514	1.149	0.373	1.092	639.733	419.279	10.506	636	416	10	8	8	3
217	11.852	45.028	72	65	1659697	23051.348	6553.793	21689.500	14962	42448	747.333	430.028	10.736	1.260	0.378	1.263	747.279	429.979	10.703	743	428	10	10	6	3
218	2.963	17.618	18	18	299028	16612.666	1635.485	16628.000	14220	19396	635.611	444.778	10.444	0.732	0.171	0.737	635.629	444.820	10.448	634	443	10	5	4	2
219	11.358	38.683	69	62	1427284	20685.275	4963.087	19133.000	15020	37423	654.565	449.826	11.275	1.144	0.311	1.152	654.521	449.775	11.265	652	446	10	6	8	3
220	14.157	45.613	86	75	2106906	24498.906	7807.346	22521.000	14430	47208	650.186	456.907	10.767	1.299	0.367	1.273	649.990	456.778	10.727	648	453	10	6	9	3
221	7.737	37.201	47	46	813881	17316.617	2634.196	16411.000	14424	25170	656.830	488.660	11.340	1.187	0.436	1.144	656.810	488.736	11.321	655	484	10	5	10	3
222	3.622	18.756	22	22	402483	18294.682	3846.131	16874.500	14491	26349	580.955	493.818	10.500	0.757	0.185	0.707	580.935	493.888	10.515	579	492	10	5	5	2
223	4.609	22.858	28	27	502419	17943.535	2325.522	17996.000	14270	23561	549.679	506.250	11.286	0.878	0.269	0.826	549.676	506.270	11.288	548	504	10	5	6	3
224	10.535	36.063	64	56	1368330	21380.156	4653.144	21327.500	14407	30702	612.016	534.797	10.734	1.109	0.243	1.136	611.951	534.750	10.706	610	532	10	5	7	3
225	21.400	58.988	130	119	2957129	22747.146	5794.148	21966.000	14207	43400	688.662	592.369	10.631	1.488	0.490	1.503	688.690	592.146	10.616	686	587	10	7	12	3
226	7.572	31.271	46	42	871995	18956.412	3739.752	17780.500	14223	29277	550.913	593.913	10.848	1.027	0.262	0.988	550.895	593.869	10.832	548	592	10	7	5	3
227	4.115	20.928	25	25	409329	16373.160	2259.325	15712.000	14284	20967	535.880	604.840	10.640	0.837	0.251	0.793	535.861	604.793	10.654	534	602	10	5	6	2
228	15.145	65.611	92	84	1736495	18874.945	4417.498	17487.500	14262	35799	672.326	627.272	11.435	1.686	0.599	1.712	672.567	627.331	11.445	666	624	10	14	8	4
229	6.255	34.684	38	38	628469	16538.658	1732.938	16545.000	14226	20901	698.474	647.263	10.684	1.238	0.526	1.163	698.495	647.321	10.697	697	642	10	4	11	3
230	6.749	29.789	41	39	794057	19367.244	3989.000	18672.000	14496	32011	755.902	642.512	10.927	1.093	0.374	1.080	755.903	642.527	10.903	754	639	10	4	8	3
231	25.351	71.470	154	132	3674703	23861.707	6648.100	22477.000	14525	43772	673.727	647.747	11.084	1.730	0.588	1.627	673.893	647.871	11.050	667	644	10	14	8	3
232	15.638	50.439	95	95	1767821	18608.643	2740.791	18238.000	14294	28522	695.179	659.042	10.526	1.401	0.497	1.401	695.282	659.107	10.530	691	655	10	9	10	2
233	10.865	44.683	66	59	1291469	19567.713	4922.509	18099.000	14189	34892	572.212	659.470	11.167	1.209	0.374	1.178	572.261	659.490	11.167	568	657	10	9	5	3
234	10.371	47.889	63	62	1134456	18007.238	3408.967	17086.000	14319	31011	664.143	674.587	10.730	1.333	0.544	1.286	664.210	674.463	10.724	662	669	10	5	12	3
235	4.115	21.858	25	25	408201	16328.040	1678.710	16351.000	14199	20381	778.480	686.640	10.880	0.856	0.335	0.904	778.474	686.616	10.880	776	684	10	7	6	2
236	14.157	53.785	86	73	1832110	21303.605	5632.904	19689.000	14197	39902	783.953	723.058	10.965	1.419	0.494	1.318	783.979	723.002	10.967	779	720	10	10	8	3
237	17.614	48.578	107	85	3055899	28559.805	10920.257	25963.000	14254	59013	579.963	743.318	11.037	1.345	0.212	1.333	579.901	743.219	11.033	577	740	10	7	8	3
238	17.614	55.267	107	82	2915040	27243.365	11080.166	24788.000	14511	62956	744.832	744.280	11.215	1.407	0.296	1.391	744.860	744.461	11.221	740	740	10	9	8	4
239	11.688	44.372	71	71	1381714	19460.760	3489.395	18868.000	14256	27346	681.127	785.056	10.648	1.247	0.453	1.273	681.081	785.014	10.657	679	780	10	6	11	3
240	6.091	29.926	37	35	655258	17709.676	3399.870	16014.000	14239	25397	614.405	813.892	10.946	0.920	0.258	0.991	614.415	813.898	10.952	612	811	10	6	7	3
241	4.445	23.307	27	27	456229	16897.371	2017.191	16481.000	14330	21625	691.407	822.889	10.593	0.844	0.232	0.815	691.355	822.930	10.598	689	821	10	6	5	2
242	12.017	43.579	73	70	1385643	18981.410	3894.027	17930.000	14242	31214	696.041	837.384	10.616	1.202	0.406	1.166	696.137	837.468	10.635	692	834	10	9	8	3
243	5.103	24.341	31	31	571376	18431.484	3602.415	17526.000	14218	27320	676.000	837.323	10.581	0.892	0.280	0.884	675.914	837.354	10.587	674	835	10	6	6	2
244	8.560	34.581	52	50	1089294	20947.961	4963.014	20001.500	14280	31862	823.135	74.346	11.635	1.048	0.313	1.028	823.022	74.242	11.650	820	72	11	7	7	3
245	4.445	22.618	27	27	459189	17007.000	2350.559	16699.000	14240	23134	706.741	75.630	11.889	0.916	0.356	1.009	706.727	75.654	11.902	705	73	11	4	6	3
246	2.140	12.619	13	13	202876	15605.846	1097.076	15790.000	14201	17903	703.385	83.000	11.615	0.649	0.151	0.610	703.374	83.030	11.609	702	82	11	4	3	2
247	9.218	34.821	56	54	1183585	21135.447	5001.197	20182.000	14245	35969	879.214	143.768	11.554	1.035	0.319	1.030	879.301	143.734	11.553	876	141	11	7	7	3
248	10.865	37.201	66	53	1492990	22621.061	6219.434	20959.500	14228	37395	873.803	153.061	11.909	1.151	0.154	1.167	873.778	153.091	11.924	871	150	11	7	7	3
249	2.634	18.652	16	16	257190	16074.375	1954.650	15212.000	14217	21543	792.125	159.562	11.062	0.819	0.460	0.753	792.093	159.594	11.058	791	156	11	4	8	2
250	7.737	29.340	47	40	891647	18971.213	3736.324	18091.000	14227	28737	719.426	201.064	11.830	1.035	0.202	1.056	719.392	201.072	11.843	717	198	11	5	6	3
251	4.938	26.272	30	30	520410	17347.000	2099.746	17396.000	14289	22488	788.033	391.467	11.367	0.841	0.219	0.851	788.068	391.459	11.349	785	389	11	6	5	2
252	9.054	37.097	55	53	1093761	19886.564	3908.789	20077.000	14213	29711	752.745	402.418	11.691	1.105	0.377	1.067	752.772	402.276	11.700	751	398	11	5	10	3
253	8.560	41.062	52	52	857153	16483.711	1619.355	16339.000	14216	19807	765.077	738.673	11.442	1.119	0.390	1.142	765.075	738.702	11.433	762	734	11	7	9	2
254	11.358	44.372	69	69	1328653	19255.840	3643.935	19418.000	14219	27976	775.043	799.319	11.507	1.232	0.414	1.201	775.072	799.387	11.500	771	796	11	10	7	2
255	2.798	17.755	17	17	281251	16544.176	2425.540	15736.000	14225	22030	599.176	813.824	11.000	0.831	0.400	0.901	599.180	813.853	11.000	597	810	11	6	7	1
