 	Volume (micron^3)	Surface (micron^2)	Nb of obj. voxels	Nb of surf. voxels	IntDen	Mean	StdDev	Median	Min	Max	X	Y	Z	Mean dist. to surf. (micron)	SD dist. to surf. (micron)	Median dist. to surf. (micron)	XM	YM	ZM	BX	BY	BZ	B-width	B-height	B-depth
1	47.903	104.227	291	167	10584702	36373.547	20634.938	29123.000	9975	65535	572.629	179.883	3.990	2.122	0.367	2.141	572.605	179.989	4.007	568	176	1	11	9	7
2	53.500	111.880	325	175	10687291	32883.973	19725.021	27628.000	9889	65535	464.514	191.102	4.406	2.170	0.297	2.133	464.624	191.188	4.441	459	187	2	12	9	6
3	44.775	99.157	272	164	8671769	31881.504	18458.865	26103.000	9944	65535	447.349	210.312	4.522	1.986	0.309	1.961	447.408	210.221	4.557	443	206	2	11	10	6
4	37.203	89.881	226	164	5197996	22999.982	10865.598	20930.500	9908	60672	577.456	214.584	4.027	1.918	0.588	1.998	577.907	214.671	4.033	571	211	2	14	8	5
5	53.664	129.702	326	235	7008964	21499.889	8638.146	20843.500	9914	48384	651.798	221.417	4.144	2.245	0.766	2.278	652.070	221.707	4.155	645	215	2	14	15	5
6	39.014	88.469	237	151	6643192	28030.346	14554.101	25741.000	9952	64260	602.143	237.308	4.287	1.867	0.279	1.867	602.134	237.370	4.253	597	234	2	11	8	5
7	48.397	96.778	294	169	9565163	32534.568	19174.264	26368.000	10010	65535	667.126	243.878	4.139	2.067	0.271	2.076	667.166	244.005	4.180	663	239	2	10	10	6
8	33.087	92.846	201	156	4414035	21960.373	12914.473	17100.000	9887	65535	521.791	266.274	3.612	1.891	0.592	1.872	522.155	265.667	3.661	517	261	2	10	13	5
9	36.874	88.539	224	146	7978785	35619.574	20865.088	28408.500	9952	65535	582.746	266.603	4.924	1.962	0.436	2.056	582.773	266.670	4.912	577	264	2	12	6	7
10	50.701	133.497	308	207	8111985	26337.613	13491.582	23837.500	9890	65535	642.481	294.588	4.065	2.378	0.821	2.321	642.664	294.849	4.066	636	288	2	13	16	5
11	46.257	100.777	281	185	8150363	29004.850	16319.904	22954.000	10296	65535	496.648	295.199	4.406	2.074	0.498	2.026	496.846	295.035	4.401	491	291	2	13	10	5
12	36.709	83.470	223	143	6733402	30194.627	16904.650	24404.000	9991	65535	702.937	302.758	4.601	1.826	0.267	1.827	703.075	302.769	4.603	699	298	2	9	10	6
13	36.709	82.436	223	133	6743744	30241.004	17264.457	25543.000	9914	65535	721.439	306.283	4.036	1.881	0.250	1.894	721.455	306.230	4.042	717	303	2	10	9	5
14	30.618	76.195	186	122	4899968	26343.914	14742.273	21131.000	9953	65535	559.151	313.081	3.640	1.759	0.299	1.782	559.102	313.054	3.703	555	309	2	10	9	5
15	36.874	86.676	224	147	5754380	25689.197	14262.723	21362.500	10064	65535	572.263	316.415	3.969	1.817	0.268	1.847	572.290	316.372	3.949	568	312	2	9	11	5
16	47.080	98.227	286	162	9374741	32778.816	19337.676	27544.500	9942	65535	740.357	329.563	4.629	2.072	0.332	2.017	740.317	329.693	4.612	736	326	2	10	9	6
17	39.178	86.297	238	142	6932654	29128.799	16828.264	24096.000	9988	65535	651.550	335.248	4.097	1.937	0.272	1.974	651.579	335.251	4.110	648	331	2	8	11	5
18	27.655	79.160	168	131	3820454	22740.797	10309.667	20825.500	9907	56744	613.006	344.446	4.119	1.730	0.527	1.659	612.869	344.463	4.125	607	341	2	14	7	5
19	44.940	120.259	273	184	7885612	28885.025	19604.598	19306.000	9948	65535	530.015	352.308	5.073	2.387	0.826	2.193	530.158	353.128	4.796	526	342	2	9	16	7
20	45.269	97.812	275	170	7873328	28630.283	15886.180	24564.000	9897	65535	630.065	355.080	4.225	2.037	0.385	2.026	630.037	355.033	4.201	627	349	2	8	15	5
21	44.117	92.020	268	167	7188508	26822.791	13896.405	22474.500	9942	65535	709.940	364.179	4.325	1.940	0.272	1.910	709.958	364.281	4.324	706	359	2	9	11	5
22	36.874	80.538	224	144	6195021	27656.344	14572.603	23954.500	9976	65535	596.875	368.964	4.219	1.820	0.225	1.816	596.880	369.051	4.204	593	365	2	9	9	5
23	35.392	82.677	215	137	5885621	27374.980	15327.429	23367.000	9965	65535	657.200	440.730	4.153	1.823	0.268	1.827	657.349	440.788	4.167	652	437	2	11	9	5
24	29.795	75.124	181	148	3131210	17299.502	5638.285	16169.000	9908	37835	542.287	178.917	4.155	1.627	0.408	1.632	542.110	178.936	4.191	537	175	3	12	9	3
25	24.198	61.645	147	100	3225779	21944.074	9180.292	18221.000	9911	49128	529.939	185.381	4.619	1.576	0.225	1.583	529.981	185.379	4.633	527	181	3	7	9	4
26	26.174	74.401	159	130	2492348	15675.145	4591.383	14841.000	9983	29088	556.686	195.648	3.931	1.587	0.444	1.560	556.619	195.571	3.884	551	193	3	13	7	3
27	21.894	61.368	133	116	2148656	16155.309	4457.158	15895.000	10139	29925	563.444	202.519	4.211	1.451	0.391	1.447	563.479	202.575	4.226	560	198	3	8	11	3
28	21.564	54.404	131	104	2435610	18592.443	6229.143	17015.000	9900	38442	524.427	228.763	4.023	1.444	0.268	1.447	524.345	228.919	4.004	521	225	3	8	8	3
29	17.284	53.303	105	80	2688145	25601.381	11544.086	24403.000	9914	54562	598.848	266.590	5.133	1.467	0.378	1.432	598.812	266.614	5.143	595	265	3	10	5	5
30	14.321	43.994	87	64	2252379	25889.414	11934.920	24969.000	9901	52676	608.529	267.529	4.276	1.355	0.265	1.378	608.506	267.566	4.215	606	265	3	7	6	4
31	18.108	57.750	110	86	2222284	20202.582	7960.178	18116.500	10127	39057	551.364	280.691	4.627	1.485	0.415	1.516	551.355	280.711	4.610	549	277	3	8	9	4
32	4.445	26.928	27	27	316825	11734.259	1525.740	11623.000	10066	16336	622.444	288.111	3.444	0.872	0.223	0.900	622.397	288.141	3.443	620	286	3	6	5	2
33	24.198	63.817	147	107	3250165	22109.967	9410.069	20845.000	9897	49755	471.259	297.367	4.680	1.529	0.245	1.560	471.191	297.326	4.666	468	294	3	9	8	4
34	20.248	56.060	123	91	2665415	21670.041	9703.289	18932.000	9976	47352	484.984	300.496	4.301	1.463	0.289	1.452	484.988	300.408	4.308	481	298	3	9	6	4
35	11.358	49.475	69	65	945483	13702.652	3454.680	12851.000	10031	26787	545.449	301.145	4.319	1.160	0.343	1.200	545.567	301.292	4.294	542	298	3	8	7	3
36	27.655	73.126	168	117	3569167	21245.041	9106.604	19147.500	10010	48064	749.304	312.554	4.577	1.640	0.323	1.648	749.382	312.664	4.558	746	308	3	7	10	4
37	29.631	79.160	180	128	3985635	22142.416	10835.929	18626.000	9893	54219	487.128	313.794	4.650	1.743	0.355	1.769	487.329	313.894	4.653	482	310	3	11	10	4
38	11.029	40.751	67	67	832893	12431.239	2065.133	11767.000	9905	18505	594.597	323.896	3.567	1.116	0.350	1.119	594.695	323.965	3.588	591	321	3	8	8	2
39	34.404	79.297	209	149	5410963	25889.775	12124.429	23366.000	10173	57234	658.545	323.986	4.794	1.807	0.409	1.775	658.633	324.032	4.848	653	321	3	13	7	4
40	37.367	84.055	227	151	6694974	29493.277	16714.387	23468.000	9948	65535	607.476	329.824	4.551	1.835	0.280	1.804	607.301	329.844	4.547	603	326	3	12	8	5
41	9.548	45.510	58	53	810295	13970.604	3940.040	12522.500	9926	26145	582.621	335.328	4.000	1.289	0.488	1.220	582.824	335.497	3.993	578	332	3	10	7	3
42	43.623	100.188	265	192	5775336	21793.721	9613.840	19709.000	9919	54188	685.147	347.475	4.815	1.920	0.475	1.904	684.974	347.717	4.823	679	342	3	13	11	4
43	27.655	65.574	168	129	2990679	17801.660	5602.925	16383.500	9944	32288	488.357	362.643	4.048	1.552	0.299	1.552	488.347	362.612	4.101	485	358	3	8	10	3
44	46.257	121.637	281	193	6678825	23768.061	11811.161	19574.000	9900	57375	665.911	359.399	8.473	2.492	1.053	2.483	665.791	359.423	8.710	661	355	3	12	10	9
45	9.054	44.820	55	51	714992	12999.854	2839.008	11997.000	10018	21187	731.291	366.982	3.982	1.169	0.378	1.244	731.292	366.903	3.973	728	364	3	7	8	3
46	46.257	101.881	281	174	7760256	27616.570	14800.765	23701.000	9898	65535	548.904	397.502	5.427	1.989	0.350	1.985	548.793	397.499	5.393	543	394	3	12	9	6
47	18.601	54.474	113	88	2065163	18275.779	6428.871	17508.000	9908	36825	792.637	401.221	4.876	1.405	0.278	1.393	792.533	401.225	4.820	789	398	3	9	7	4
48	56.298	148.180	342	265	7105121	20775.207	11196.571	17149.500	9897	65535	793.725	415.594	4.842	2.628	1.173	2.505	794.839	416.161	4.878	782	407	3	19	16	5
49	47.409	100.947	288	195	6420546	22293.562	9969.965	19993.500	9928	51524	774.094	418.406	4.649	1.948	0.349	1.945	774.080	418.487	4.666	768	413	3	12	11	4
50	17.449	51.372	106	76	2938789	27724.424	16655.289	21390.500	9930	65535	646.726	423.613	4.604	1.478	0.285	1.547	646.692	423.609	4.642	644	421	3	7	7	4
51	34.404	92.227	209	147	4565995	21846.865	10044.448	19699.000	9936	48431	714.947	452.641	4.612	1.862	0.526	1.898	714.992	452.722	4.596	710	447	3	11	12	4
52	79.509	189.283	483	305	12731858	26359.955	14697.815	22018.000	9903	65535	722.520	464.691	7.789	3.158	1.185	3.268	722.662	464.393	7.619	715	456	3	16	19	10
53	37.697	106.639	229	168	5834724	25479.145	12427.267	23864.000	9931	64759	717.362	486.332	4.843	2.044	0.635	2.174	717.332	486.179	4.866	713	480	3	9	14	5
54	51.030	102.537	310	170	10656248	34374.992	20414.344	28696.000	9888	65535	626.545	490.113	5.410	2.150	0.332	2.117	626.507	490.158	5.330	622	486	3	9	10	6
55	64.693	159.143	393	310	7746214	19710.469	7891.979	17820.000	9952	49395	823.687	494.280	4.667	2.577	0.893	2.544	824.044	493.878	4.708	814	486	3	17	19	4
56	41.647	88.984	253	165	6466448	25559.082	13109.462	21696.000	9892	64180	749.360	507.253	4.613	1.884	0.301	1.888	749.426	507.127	4.626	744	503	3	11	9	4
57	15.145	45.991	92	87	1575308	17122.912	4541.694	17218.000	10098	29258	801.478	509.902	4.380	1.249	0.394	1.245	801.614	509.971	4.375	797	507	3	10	7	3
58	16.955	54.508	103	93	1882941	18280.980	5202.144	18444.000	9931	30091	819.689	511.563	4.641	1.319	0.338	1.342	819.631	511.563	4.618	816	508	3	9	9	4
59	18.766	55.164	114	89	2278933	19990.641	7626.534	18880.500	9949	39151	807.640	521.491	4.439	1.407	0.305	1.471	807.687	521.477	4.434	804	519	3	9	6	4
60	14.486	44.683	88	71	2023092	22989.682	10216.268	20813.500	9984	51232	731.250	547.602	5.011	1.289	0.247	1.241	731.232	547.629	5.002	729	545	3	6	8	5
61	28.643	72.919	174	130	4124327	23703.029	10333.839	21778.500	9889	52488	772.598	561.138	5.023	1.595	0.292	1.622	772.548	561.158	5.022	769	557	3	9	9	5
62	20.741	59.681	126	92	3337152	26485.334	13318.580	24375.500	10267	61646	738.976	569.246	5.000	1.491	0.274	1.460	738.920	569.343	4.990	735	566	3	8	7	5
63	38.849	111.291	236	194	4486619	19011.098	7983.250	16994.000	9912	46278	695.530	584.186	5.047	2.392	1.036	2.277	696.524	584.277	5.013	683	580	3	20	10	4
64	62.389	122.912	379	211	11977117	31601.893	18602.252	25271.000	9884	65535	863.755	603.201	5.968	2.291	0.380	2.271	863.763	603.195	5.927	859	598	3	11	12	7
65	64.364	148.870	391	278	9506446	24313.160	14159.196	18395.000	9919	65535	839.685	610.882	4.980	2.422	0.718	2.339	840.178	610.253	5.029	833	603	3	13	19	5
66	17.449	49.371	106	82	1961264	18502.490	5925.185	17771.500	10019	32274	853.877	617.104	4.896	1.348	0.221	1.330	853.894	617.182	4.849	851	613	3	7	9	4
67	26.667	70.781	162	126	3080472	19015.260	7087.492	17080.000	9956	44466	607.025	190.457	5.117	1.606	0.381	1.620	607.127	190.309	5.138	602	187	4	11	8	4
68	28.972	76.091	176	128	3425263	19461.721	8794.123	16550.000	9892	52634	643.523	195.506	6.330	1.688	0.373	1.652	643.504	195.346	6.293	639	191	4	10	10	5
69	15.309	46.751	93	79	1869744	20104.773	8209.194	18363.000	9949	48589	588.021	245.172	4.968	1.370	0.379	1.297	587.763	245.143	4.995	583	243	4	11	5	3
70	12.840	39.406	78	77	1223645	15687.757	3595.816	15627.000	10090	23735	504.949	249.154	4.577	1.123	0.310	1.122	504.980	249.041	4.589	502	246	4	7	8	3
71	30.783	83.503	187	138	3652863	19534.027	7187.399	17916.000	9945	40672	574.642	291.765	5.968	1.723	0.430	1.668	574.537	291.801	5.960	570	288	4	11	9	5
72	40.001	89.055	243	148	6301336	25931.424	15155.638	20239.000	10006	65535	667.638	302.115	5.934	1.917	0.246	1.927	667.655	302.234	5.917	663	297	4	10	10	5
73	5.103	26.857	31	31	377326	12171.807	1750.395	11704.000	9983	16644	627.032	306.839	4.194	1.096	0.407	1.193	627.025	306.856	4.174	624	304	4	8	7	2
74	14.486	48.096	88	67	1748076	19864.500	8311.437	17025.500	10172	42347	686.602	386.614	5.466	1.337	0.318	1.431	686.563	386.488	5.484	684	383	4	6	9	4
75	19.918	55.164	121	95	2478300	20481.818	8563.130	19383.000	9894	46386	735.777	394.686	5.050	1.456	0.336	1.392	735.923	394.742	5.056	731	392	4	11	6	4
76	16.791	51.991	102	86	1884814	18478.568	5439.434	17956.500	10287	31006	629.510	404.882	4.833	1.373	0.359	1.348	629.473	404.930	4.768	625	401	4	9	8	3
77	32.594	86.572	198	149	3988359	20143.227	9819.177	16641.000	9887	47868	570.439	426.343	5.232	1.859	0.492	1.861	570.138	426.360	5.316	564	423	4	14	8	4
78	1.646	13.516	10	10	107323	10732.300	1160.121	10340.000	9898	13526	590.500	424.000	4.600	0.646	0.135	0.670	590.511	423.976	4.593	589	423	4	4	3	2
79	21.071	56.613	128	88	3269524	25543.156	13746.175	21870.000	9938	64097	694.836	433.641	5.664	1.548	0.256	1.510	694.783	433.635	5.677	692	431	4	7	7	5
80	11.688	38.442	71	58	1272462	17922.000	6571.741	15704.000	9947	38121	624.563	435.732	4.887	1.180	0.181	1.158	624.468	435.757	4.853	622	433	4	7	6	3
81	43.294	98.779	263	154	8112947	30847.707	17739.184	26177.000	9911	65535	580.840	445.072	6.616	2.093	0.445	2.166	580.759	444.994	6.539	577	440	4	8	12	6
82	50.701	110.257	308	204	6888004	22363.648	10287.438	19812.500	9950	55486	805.870	450.240	5.581	2.185	0.632	2.060	805.765	450.529	5.609	802	443	4	10	17	4
83	4.938	26.824	30	30	350220	11674.000	1402.854	11494.000	10064	15122	735.500	454.933	4.533	1.150	0.382	1.143	735.474	454.906	4.535	734	452	4	4	8	2
84	32.594	82.399	198	157	3598202	18172.738	5934.757	16547.500	10140	35758	764.293	457.146	4.960	1.761	0.494	1.803	764.171	457.289	4.965	759	451	4	11	13	3
85	33.087	85.056	201	131	4428629	22032.980	11094.942	19235.000	9917	58404	826.174	457.383	6.239	1.779	0.283	1.796	826.076	457.347	6.218	822	453	4	10	11	5
86	10.041	41.270	61	54	901856	14784.524	4180.408	13685.000	10047	31432	666.246	464.541	4.787	1.274	0.407	1.291	666.229	464.409	4.797	665	460	4	4	10	3
87	12.511	40.718	76	64	1380268	18161.422	7167.452	15483.500	9894	42204	714.026	464.500	5.132	1.230	0.246	1.182	714.034	464.296	5.122	711	461	4	6	8	3
88	7.078	30.719	43	41	571601	13293.047	2588.175	12331.000	9963	22371	780.140	493.465	4.721	0.977	0.286	0.954	780.102	493.479	4.759	777	491	4	7	6	3
89	3.457	19.101	21	21	255810	12181.429	1913.277	11793.000	9973	16111	750.810	521.857	4.619	0.802	0.177	0.776	750.764	521.826	4.641	749	521	4	5	4	2
90	32.594	81.780	198	131	4786605	24174.773	13526.299	20086.500	9921	65535	645.889	525.732	5.848	1.790	0.359	1.807	645.582	525.781	5.827	640	522	4	12	8	5
91	2.140	18.860	13	13	136569	10505.308	395.678	10373.000	10023	11274	759.077	531.769	4.462	0.967	0.232	1.020	759.047	531.776	4.470	756	530	4	6	5	2
92	22.058	55.093	134	104	2748326	20509.896	8580.954	18205.000	10061	49436	721.731	579.060	5.082	1.438	0.247	1.437	721.620	578.998	5.078	718	576	4	9	7	3
93	7.243	25.927	44	38	753045	17114.658	5198.915	16475.000	9990	29009	773.614	582.795	5.273	1.000	0.203	0.981	773.577	582.810	5.331	772	580	4	4	6	3
94	22.058	62.060	134	89	3479193	25964.127	15405.116	21423.500	9903	65535	779.873	602.246	5.776	1.586	0.298	1.569	779.873	602.349	5.764	777	599	4	7	8	5
95	39.178	89.399	238	149	5936427	24942.971	13742.387	20355.000	9924	65535	696.983	615.908	5.899	1.879	0.260	1.900	697.013	615.882	5.904	693	611	4	9	11	5
96	32.594	84.434	198	145	3855219	19470.803	7756.539	18254.500	9904	38643	771.970	619.207	5.576	1.705	0.360	1.758	771.981	619.246	5.586	768	614	4	9	11	4
97	28.314	73.990	172	109	4553175	26471.947	15302.080	22472.500	9892	65535	807.552	619.041	5.977	1.748	0.305	1.745	807.424	619.033	5.963	803	615	4	9	9	5
98	9.548	35.270	58	52	900312	15522.621	4252.263	15214.500	9913	27998	834.328	629.397	5.138	1.137	0.288	1.134	834.353	629.415	5.151	831	627	4	8	5	3
99	11.194	39.235	68	59	936992	13779.294	3491.113	12652.500	10081	22996	824.044	632.721	5.074	1.169	0.248	1.155	823.980	632.690	5.079	821	631	4	8	5	3
100	11.523	40.614	70	63	1216353	17376.471	4904.105	17450.000	9897	28962	710.757	647.614	5.386	1.125	0.272	1.151	710.750	647.603	5.446	708	645	4	7	7	4
101	53.500	115.223	325	198	8347371	25684.219	13750.955	21133.000	9934	65535	859.292	653.363	5.763	2.113	0.406	2.091	859.391	653.172	5.773	854	647	4	11	13	5
102	9.877	34.132	60	57	967680	16128.000	3141.700	16574.000	10047	21832	801.383	662.567	5.433	1.025	0.264	1.080	801.419	662.561	5.463	799	660	4	6	7	3
103	34.404	82.366	209	139	4256265	20364.904	9486.186	17108.000	9962	48007	814.120	670.612	5.478	1.750	0.215	1.760	814.128	670.727	5.477	810	666	4	10	10	4
104	47.080	103.430	286	192	6145365	21487.291	9440.688	18055.000	9888	43970	734.801	674.346	5.434	1.974	0.416	1.928	734.843	674.284	5.425	729	668	4	11	13	4
105	30.289	70.644	184	122	4902872	26646.043	13618.125	21971.000	10130	61452	696.016	679.353	5.386	1.713	0.252	1.708	696.001	679.361	5.370	693	675	4	8	10	4
106	12.840	42.234	78	77	1184310	15183.462	3680.969	14630.500	9977	26459	737.564	685.538	5.487	1.160	0.379	1.166	737.580	685.484	5.487	733	683	4	10	6	3
107	36.544	78.952	222	149	5943556	26772.775	13474.203	23304.500	9987	58257	736.342	702.820	5.365	1.788	0.250	1.776	736.440	702.796	5.330	733	698	4	8	11	4
108	35.392	86.883	215	138	5035100	23419.070	11648.757	21327.000	9998	56910	852.112	711.553	6.130	1.818	0.296	1.846	851.991	711.690	6.101	848	707	4	10	10	5
109	19.589	55.853	119	88	2246174	18875.412	7687.316	16555.000	10016	39217	858.588	725.983	5.832	1.434	0.243	1.403	858.646	726.021	5.839	855	723	4	9	7	4
110	47.573	102.845	289	178	7363808	25480.305	13353.811	22497.000	10012	64945	724.280	740.734	5.723	1.997	0.324	2.001	724.158	740.607	5.747	720	735	4	10	12	5
111	31.771	77.540	193	121	4756084	24642.922	14110.168	20295.000	9968	65535	816.078	752.140	6.228	1.801	0.310	1.795	816.095	752.364	6.195	813	747	4	7	11	5
112	33.252	79.123	202	150	4063195	20114.826	8213.938	18231.000	9894	41747	739.084	764.302	5.916	1.744	0.474	1.668	738.915	764.439	5.912	732	761	4	14	7	4
113	19.095	53.474	116	90	2076680	17902.414	6322.765	17066.000	9924	36385	837.026	790.612	5.862	1.383	0.243	1.377	837.037	790.631	5.827	834	787	4	8	8	4
114	22.223	57.439	135	93	3051749	22605.549	10450.648	19222.000	10383	47729	849.081	792.607	5.726	1.522	0.199	1.514	849.126	792.677	5.774	846	789	4	7	8	4
115	38.684	95.396	235	184	4316165	18366.660	6036.305	17507.000	9890	35726	871.838	819.277	5.809	1.805	0.498	1.776	871.882	819.257	5.772	867	814	4	10	13	4
116	39.014	90.745	237	145	6190120	26118.650	14625.659	21274.000	9914	65535	845.363	833.253	6.371	1.871	0.235	1.871	845.475	833.449	6.351	841	828	4	10	11	5
117	27.655	68.646	168	104	4852611	28884.590	17059.283	21791.000	9959	65535	897.940	849.262	6.095	1.755	0.319	1.764	897.990	849.277	6.110	894	847	4	9	6	5
118	70.784	153.183	430	257	11809264	27463.404	14498.310	23322.500	9895	65535	912.279	859.800	7.195	2.509	0.777	2.375	911.953	859.776	7.130	904	855	4	18	11	8
119	53.993	117.769	328	253	6331417	19303.102	7313.088	17649.500	9920	42213	750.951	857.540	6.079	2.190	0.736	2.107	751.182	857.659	6.049	744	850	4	13	17	5
120	54.981	117.535	334	193	11002440	32941.438	19150.242	27768.000	9942	65535	707.982	240.916	7.922	2.176	0.324	2.169	707.995	240.972	7.853	702	237	5	12	10	7
121	32.594	81.987	198	128	4810033	24293.096	12520.152	20939.000	9971	58629	767.081	324.086	6.646	1.805	0.324	1.799	767.017	323.990	6.660	763	319	5	9	12	5
122	29.795	79.401	181	138	3568053	19713.000	8376.738	18543.000	9949	47331	564.193	402.398	6.602	1.693	0.422	1.704	564.296	402.725	6.668	560	398	5	9	10	5
123	2.140	15.791	13	13	170083	13083.308	2446.971	13505.000	10088	16684	699.385	409.923	5.462	0.735	0.249	0.690	699.239	410.048	5.473	698	408	5	5	4	2
124	18.272	59.922	111	86	1948998	17558.541	7056.698	15204.000	9957	36418	816.928	430.189	6.477	1.450	0.301	1.483	816.987	430.172	6.481	814	426	5	7	10	4
125	10.041	41.993	61	61	747343	12251.524	1738.187	12157.000	9916	18647	663.623	534.836	5.377	1.084	0.325	1.106	663.670	534.816	5.347	660	532	5	8	7	2
126	2.634	13.412	16	16	186572	11660.750	892.557	11601.000	10205	13610	819.375	597.625	5.438	0.679	0.130	0.687	819.361	597.646	5.440	818	596	5	3	4	2
127	4.115	23.307	25	25	301643	12065.720	1575.253	11712.000	10125	14784	714.800	603.200	5.680	0.834	0.239	0.873	714.862	603.243	5.685	713	601	5	5	5	2
128	6.914	25.375	42	42	573055	13644.167	2078.077	13408.000	9915	19413	794.952	653.548	5.524	0.889	0.216	0.898	794.879	653.566	5.549	793	651	5	5	6	2
129	48.726	106.432	296	171	8867311	29957.131	17611.527	25395.500	9906	65535	670.855	655.091	7.723	2.071	0.307	2.072	670.770	654.979	7.665	667	650	5	9	12	6
130	7.901	25.961	48	48	687497	14322.854	3358.949	13507.500	10090	23151	800.917	691.750	5.562	0.931	0.239	0.958	800.909	691.612	5.585	798	690	5	6	5	2
131	28.643	76.332	174	126	3102070	17827.988	5997.600	16673.000	9903	35465	790.787	712.730	6.557	1.656	0.385	1.656	790.769	712.711	6.533	788	708	5	8	11	4
132	33.087	96.949	201	167	3314832	16491.701	5150.493	15328.000	9891	31382	704.587	723.572	6.139	2.172	0.712	2.218	704.424	723.791	6.162	699	716	5	13	15	4
133	28.807	71.159	175	135	3115679	17803.881	6577.623	16109.000	9950	37557	775.171	757.783	6.091	1.629	0.390	1.625	775.134	757.768	6.110	771	753	5	9	11	3
134	24.857	67.297	151	118	2597066	17199.113	6180.253	15261.000	9989	38321	775.450	779.563	5.987	1.514	0.308	1.528	775.370	779.638	5.954	771	775	5	10	10	3
135	31.441	75.435	191	137	4031072	21105.090	10029.686	17628.000	9911	53005	804.010	780.686	6.628	1.716	0.356	1.706	804.128	780.922	6.576	800	775	5	8	12	4
136	29.137	69.506	177	119	4019287	22707.836	11361.350	18249.000	10040	55888	796.209	809.723	6.576	1.677	0.244	1.669	795.931	809.696	6.533	792	806	5	10	8	4
137	37.203	85.538	226	150	5668800	25083.186	13269.388	22044.500	9932	65535	726.469	861.345	7.221	1.871	0.387	1.888	726.344	861.417	7.176	722	856	5	9	11	5
138	29.795	72.159	181	144	3450456	19063.293	6192.330	18150.000	10031	36578	862.381	882.370	6.873	1.653	0.431	1.709	862.497	882.250	6.797	858	878	5	10	10	4
139	23.869	72.129	145	100	4469784	30826.096	18756.072	26334.000	10001	65535	454.841	303.152	8.510	1.719	0.440	1.686	454.701	303.260	8.503	452	300	6	8	8	6
140	55.640	136.769	338	246	6928847	20499.547	9085.385	18320.000	9892	53868	512.157	365.145	7.710	2.231	0.718	2.172	512.033	364.902	7.718	508	357	6	11	18	5
141	52.183	141.909	317	229	5877784	18541.906	8111.573	15699.000	9915	53723	572.552	380.760	9.069	2.880	1.001	3.000	572.746	380.290	9.350	568	373	6	11	19	8
142	31.935	76.506	194	120	5095193	26263.881	14831.980	21403.000	9898	65535	634.247	528.856	8.052	1.826	0.328	1.884	634.247	528.940	8.086	631	525	6	8	9	6
143	24.692	68.127	150	117	2694594	17963.961	5241.552	18201.000	9904	31141	864.553	577.800	7.853	1.527	0.298	1.532	864.493	577.739	7.824	861	574	6	9	9	5
144	14.157	58.266	86	86	1034108	12024.512	1845.368	11511.500	9909	17913	755.256	640.058	6.372	1.294	0.386	1.320	755.148	640.062	6.354	750	636	6	10	9	2
145	45.269	96.052	275	181	6451372	23459.535	11474.373	19488.000	9959	60713	904.622	797.836	7.360	1.979	0.401	1.934	904.767	797.832	7.355	900	792	6	10	13	4
146	16.626	46.888	101	78	1719334	17023.109	5277.116	16229.000	9973	31404	807.178	839.386	7.089	1.321	0.202	1.328	807.113	839.315	7.122	804	836	6	7	8	3
147	7.243	31.064	44	44	557524	12671.000	1884.580	12245.000	9906	17088	839.159	852.909	6.523	0.973	0.295	0.993	839.106	852.920	6.531	837	850	6	5	8	2
148	21.729	56.853	132	93	3176535	24064.658	11862.551	20332.500	9922	58661	804.470	904.349	7.379	1.528	0.220	1.556	804.462	904.370	7.346	801	901	6	8	7	4
149	7.737	39.372	47	47	579102	12321.319	1894.253	11815.000	9969	17569	908.426	904.149	6.298	1.187	0.462	1.161	908.345	904.103	6.281	904	902	6	10	6	2
150	10.700	34.614	65	65	873896	13444.554	2973.308	12877.000	9889	23187	916.738	911.369	6.462	1.043	0.289	1.081	916.697	911.536	6.412	913	909	6	8	6	2
151	9.877	42.200	60	54	863460	14391.000	3138.800	14047.000	9993	23205	813.583	918.467	6.817	1.334	0.534	1.274	813.599	918.470	6.803	811	914	6	5	11	3
152	16.626	54.371	101	86	1638301	16220.802	5399.048	14773.000	9909	33705	911.297	935.901	7.099	1.494	0.462	1.383	911.229	935.900	7.101	909	931	6	7	11	3
153	20.906	63.713	127	108	1982277	15608.480	4118.151	14885.000	10075	25432	869.346	940.039	7.197	1.487	0.462	1.470	869.237	940.042	7.225	865	937	6	11	8	3
154	29.466	74.850	179	128	4019064	22452.871	9625.080	20860.000	9998	47321	907.022	947.302	7.168	1.656	0.307	1.683	907.101	947.341	7.151	903	943	6	9	10	4
155	16.461	50.854	100	82	1681542	16815.420	5793.255	15374.000	9992	36521	867.850	952.130	7.110	1.350	0.312	1.308	867.877	952.101	7.134	865	948	6	7	9	3
156	30.454	74.679	185	115	5094171	27536.059	16170.234	22328.000	9908	65535	622.951	190.497	9.103	1.804	0.333	1.862	622.860	190.466	9.147	619	188	7	10	7	6
157	7.243	36.511	44	44	563133	12798.478	1909.891	12638.000	10111	17209	492.545	237.341	7.682	1.155	0.577	1.012	492.425	237.371	7.682	487	235	7	10	8	2
158	59.096	121.256	359	210	9347425	26037.396	13747.173	22232.000	9885	65535	688.560	238.337	10.175	2.181	0.344	2.200	688.471	238.248	10.161	683	233	7	12	12	7
159	20.741	57.613	126	83	3000984	23817.334	11292.937	20957.000	9953	54140	487.532	252.778	9.119	1.582	0.327	1.533	487.546	252.860	9.158	485	250	7	7	7	5
160	21.564	59.818	131	99	2594204	19803.084	7987.783	17862.000	9894	43084	472.534	259.321	8.885	1.489	0.306	1.483	472.603	259.180	8.899	469	256	7	8	8	4
161	76.546	181.282	465	305	11662939	25081.590	13723.655	20178.000	10024	65535	562.110	269.798	9.903	2.556	0.734	2.469	562.405	270.076	9.893	554	262	7	16	15	6
162	68.150	172.628	414	280	7584603	18320.297	7314.818	16139.500	9884	44476	531.316	313.041	9.903	2.667	0.785	2.689	531.751	312.909	9.798	522	308	7	18	13	6
163	58.932	127.423	358	257	6186329	17280.248	5394.400	16315.000	9928	34592	519.084	340.190	9.218	2.143	0.591	2.136	519.068	340.122	9.205	512	335	7	14	13	6
164	19.095	58.061	116	83	2948282	25416.225	14424.759	21741.500	9967	65535	588.931	339.172	9.526	1.568	0.400	1.537	588.886	339.222	9.522	586	336	7	8	7	6
165	16.626	49.338	101	72	1920144	19011.326	7296.478	16982.000	9912	38028	565.812	437.931	8.594	1.418	0.238	1.431	565.838	437.958	8.614	563	435	7	7	7	4
166	16.132	47.096	98	77	1931151	19705.623	7276.889	18470.000	9928	44277	686.316	448.490	8.980	1.304	0.196	1.281	686.269	448.376	8.992	683	445	7	8	8	4
167	29.466	81.368	179	119	3273453	18287.447	6564.525	17206.000	9891	41217	647.151	487.022	9.860	1.857	0.469	1.936	647.037	487.032	9.920	642	484	7	10	7	6
168	80.002	154.769	486	263	14229779	29279.381	17891.273	22807.500	9988	65535	856.339	590.516	9.611	2.511	0.460	2.503	856.038	590.964	9.731	850	583	7	13	14	7
169	48.561	105.950	295	165	8761283	29699.264	17594.609	24117.000	9909	65535	863.580	628.519	9.464	2.122	0.347	2.096	863.707	628.597	9.494	858	625	7	12	9	6
170	6.585	24.686	40	40	535561	13389.025	2345.209	13483.000	9916	17798	872.600	648.400	7.475	0.871	0.208	0.845	872.517	648.387	7.474	870	646	7	6	5	2
171	1.646	11.136	10	10	112690	11269.000	1197.631	10651.500	9999	13127	694.800	651.500	7.700	0.609	0.182	0.611	694.768	651.462	7.696	693	651	7	4	2	2
172	3.951	20.790	24	22	402970	16790.416	3905.294	16855.000	10716	25146	789.667	658.042	8.500	0.855	0.269	0.786	789.696	658.012	8.489	788	657	7	5	4	4
173	55.640	115.052	338	188	9846168	29130.674	15845.430	24769.000	9982	65535	689.731	715.473	10.361	2.194	0.350	2.189	689.779	715.439	10.325	685	710	7	10	12	7
174	9.383	33.925	57	57	685919	12033.667	1654.661	11989.000	9963	16782	843.825	736.789	7.439	1.022	0.297	1.038	843.822	736.880	7.440	841	733	7	7	8	2
175	71.607	165.179	435	297	9095108	20908.295	8728.551	18509.000	9897	44700	945.952	915.200	10.648	2.934	1.092	3.000	945.434	915.142	10.729	937	909	7	21	12	7
176	14.980	50.613	91	80	1401346	15399.406	3717.286	14991.000	9940	24352	456.374	174.769	9.484	1.235	0.317	1.263	456.357	174.706	9.493	453	172	8	8	7	4
177	16.955	55.060	103	86	1547193	15021.291	4090.528	14285.000	9925	26687	628.806	223.553	9.010	1.356	0.297	1.339	628.775	223.572	9.011	625	219	8	8	9	3
178	18.272	57.439	111	91	1822201	16416.225	4848.164	15804.000	9950	28416	604.099	244.495	9.685	1.413	0.385	1.386	604.089	244.568	9.659	600	241	8	10	8	4
179	27.984	77.022	170	131	3131536	18420.801	7815.325	16185.500	9914	44678	452.059	283.653	10.118	1.654	0.378	1.679	452.190	283.683	10.115	448	280	8	10	9	5
180	13.334	44.235	81	64	1307453	16141.396	4665.892	14828.000	10001	29239	596.926	315.321	9.926	1.278	0.258	1.250	596.862	315.391	9.897	594	312	8	7	7	4
181	15.145	46.718	92	68	2230941	24249.359	14020.208	19739.500	9959	65535	507.598	319.674	9.489	1.398	0.296	1.476	507.613	319.745	9.445	506	316	8	5	8	4
182	7.572	30.478	46	42	663457	14422.979	3157.322	14052.000	9959	22395	616.696	327.435	8.739	0.997	0.235	1.003	616.710	327.405	8.739	615	324	8	5	7	3
183	30.783	77.058	187	124	5422869	28999.299	17089.369	23379.000	9924	65535	604.749	345.674	9.824	1.818	0.406	1.885	604.742	345.567	9.803	602	341	8	6	11	5
184	35.392	78.608	215	138	4834250	22484.883	9058.837	19834.000	9931	45274	781.428	362.614	9.470	1.790	0.238	1.785	781.380	362.586	9.495	777	359	8	10	9	5
185	20.741	64.473	126	95	2229869	17697.373	7212.265	15010.500	9978	39139	656.135	367.024	9.770	1.557	0.400	1.491	656.160	367.379	9.741	653	362	8	7	11	4
186	23.046	60.749	140	109	2574931	18392.365	5838.036	17358.000	10069	34603	674.650	377.171	10.079	1.518	0.353	1.492	674.781	377.185	10.125	672	373	8	6	10	5
187	23.211	60.129	141	93	3690577	26174.305	14047.560	23007.000	9916	65535	551.872	380.681	10.113	1.630	0.327	1.576	551.869	380.639	10.085	549	378	8	7	7	5
188	15.638	48.441	95	74	1786444	18804.674	7644.777	16615.000	9970	39823	776.737	395.863	9.853	1.332	0.259	1.322	776.658	395.870	9.805	773	393	8	8	6	4
189	1.811	11.240	11	11	172853	15713.909	5149.557	13353.000	10483	27322	559.818	398.364	8.636	0.670	0.248	0.631	559.823	398.342	8.664	559	398	8	3	2	3
190	28.314	72.404	172	112	4262427	24781.553	14481.836	19434.500	9963	65535	676.041	449.890	10.058	1.788	0.388	1.832	676.207	449.855	10.012	672	446	8	8	9	5
191	34.240	88.365	208	142	4092428	19675.135	8244.074	17616.000	9891	45966	710.120	480.558	9.736	1.839	0.400	1.846	710.113	480.402	9.740	705	476	8	10	11	5
192	44.940	99.880	273	172	6150379	22528.861	9474.291	21032.000	9935	48119	834.971	493.857	9.985	1.919	0.342	1.975	835.110	493.914	9.997	830	489	8	11	10	5
193	41.318	95.088	251	159	6026815	24011.215	11660.536	21593.000	9887	60431	850.773	579.267	10.143	1.927	0.339	1.939	851.009	579.243	10.127	845	576	8	12	8	5
194	21.894	68.646	133	99	3108851	23374.820	11906.321	21340.000	10082	65535	745.466	616.617	10.729	1.632	0.420	1.614	745.443	616.435	10.625	741	614	8	10	8	6
195	20.577	58.302	125	82	3339669	26717.352	15056.605	22110.000	9918	65535	927.744	836.240	10.008	1.616	0.355	1.520	927.839	836.202	10.003	925	833	8	7	7	5
196	42.800	91.504	260	151	8093398	31128.453	18522.291	25347.500	9911	65535	916.085	890.777	10.758	2.030	0.332	2.028	916.148	890.814	10.729	911	887	8	10	8	6
197	23.046	86.709	140	132	2021157	14436.836	3696.290	13264.500	9922	26085	485.907	183.950	10.429	1.817	0.727	1.775	485.693	184.143	10.430	479	180	9	15	8	4
198	2.305	18.067	14	14	157303	11235.929	1401.510	10760.500	9902	14563	453.857	202.929	9.571	0.827	0.265	0.799	453.736	202.947	9.609	452	201	9	6	4	2
199	8.725	34.925	53	52	672347	12685.792	2770.180	11505.000	9967	21953	663.604	239.698	10.358	1.112	0.436	1.060	663.837	239.785	10.344	659	237	9	9	6	3
200	23.869	66.645	145	107	2401061	16559.041	4858.957	15755.000	9895	28869	701.924	253.062	10.338	1.534	0.262	1.569	701.876	253.137	10.351	698	250	9	9	7	4
201	39.014	105.465	237	171	4253803	17948.535	7046.543	16095.000	9893	43516	508.110	261.203	10.776	1.921	0.512	1.890	508.032	260.982	10.790	503	257	9	12	14	5
202	4.280	24.445	26	26	340560	13098.462	2441.909	12441.500	9954	18854	607.385	279.769	10.154	0.841	0.302	0.870	607.395	279.808	10.139	606	277	9	5	6	3
203	12.017	46.269	73	63	1159150	15878.768	4317.057	15677.000	9943	27483	542.726	291.767	10.370	1.283	0.411	1.285	542.724	291.803	10.387	539	288	9	8	8	4
204	14.321	46.855	87	67	1463477	16821.574	5410.245	15742.000	9901	30714	682.207	294.483	10.471	1.295	0.285	1.281	682.156	294.565	10.464	679	291	9	7	7	4
205	9.218	36.270	56	52	881554	15742.036	4433.869	14805.000	10002	26292	530.125	296.232	10.429	1.084	0.349	1.025	530.161	296.178	10.432	527	294	9	9	5	4
206	7.572	32.513	46	44	638581	13882.195	2702.699	13566.500	10032	22207	575.957	304.957	10.174	1.067	0.332	1.060	576.025	304.940	10.190	572	303	9	9	4	3
207	7.901	33.650	48	45	693138	14440.375	3194.136	13907.500	9949	22125	488.208	305.688	10.625	1.027	0.331	0.996	488.166	305.657	10.617	486	303	9	5	7	4
208	18.272	53.681	111	85	1813424	16337.153	4658.352	16067.000	9884	28724	717.009	321.613	10.351	1.407	0.255	1.409	716.981	321.552	10.340	714	319	9	8	7	4
209	19.754	57.991	120	92	2424004	20200.033	8215.046	18129.000	9924	44549	572.417	344.875	10.308	1.540	0.387	1.544	572.392	344.963	10.309	570	340	9	5	11	4
210	17.284	53.266	105	93	1622388	15451.314	3409.298	15995.000	9918	22192	760.200	349.762	10.638	1.303	0.312	1.341	760.258	349.798	10.621	757	346	9	8	9	4
211	21.071	58.302	128	89	3449022	26945.484	14737.698	22495.000	10080	65535	694.312	358.742	10.523	1.560	0.272	1.558	694.226	358.790	10.462	691	356	9	8	7	5
212	29.960	82.021	182	137	3096363	17012.984	6147.539	15301.000	9923	35243	722.665	358.720	10.511	1.836	0.548	1.747	722.895	358.736	10.574	716	356	9	14	8	5
213	8.889	36.167	54	51	679802	12588.926	2193.061	12077.000	9960	18145	483.426	359.278	10.333	1.052	0.332	1.020	483.446	359.299	10.325	481	356	9	6	8	3
214	11.029	38.201	67	57	1159253	17302.283	5727.809	16727.000	10201	32220	627.507	360.925	10.269	1.192	0.283	1.230	627.510	360.950	10.298	624	359	9	8	5	4
215	23.704	65.059	144	106	2622601	18212.508	6205.688	16500.000	10074	34579	498.264	365.507	10.681	1.527	0.305	1.558	498.291	365.313	10.691	495	361	9	7	10	4
216	9.218	34.684	56	50	792431	14150.554	3800.759	12914.000	9893	24182	761.589	372.196	9.875	1.083	0.267	1.091	761.682	372.368	9.871	759	369	9	6	7	3
217	17.778	53.648	108	75	2636337	24410.527	13321.299	21020.500	9903	57804	537.972	379.065	10.574	1.477	0.268	1.432	537.969	379.072	10.525	535	376	9	7	7	5
218	6.749	33.306	41	38	538685	13138.658	2852.313	11952.000	9907	20221	763.463	380.561	9.927	1.013	0.321	1.084	763.488	380.531	9.935	761	378	9	6	6	3
219	18.108	51.958	110	83	2292263	20838.754	9421.315	18164.000	10030	49328	703.418	393.436	10.636	1.483	0.340	1.545	703.441	393.452	10.665	699	391	9	9	6	4
220	13.828	42.889	84	66	1395133	16608.727	5078.749	15327.000	10260	31848	749.571	433.179	9.952	1.246	0.188	1.252	749.562	433.270	9.976	746	431	9	8	6	3
221	25.351	70.644	154	119	2737286	17774.584	6081.125	16759.000	9900	35842	708.422	453.818	10.383	1.572	0.337	1.562	708.628	453.798	10.365	703	450	9	10	8	4
222	11.688	46.373	71	57	1080266	15215.014	4396.423	14001.000	9895	26317	678.944	459.718	10.479	1.264	0.353	1.294	678.956	459.745	10.474	677	456	9	5	9	4
223	38.190	85.434	232	149	5113625	22041.486	10037.380	19756.000	9895	56763	808.121	460.177	10.612	1.840	0.292	1.822	808.066	460.230	10.623	804	456	9	10	10	5
224	14.651	51.406	89	72	1509968	16965.932	5676.134	14856.000	9918	31084	658.944	523.034	10.652	1.358	0.329	1.367	658.921	523.068	10.635	655	520	9	9	8	4
225	14.815	45.924	90	65	1610889	17898.768	6557.942	15248.000	10056	33995	654.267	546.200	10.500	1.354	0.235	1.328	654.273	546.197	10.492	651	543	9	7	7	4
226	13.169	46.855	80	71	1191155	14889.438	3862.379	14171.000	9961	24696	709.662	546.188	10.663	1.255	0.376	1.276	709.652	546.140	10.641	705	544	9	10	6	4
227	33.087	80.609	201	128	4824282	24001.402	11876.887	20650.000	9932	54970	662.229	560.791	10.940	1.845	0.348	1.900	662.197	560.772	10.903	658	558	9	10	7	5
228	15.145	46.614	92	67	1659941	18042.838	6710.676	15248.500	10035	32392	714.891	573.891	10.457	1.355	0.251	1.392	714.890	573.981	10.468	712	571	9	6	7	4
229	27.491	78.815	167	125	2989519	17901.311	6089.012	16165.000	9895	35661	773.335	576.347	10.940	1.607	0.344	1.600	773.296	576.167	10.919	769	573	9	10	8	5
230	19.424	59.336	118	79	2295737	19455.398	8275.078	17385.500	9989	45781	787.288	618.017	11.144	1.536	0.326	1.508	787.346	617.959	11.105	784	615	9	8	7	5
231	26.832	73.300	163	106	4466658	27402.811	15508.442	22479.000	9885	65535	678.356	646.847	11.515	1.721	0.353	1.680	678.335	646.879	11.486	674	644	9	9	7	6
232	10.700	38.201	65	53	1099974	16922.678	5319.359	17121.000	10284	28001	736.092	667.246	10.369	1.161	0.250	1.122	736.096	667.192	10.381	734	665	9	6	6	4
233	38.684	92.261	235	155	4576776	19475.643	8433.880	17568.000	9899	53271	871.919	671.613	11.400	1.837	0.316	1.819	871.800	671.511	11.346	867	667	9	10	11	5
234	21.400	57.439	130	92	2446362	18818.170	7995.599	16280.000	9884	44380	783.962	679.477	10.585	1.513	0.226	1.522	784.135	679.580	10.540	780	676	9	8	8	4
235	36.709	83.226	223	171	4295438	19262.055	6469.305	18093.000	9977	38234	725.740	826.825	10.843	1.725	0.364	1.751	725.843	826.928	10.858	721	822	9	10	10	5
236	55.146	131.188	335	212	8836806	26378.525	14328.252	21952.000	9908	65078	932.573	864.719	10.937	2.368	0.731	2.512	932.450	865.055	10.897	928	857	9	10	16	5
237	4.115	24.548	25	25	308967	12358.680	2221.761	11671.000	10131	18388	455.360	181.280	10.480	0.847	0.290	0.774	455.415	181.249	10.487	452	180	10	7	4	2
238	9.712	42.200	59	59	802301	13598.322	3168.831	13334.000	9906	22373	619.424	203.254	10.475	1.255	0.415	1.268	619.467	203.117	10.488	615	200	10	9	8	2
239	2.634	17.274	16	16	178025	11126.562	822.680	11234.500	10036	13010	686.438	277.000	10.500	0.722	0.176	0.675	686.438	276.988	10.496	684	276	10	5	3	2
240	3.786	22.618	23	23	264618	11505.131	1216.012	11323.000	10009	14592	688.130	315.391	10.522	0.886	0.245	0.873	688.050	315.355	10.524	686	314	10	6	5	2
241	13.663	47.096	83	69	1166357	14052.494	3317.422	13047.000	9888	22083	744.386	359.482	10.904	1.233	0.258	1.241	744.398	359.387	10.878	741	356	10	7	8	3
242	7.572	30.823	46	44	585591	12730.239	2906.968	11989.500	9917	23559	591.783	390.152	11.326	0.953	0.251	0.960	591.810	390.192	11.312	589	388	10	6	6	3
243	6.420	35.236	39	39	484833	12431.615	2141.666	11599.000	10010	17683	663.872	404.077	10.538	1.182	0.468	1.025	663.862	404.153	10.564	662	399	10	5	10	2
244	8.231	31.960	50	43	709940	14198.800	3574.509	13008.000	9913	24639	794.580	418.460	10.920	1.075	0.223	1.082	794.662	418.504	10.923	791	416	10	7	5	3
245	16.791	52.336	102	83	1688460	16553.529	5544.568	15328.000	9886	33107	791.127	440.471	10.980	1.324	0.237	1.333	791.115	440.565	10.971	787	437	10	9	8	3
246	17.943	55.060	109	87	1756299	16112.835	4794.660	15349.000	10122	32077	597.963	456.798	10.945	1.485	0.412	1.420	597.906	456.914	10.931	596	452	10	6	11	3
247	9.877	34.477	60	50	903488	15058.134	3996.732	14025.500	10206	25398	653.683	454.050	11.150	1.099	0.182	1.129	653.608	453.998	11.176	651	452	10	7	6	3
248	3.786	17.066	23	23	308145	13397.608	2547.604	12975.000	9891	18664	743.870	469.609	10.435	0.739	0.155	0.734	743.844	469.680	10.465	742	468	10	5	4	2
249	11.194	49.820	68	67	898455	13212.573	2661.598	12811.500	9921	21308	683.750	488.162	10.500	1.195	0.384	1.239	683.847	488.295	10.509	680	484	10	8	9	3
250	4.774	24.478	29	29	351153	12108.725	1754.907	11933.000	9896	15270	791.207	484.828	10.862	0.853	0.302	0.899	791.180	484.815	10.874	789	482	10	6	6	2
251	1.975	13.757	12	12	132346	11028.833	709.206	10929.500	9942	12245	799.667	487.750	10.417	0.708	0.152	0.693	799.653	487.739	10.405	798	487	10	4	3	2
252	5.268	25.238	32	30	412552	12892.250	2379.735	12120.000	10013	18332	674.219	490.125	10.750	0.900	0.242	0.893	674.231	490.133	10.765	672	488	10	6	5	3
253	4.774	21.824	29	26	411444	14187.725	3656.835	12808.000	10053	22135	824.034	501.862	11.207	0.877	0.222	0.883	824.041	501.862	11.192	822	500	10	5	4	3
254	11.194	40.959	68	61	992733	14599.015	3954.182	13367.000	10011	25124	761.426	507.971	10.765	1.258	0.484	1.204	761.278	507.806	10.736	759	505	10	6	11	3
255	9.877	34.443	60	49	1140347	19005.783	6969.630	17920.500	9924	38756	799.100	601.550	11.017	1.135	0.204	1.123	799.188	601.558	10.998	797	599	10	6	6	4
256	4.280	21.239	26	22	501398	19284.539	7631.628	17315.500	10358	41626	735.692	614.962	11.346	0.931	0.334	0.803	735.724	614.975	11.316	734	614	10	4	3	4
257	3.292	24.100	20	20	221000	11050.000	960.385	10711.000	9911	12826	843.200	633.550	10.800	0.931	0.309	0.990	843.226	633.525	10.796	840	631	10	6	6	2
258	7.243	29.133	44	43	571870	12997.046	2457.960	12420.500	9886	18156	757.295	635.705	10.659	0.951	0.279	0.955	757.346	635.691	10.697	754	633	10	7	6	3
259	20.248	60.196	123	101	1830240	14880.000	3646.117	14270.000	9937	25780	739.163	639.203	10.837	1.453	0.367	1.412	739.305	639.129	10.848	735	635	10	9	10	3
260	11.688	38.787	71	57	1098008	15464.901	4246.139	14907.000	9899	27152	721.366	668.521	11.014	1.199	0.196	1.175	721.383	668.556	11.004	718	666	10	7	6	3
261	30.289	81.091	184	131	3827294	20800.512	8790.168	19662.000	10022	54069	874.772	707.946	11.804	1.776	0.442	1.797	874.758	707.827	11.842	871	703	10	8	12	4
262	9.877	33.995	60	47	1005796	16763.268	5262.054	15791.000	9986	30569	829.983	711.650	11.233	1.147	0.207	1.122	830.019	711.756	11.223	828	709	10	5	6	4
263	26.832	69.369	163	109	2895359	17762.939	6249.407	16136.000	9969	36294	715.202	792.552	11.528	1.646	0.251	1.635	715.226	792.510	11.492	712	788	10	8	10	4
264	5.597	24.789	34	30	480607	14135.500	3510.626	13346.000	10100	23421	826.353	794.853	11.029	0.944	0.214	1.000	826.323	794.819	11.040	825	793	10	4	6	3
265	5.761	26.031	35	31	514387	14696.771	3245.360	14567.000	9921	21657	764.571	805.314	11.400	0.944	0.268	0.914	764.632	805.323	11.394	762	804	10	6	4	4
266	47.903	94.847	291	167	8238873	28312.279	15889.002	22782.000	9923	65535	908.371	817.320	11.921	2.050	0.240	2.066	908.438	817.425	11.887	903	813	10	11	9	5
267	26.997	62.161	164	126	3001253	18300.322	5648.267	17480.000	9891	35498	838.579	899.189	11.921	1.537	0.271	1.572	838.644	899.139	11.888	835	895	10	8	9	4
268	17.120	58.299	104	101	1397442	13436.942	2711.982	12957.500	9906	20647	956.260	957.087	10.596	1.329	0.452	1.327	956.226	957.129	10.608	951	952	10	11	10	3
269	12.840	42.578	78	77	1004504	12878.257	2148.604	12462.500	9929	18839	814.320	505.615	11.577	1.162	0.353	1.192	814.206	505.512	11.572	811	502	11	9	8	3
270	4.938	21.721	30	30	356507	11883.566	1791.537	11155.500	9921	17263	769.000	626.367	11.500	0.815	0.203	0.829	769.020	626.306	11.494	767	624	11	5	6	2
271	2.140	12.515	13	13	163848	12603.692	2151.658	11827.000	10031	16166	712.462	634.154	11.846	0.631	0.234	0.658	712.492	634.186	11.866	710	633	11	5	3	2
272	7.078	27.650	43	43	554482	12894.931	1899.419	12500.000	10166	17517	745.698	645.047	11.558	0.920	0.239	0.929	745.784	645.026	11.584	743	643	11	6	6	2
273	2.798	16.032	17	17	190016	11177.412	1291.248	10673.000	10001	14213	826.941	647.471	11.706	0.707	0.223	0.702	826.945	647.498	11.716	826	646	11	4	5	2
274	2.798	14.550	17	17	189549	11149.941	813.917	11060.000	9983	12306	827.647	654.118	11.588	0.682	0.132	0.687	827.635	654.123	11.588	826	653	11	4	3	2
275	3.292	18.308	20	19	251568	12578.400	2141.808	12137.500	10007	16868	723.550	721.250	11.900	0.754	0.247	0.767	723.598	721.274	11.917	722	719	11	4	5	3
276	5.268	24.341	32	29	412506	12890.812	2707.886	11744.000	10379	20125	804.312	762.656	11.938	0.950	0.268	0.979	804.344	762.621	11.940	803	760	11	4	7	3
277	28.478	92.813	173	142	2654667	15344.896	4131.639	14330.000	9896	28147	889.156	765.462	12.474	1.920	0.720	1.988	889.152	765.507	12.490	885	757	11	9	16	4
278	17.120	61.508	104	87	1465768	14093.923	3176.512	14121.500	9938	21855	891.856	783.827	12.500	1.358	0.387	1.446	891.862	783.777	12.498	888	780	11	8	9	4
279	4.115	22.065	25	25	292545	11701.800	1440.873	11418.000	9902	14498	850.000	811.080	11.480	0.858	0.268	0.764	849.971	811.087	11.460	848	808	11	5	7	2
280	8.560	38.787	52	47	685019	13173.442	2574.828	13119.000	9948	21526	839.096	824.865	11.962	1.260	0.422	1.266	838.965	824.868	11.955	836	821	11	9	8	3
281	11.688	39.476	71	61	1122721	15812.972	4840.908	13999.000	10043	30237	800.915	837.423	12.225	1.165	0.227	1.164	800.869	837.395	12.243	798	835	11	7	7	3
282	13.169	41.407	80	63	1269168	15864.600	4893.030	14620.000	10004	28967	893.638	858.312	12.125	1.231	0.190	1.229	893.636	858.295	12.154	890	856	11	8	6	4
283	12.017	44.924	73	64	1077554	14761.014	3130.759	14553.000	10027	22684	857.342	859.479	11.726	1.209	0.326	1.214	857.347	859.462	11.716	854	856	11	7	8	3
284	10.865	38.442	66	56	947346	14353.728	3828.698	13151.500	9999	25295	798.273	903.697	11.970	1.186	0.249	1.170	798.247	903.741	11.984	794	901	11	8	6	3
285	13.005	46.751	79	72	1143762	14478.000	3448.734	14352.000	9900	23127	870.671	942.886	12.646	1.210	0.373	1.187	870.571	942.729	12.629	867	940	11	8	8	4
286	6.749	31.616	41	39	536200	13078.049	2428.015	12679.000	9887	18452	851.195	873.146	12.732	0.945	0.247	0.931	851.167	873.126	12.734	849	871	12	6	5	3
287	3.951	20.583	24	24	263566	10981.917	706.606	10946.500	9991	12160	843.167	875.042	12.667	0.813	0.281	0.787	843.115	875.058	12.664	842	873	12	6	5	2
288	17.614	50.750	107	85	1601560	14967.851	3580.654	14018.000	9909	25766	789.308	928.495	12.944	1.358	0.255	1.332	789.286	928.457	12.929	786	925	12	8	8	3
289	7.901	31.408	48	48	614181	12795.438	1784.872	12644.500	9885	17099	880.000	945.271	12.583	1.027	0.349	0.984	880.016	945.320	12.606	877	942	12	7	7	2
