 	Volume (micron^3)	Surface (micron^2)	Nb of obj. voxels	Nb of surf. voxels	IntDen	Mean	StdDev	Median	Min	Max	X	Y	Z	Mean dist. to surf. (micron)	SD dist. to surf. (micron)	Median dist. to surf. (micron)	XM	YM	ZM	BX	BY	BZ	B-width	B-height	B-depth
1	26.503	71.922	161	105	6438200	39988.820	20086.133	36375.000	14048	65535	102.783	124.273	4.093	1.743	0.333	1.728	102.732	124.187	4.082	98	121	2	10	7	5
2	37.697	87.298	229	132	9518742	41566.559	19226.609	39258.000	13961	65535	126.258	175.179	4.777	1.925	0.300	1.889	126.214	175.184	4.738	122	172	2	10	8	6
3	35.886	80.850	218	136	8689816	39861.543	18980.521	36126.000	13968	65535	203.472	221.518	4.216	1.837	0.246	1.846	203.510	221.523	4.232	200	217	2	9	10	5
4	44.610	95.777	271	168	10673708	39386.375	18615.293	35146.000	13967	65535	281.137	275.081	4.469	1.955	0.311	1.922	281.241	275.073	4.451	276	270	2	11	11	6
5	35.557	82.540	216	132	8366960	38735.926	19138.418	36389.000	14171	65535	202.634	307.356	3.935	1.862	0.301	1.895	202.734	307.310	3.946	198	304	2	11	8	5
6	29.795	74.920	181	119	6761150	37354.418	18307.791	34302.000	13998	65535	334.199	346.265	3.978	1.744	0.319	1.773	334.293	346.219	3.970	331	342	2	7	10	5
7	30.947	81.228	188	138	5646401	30034.049	14191.951	26275.500	13937	65535	332.340	359.250	3.537	1.794	0.482	1.702	332.526	359.275	3.543	326	356	2	13	8	4
8	66.669	136.354	405	265	14059289	34714.293	15830.925	31562.000	13932	65535	383.274	371.620	4.049	2.252	0.656	2.236	383.117	371.384	4.050	376	366	2	16	12	5
9	22.058	58.232	134	92	4619232	34471.879	16649.848	30178.000	13971	65535	355.881	374.679	3.545	1.529	0.191	1.532	355.845	374.704	3.597	353	371	2	7	9	4
10	72.430	168.767	440	279	15035526	34171.648	16012.203	31239.000	13969	65535	392.509	422.970	5.111	2.762	0.920	2.773	392.899	422.796	5.072	382	415	2	18	16	7
11	48.067	100.984	292	169	11437738	39170.336	18880.770	34691.000	14157	65535	456.757	420.370	4.890	2.066	0.297	2.096	456.761	420.231	4.834	453	415	2	9	12	6
12	31.606	77.333	192	130	7037567	36653.996	17776.707	33154.500	13960	65535	349.953	430.094	4.036	1.751	0.356	1.792	349.931	430.275	4.044	347	425	2	7	11	5
13	35.392	85.504	215	136	8032742	37361.590	18311.793	32922.000	14359	65535	444.851	460.312	4.167	1.818	0.267	1.808	444.868	460.336	4.165	440	456	2	11	10	5
14	21.400	59.162	130	98	3450067	26538.977	10753.701	24409.500	14097	58887	594.762	549.277	3.838	1.464	0.260	1.456	594.842	549.124	3.792	591	545	2	8	9	4
15	37.532	83.952	228	146	8661298	37988.148	18317.994	35361.500	13963	65535	601.645	573.193	3.684	1.835	0.279	1.846	601.565	573.156	3.716	597	568	2	10	11	5
16	30.454	82.610	185	116	7388483	39937.746	19196.340	38006.000	13965	65535	518.730	571.968	4.281	1.868	0.445	1.853	518.827	572.020	4.273	514	568	2	10	9	6
17	24.692	61.334	150	118	4621406	30809.373	12482.098	28285.500	14008	63331	706.627	616.380	3.927	1.577	0.366	1.517	706.458	616.369	3.917	701	614	2	11	6	4
18	47.244	97.156	287	177	10806539	37653.445	18459.633	32434.000	13970	65535	754.293	627.805	4.341	2.026	0.370	1.976	754.274	627.805	4.316	748	624	2	13	8	5
19	48.890	115.638	297	188	11078107	37300.023	17520.188	34680.000	14092	65535	706.145	632.778	4.579	2.195	0.609	2.256	706.240	632.700	4.528	700	626	2	13	13	6
20	33.911	79.849	206	137	7160552	34759.961	16811.250	29269.500	14024	65535	860.286	692.325	4.481	1.809	0.323	1.790	860.450	692.340	4.410	855	689	2	12	7	5
21	38.520	105.706	234	187	6600543	28207.449	11766.630	25577.000	13969	65535	829.534	700.350	4.081	2.309	0.855	2.327	830.019	700.418	4.073	820	697	2	19	9	4
22	28.643	77.229	174	128	5676666	32624.518	15096.079	29091.500	13951	65535	157.224	200.563	4.718	1.762	0.493	1.816	157.088	200.546	4.694	152	197	3	12	8	4
23	14.157	43.442	86	71	2420622	28146.768	10798.349	26683.000	14296	65535	110.442	226.674	5.047	1.252	0.230	1.230	110.506	226.888	5.007	108	224	3	7	6	4
24	36.215	81.161	220	134	8756527	39802.395	19778.686	34544.000	13938	65535	200.091	255.514	5.050	1.909	0.321	1.969	200.146	255.518	4.993	197	251	3	7	10	5
25	9.218	37.786	56	55	1057615	18885.982	3590.607	18368.000	14008	31237	158.411	286.161	4.393	1.090	0.342	1.082	158.472	286.169	4.373	155	283	3	8	8	3
26	27.655	68.783	168	110	6320658	37622.965	18243.264	35736.500	14027	65535	225.375	299.488	4.929	1.696	0.291	1.696	225.394	299.454	4.912	222	295	3	8	9	5
27	36.874	80.160	224	138	9183523	40997.871	19059.164	35822.000	13933	65535	264.607	322.688	5.201	1.891	0.323	1.920	264.607	322.712	5.188	262	318	3	7	10	5
28	31.935	91.089	194	151	5818875	29994.201	12156.310	27668.000	13953	65535	245.479	340.376	4.577	2.166	0.738	2.221	245.311	340.117	4.594	240	334	3	11	14	5
29	29.795	72.886	181	121	6594855	36435.664	18209.023	29314.000	14497	65535	288.337	371.105	4.630	1.763	0.379	1.774	288.456	371.014	4.631	286	366	3	6	11	5
30	20.248	72.815	123	107	2533102	20594.326	5412.157	19327.000	14031	37893	396.504	392.634	4.593	1.605	0.499	1.580	396.554	392.619	4.585	392	387	3	10	11	4
31	46.750	101.121	284	175	10716833	37735.328	18262.352	36149.000	14002	65535	340.303	416.447	4.813	1.975	0.265	2.000	340.422	416.417	4.803	336	411	3	10	11	5
32	30.454	78.711	185	128	6351467	34332.254	16480.045	30232.000	14034	65535	428.011	438.708	4.411	1.726	0.345	1.711	428.228	438.851	4.387	423	435	3	11	9	4
33	42.306	93.331	257	153	10276730	39987.277	19512.490	37012.000	13997	65535	446.615	441.626	5.467	2.001	0.352	1.988	446.621	441.604	5.406	441	438	3	11	8	6
34	43.787	95.329	266	172	10170024	38233.172	18123.072	32714.500	14051	65535	437.406	469.353	4.654	1.925	0.318	1.924	437.497	469.421	4.674	431	465	3	13	9	5
35	28.149	66.300	171	117	6261350	36616.082	17380.004	32355.000	14093	65535	371.269	478.105	4.637	1.663	0.248	1.681	371.339	478.077	4.629	368	474	3	7	9	5
36	22.223	57.198	135	92	4629994	34296.250	16888.871	29882.000	14070	65535	385.956	483.756	4.333	1.537	0.191	1.538	385.963	483.772	4.277	383	480	3	7	8	4
37	15.309	48.819	93	80	1878401	20197.859	5945.359	18505.000	14009	37709	539.312	485.258	3.763	1.303	0.322	1.330	539.264	485.166	3.776	536	482	3	8	8	3
38	22.223	59.162	135	107	4074265	30179.740	11339.029	27476.000	14044	58604	489.081	486.393	4.993	1.459	0.270	1.445	489.218	486.442	4.957	485	483	3	9	8	4
39	20.906	59.370	127	94	3733967	29401.314	13984.515	24487.000	13976	65535	415.039	496.685	4.543	1.476	0.265	1.496	415.093	496.800	4.514	412	493	3	8	8	4
40	39.178	93.435	238	150	9634644	40481.699	19133.574	36394.500	13957	65535	507.408	499.887	5.109	2.006	0.456	2.059	507.530	499.930	5.070	501	497	3	13	8	6
41	35.063	79.608	213	132	8152968	38276.844	18806.475	32408.000	14182	65535	546.559	503.676	4.667	1.817	0.254	1.793	546.528	503.777	4.663	542	499	3	10	9	5
42	18.437	50.854	112	88	3039447	27137.920	9241.004	24978.000	14076	50342	451.562	522.223	4.920	1.382	0.261	1.380	451.554	522.341	4.880	448	519	3	8	8	4
43	21.235	56.613	129	90	4493681	34834.738	17918.488	28716.000	14079	65535	500.333	531.178	4.543	1.552	0.244	1.576	500.296	531.219	4.486	496	529	3	9	6	4
44	33.087	76.814	201	147	5969984	29701.412	12439.327	25584.000	14039	58124	538.473	543.318	4.846	1.683	0.328	1.716	538.581	543.345	4.777	533	539	3	11	9	4
45	79.015	149.800	480	302	15141803	31545.424	14404.782	27063.500	14054	65535	490.531	554.258	5.494	2.448	0.584	2.565	490.397	554.102	5.416	484	548	3	14	13	6
46	40.989	89.192	249	160	8755096	35161.027	17401.129	29939.000	14091	65535	663.514	568.908	4.510	1.873	0.276	1.834	663.677	569.019	4.457	659	564	3	10	11	4
47	42.964	94.984	261	164	9369155	35897.145	18232.760	30090.000	14078	65535	682.862	576.230	4.663	1.919	0.268	1.894	683.150	576.378	4.628	678	571	3	11	10	5
48	36.051	84.919	219	135	8538696	38989.480	18607.826	35204.000	14067	65535	643.251	589.032	4.776	1.911	0.336	1.937	643.283	588.981	4.695	639	585	3	10	10	5
49	59.590	116.876	362	226	12670672	35001.855	17080.613	30813.000	13952	65535	597.193	592.519	5.285	2.127	0.352	2.119	597.164	592.730	5.225	591	587	3	13	12	5
50	33.746	82.436	205	129	7629820	37218.633	18386.814	33287.000	14000	65535	659.468	596.898	4.756	1.797	0.295	1.786	659.531	596.876	4.749	656	592	3	8	11	5
51	13.992	45.580	85	62	2424136	28519.246	12973.665	24036.000	14221	59553	741.059	605.153	4.471	1.338	0.269	1.389	741.163	605.204	4.460	738	603	3	7	6	4
52	11.029	43.234	67	62	1345116	20076.357	4844.346	18846.000	14008	34268	725.254	607.060	3.985	1.290	0.405	1.258	725.306	607.055	3.978	720	605	3	10	5	3
53	44.117	112.462	268	213	6763010	25235.111	8489.101	23265.000	13941	49445	781.515	635.078	4.056	2.216	0.801	2.217	781.570	635.101	4.046	774	628	3	17	14	3
54	40.824	91.571	248	161	8587766	34628.090	16231.379	31661.500	13953	65535	752.133	653.435	5.077	1.892	0.368	1.942	752.144	653.506	5.039	747	650	3	12	8	5
55	40.660	89.225	247	166	8218357	33272.699	16391.414	27248.000	14024	65535	744.988	667.081	4.672	1.853	0.321	1.835	745.193	667.084	4.653	740	661	3	11	12	4
56	44.610	101.600	271	219	6595674	24338.281	7835.686	22399.000	13940	50775	811.886	684.310	4.148	1.887	0.554	1.938	811.814	684.184	4.159	805	679	3	15	11	3
57	54.487	130.736	331	227	10421943	31486.232	15368.281	27505.000	13985	65535	792.350	694.402	4.595	2.242	0.617	2.232	792.281	694.880	4.620	787	685	3	12	17	5
58	27.820	72.748	169	110	6281986	37171.516	17723.969	32507.000	14397	65535	717.568	696.740	4.769	1.709	0.291	1.727	717.595	696.790	4.731	714	692	3	8	10	5
59	53.170	115.085	323	192	11879570	36778.855	17554.736	34380.000	13931	65535	764.969	731.009	5.724	2.154	0.444	2.109	764.956	731.179	5.657	761	724	3	9	15	6
60	24.363	66.404	148	100	4694231	31717.777	15603.552	27745.000	14047	65535	815.696	735.149	5.047	1.595	0.297	1.574	815.725	735.190	5.024	812	732	3	9	7	5
61	36.380	82.540	221	139	8643047	39108.809	18881.691	36618.000	14046	65535	172.222	123.389	6.878	1.908	0.390	1.951	172.327	123.436	6.854	167	121	4	12	6	6
62	10.700	38.201	65	55	1349190	20756.770	5349.558	18909.000	14318	35335	139.877	135.415	5.077	1.145	0.202	1.158	139.851	135.338	5.107	137	133	4	7	6	3
63	43.294	120.948	263	175	7468149	28396.004	12102.409	25519.000	13965	62033	130.555	152.939	9.856	2.580	1.115	2.641	130.650	152.986	9.801	127	148	4	9	10	10
64	8.066	39.443	49	46	927582	18930.244	4030.794	17499.000	14192	30353	153.429	158.735	4.796	1.037	0.311	1.055	153.345	158.658	4.802	151	156	4	7	6	3
65	17.120	54.578	104	78	2734757	26295.740	10106.291	21569.500	13983	53294	111.000	161.538	5.750	1.448	0.310	1.462	111.055	161.503	5.721	108	158	4	8	8	4
66	5.432	26.720	33	32	658497	19954.455	4350.225	18895.000	14390	30861	228.212	192.394	5.212	0.958	0.294	0.958	228.126	192.377	5.211	227	190	4	4	7	3
67	23.375	62.646	142	100	4499390	31685.846	14596.248	27617.500	14035	65535	47.542	197.035	5.570	1.581	0.257	1.585	47.611	196.842	5.610	45	194	4	7	8	5
68	63.706	124.258	387	213	15504047	40062.137	19530.330	36873.000	13945	65535	238.953	198.344	6.767	2.395	0.489	2.460	239.000	198.250	6.830	236	192	4	7	15	7
69	10.535	37.201	64	57	1524751	23824.234	8041.099	21795.000	14001	47989	79.953	218.016	4.688	1.127	0.275	1.125	79.901	218.027	4.674	77	215	4	8	6	3
70	4.938	25.894	30	29	768470	25615.666	11517.463	22729.000	14038	57238	156.000	222.367	5.200	0.992	0.359	1.001	156.036	222.572	5.177	155	220	4	3	5	4
71	46.915	108.363	285	187	10352771	36325.512	17731.279	31060.000	13932	65535	147.253	227.779	5.632	2.038	0.431	2.019	147.229	227.666	5.614	142	223	4	11	12	5
72	35.063	81.746	213	133	8321452	39067.852	18035.117	34489.000	14097	65535	156.441	239.859	5.761	1.840	0.271	1.804	156.458	239.953	5.709	152	236	4	9	9	5
73	17.614	56.679	107	104	2797431	26144.215	7815.155	25971.000	14020	42129	269.196	249.439	4.551	1.432	0.549	1.412	269.126	249.521	4.531	265	245	4	10	11	3
74	10.535	40.821	64	56	1303232	20363.000	4727.636	19652.000	13989	32494	239.750	276.859	5.172	1.193	0.321	1.223	239.687	276.821	5.171	237	274	4	6	7	4
75	9.712	40.580	59	53	1264638	21434.543	5320.991	20911.000	14207	33417	248.424	284.169	4.746	1.254	0.408	1.305	248.398	284.185	4.717	246	280	4	6	9	3
76	1.975	14.205	12	12	197784	16482.000	1766.496	16306.000	14032	20416	160.667	319.250	4.750	0.781	0.314	0.852	160.651	319.218	4.764	160	317	4	3	6	2
77	7.737	33.098	47	47	887696	18887.148	3485.758	18383.000	14157	27903	191.957	319.596	4.468	1.011	0.278	0.973	191.956	319.607	4.476	189	317	4	7	6	2
78	17.778	54.923	108	80	2941886	27239.686	10452.363	24095.000	14197	54720	234.389	328.250	5.722	1.445	0.310	1.431	234.395	328.334	5.681	231	325	4	8	8	4
79	33.252	74.575	202	124	7770525	38467.945	18821.795	32108.500	13932	65535	305.005	362.851	5.916	1.844	0.313	1.863	304.988	362.893	5.930	302	359	4	7	9	5
80	17.778	48.578	108	85	2845197	26344.416	9209.424	23348.000	14280	52360	410.528	389.389	5.037	1.350	0.216	1.370	410.605	389.403	5.004	407	386	4	8	8	3
81	32.429	101.292	197	170	4632073	23513.061	9263.422	19918.000	13947	55564	319.005	424.193	5.711	2.266	0.935	2.177	318.692	425.103	5.592	314	414	4	10	18	4
82	35.392	79.849	215	139	7668777	35668.730	16841.246	31155.000	13988	65535	543.367	458.121	5.619	1.809	0.269	1.786	543.499	458.133	5.651	538	455	4	11	8	5
83	8.725	29.029	53	53	998999	18849.037	2778.227	18955.000	14403	24440	379.679	474.755	4.472	0.952	0.233	0.978	379.655	474.808	4.465	377	472	4	6	6	2
84	21.894	58.336	133	94	4008942	30142.422	12666.787	28085.000	14330	65535	483.744	495.226	5.271	1.521	0.245	1.532	483.795	495.339	5.244	480	491	4	7	9	4
85	12.675	57.646	77	70	1554035	20182.273	5120.302	18503.000	13943	35859	574.195	497.507	4.753	1.310	0.385	1.355	574.158	497.316	4.774	570	495	4	9	8	3
86	50.207	102.259	305	188	11013407	36109.531	17691.084	32024.000	14042	65535	388.544	502.600	6.239	2.048	0.331	2.018	388.580	502.588	6.250	383	499	4	12	9	5
87	18.601	58.058	113	106	2684952	23760.637	5897.639	23634.000	14100	36243	443.230	511.319	4.628	1.484	0.536	1.469	443.270	511.362	4.598	439	506	4	10	11	3
88	11.358	42.889	69	61	1329309	19265.348	3705.158	18497.000	14233	28812	646.580	519.942	5.072	1.171	0.300	1.160	646.616	519.912	5.065	643	517	4	8	7	3
89	34.898	92.190	212	178	5209958	24575.273	7763.733	23111.500	13936	46782	565.340	579.156	5.189	1.992	0.668	1.995	565.391	579.248	5.227	559	573	4	13	13	3
90	25.680	66.230	156	123	4078849	26146.469	9350.295	24311.000	13984	52333	698.654	603.808	5.314	1.561	0.339	1.574	698.493	603.933	5.295	694	600	4	10	8	4
91	42.800	94.707	260	183	7890230	30347.039	12802.223	28098.500	13943	65535	599.638	610.285	6.235	1.844	0.393	1.905	599.752	610.408	6.190	594	606	4	12	10	5
92	54.158	134.290	329	224	9736546	29594.365	12846.969	25962.000	13944	65535	594.833	626.246	6.812	2.383	0.720	2.468	595.293	626.098	6.675	587	622	4	16	11	7
93	14.321	40.614	87	71	2151213	24726.586	7597.203	22629.000	14001	42685	648.575	628.897	4.908	1.247	0.186	1.254	648.645	628.970	4.865	646	626	4	6	7	3
94	35.227	104.431	214	173	5198305	24291.145	8210.702	22920.500	13994	56694	630.318	639.893	6.715	2.395	0.799	2.630	630.436	639.979	6.797	625	635	4	13	10	7
95	43.294	90.915	263	167	8894493	33819.363	15143.108	30222.000	13960	65535	821.164	651.825	5.414	1.933	0.325	1.915	821.219	651.893	5.367	817	647	4	10	11	4
96	41.318	97.605	251	172	7330596	29205.562	12613.071	25116.000	13944	65407	847.797	727.430	5.367	2.064	0.606	2.002	847.868	727.573	5.376	844	720	4	9	15	4
97	24.857	68.161	151	115	3873950	25655.299	9338.320	23137.000	13993	51919	848.570	751.225	5.755	1.556	0.371	1.543	848.625	751.338	5.732	845	746	4	8	11	4
98	9.712	44.235	59	59	1039049	17611.000	2595.125	17350.000	13955	23497	142.136	109.288	5.559	1.108	0.299	1.132	142.198	109.324	5.576	139	106	5	8	7	2
99	13.828	39.302	84	84	1684379	20052.131	3682.209	19850.500	13955	29086	111.381	141.036	5.524	1.150	0.331	1.171	111.451	141.018	5.548	108	137	5	8	8	2
100	21.564	56.957	131	93	4365396	33323.633	15738.425	30684.000	14050	65535	226.649	181.588	6.649	1.546	0.271	1.569	226.775	181.589	6.626	224	177	5	6	10	4
101	36.051	83.436	219	135	8749984	39954.266	18888.988	36740.000	14011	65535	280.425	234.146	7.000	1.919	0.340	1.975	280.423	234.125	7.009	277	230	5	9	9	5
102	12.511	41.614	76	61	1782413	23452.803	7200.196	22297.500	14307	43142	312.105	263.355	6.276	1.235	0.269	1.239	312.125	263.378	6.324	310	261	5	6	6	4
103	54.981	115.741	334	195	13190727	39493.195	18597.344	35356.000	13963	65535	322.701	276.940	7.928	2.238	0.443	2.222	322.734	276.888	7.884	318	271	5	11	13	6
104	4.609	22.065	28	28	497348	17762.428	2992.451	17153.500	13950	23693	441.750	412.143	5.607	0.821	0.233	0.789	441.760	412.127	5.603	439	410	5	6	5	2
105	6.420	32.787	39	39	674256	17288.615	1907.715	17101.000	14008	22228	332.692	433.513	6.103	1.029	0.393	1.056	332.674	433.560	6.099	331	429	5	6	9	3
106	8.395	30.719	51	50	1130298	22162.705	4918.000	21881.000	14140	33085	514.490	444.686	5.529	0.957	0.252	0.956	514.542	444.737	5.536	512	442	5	6	7	3
107	1.646	12.170	10	10	172114	17211.400	2532.590	16531.500	13943	22963	588.300	515.500	5.000	0.654	0.270	0.685	588.314	515.465	5.000	586	514	5	5	4	1
108	8.725	39.580	53	48	978207	18456.736	3826.187	17404.000	13948	28792	656.604	529.113	6.170	1.135	0.329	1.129	656.760	529.132	6.133	653	526	5	8	7	3
109	24.692	61.886	150	104	4594766	30631.773	13086.848	28451.000	14014	65028	511.300	581.340	6.687	1.567	0.195	1.586	511.270	581.346	6.713	507	578	5	9	8	4
110	7.408	34.132	45	45	825204	18337.867	3507.051	17554.000	13973	25587	753.556	679.600	5.333	0.998	0.325	0.949	753.554	679.675	5.331	751	676	5	6	8	2
111	29.466	83.159	179	145	4396021	24558.777	7667.421	23478.000	13951	51173	682.240	680.352	6.564	1.903	0.648	1.934	682.424	680.297	6.625	676	677	5	14	8	5
112	3.292	20.824	20	20	328896	16444.801	2361.390	15606.000	13957	21823	902.350	698.700	5.100	1.000	0.385	1.005	902.315	698.655	5.085	899	697	5	7	5	2
113	6.420	28.443	39	39	725429	18600.744	3167.459	17815.000	14226	27827	868.615	707.436	5.641	0.973	0.332	0.928	868.610	707.435	5.670	867	703	5	5	9	2
114	35.063	88.536	213	164	4707212	22099.586	7158.059	19725.000	13965	43796	908.197	712.906	6.216	1.845	0.491	1.802	908.305	712.946	6.253	902	710	5	14	7	4
115	17.614	64.058	107	93	2031097	18982.215	4413.297	17386.000	13932	32080	882.841	781.523	6.215	1.411	0.433	1.398	882.947	781.514	6.197	879	777	5	8	10	3
116	48.067	128.638	292	183	9965520	34128.492	16556.090	31738.000	13934	65535	88.976	253.476	8.466	2.444	0.772	2.579	89.013	253.513	8.447	83	246	6	12	15	6
117	29.301	72.126	178	124	4948264	27799.236	10872.661	26099.000	14077	64199	325.073	306.607	7.309	1.641	0.248	1.667	324.994	306.548	7.298	321	302	6	9	10	4
118	27.491	66.300	167	110	5919864	35448.289	17278.654	30567.000	14386	65535	372.407	328.545	7.443	1.672	0.234	1.642	372.378	328.512	7.426	368	325	6	9	8	4
119	40.495	93.780	246	151	9121830	37080.609	17980.324	32911.000	13995	65535	192.110	346.285	8.085	2.013	0.379	2.048	192.161	346.369	8.141	187	342	6	11	9	5
120	18.766	52.543	114	86	3388479	29723.500	13136.554	27234.500	13970	64906	410.658	397.421	7.237	1.410	0.223	1.399	410.708	397.366	7.221	407	395	6	8	6	4
121	51.689	131.981	314	211	11119078	35411.078	18590.688	28680.500	14060	65535	434.427	398.248	8.863	2.340	0.724	2.276	434.900	398.572	8.618	427	393	6	15	10	7
122	27.984	67.853	170	106	6571990	38658.766	18980.027	32531.000	14107	65535	447.671	542.188	7.953	1.782	0.325	1.776	447.693	542.179	7.904	444	539	6	8	8	5
123	17.614	54.371	107	85	2633175	24609.111	7323.889	24263.000	13971	42506	721.888	561.570	7.607	1.370	0.321	1.389	721.891	561.599	7.609	718	559	6	9	6	4
124	5.926	21.617	36	36	715357	19871.027	4080.661	18937.000	14388	31360	802.944	627.417	6.528	0.846	0.207	0.865	802.980	627.496	6.517	800	626	6	6	4	2
125	39.014	102.641	237	153	7151902	30176.801	14503.767	24960.000	13935	65535	842.768	649.519	8.582	2.069	0.651	2.119	842.844	649.389	8.579	837	645	6	12	11	6
126	29.137	71.851	177	116	6086029	34384.344	16344.535	29728.000	14425	65535	633.000	657.977	8.316	1.734	0.293	1.766	633.010	657.994	8.328	630	653	6	8	10	5
127	13.005	42.441	79	69	1700680	21527.596	6563.666	19975.000	14083	41622	864.772	806.987	6.886	1.223	0.245	1.230	864.839	807.064	6.878	862	803	6	6	9	3
128	40.330	94.262	245	148	9310702	38002.867	18120.682	34869.000	14116	65535	195.576	140.947	9.596	1.937	0.315	1.920	195.578	140.970	9.562	191	136	7	10	11	6
129	7.243	33.098	44	44	847114	19252.592	3641.026	18844.500	13944	28258	169.386	156.386	7.477	1.051	0.395	1.004	169.266	156.380	7.466	167	154	7	8	7	2
130	11.852	46.303	72	66	1540068	21389.834	5297.157	20411.000	14053	36703	490.236	419.306	8.292	1.311	0.508	1.229	490.189	419.406	8.315	486	416	7	10	7	4
131	35.063	82.125	213	139	7713836	36215.191	16826.160	31777.000	13948	65535	326.141	440.657	9.469	1.814	0.318	1.786	326.244	440.669	9.472	323	435	7	8	12	5
132	47.409	114.704	288	207	7725610	26825.035	9958.241	24819.500	13990	59763	380.760	483.177	9.010	2.137	0.622	2.194	380.642	483.390	8.909	376	477	7	12	14	5
133	20.906	56.060	127	89	3466305	27293.740	10430.918	24273.000	13960	53419	601.331	496.874	8.693	1.495	0.213	1.477	601.453	496.909	8.684	598	494	7	8	7	4
134	20.577	54.474	125	84	3130078	25040.623	9093.743	22309.000	13952	47369	708.368	557.064	8.392	1.497	0.177	1.507	708.373	557.072	8.395	705	554	7	8	7	4
135	51.524	104.776	313	194	10238194	32709.885	14797.995	28122.000	13980	65535	823.482	624.482	9.412	2.078	0.396	2.073	823.655	624.354	9.400	817	621	7	14	8	6
136	20.577	63.954	125	109	2735202	21881.615	6068.864	21013.000	13940	40624	869.440	662.272	8.200	1.448	0.449	1.494	869.299	662.268	8.213	865	659	7	11	8	4
137	8.560	35.959	52	52	920139	17694.980	2475.775	17574.000	13950	25296	709.269	700.788	7.462	1.113	0.424	1.035	709.282	700.827	7.449	707	696	7	5	10	2
138	15.145	54.852	92	88	1782708	19377.262	3833.008	19539.500	13934	30022	758.620	719.685	8.543	1.244	0.438	1.218	758.604	719.610	8.529	756	715	7	7	11	4
139	26.009	77.022	158	128	3664643	23193.943	6896.695	22094.500	13935	41978	794.487	740.823	9.000	1.700	0.530	1.635	794.465	740.966	8.994	791	735	7	8	13	5
140	12.181	46.303	74	67	1458416	19708.324	4372.617	18874.500	14014	31638	820.054	768.946	7.784	1.309	0.490	1.315	820.047	768.965	7.794	818	764	7	5	11	3
141	8.231	37.097	50	50	856890	17137.801	2264.212	17055.500	13936	24670	838.820	787.640	7.320	1.115	0.419	1.071	838.763	787.729	7.308	836	783	7	6	9	2
142	8.560	30.511	52	52	943966	18153.191	2413.815	18076.000	14183	24162	147.769	91.865	8.423	0.982	0.270	1.012	147.802	91.849	8.402	145	89	8	7	6	2
143	16.297	47.819	99	92	2184802	22068.707	6129.721	20371.000	14057	38489	151.495	122.253	9.374	1.267	0.371	1.289	151.481	122.495	9.395	148	118	8	8	9	3
144	42.635	101.329	259	166	8161974	31513.414	13401.902	28426.000	14132	65535	255.552	219.622	9.927	1.961	0.413	1.989	255.540	219.705	9.924	251	214	8	11	12	5
145	16.791	50.716	102	75	2863131	28069.912	12308.405	24489.000	13930	62169	363.078	350.716	9.676	1.416	0.284	1.449	363.073	350.664	9.660	360	348	8	7	7	4
146	31.771	73.608	193	130	5885849	30496.627	14036.427	25639.000	13943	65535	350.974	361.917	9.472	1.727	0.266	1.727	351.174	362.048	9.410	346	358	8	10	8	4
147	20.248	60.196	123	102	2917541	23719.846	6422.817	24519.000	14020	40111	568.862	477.870	9.593	1.394	0.357	1.431	568.896	477.857	9.558	565	474	8	9	9	4
148	31.277	80.609	190	124	6208621	32676.953	14691.082	31069.000	14070	65535	484.316	482.589	10.089	1.730	0.319	1.756	484.248	482.535	10.010	480	478	8	9	9	5
149	44.117	98.260	268	180	9146324	34128.074	16474.219	29435.500	13990	65535	417.504	507.896	9.709	2.035	0.510	2.062	417.288	507.681	9.682	413	503	8	10	13	5
150	21.729	60.059	132	101	3993829	30256.281	12170.109	27748.000	14177	65535	561.265	510.561	9.977	1.510	0.339	1.475	561.200	510.500	9.956	557	507	8	10	8	4
151	40.824	106.465	248	190	7256129	29258.584	11045.450	27642.000	14001	64530	684.992	545.109	10.048	2.134	0.658	2.264	685.122	545.280	10.011	679	539	8	14	12	5
152	21.071	61.542	128	98	2954314	23080.578	6753.784	21071.500	13933	38306	749.211	591.227	9.820	1.497	0.363	1.449	749.278	591.153	9.777	744	588	8	11	7	4
153	37.203	83.573	226	140	7943433	35147.934	16646.508	32993.000	13940	65535	664.695	659.301	10.146	1.879	0.269	1.875	664.572	659.405	10.104	661	655	8	9	9	5
154	6.420	30.823	39	36	736163	18875.975	4356.634	17392.000	14293	31372	742.231	708.949	9.000	0.963	0.276	1.007	742.236	708.913	8.990	740	706	8	5	7	3
155	9.218	33.580	56	56	1024035	18286.340	3020.090	17654.000	14028	25799	826.911	759.429	9.339	1.019	0.310	1.022	826.834	759.492	9.318	824	757	8	7	7	3
156	27.161	71.470	165	126	3549027	21509.254	5530.833	20528.000	13967	37581	869.230	796.091	9.048	1.632	0.445	1.603	869.149	796.065	9.057	864	792	8	11	10	3
157	46.421	98.883	282	157	11362399	40292.195	19092.969	37609.500	14018	65535	147.504	104.528	11.305	2.123	0.384	2.150	147.614	104.643	11.238	143	100	9	10	9	6
158	22.552	61.404	137	95	3531674	25778.643	9334.299	23376.000	14088	51072	94.891	164.664	10.555	1.582	0.292	1.586	94.993	164.621	10.533	91	161	9	9	8	5
159	35.886	88.124	218	137	6577459	30171.830	13836.457	26346.500	13941	65535	174.353	173.624	11.014	1.872	0.368	1.938	174.405	173.568	11.013	171	169	9	9	11	5
160	26.338	74.920	160	111	4291857	26824.105	11916.549	23595.500	13951	65535	224.206	186.894	10.819	1.720	0.412	1.759	224.435	186.971	10.796	219	184	9	11	7	5
161	34.075	81.057	207	126	6820845	32950.941	16182.038	28069.000	13937	65535	147.435	247.942	11.208	1.873	0.336	1.900	147.546	247.969	11.232	144	243	9	8	10	5
162	33.746	82.988	205	130	6945586	33880.906	16008.985	30592.000	14007	65535	210.341	249.176	11.746	1.838	0.358	1.837	210.236	249.071	11.695	206	245	9	9	10	6
163	31.277	84.400	190	149	4520073	23789.857	7925.834	22457.500	13959	43794	289.926	292.684	11.237	1.750	0.499	1.741	289.660	292.660	11.184	285	289	9	13	8	5
164	12.840	47.718	78	63	2099735	26919.680	10586.634	25251.500	13951	56745	261.154	328.167	10.949	1.345	0.408	1.308	261.071	328.160	10.951	257	326	9	9	5	5
165	39.014	90.607	237	153	8092699	34146.410	17343.066	29413.000	13984	65535	301.629	348.325	11.051	1.986	0.465	2.056	301.651	348.345	11.060	296	345	9	13	7	5
166	24.692	62.335	150	108	3869561	25797.074	9676.832	22797.000	14187	52136	361.773	372.680	10.760	1.563	0.261	1.560	361.753	372.600	10.756	358	370	9	9	7	4
167	45.104	111.980	274	201	6530101	23832.486	7428.590	22195.500	13996	43988	392.985	375.876	10.464	1.932	0.532	1.899	393.075	376.027	10.460	387	370	9	14	12	4
168	25.351	67.060	154	99	4798774	31160.871	15013.276	26733.000	13966	65535	486.117	428.656	11.149	1.690	0.317	1.650	486.248	428.620	11.152	482	425	9	9	8	5
169	33.911	100.710	206	141	6987385	33919.344	18993.039	25602.500	13963	65535	353.282	453.961	11.388	2.275	0.933	2.058	354.055	453.867	11.536	343	451	9	16	7	6
170	21.235	61.163	129	96	3613709	28013.248	11672.394	23659.000	14100	57072	472.085	465.194	10.721	1.610	0.402	1.646	472.117	465.340	10.723	469	460	9	7	10	4
171	35.557	78.159	216	144	6343145	29366.412	11543.411	27221.500	14158	60930	624.968	519.380	10.361	1.768	0.241	1.772	625.061	519.348	10.339	620	515	9	10	9	4
172	12.511	42.856	76	58	1800539	23691.303	7074.849	22631.000	14584	37316	536.605	518.553	10.539	1.266	0.267	1.274	536.588	518.543	10.544	534	516	9	7	6	4
173	13.663	48.752	83	61	2065173	24881.602	9736.574	21624.000	13994	53094	593.277	534.337	11.036	1.391	0.383	1.371	593.242	534.321	11.034	591	531	9	6	7	5
174	8.231	42.648	50	50	882038	17640.760	2549.918	17135.000	13934	23112	537.520	600.400	9.600	1.169	0.301	1.194	537.527	600.396	9.617	534	597	9	8	8	2
175	29.960	73.919	182	118	5070156	27858.000	11769.102	24046.000	14011	65535	783.720	601.027	11.335	1.746	0.284	1.726	783.656	601.158	11.300	780	597	9	9	9	5
176	13.828	48.441	84	68	1830694	21793.977	6564.846	19383.500	13997	39630	702.512	615.214	10.631	1.279	0.302	1.263	702.531	615.147	10.611	698	613	9	9	6	4
177	32.100	79.745	195	141	5182455	26576.691	8877.885	25555.000	13940	52911	615.333	627.364	10.313	1.794	0.443	1.774	615.241	627.428	10.295	610	623	9	12	10	4
178	18.437	61.438	112	92	2238957	19990.688	5095.429	18857.000	13986	35736	874.866	700.455	10.089	1.462	0.446	1.406	874.906	700.413	10.100	872	695	9	7	11	3
179	3.622	26.824	22	22	360066	16366.637	2193.729	15480.000	14135	22311	919.091	715.727	9.182	1.120	0.439	1.232	919.043	715.840	9.162	916	713	9	8	7	2
180	13.828	45.854	84	69	1685003	20059.559	4636.855	18911.000	14049	35385	862.060	718.393	10.048	1.251	0.233	1.241	861.933	718.405	10.066	859	714	9	7	9	3
181	14.486	48.337	88	68	1874609	21302.375	5563.754	20357.500	14001	38282	808.250	731.375	10.886	1.349	0.325	1.304	808.188	731.379	10.875	805	728	9	8	8	4
182	36.380	93.228	221	148	7060315	31947.127	13769.481	29352.000	13962	65535	127.824	118.240	12.018	1.899	0.465	1.982	128.011	118.368	11.978	122	115	10	12	8	5
183	8.066	34.099	49	42	987425	20151.531	5510.827	18516.000	13998	33670	67.816	172.796	11.959	1.097	0.275	1.076	67.920	172.942	11.918	66	170	10	5	7	4
184	19.918	60.611	121	92	2852576	23575.008	7622.406	21756.000	14059	42298	109.207	215.537	11.785	1.510	0.357	1.529	109.354	215.415	11.765	105	212	10	9	9	4
185	20.577	62.750	125	89	3303614	26428.912	9011.305	25394.000	14024	50322	137.936	225.080	12.000	1.549	0.387	1.511	137.932	225.063	11.999	135	221	10	7	9	5
186	28.478	68.542	173	108	6092363	35215.973	17332.188	30517.000	13943	65535	91.052	232.653	11.994	1.751	0.313	1.731	91.082	232.714	11.998	88	229	10	7	8	5
187	26.832	74.057	163	132	4678458	28702.197	11310.914	26173.000	14073	57800	220.589	237.258	11.000	1.805	0.583	1.787	220.671	237.257	11.021	216	232	10	9	13	3
188	3.951	20.238	24	24	413858	17244.084	2622.870	16787.500	14298	23685	241.500	390.292	10.375	0.859	0.325	0.821	241.548	390.374	10.375	239	387	10	5	7	2
189	5.926	24.100	36	33	764196	21227.666	5598.976	19748.500	14074	31995	350.083	398.444	11.556	0.889	0.231	0.887	350.123	398.465	11.528	348	397	10	5	4	4
190	29.795	69.231	181	111	6420038	35469.824	18526.445	28538.000	13965	65535	299.547	417.912	12.061	1.785	0.290	1.788	299.659	417.928	12.027	296	415	10	8	7	5
191	31.277	85.297	190	145	5038888	26520.463	10296.700	23522.000	14016	60992	460.858	420.384	11.684	2.059	0.687	2.126	461.346	420.206	11.611	454	417	10	14	8	4
192	29.466	73.712	179	125	4748958	26530.492	10813.752	23173.000	14143	55670	329.307	426.436	11.525	1.670	0.268	1.643	329.220	426.638	11.507	325	421	10	10	10	4
193	14.321	55.508	87	79	1781257	20474.219	5160.595	19189.000	13930	35453	580.437	492.345	10.977	1.302	0.400	1.399	580.397	492.229	10.994	577	489	10	8	8	3
194	23.375	65.885	142	115	3412640	24032.676	7179.350	22845.500	13959	45529	456.387	495.113	11.979	1.521	0.353	1.479	456.549	495.148	11.959	452	491	10	9	10	4
195	5.432	24.341	33	31	567962	17210.969	2668.253	16172.000	13993	22558	506.545	491.848	10.970	0.897	0.236	0.956	506.540	491.850	10.957	504	490	10	5	5	3
196	32.758	87.676	199	146	5195782	26109.457	9532.460	24183.000	13992	55604	549.281	554.452	11.628	1.960	0.675	1.968	549.251	554.500	11.660	542	552	10	15	6	4
197	2.963	17.618	18	18	311601	17311.166	2142.945	17190.000	14133	21884	590.111	586.556	10.500	0.819	0.247	0.777	590.113	586.579	10.491	588	585	10	6	4	2
198	6.420	27.858	39	37	731104	18746.256	4038.314	17987.000	14090	31744	632.282	591.820	11.282	0.987	0.316	0.933	632.202	591.761	11.270	629	590	10	7	5	3
199	2.305	15.239	14	14	242534	17323.857	2489.975	16770.000	13953	21489	557.214	591.857	11.000	0.706	0.287	0.718	557.314	591.887	10.989	555	590	10	5	4	3
200	3.786	19.549	23	21	428770	18642.174	3479.147	17779.000	14201	27413	662.478	632.435	11.043	0.842	0.264	0.952	662.448	632.451	11.062	661	631	10	4	4	3
201	13.169	44.787	80	63	1865431	23317.887	7903.120	20867.500	13996	43811	693.287	646.213	11.812	1.295	0.286	1.296	693.398	646.277	11.815	690	644	10	8	6	4
202	4.774	26.479	29	29	466602	16089.725	1855.250	15761.000	13988	21392	858.345	682.310	10.517	0.982	0.282	0.923	858.317	682.282	10.526	856	680	10	6	6	2
203	5.268	23.892	32	32	579036	18094.875	2886.141	18271.500	14074	24649	770.281	684.969	10.594	0.881	0.280	0.799	770.314	684.991	10.614	767	683	10	7	5	2
204	7.901	31.408	48	47	869537	18115.354	3340.642	17456.500	14086	25492	828.146	741.167	10.667	1.017	0.344	0.994	828.171	741.190	10.691	825	739	10	7	6	3
205	6.749	28.099	41	41	791894	19314.488	3798.466	19141.000	13970	26152	116.854	221.634	11.585	0.989	0.316	0.987	116.893	221.658	11.592	114	219	11	7	5	3
206	26.667	70.299	162	120	4119702	25430.260	9296.783	22732.000	13960	46023	134.685	264.840	12.599	1.606	0.300	1.618	134.695	264.899	12.580	131	260	11	9	10	4
207	14.321	42.545	87	73	2011829	23124.471	6261.006	22680.000	14004	38287	184.575	285.069	11.862	1.276	0.265	1.293	184.508	285.055	11.825	182	282	11	8	6	3
208	26.174	71.092	159	118	3917785	24640.158	8363.177	23000.000	13964	46469	150.981	294.880	12.302	1.580	0.321	1.579	150.962	295.108	12.297	147	290	11	9	10	4
209	5.268	21.721	32	28	580491	18140.344	2915.317	17679.000	13990	24712	168.438	316.406	11.781	0.910	0.186	0.906	168.490	316.411	11.784	166	315	11	5	4	3
210	16.955	54.715	103	86	2196541	21325.641	5342.867	20081.000	13947	34923	295.505	389.728	12.029	1.461	0.435	1.413	295.496	389.693	12.036	291	387	11	11	6	3
211	3.786	19.101	23	21	395163	17181.000	2979.858	16245.000	13968	23719	384.565	389.348	12.217	0.845	0.237	0.815	384.650	389.362	12.204	382	388	11	6	3	3
212	2.469	14.894	15	15	276806	18453.732	2663.091	18148.000	14747	22969	446.067	439.800	11.667	0.718	0.226	0.707	446.064	439.800	11.670	444	438	11	5	4	2
213	13.334	44.613	81	74	1515331	18707.791	3857.303	17873.000	13985	30940	433.185	493.383	12.222	1.210	0.351	1.213	433.228	493.227	12.183	430	490	11	8	9	3
214	12.675	44.476	77	66	1519999	19740.246	3929.965	18946.000	13961	28056	461.792	533.584	12.312	1.209	0.306	1.232	461.691	533.499	12.315	458	531	11	8	7	4
215	5.926	26.375	36	35	627951	17443.084	2743.736	16791.000	14148	23723	641.278	631.861	12.306	0.965	0.336	0.921	641.289	631.884	12.288	638	631	11	7	3	3
216	2.305	17.963	14	14	215645	15403.214	962.604	15227.500	14386	17841	783.643	643.286	11.429	0.762	0.201	0.764	783.654	643.289	11.428	782	642	11	5	4	2
217	12.181	54.956	74	74	1270640	17170.811	2468.693	16411.500	14032	24210	267.716	381.027	12.432	1.331	0.431	1.354	267.708	381.127	12.415	263	377	12	9	10	2
218	4.280	21.721	26	26	434690	16718.846	2681.316	15619.000	13988	22984	383.346	449.769	12.346	0.832	0.254	0.826	383.398	449.776	12.316	380	448	12	7	4	2
