 	Volume (micron^3)	Surface (micron^2)	Nb of obj. voxels	Nb of surf. voxels	IntDen	Mean	StdDev	Median	Min	Max	X	Y	Z	Mean dist. to surf. (micron)	SD dist. to surf. (micron)	Median dist. to surf. (micron)	XM	YM	ZM	BX	BY	BZ	B-width	B-height	B-depth
1	32.264	80.538	196	140	6456552	32941.594	15566.584	28632.500	13268	65535	622.724	165.026	4.969	1.693	0.323	1.692	622.818	164.943	4.937	619	160	3	8	11	5
2	24.034	64.577	146	104	4785879	32779.992	15173.303	29123.500	13300	65535	563.500	216.760	5.288	1.604	0.313	1.610	563.508	216.620	5.215	560	212	3	7	9	5
3	58.273	129.254	354	232	11295966	31909.508	15715.695	26461.000	13240	65535	583.811	223.788	5.339	2.303	0.675	2.189	583.690	223.872	5.280	579	216	3	11	17	5
4	28.972	73.508	176	107	7099743	40339.449	19885.523	38749.000	13282	65535	640.574	232.562	5.540	1.825	0.402	1.792	640.552	232.542	5.550	637	230	3	9	7	6
5	37.697	88.054	229	151	7873431	34381.793	16551.447	30638.000	13305	65535	747.852	248.620	5.271	1.860	0.339	1.840	747.873	248.552	5.170	743	243	3	10	11	5
6	21.729	56.164	132	91	4556376	34518.000	17122.582	29611.000	13285	65535	734.720	274.841	5.394	1.550	0.237	1.578	734.767	274.881	5.321	731	272	3	8	6	5
7	48.561	107.466	295	197	10691622	36242.785	17762.266	32205.000	13292	65535	753.858	278.092	5.461	2.167	0.593	2.119	753.862	278.086	5.381	746	275	3	16	8	5
8	52.677	123.843	320	203	11556690	36114.656	17823.777	32102.000	13275	65535	711.609	280.941	4.981	2.301	0.673	2.288	711.797	280.706	4.969	704	276	3	15	13	5
9	36.051	89.225	219	167	6536419	29846.662	12426.269	27474.000	13313	65535	535.493	300.260	4.959	1.869	0.572	1.793	535.228	300.168	4.918	529	296	3	16	9	5
10	35.392	90.952	215	137	7531930	35032.234	17683.871	32367.000	13236	65535	584.419	305.191	4.888	1.944	0.449	1.985	584.462	305.110	4.881	580	300	3	10	12	5
11	26.009	67.060	158	106	5800290	36710.695	17991.096	33198.000	13235	65535	605.620	343.380	5.285	1.668	0.282	1.666	605.662	343.366	5.235	602	339	3	7	9	5
12	40.660	91.882	247	157	8585524	34759.207	17710.176	32210.000	13278	65535	694.842	543.810	4.939	1.961	0.379	2.000	694.906	543.977	4.915	691	538	3	8	12	5
13	30.289	89.918	184	138	5717254	31072.033	14869.951	28352.000	13299	65535	553.690	547.571	5.223	1.964	0.671	1.892	553.600	547.784	5.153	549	540	3	10	14	5
14	32.594	77.610	198	122	8236317	41597.562	19723.607	37393.500	13238	65535	615.061	670.712	5.904	1.892	0.376	1.925	615.090	670.626	5.893	612	667	3	7	9	6
15	44.281	97.571	269	164	9966929	37051.781	17905.236	33962.000	13478	65535	602.268	761.420	5.283	2.033	0.380	2.017	602.293	761.372	5.217	598	757	3	10	11	5
16	42.964	89.711	261	157	10198124	39073.273	19545.141	34073.000	13301	65535	568.893	784.839	5.847	1.996	0.327	2.049	568.936	784.781	5.801	566	780	3	7	11	6
17	59.096	120.600	359	230	12806999	35674.094	17042.082	31662.000	13238	65535	622.036	896.084	5.368	2.217	0.541	2.177	622.107	896.162	5.310	618	888	3	9	17	6
18	45.434	95.881	276	164	10686469	38719.090	18256.566	33908.000	13423	65535	590.909	924.453	5.254	2.002	0.271	1.993	590.931	924.422	5.235	587	919	3	9	11	5
19	30.289	77.058	184	115	7013306	38115.793	19901.594	32155.000	13255	65535	671.777	157.451	5.984	1.799	0.310	1.839	671.797	157.475	5.987	668	153	4	9	9	5
20	53.664	112.499	326	208	11579865	35521.059	17729.590	31031.000	13272	65535	660.920	176.316	5.758	2.127	0.395	2.127	660.921	176.002	5.743	656	171	4	11	14	5
21	7.901	31.857	48	47	967951	20165.646	5554.122	18691.000	13287	34115	643.146	186.917	5.375	1.025	0.341	0.975	643.139	186.988	5.337	641	183	4	5	8	3
22	14.157	46.303	86	71	1980103	23024.453	8711.329	20141.000	13431	46750	661.802	192.547	5.244	1.240	0.276	1.255	661.716	192.423	5.242	659	190	4	7	7	4
23	16.955	50.854	103	83	2573671	24987.098	8863.707	22667.000	13237	46515	706.505	202.068	4.893	1.361	0.282	1.343	706.539	202.074	4.855	704	198	4	6	9	3
24	17.943	51.921	109	99	2359248	21644.477	6059.290	20806.000	13359	37058	714.771	205.385	4.679	1.328	0.383	1.345	714.716	205.370	4.702	711	203	4	10	7	3
25	11.688	43.130	71	64	1541618	21712.930	7702.220	20128.000	13410	51083	697.606	211.648	4.761	1.275	0.385	1.234	697.675	211.550	4.787	695	207	4	6	10	3
26	18.272	55.371	111	82	2946391	26544.062	10392.816	23431.000	13414	49991	624.784	213.640	5.685	1.415	0.256	1.405	624.863	213.666	5.646	621	211	4	8	7	4
27	17.120	54.682	104	77	2778630	26717.596	10768.627	24957.000	13268	47626	618.923	225.462	5.635	1.417	0.296	1.470	618.940	225.506	5.596	616	221	4	7	9	4
28	19.260	53.370	117	94	2815810	24066.752	7993.602	21341.000	13476	42790	594.692	231.462	4.897	1.405	0.293	1.389	594.548	231.452	4.864	590	228	4	11	7	3
29	17.778	51.439	108	92	2735538	25329.055	9515.645	23103.500	13431	59566	588.898	238.444	4.852	1.375	0.346	1.352	588.905	238.530	4.846	586	234	4	7	10	3
30	31.771	76.195	193	130	6879121	35643.113	17676.330	30373.000	13261	65535	659.679	238.544	5.435	1.750	0.266	1.716	659.545	238.507	5.404	656	233	4	8	11	4
31	23.046	62.991	140	98	4633618	33097.270	17078.254	28367.000	13358	65535	631.750	253.721	5.486	1.601	0.291	1.617	631.829	253.704	5.517	628	250	4	9	9	4
32	16.955	54.682	103	79	2846664	27637.514	12218.297	24293.000	13303	62125	696.796	255.456	5.680	1.450	0.329	1.492	696.843	255.532	5.668	693	252	4	8	8	4
33	28.972	71.299	176	118	5949601	33804.551	17207.395	29727.000	13441	65535	697.205	269.858	5.472	1.703	0.272	1.688	697.304	269.705	5.480	693	266	4	9	9	4
34	36.544	82.506	222	134	8990733	40498.797	19938.078	37238.000	13292	65535	598.441	276.171	6.072	1.957	0.364	2.014	598.508	276.184	6.084	594	273	4	10	7	6
35	50.537	120.222	307	206	9856919	32107.229	16872.012	26044.000	13247	65535	660.573	287.638	6.068	2.203	0.570	2.161	660.941	288.015	5.821	653	282	4	15	11	6
36	36.051	84.711	219	141	8085519	36920.180	18466.004	29979.000	13280	65535	612.137	309.447	5.580	1.842	0.309	1.818	612.221	309.320	5.596	609	305	4	8	11	5
37	21.071	63.231	128	93	3733021	29164.227	13647.982	25481.500	13233	65535	560.375	319.852	5.172	1.525	0.346	1.455	560.476	319.876	5.101	555	317	4	11	7	4
38	13.663	39.476	83	67	2207640	26598.072	11560.109	24642.000	13410	62044	660.759	319.988	4.916	1.243	0.208	1.243	660.570	319.921	4.927	657	318	4	8	5	3
39	42.800	95.915	260	173	8430229	32423.957	15002.981	29205.500	13429	65535	742.112	345.946	5.238	1.930	0.416	1.903	742.186	346.029	5.160	737	340	4	11	12	4
40	40.495	89.607	246	149	8956652	36409.156	18397.219	31445.500	13370	65535	649.130	351.033	5.833	1.937	0.299	1.966	649.201	351.074	5.812	645	346	4	9	11	5
41	27.326	75.435	166	122	4764753	28703.332	12008.347	26310.500	13296	63758	763.223	347.205	6.000	1.607	0.363	1.613	763.405	347.369	5.987	758	343	4	11	10	5
42	27.655	73.023	168	121	4633817	27582.244	11852.169	24049.000	13369	65535	586.399	357.357	5.506	1.722	0.401	1.738	586.355	357.308	5.477	582	354	4	11	8	4
43	21.729	68.335	132	100	3623775	27452.842	11887.641	23462.500	13322	65535	712.136	364.735	5.197	1.707	0.561	1.731	711.840	364.848	5.207	707	361	4	12	8	4
44	10.371	40.821	63	60	1487115	23605.000	7301.000	24200.000	13294	39578	728.825	380.317	5.286	1.210	0.407	1.232	728.849	380.289	5.323	726	376	4	6	9	3
45	57.615	103.189	350	201	13942645	39836.129	19109.234	34961.500	13352	65535	649.631	402.011	6.217	2.142	0.231	2.154	649.655	402.093	6.218	645	397	4	10	10	5
46	13.992	42.304	85	68	2290871	26951.424	10158.399	24946.000	13869	55067	707.212	401.765	5.082	1.257	0.207	1.269	707.211	401.724	5.086	704	399	4	7	6	4
47	62.553	132.667	380	241	12436376	32727.305	15477.284	30053.000	13278	65535	760.921	405.292	6.139	2.223	0.526	2.258	760.717	405.151	6.101	754	399	4	16	13	5
48	20.248	65.989	123	96	2552723	20753.846	6645.850	18462.000	13291	42137	719.496	410.041	5.041	1.483	0.346	1.448	719.499	410.050	5.026	715	406	4	10	9	3
49	20.906	59.507	127	105	2949010	23220.551	7739.079	21424.000	13413	44041	527.354	424.016	5.110	1.413	0.320	1.442	527.210	424.108	5.103	524	420	4	9	9	3
50	9.548	38.338	58	53	1097995	18930.949	5146.393	16688.500	13622	31430	609.724	431.052	4.845	1.102	0.268	1.141	609.703	430.995	4.864	606	428	4	8	7	3
51	13.992	46.751	85	74	2008389	23628.105	7153.161	21724.000	13370	44910	685.059	475.212	5.741	1.291	0.347	1.281	685.049	475.100	5.739	683	472	4	6	8	4
52	20.906	60.233	127	92	4593882	36172.301	18401.840	31350.000	14116	65535	752.417	479.126	5.858	1.595	0.452	1.583	752.361	479.191	5.875	748	477	4	10	5	5
53	42.964	92.227	261	161	10110827	38738.801	18646.727	35632.000	13325	65535	553.123	483.261	5.793	1.954	0.274	1.943	553.047	483.238	5.726	549	478	4	10	10	5
54	14.157	44.097	86	66	2832056	32930.883	17075.518	26753.500	13796	65535	749.977	487.605	5.674	1.351	0.296	1.396	750.106	487.530	5.668	747	485	4	7	6	4
55	59.755	145.460	363	242	12249838	33746.109	17524.008	28369.000	13258	65535	571.719	489.647	6.835	2.494	0.792	2.614	572.276	489.985	6.633	565	482	4	13	16	7
56	20.906	58.543	127	87	3941674	31036.803	15121.718	28825.000	13263	65535	661.024	490.669	6.378	1.529	0.239	1.547	661.206	490.770	6.307	657	487	4	9	7	5
57	34.569	80.642	210	140	7080587	33717.082	16309.841	29273.500	13487	65535	601.676	494.729	5.571	1.847	0.376	1.800	601.735	494.640	5.598	598	490	4	9	11	4
58	31.606	81.194	192	131	6587308	34308.895	17054.904	29692.500	13348	65535	616.042	497.625	5.724	1.786	0.383	1.796	616.051	497.572	5.720	613	492	4	8	13	5
59	32.100	76.851	195	120	7444320	38176.000	18688.920	33650.000	13240	65535	661.769	498.882	5.795	1.792	0.267	1.783	661.781	498.813	5.781	658	495	4	9	9	5
60	30.124	84.711	183	136	5473192	29908.152	13688.644	26517.000	13483	65535	680.399	500.311	5.776	1.845	0.522	1.848	680.587	500.421	5.772	676	494	4	9	13	4
61	20.412	71.299	124	104	2792145	22517.299	8120.862	19616.500	13294	47715	604.911	509.548	5.008	1.911	0.763	1.905	604.876	509.493	4.976	603	501	4	5	17	3
62	19.095	52.888	116	88	3347363	28856.578	12556.990	26246.000	13265	65535	654.172	542.060	5.940	1.439	0.286	1.397	654.277	542.097	5.959	651	538	4	7	8	4
63	43.129	93.950	262	174	9550282	36451.457	18074.855	31012.500	13259	65535	536.515	566.061	5.588	1.981	0.431	1.929	536.640	566.246	5.592	532	560	4	9	13	5
64	44.446	95.088	270	167	8730537	32335.322	13484.690	29867.500	13395	65070	693.733	564.944	5.548	1.960	0.291	1.937	693.786	564.950	5.489	689	560	4	10	10	5
65	25.186	68.576	153	110	4310272	28171.713	12491.601	24891.000	13250	60481	614.843	568.974	5.490	1.679	0.392	1.698	614.922	568.999	5.480	612	563	4	6	12	4
66	29.466	68.368	179	122	5485312	30644.201	12920.098	26480.000	13384	63228	559.816	570.067	5.475	1.682	0.222	1.685	559.801	570.045	5.489	556	566	4	9	9	4
67	13.828	47.025	84	81	1686143	20073.131	5681.333	18251.500	13312	39090	726.071	567.798	5.405	1.237	0.403	1.273	725.985	567.750	5.394	723	563	4	7	10	4
68	21.235	60.163	129	95	3420942	26518.930	9634.529	25746.000	13451	48520	721.876	577.535	5.473	1.495	0.301	1.514	721.844	577.480	5.458	718	575	4	9	6	4
69	31.441	75.368	191	125	7128753	37323.312	18763.941	31084.000	13429	65535	570.016	602.115	6.288	1.822	0.382	1.838	570.035	601.939	6.251	567	598	4	7	10	5
70	38.684	84.745	235	150	8597411	36584.727	18037.773	32389.000	13644	65535	699.047	634.591	5.523	1.887	0.331	1.887	699.017	634.533	5.545	695	629	4	9	12	4
71	32.429	75.954	197	125	7181924	36456.469	18964.004	30964.000	13238	65535	588.188	639.492	6.335	1.796	0.296	1.806	588.248	639.508	6.325	585	635	4	7	11	5
72	39.837	92.261	242	162	7652800	31623.141	14788.919	28115.000	13334	65535	691.252	652.521	5.269	1.830	0.305	1.845	691.246	652.447	5.180	686	648	4	12	10	4
73	21.729	59.577	132	91	3974489	30109.766	15029.661	24824.000	13247	65535	658.485	652.742	5.553	1.540	0.203	1.551	658.494	652.685	5.571	655	649	4	8	9	4
74	15.968	49.682	97	73	2594848	26751.010	9871.026	25201.000	13642	48255	630.969	652.608	5.546	1.369	0.321	1.473	630.986	652.634	5.521	629	648	4	5	9	4
75	42.306	91.226	257	164	9511102	37008.180	17986.223	32462.000	13393	65535	543.988	658.588	6.436	1.926	0.319	1.888	544.042	658.574	6.417	540	653	4	9	12	5
76	55.640	127.015	338	225	12256939	36263.133	17704.021	33502.500	13266	65535	584.855	665.411	5.979	2.178	0.610	2.213	585.035	665.624	5.945	579	660	4	11	13	5
77	35.721	88.610	217	133	8899580	41011.891	20050.703	38670.000	13240	65535	717.152	669.811	6.166	1.996	0.487	2.100	717.121	669.809	6.186	712	667	4	12	7	6
78	37.861	86.297	230	147	8749865	38042.891	18355.072	32978.500	13257	65535	698.830	675.648	6.083	1.936	0.365	2.002	698.708	675.592	6.063	694	672	4	11	8	5
79	27.491	72.437	167	120	5604434	33559.484	16379.663	28439.000	13247	65535	560.599	690.449	6.234	1.731	0.427	1.713	560.636	690.620	6.203	558	684	4	6	13	5
80	25.351	68.127	154	113	4884337	31716.475	15675.976	27794.500	13409	65535	656.688	703.481	5.461	1.647	0.363	1.643	656.608	703.491	5.450	654	698	4	8	11	4
81	49.549	99.984	301	180	10976296	36466.102	18175.119	31467.000	13266	65535	559.282	725.904	5.870	2.034	0.254	2.042	559.315	725.900	5.874	555	721	4	10	11	5
82	52.018	114.430	316	209	11049831	34967.820	16357.163	32681.500	13400	65535	723.617	727.221	5.832	2.181	0.580	2.183	723.587	727.257	5.838	720	721	4	9	15	5
83	12.017	50.991	73	70	1379965	18903.631	4637.073	17467.000	13257	31785	702.753	724.986	4.959	1.262	0.468	1.267	702.837	725.118	4.956	699	720	4	8	10	3
84	16.132	48.923	98	79	2134639	21782.031	7972.995	19518.500	13546	54835	702.827	734.786	5.051	1.306	0.222	1.320	702.966	734.657	5.028	699	732	4	8	7	3
85	30.124	79.471	183	130	6050138	33060.863	16006.686	28548.000	13368	65535	628.388	767.038	5.388	1.860	0.490	1.779	628.357	767.101	5.331	625	761	4	8	13	4
86	30.947	76.402	188	117	6524942	34707.137	17381.926	29946.000	13272	65535	576.027	767.319	6.176	1.758	0.266	1.766	576.058	767.369	6.128	572	763	4	9	9	5
87	23.704	59.129	144	99	4751333	32995.367	16763.123	27109.500	13360	65535	654.375	779.812	5.556	1.597	0.261	1.646	654.435	779.862	5.528	652	776	4	6	9	4
88	10.371	42.096	63	60	1170641	18581.604	3739.295	18420.000	13289	27886	624.111	791.683	5.238	1.152	0.348	1.171	624.143	791.607	5.229	621	789	4	7	7	3
89	11.852	36.890	72	71	1421833	19747.680	3610.562	20014.500	13267	30643	614.569	797.861	5.486	1.127	0.350	1.124	614.555	797.938	5.480	612	794	4	6	8	3
90	45.104	105.020	274	169	10073888	36766.016	18603.041	32998.000	13256	65535	684.850	803.777	6.088	2.125	0.486	2.139	685.043	803.508	6.084	681	799	4	10	12	5
91	41.812	87.572	254	159	9579273	37713.672	17821.949	35039.500	13360	65535	596.760	815.673	5.709	1.945	0.319	1.948	596.752	815.604	5.666	594	810	4	8	12	5
92	37.532	84.815	228	137	8536543	37440.977	18603.150	33201.500	13335	65535	688.469	825.768	6.066	1.899	0.279	1.930	688.376	825.678	6.068	685	821	4	9	10	5
93	26.174	71.611	159	111	5026607	31613.881	14358.324	29478.000	13367	65535	678.019	830.151	6.107	1.682	0.406	1.723	677.977	830.016	6.134	676	826	4	7	10	5
94	33.581	76.781	204	133	6355263	31153.250	14145.166	25581.500	13293	61984	678.838	845.250	5.578	1.787	0.315	1.758	678.808	845.312	5.562	676	840	4	7	12	4
95	18.601	55.267	113	83	2909981	25752.045	10035.032	22977.000	13324	54922	688.283	855.044	5.425	1.419	0.218	1.448	688.247	854.962	5.414	685	852	4	8	7	4
96	38.355	107.292	233	182	6429424	27594.094	12460.362	24089.000	13244	65535	592.107	873.249	6.455	2.484	0.882	2.505	592.558	872.775	6.338	585	866	4	14	16	6
97	18.272	50.683	111	77	3926566	35374.469	17351.971	30445.000	13293	65535	625.505	876.450	6.099	1.488	0.315	1.475	625.583	876.383	6.099	623	874	4	6	6	5
98	20.248	57.958	123	87	4465880	36307.969	18531.207	33835.000	13234	65535	632.008	880.927	6.301	1.545	0.301	1.541	631.954	880.929	6.265	629	877	4	7	8	5
99	20.741	65.300	126	105	2683728	21299.428	6490.938	18725.500	13316	39322	714.119	889.381	5.079	1.530	0.456	1.429	714.103	889.371	5.098	711	884	4	7	12	3
100	43.458	111.431	264	186	9127940	34575.531	16213.824	31190.500	13239	65535	675.754	896.720	5.909	2.192	0.738	2.282	675.841	896.591	5.892	672	889	4	8	17	5
101	44.775	94.640	272	176	9810226	36067.008	17135.863	31647.000	13242	65535	629.562	922.110	5.651	1.980	0.372	1.955	629.556	922.108	5.659	626	916	4	9	13	5
102	53.829	102.293	327	207	12075128	36926.996	17357.855	30658.000	13260	65535	655.758	934.431	5.554	2.083	0.401	2.050	655.705	934.411	5.550	652	928	4	10	13	5
103	24.034	65.162	146	104	4104913	28115.842	11283.777	26324.000	13246	54462	682.267	947.719	5.582	1.594	0.306	1.625	682.370	947.757	5.606	678	944	4	9	8	4
104	39.343	86.572	239	154	7377523	30868.297	14272.867	25266.000	13250	65535	598.259	952.690	5.527	1.901	0.389	1.840	598.317	952.452	5.514	595	947	4	8	13	4
105	16.297	51.821	99	73	2932519	29621.404	14670.388	24828.000	13282	65535	710.828	980.475	5.697	1.456	0.318	1.438	710.982	980.449	5.673	706	978	4	9	6	4
106	2.305	16.584	14	14	228372	16312.286	3586.864	15204.000	13360	24589	652.143	132.571	5.571	0.742	0.185	0.684	652.197	132.621	5.575	650	132	5	5	3	2
107	12.675	48.648	77	67	1806972	23467.168	8394.049	20777.000	13265	44549	772.247	255.377	6.455	1.291	0.392	1.301	772.244	255.274	6.426	770	252	5	6	10	4
108	54.652	149.080	332	236	9921900	29885.240	14474.203	25584.500	13344	65535	673.322	265.223	7.316	2.455	0.742	2.546	673.497	265.495	7.432	666	257	5	16	14	6
109	21.894	58.955	133	107	3159943	23758.971	7967.304	21962.000	13280	43643	660.068	261.955	6.000	1.482	0.338	1.488	660.050	261.889	5.935	656	258	5	9	9	3
110	31.441	82.399	191	147	4938513	25856.090	10704.884	22883.000	13278	59755	515.723	308.257	6.471	1.780	0.478	1.722	515.779	308.297	6.456	511	302	5	10	13	4
111	54.817	129.394	333	210	12136860	36447.027	17677.346	31098.000	13321	65535	728.327	348.997	6.703	2.364	0.737	2.329	728.297	349.029	6.740	721	343	5	16	13	5
112	25.021	74.505	152	122	3710793	24413.111	8721.259	22719.000	13252	41625	629.224	350.454	6.467	1.587	0.416	1.588	629.276	350.508	6.471	625	346	5	11	9	4
113	47.738	131.810	290	193	11282671	38905.762	19604.793	34826.000	13247	65535	778.662	352.383	7.283	2.385	0.785	2.440	778.655	352.556	7.275	775	344	5	8	17	6
114	42.800	102.189	260	184	7562445	29086.326	12402.225	26257.500	13247	65535	506.373	401.588	6.619	1.956	0.549	1.935	506.125	401.819	6.658	501	396	5	12	11	5
115	31.441	87.984	191	161	3918206	20514.168	4960.069	20121.000	13261	32971	537.382	406.822	5.759	1.688	0.484	1.686	537.354	406.896	5.744	533	401	5	9	13	3
116	18.108	64.266	110	100	2225410	20231.000	4956.246	19661.500	13314	33938	647.518	412.118	6.245	1.602	0.551	1.623	647.496	412.145	6.253	642	408	5	12	10	3
117	36.380	87.331	221	149	7520137	34027.770	15314.220	31847.000	13335	65535	765.674	437.534	6.683	1.860	0.388	1.864	765.672	437.389	6.715	761	432	5	9	11	5
118	18.601	50.405	113	89	2664850	23582.744	7178.587	24019.000	13394	40432	514.053	460.593	6.115	1.361	0.232	1.369	513.999	460.494	6.194	511	457	5	7	8	3
119	13.828	47.648	84	73	1825112	21727.523	6199.027	20645.500	13247	40197	693.071	468.893	5.857	1.302	0.331	1.269	693.241	468.828	5.824	689	466	5	8	7	3
120	41.318	99.227	251	151	9492217	37817.598	18647.918	34989.000	13541	65535	754.478	506.916	7.641	2.068	0.495	2.012	754.601	506.861	7.681	749	502	5	10	11	7
121	23.046	60.645	140	109	4108055	29343.250	12491.380	26097.000	13864	65535	579.114	515.757	6.314	1.485	0.275	1.498	578.851	515.820	6.293	576	512	5	9	8	4
122	2.305	14.998	14	14	212935	15209.643	1542.860	14648.500	13356	18001	632.071	553.714	5.571	0.737	0.224	0.675	632.069	553.690	5.565	630	552	5	5	4	2
123	22.717	60.611	138	94	4205868	30477.305	13965.334	27320.500	13367	65535	722.051	585.413	6.500	1.559	0.199	1.558	722.005	585.326	6.467	719	582	5	7	9	4
124	9.548	37.890	58	58	1054445	18180.086	3149.449	18202.000	13235	26549	630.655	593.914	5.483	1.193	0.465	1.082	630.666	593.992	5.479	629	589	5	4	11	2
125	52.512	105.535	319	181	12353113	38724.492	19673.717	34393.000	13301	65535	596.690	608.031	7.063	2.129	0.283	2.137	596.640	608.111	7.063	592	603	5	11	12	5
126	2.140	12.067	13	13	217875	16759.615	3385.862	15241.000	13543	23034	668.462	615.308	5.077	0.584	0.213	0.624	668.469	615.319	5.063	667	614	5	4	4	2
127	15.803	44.820	96	76	2307970	24041.354	7603.213	22210.000	13233	49669	607.562	618.010	5.917	1.299	0.206	1.311	607.660	618.087	5.890	604	615	5	8	7	3
128	43.787	101.225	266	176	8733504	32832.723	15691.997	29462.500	13234	65535	539.045	625.090	6.744	2.033	0.488	2.029	539.130	624.924	6.780	535	619	5	10	14	5
129	16.626	49.716	101	83	2061129	20407.219	5560.150	19057.000	13347	37017	599.604	627.040	5.911	1.316	0.255	1.331	599.647	626.967	5.886	597	623	5	6	9	3
130	15.638	46.406	95	74	2155229	22686.621	7049.635	20933.000	13372	40431	603.379	706.747	6.926	1.319	0.258	1.290	603.345	706.682	6.868	601	703	5	6	9	4
131	15.474	45.131	94	71	2669746	28401.553	11958.829	25990.000	13641	65535	612.213	729.968	6.766	1.356	0.278	1.343	612.255	730.090	6.752	610	727	5	5	8	4
132	15.474	47.407	94	74	2920687	31071.139	12991.367	29826.000	13380	65535	594.681	736.521	6.138	1.320	0.240	1.298	594.741	736.603	6.134	592	733	5	6	8	4
133	18.108	48.923	110	88	2671893	24289.936	8161.677	22592.000	13236	49173	598.982	748.527	5.991	1.366	0.258	1.386	599.024	748.449	6.010	595	746	5	9	6	3
134	5.103	33.409	31	31	486649	15698.354	2067.817	15102.000	13345	20419	664.935	755.355	5.355	1.227	0.501	1.213	664.973	755.242	5.350	664	750	5	4	11	2
135	64.364	162.184	391	258	12181343	31154.330	16933.572	25148.000	13246	65535	723.801	771.724	8.898	2.768	0.992	2.831	723.730	771.211	8.519	720	764	5	9	17	9
136	8.889	31.512	54	47	1121427	20767.166	6714.385	19701.000	13427	41442	698.982	792.963	5.907	1.078	0.219	1.056	699.023	793.004	5.859	696	791	5	6	5	3
137	4.774	20.687	29	25	526108	18141.654	3977.184	16628.000	13670	27790	609.207	806.552	5.793	0.912	0.211	0.857	609.180	806.583	5.769	608	805	5	4	4	3
138	21.071	65.540	128	107	2565732	20044.781	5466.825	18499.500	13235	38491	713.406	854.500	5.930	1.586	0.486	1.508	713.445	854.466	5.926	709	850	5	10	11	3
139	6.420	28.065	39	31	1033783	26507.256	12087.721	22773.000	14017	53355	575.154	955.462	6.487	1.020	0.294	0.924	575.133	955.440	6.491	573	954	5	5	4	4
140	23.375	69.024	142	118	3413503	24038.754	10066.998	22275.500	13245	65470	662.592	980.021	6.915	1.641	0.508	1.557	662.914	980.370	6.904	659	975	5	11	9	4
141	24.692	75.643	150	122	3682383	24549.221	9798.275	21890.500	13284	55588	672.833	135.060	7.900	1.761	0.608	1.668	673.068	135.043	7.881	668	129	6	11	12	4
142	10.700	40.132	65	59	1639856	25228.555	9486.826	22857.000	13934	52889	561.492	245.585	7.262	1.259	0.395	1.246	561.768	245.350	7.277	557	243	6	9	6	3
143	39.343	88.710	239	153	8607504	36014.660	17383.760	31741.000	13471	65535	508.757	322.402	7.527	1.909	0.356	1.873	508.636	322.307	7.506	505	318	6	9	11	5
144	27.491	73.505	167	126	4223423	25289.959	10143.392	22786.000	13274	58052	762.168	365.635	7.641	1.601	0.299	1.610	762.165	365.534	7.670	758	362	6	10	9	4
145	8.725	32.857	53	46	1014114	19134.227	4965.966	18434.000	13614	30864	617.264	377.113	6.774	1.059	0.226	1.064	617.245	377.086	6.749	615	375	6	6	6	3
146	20.412	53.611	124	100	2577250	20784.273	5767.490	19098.000	13236	37138	637.839	409.040	6.887	1.393	0.240	1.402	637.847	409.045	6.862	634	405	6	8	8	3
147	54.981	138.463	334	215	10350172	30988.539	15899.112	25756.000	13256	65535	743.901	560.252	8.931	2.537	0.889	2.358	743.927	559.919	8.815	740	552	6	9	19	7
148	2.305	13.757	14	14	239011	17072.215	2756.419	17377.000	13694	23525	657.714	684.214	6.286	0.704	0.233	0.724	657.713	684.233	6.259	657	683	6	3	5	2
149	29.301	71.989	178	123	5500004	30898.898	14631.339	27392.500	13350	65535	724.185	691.011	7.567	1.766	0.383	1.744	724.199	691.072	7.592	721	686	6	7	11	5
150	4.445	21.376	27	27	458766	16991.334	2929.617	16824.000	13380	24893	656.667	812.148	6.519	0.810	0.203	0.802	656.632	812.203	6.521	655	810	6	4	5	2
151	4.774	26.824	29	29	488094	16830.828	2332.634	16341.000	13786	21777	638.862	838.483	6.621	0.891	0.210	0.927	638.849	838.514	6.618	637	836	6	5	5	2
152	25.515	63.887	155	105	5368747	34637.078	17127.965	29596.000	13305	65535	562.800	895.639	7.697	1.657	0.307	1.660	562.816	895.703	7.689	560	891	6	6	9	5
153	14.157	47.855	86	68	1997107	23222.174	8474.107	20002.000	13232	48960	718.535	934.151	7.209	1.341	0.318	1.332	718.608	934.014	7.246	714	932	6	9	6	4
154	3.786	18.067	23	21	479634	20853.652	6540.714	19201.000	14231	36143	568.348	954.000	7.087	0.842	0.242	0.913	568.399	954.024	7.120	567	953	6	4	3	3
155	12.511	43.234	76	66	1651700	21732.895	6956.759	19918.000	13457	40552	597.961	184.026	8.237	1.251	0.348	1.248	597.931	183.967	8.231	596	180	7	5	10	3
156	9.548	33.650	58	46	1681609	28993.258	12616.095	24800.500	14298	63866	542.776	521.259	8.724	1.161	0.274	1.153	542.766	521.219	8.721	541	519	7	5	6	4
157	12.840	40.062	78	66	1617168	20732.924	6025.431	19046.000	13316	37200	535.462	539.077	8.205	1.213	0.248	1.239	535.523	539.072	8.217	533	536	7	6	8	3
158	33.746	80.538	205	139	5641966	27521.785	12237.154	23684.000	13279	65535	536.483	646.781	8.580	1.849	0.440	1.790	536.472	646.763	8.579	534	641	7	6	13	4
159	12.675	50.991	77	71	1356927	17622.428	4049.511	15916.000	13387	27619	683.740	748.091	7.844	1.323	0.424	1.320	683.622	748.111	7.866	679	746	7	11	6	3
160	19.754	52.647	120	84	3545504	29545.867	12690.002	25910.000	13326	57796	542.217	755.767	8.608	1.497	0.241	1.543	542.142	755.684	8.610	539	753	7	8	6	4
161	2.634	16.377	16	16	268489	16780.562	3163.399	15393.000	13364	25286	619.125	151.750	8.188	0.682	0.226	0.735	619.157	151.762	8.155	617	150	8	5	4	2
162	62.389	151.670	379	218	14095901	37192.352	18653.848	32606.000	13267	65535	765.997	244.137	11.430	2.671	0.911	2.689	766.064	244.220	11.411	759	238	8	15	13	9
163	64.364	171.283	391	281	10220743	26140.008	14277.502	20707.000	13236	65535	747.680	323.650	12.251	2.805	0.950	2.889	747.812	324.873	11.732	742	314	8	11	18	9
164	10.371	34.959	63	63	1240771	19694.777	4082.966	18850.000	13308	29495	568.190	344.873	8.508	1.077	0.341	1.034	568.105	344.907	8.513	564	342	8	9	6	2
165	12.675	44.476	77	67	1701928	22102.961	7442.780	21360.000	13252	42972	764.636	386.091	9.273	1.283	0.369	1.282	764.490	386.188	9.250	761	383	8	10	6	3
166	20.248	55.682	123	82	4108307	33400.871	17323.656	27700.000	13233	65535	516.138	537.724	10.098	1.581	0.348	1.498	516.177	537.693	10.014	514	534	8	6	8	5
167	20.248	53.577	123	88	3357414	27296.049	10359.504	25568.000	13332	51524	544.106	740.488	9.171	1.451	0.239	1.441	544.162	740.446	9.161	541	737	8	8	8	4
168	4.115	20.583	25	25	445873	17834.920	3424.375	17695.000	13296	25294	718.560	795.720	8.360	0.788	0.199	0.826	718.540	795.685	8.337	717	793	8	4	6	2
169	19.424	53.922	118	94	3197047	27093.619	9685.268	25481.500	13653	54839	656.322	834.619	8.915	1.446	0.328	1.423	656.347	834.603	8.878	653	831	8	8	9	3
170	72.101	172.665	438	274	15218727	34745.953	17543.580	30334.500	13231	65535	555.950	828.621	11.550	2.962	0.938	3.097	555.923	828.569	11.491	547	822	8	19	15	8
171	15.145	44.957	92	84	2141343	23275.467	6223.841	22183.500	13443	39928	571.652	870.696	9.337	1.282	0.397	1.304	571.692	870.632	9.358	569	867	8	6	9	3
172	8.066	34.788	49	43	1039972	21223.918	5771.957	19556.000	13412	33952	605.633	214.122	9.796	1.132	0.341	1.111	605.689	214.093	9.789	602	212	9	8	5	3
173	13.992	44.683	85	65	2430165	28590.176	11222.583	27267.000	13671	60120	628.212	257.494	11.035	1.302	0.265	1.274	628.170	257.524	11.043	625	255	9	7	6	5
174	58.603	123.568	356	200	13147782	36931.973	18345.014	33632.500	13241	65535	777.059	327.514	11.747	2.261	0.442	2.242	777.158	327.544	11.733	771	323	9	13	10	6
175	45.104	100.777	274	180	9063780	33079.488	16140.876	29315.500	13346	65535	543.613	721.047	11.518	1.973	0.392	1.934	543.276	720.828	11.501	539	717	9	11	11	5
176	3.292	18.204	20	19	343168	17158.400	3264.509	16028.000	13528	23881	559.700	741.850	10.000	0.784	0.278	0.789	559.792	741.825	10.000	557	741	9	6	3	3
177	35.063	83.229	213	139	6303062	29591.840	12928.862	25231.000	13300	65535	546.390	813.122	11.385	1.819	0.347	1.794	546.412	813.228	11.380	542	809	9	9	10	5
178	18.272	63.128	111	95	2410067	21712.314	6144.246	20853.000	13330	38572	712.342	813.270	10.459	1.418	0.495	1.406	712.383	813.215	10.445	709	809	9	8	10	4
179	34.898	80.712	212	131	7251473	34205.062	17644.717	28369.000	13369	65535	556.844	844.736	10.844	1.887	0.328	1.945	556.794	844.584	10.816	553	840	9	8	10	5
180	23.211	88.057	141	112	4390987	31141.752	15869.062	26849.000	13266	65535	734.979	198.809	12.376	1.975	0.869	1.901	735.751	199.464	12.281	727	190	10	13	15	5
181	9.712	35.926	59	47	1527712	25893.424	9589.326	23104.000	13974	49835	645.017	248.051	11.220	1.150	0.240	1.178	644.934	248.029	11.215	642	246	10	8	5	4
182	41.318	95.503	251	155	8768076	34932.574	16580.895	31153.000	13326	65535	698.275	258.629	12.207	1.950	0.329	1.961	698.424	258.479	12.188	693	254	10	11	10	5
183	20.741	65.540	126	112	2689911	21348.500	5829.365	21045.500	13234	35988	583.413	282.889	11.579	1.517	0.481	1.519	583.526	283.088	11.559	579	278	10	10	10	4
184	43.294	100.536	263	166	8395589	31922.393	15968.954	28459.000	13291	65535	711.605	397.213	12.654	1.995	0.391	1.975	711.559	397.125	12.559	707	392	10	10	13	6
185	26.667	76.643	162	123	4107201	25353.092	10071.058	23495.500	13439	55400	770.031	406.500	12.056	1.785	0.585	1.710	770.160	406.541	12.034	765	403	10	10	10	5
186	7.901	29.685	48	43	891615	18575.312	4347.191	17787.000	13286	30614	654.625	409.562	11.312	1.002	0.236	0.970	654.544	409.534	11.321	653	407	10	5	7	3
187	8.231	41.029	50	48	954463	19089.260	3927.320	19608.500	13294	27874	681.020	410.140	11.160	1.298	0.528	1.229	680.991	410.110	11.161	678	407	10	8	9	3
188	14.651	46.269	89	65	2406931	27044.168	10586.136	25748.000	13248	50973	767.629	430.180	11.775	1.341	0.236	1.303	767.706	430.214	11.760	764	427	10	7	7	4
189	3.951	18.308	24	24	458472	19103.000	4321.799	18436.500	13663	27997	751.875	519.125	10.542	0.770	0.178	0.733	751.873	519.140	10.555	750	517	10	4	5	2
190	1.646	11.481	10	10	152854	15285.400	1319.080	15125.000	13734	17405	750.500	526.200	10.800	0.651	0.276	0.684	750.515	526.234	10.806	749	524	10	3	5	2
191	14.321	48.786	87	76	1841579	21167.574	7234.443	18259.000	13275	40520	668.414	595.000	11.736	1.306	0.393	1.286	668.364	595.122	11.711	664	592	10	9	7	4
192	10.371	35.477	63	51	1333415	21165.318	6641.318	18943.000	13376	40155	727.762	887.937	11.286	1.139	0.220	1.140	727.750	887.809	11.294	725	886	10	7	5	4
193	9.712	33.202	59	49	1435680	24333.559	9104.462	21965.000	13296	47450	609.119	171.712	12.271	1.110	0.227	1.089	609.078	171.741	12.300	607	169	11	5	6	4
194	5.597	24.789	34	34	532204	15653.059	1694.242	15341.500	13314	20331	726.235	219.853	11.559	0.855	0.213	0.865	726.237	219.811	11.554	724	218	11	5	5	2
195	15.474	51.924	94	66	2429166	25842.191	10857.826	22316.000	13277	53145	689.511	224.202	12.894	1.455	0.370	1.406	689.503	224.131	12.844	687	221	11	6	7	5
196	3.128	15.687	19	19	345808	18200.422	3850.843	17560.000	13689	28023	614.737	232.526	11.526	0.729	0.166	0.726	614.777	232.482	11.528	613	231	11	5	4	2
197	12.840	40.062	78	65	1663447	21326.244	6384.316	20112.500	13287	37043	601.833	236.244	11.923	1.212	0.188	1.202	601.822	236.446	11.858	599	233	11	7	7	3
198	15.309	51.061	93	75	2342823	25191.645	10362.038	23103.000	13355	56377	633.602	243.344	12.860	1.440	0.453	1.354	633.491	243.568	12.843	631	238	11	6	10	4
199	50.207	135.187	305	212	8518394	27929.160	13211.381	23151.000	13338	65535	709.961	267.325	12.977	2.433	0.837	2.445	709.970	266.567	12.913	705	261	11	10	18	5
200	8.560	35.718	52	52	927924	17844.691	3723.978	17462.500	13322	28386	599.654	274.173	11.635	1.077	0.378	1.023	599.725	274.192	11.636	596	271	11	9	6	3
201	15.145	48.096	92	67	2150504	23375.043	8654.563	19452.000	13315	41339	749.207	278.000	12.587	1.391	0.288	1.415	749.213	278.093	12.568	747	275	11	6	8	4
202	26.667	73.300	162	111	5255750	32442.900	16667.613	26932.500	13256	65535	687.704	292.617	12.741	1.743	0.430	1.804	687.673	292.663	12.702	685	288	11	6	10	5
203	44.117	126.396	268	189	8238838	30741.934	15124.231	26111.000	13280	65535	744.709	294.078	12.720	2.506	0.908	2.508	745.087	294.264	12.734	735	288	11	19	11	5
204	37.532	84.055	228	151	5870192	25746.457	9023.375	23526.500	13374	51956	718.816	296.904	13.596	1.834	0.325	1.818	718.713	296.935	13.566	714	293	11	11	10	5
205	40.989	93.780	249	150	8677269	34848.469	17139.852	29852.000	13268	65535	625.715	301.161	13.173	1.974	0.330	1.975	625.833	301.155	13.127	621	297	11	9	10	6
206	61.401	128.842	373	222	11731364	31451.379	15602.767	27111.000	13255	65535	769.957	305.038	13.064	2.254	0.459	2.255	769.987	305.042	13.066	765	299	11	10	14	6
207	23.046	63.231	140	101	3523477	25167.693	9263.536	20871.500	13247	46941	673.686	327.221	12.714	1.599	0.380	1.585	673.714	327.224	12.712	668	324	11	11	7	4
208	53.664	124.602	326	201	9891337	30341.525	14155.521	26376.500	13310	65535	730.436	328.748	13.074	2.267	0.616	2.298	730.468	328.811	13.017	725	323	11	12	13	5
209	23.046	59.785	140	101	4680825	33434.465	16392.561	29760.000	13691	65535	532.093	340.250	13.436	1.588	0.291	1.597	532.058	340.145	13.421	528	338	11	9	6	5
210	33.911	81.161	206	133	7115645	34541.965	16725.393	29170.000	13378	65535	686.937	344.049	13.146	1.874	0.376	1.948	686.865	343.983	13.137	682	341	11	12	7	5
211	20.577	62.887	125	92	2913729	23309.832	8324.356	21310.000	13236	44165	689.680	363.744	13.056	1.492	0.345	1.457	689.630	363.675	13.029	686	360	11	9	9	5
212	35.063	80.920	213	129	7781590	36533.285	18432.990	31477.000	13376	65535	575.873	373.239	13.249	1.888	0.320	1.860	575.937	373.233	13.281	572	370	11	9	8	6
213	34.404	83.229	209	137	5018522	24012.066	8473.177	22509.000	13288	52163	684.651	375.962	13.134	1.842	0.372	1.868	684.768	375.761	13.047	681	372	11	8	10	5
214	53.335	115.293	324	187	11544263	35630.441	17969.377	30735.500	13315	65535	575.920	385.145	13.506	2.149	0.369	2.190	576.058	384.877	13.475	571	380	11	10	12	6
215	39.014	87.191	237	174	6404200	27021.941	10116.679	25766.000	13355	56033	761.304	394.743	12.945	1.844	0.488	1.816	761.108	394.763	12.902	756	391	11	13	9	5
216	16.461	49.716	100	77	2003972	20039.721	4851.205	19429.000	13434	32593	750.430	489.240	12.070	1.332	0.251	1.308	750.377	489.278	12.114	747	485	11	7	9	3
217	22.717	71.266	138	104	3289710	23838.479	8463.344	21666.000	13257	44106	687.435	497.522	12.877	1.694	0.505	1.667	687.517	497.540	12.854	682	495	11	14	6	5
218	14.815	46.303	90	71	1791280	19903.111	5333.558	18823.000	13231	33803	626.611	505.300	12.000	1.314	0.261	1.260	626.578	505.328	11.981	622	503	11	9	6	3
219	5.597	28.892	34	32	559583	16458.324	3384.368	15050.500	13246	26174	528.118	583.912	12.118	0.983	0.321	0.937	528.153	583.928	12.100	525	581	11	7	7	3
220	26.009	76.955	158	109	4201456	26591.494	10983.505	24460.500	13358	58245	675.728	773.494	12.778	1.742	0.452	1.781	675.821	773.543	12.789	670	770	11	12	8	5
221	18.437	53.233	112	84	2831743	25283.420	10220.749	21498.000	13348	53007	559.205	776.411	12.616	1.414	0.253	1.441	559.311	776.352	12.615	556	773	11	8	8	4
222	15.145	51.509	92	73	2009128	21838.348	7738.753	18506.000	13256	42587	566.772	779.163	12.804	1.349	0.376	1.330	566.783	779.098	12.789	563	776	11	8	8	4
223	7.408	37.201	45	43	723491	16077.578	2175.297	15438.000	13255	23336	707.667	843.556	11.756	1.140	0.368	1.155	707.710	843.494	11.773	705	840	11	7	8	3
224	27.820	72.437	169	112	4102451	24274.857	9859.455	21267.000	13321	55596	720.207	866.361	12.834	1.667	0.283	1.638	720.363	866.359	12.826	716	863	11	9	8	5
225	8.889	35.340	54	47	1214919	22498.500	7437.174	20585.000	13262	40768	649.463	924.074	13.019	1.161	0.332	1.181	649.378	923.944	12.960	648	921	11	5	7	4
226	24.198	69.231	147	101	4134822	28128.041	12695.776	24969.000	13241	65535	724.925	979.728	13.327	1.668	0.372	1.687	724.933	979.683	13.299	722	975	11	7	10	6
227	4.938	22.273	30	28	563069	18768.967	4803.759	17750.000	13844	32669	654.500	131.333	12.733	0.895	0.251	0.894	654.505	131.321	12.748	652	130	12	5	4	3
228	9.712	37.857	59	51	1389096	23544.000	9817.469	20924.000	13327	57825	671.322	170.661	13.169	1.171	0.315	1.161	671.424	170.569	13.170	669	167	12	6	8	3
229	29.301	83.640	178	136	3950858	22195.832	7155.024	20078.500	13337	42147	598.899	184.792	13.938	1.647	0.401	1.607	598.898	184.878	13.942	594	179	12	11	12	4
230	16.626	51.165	101	73	2435848	24117.307	9666.016	21484.000	13293	47393	632.366	217.168	13.653	1.409	0.268	1.400	632.429	217.216	13.646	629	214	12	7	8	4
231	12.840	48.441	78	68	1549840	19869.744	5152.145	18614.000	13239	32867	675.910	219.154	13.077	1.328	0.374	1.306	675.842	219.279	13.069	674	214	12	5	10	3
232	10.865	42.648	66	59	1304091	19758.955	5089.010	19086.000	13383	31827	656.015	217.030	13.455	1.183	0.364	1.074	656.014	217.087	13.448	653	213	12	7	8	4
233	30.783	97.260	187	146	3836973	20518.572	6135.628	18298.000	13360	42304	744.032	235.706	13.198	2.125	0.781	2.179	744.143	235.658	13.218	735	233	12	18	7	4
234	13.334	50.579	81	70	1680291	20744.334	6907.672	19157.000	13249	43731	704.864	242.543	12.988	1.415	0.463	1.399	704.918	242.852	12.984	703	237	12	5	11	4
235	24.363	63.058	148	113	3339968	22567.352	6782.043	21325.500	13246	43937	587.480	240.466	13.946	1.530	0.332	1.504	587.496	240.451	13.923	584	236	12	8	11	4
236	7.901	29.926	48	46	872883	18185.062	3929.591	17533.000	13355	27907	760.354	250.354	13.396	0.959	0.231	0.948	760.355	250.437	13.386	758	248	12	6	6	3
237	7.737	32.753	47	46	903275	19218.617	4341.489	18868.000	13266	30463	567.936	250.809	13.404	1.111	0.417	1.051	567.982	250.817	13.367	564	249	12	9	5	3
238	17.449	59.440	106	82	2480058	23396.773	7229.847	22545.000	13247	40335	728.877	270.047	13.764	1.494	0.410	1.516	728.907	270.087	13.730	725	267	12	9	8	4
239	33.911	76.161	206	125	7458409	36205.867	18438.570	31121.500	13489	65535	525.854	276.112	13.816	1.865	0.302	1.857	525.852	276.146	13.752	522	273	12	9	7	5
240	17.614	50.475	107	79	2652901	24793.467	8861.605	22791.000	13326	52127	756.561	283.944	13.318	1.453	0.305	1.445	756.484	283.877	13.264	754	281	12	6	8	4
241	6.420	26.824	39	31	824553	21142.385	6459.226	18978.000	13663	44325	640.872	282.282	13.231	1.040	0.271	0.967	640.867	282.303	13.240	639	281	12	5	4	4
242	23.211	62.335	141	103	3247436	23031.461	8747.078	20599.000	13301	49419	699.021	286.667	13.674	1.548	0.254	1.579	698.997	286.784	13.617	696	283	12	7	9	4
243	20.412	60.163	124	99	2787208	22477.484	7430.323	19993.000	13240	39734	681.919	313.065	13.500	1.512	0.369	1.532	681.704	313.140	13.483	678	309	12	10	9	4
244	20.248	65.955	123	98	2507829	20388.854	5769.684	19711.000	13238	34770	587.447	317.041	13.626	1.502	0.420	1.567	587.571	317.107	13.576	585	312	12	6	10	4
245	6.585	34.581	40	39	683411	17085.275	3346.553	16028.500	13560	27380	598.900	332.025	13.125	1.087	0.399	1.159	598.926	332.115	13.100	596	329	12	7	7	3
246	10.535	39.821	64	59	1263321	19739.391	4811.885	19068.500	13345	29212	750.453	342.375	12.781	1.154	0.339	1.138	750.385	342.282	12.771	748	340	12	6	8	3
247	25.515	88.021	155	131	2966886	19141.199	4736.892	17936.000	13350	34797	616.245	346.535	14.155	1.919	0.726	1.891	616.414	346.769	14.150	610	340	12	13	13	5
248	14.815	47.889	90	74	1757421	19526.900	5225.381	17857.500	13467	35860	770.678	352.889	12.933	1.320	0.306	1.290	770.645	352.857	12.928	766	351	12	10	5	3
249	5.597	24.445	34	31	568413	16718.029	2434.425	16320.000	13249	21824	707.971	352.441	13.588	0.912	0.271	0.858	707.981	352.489	13.566	706	350	12	4	6	4
250	26.009	70.299	158	116	4031069	25513.096	9366.188	24139.500	13234	54469	539.025	367.241	13.835	1.578	0.324	1.571	538.888	367.229	13.816	535	363	12	10	9	4
251	12.346	42.511	75	59	1494824	19930.986	4559.772	19434.000	13431	33279	621.573	374.360	13.253	1.270	0.286	1.263	621.610	374.407	13.221	618	372	12	8	6	4
252	18.766	55.716	114	78	2627319	23046.658	8762.971	19861.000	13516	48201	747.289	385.500	13.491	1.492	0.220	1.544	747.323	385.605	13.446	744	382	12	7	8	4
253	4.115	20.135	25	25	406581	16263.240	2158.974	16039.000	13649	21031	660.840	393.840	12.640	0.815	0.221	0.785	660.858	393.822	12.647	659	392	12	4	6	2
254	21.564	68.127	131	106	2679426	20453.633	6265.082	18438.000	13275	39705	609.725	417.672	13.939	1.598	0.496	1.504	609.494	417.558	13.893	606	413	12	11	10	4
255	15.803	52.784	96	85	1870057	19479.760	4601.438	18757.000	13308	31678	760.375	424.188	13.448	1.292	0.425	1.368	760.253	424.214	13.441	757	421	12	9	7	4
256	12.017	42.648	73	62	1515353	20758.260	6525.883	19112.000	13259	40333	715.068	436.836	12.986	1.242	0.294	1.236	715.222	436.785	12.991	711	434	12	8	6	3
257	32.100	78.126	195	127	6094558	31254.145	14058.059	28189.000	13298	65535	530.913	446.185	13.733	1.751	0.262	1.743	530.894	446.191	13.744	527	442	12	9	9	5
258	12.675	50.716	77	70	1339016	17389.818	3108.586	16572.000	13398	26468	606.753	448.182	13.883	1.460	0.580	1.294	606.748	448.169	13.860	605	442	12	5	12	5
259	11.688	43.545	71	61	1449932	20421.578	5576.366	19210.000	13340	39175	710.408	446.845	13.183	1.294	0.410	1.278	710.364	446.988	13.169	708	443	12	6	9	4
260	25.021	74.713	152	118	3185544	20957.525	5399.932	20233.000	13338	35311	650.151	557.316	13.684	1.604	0.423	1.659	650.112	557.411	13.665	647	552	12	7	11	4
261	8.889	34.202	54	44	1365032	25278.371	8806.799	24276.000	13331	49098	535.074	566.204	14.037	1.138	0.255	1.114	535.048	566.162	14.004	533	564	12	6	5	5
262	2.305	14.550	14	14	217006	15500.429	1511.353	15199.000	13272	18470	523.071	569.500	12.643	0.790	0.300	0.770	523.087	569.523	12.643	522	566	12	3	6	2
263	26.503	71.370	161	104	3802855	23620.217	8410.127	22521.000	13246	45368	710.478	583.031	13.981	1.703	0.325	1.679	710.405	583.117	13.971	707	578	12	7	10	5
264	31.771	80.194	193	136	4392352	22758.301	7564.837	20954.000	13238	45260	623.451	587.798	13.793	1.684	0.299	1.717	623.643	587.839	13.758	619	583	12	10	11	4
265	25.680	66.093	156	109	3833941	24576.545	8420.368	22030.500	13347	47126	630.897	626.218	13.519	1.608	0.229	1.617	630.862	626.215	13.490	628	622	12	9	9	4
266	3.457	20.238	21	21	349488	16642.285	1869.046	16705.000	13537	20019	543.095	681.619	13.190	0.877	0.380	0.791	543.081	681.658	13.190	542	678	12	4	7	3
267	31.441	83.366	191	138	4074047	21330.090	6517.535	19765.000	13233	42384	619.791	754.152	13.450	1.732	0.408	1.700	619.766	754.294	13.479	616	748	12	8	12	5
268	7.408	28.858	45	34	951067	21134.822	5593.340	19683.000	13583	33619	626.933	779.444	13.489	1.113	0.303	0.981	626.926	779.387	13.448	625	778	12	5	4	4
269	9.054	34.340	55	46	1044195	18985.363	4370.356	17596.000	13611	30128	657.691	815.818	13.727	1.096	0.259	1.077	657.719	815.757	13.691	655	814	12	6	5	4
270	25.680	65.611	156	110	3760652	24106.744	7946.625	22609.000	13484	41864	695.583	817.320	13.609	1.619	0.272	1.618	695.606	817.237	13.584	692	814	12	8	8	5
271	5.268	30.271	32	32	544648	17020.250	2878.529	16167.000	13326	22567	570.438	824.594	13.062	0.956	0.384	1.022	570.417	824.594	13.057	568	822	12	8	7	3
272	6.914	29.926	42	40	681327	16222.071	2475.163	15957.000	13276	23295	639.571	840.429	13.214	1.015	0.403	0.979	639.643	840.500	13.201	638	836	12	4	9	3
273	9.383	33.580	57	57	1016130	17826.842	2564.752	17732.000	13307	24550	693.825	865.316	12.561	1.035	0.318	1.007	693.760	865.309	12.581	690	863	12	8	6	2
274	26.832	72.333	163	121	3878062	23791.791	7919.015	21615.000	13276	44459	568.706	903.350	13.638	1.675	0.421	1.638	568.688	903.396	13.609	565	898	12	9	11	4
275	10.041	38.650	61	53	1241710	20355.902	5430.571	19475.000	13322	32535	718.525	966.705	13.738	1.234	0.388	1.231	718.681	966.687	13.690	714	964	12	9	5	4
276	11.688	40.132	71	57	1473847	20758.408	6670.701	18840.000	13315	43621	698.620	973.099	13.493	1.215	0.256	1.270	698.662	973.058	13.457	696	970	12	6	7	4
277	18.601	58.403	113	103	2117367	18737.762	3892.191	18041.000	13232	29940	637.000	150.124	13.673	1.359	0.350	1.366	637.053	150.014	13.659	632	146	13	9	10	3
278	6.091	27.409	37	36	662914	17916.594	3225.484	17903.000	13328	24482	705.081	197.216	13.514	0.896	0.250	0.908	705.102	197.192	13.515	703	194	13	6	7	3
279	8.725	35.822	53	47	890298	16798.076	3189.080	15748.000	13264	24212	664.094	216.132	13.811	1.112	0.285	1.137	664.071	216.131	13.832	660	214	13	8	5	3
280	6.749	29.340	41	39	708966	17291.854	3723.259	16064.000	13243	25346	596.488	217.390	13.805	0.947	0.255	0.999	596.460	217.431	13.836	594	215	13	6	5	3
281	7.737	31.375	47	43	868352	18475.574	4575.403	17057.000	13275	30088	745.383	222.149	13.723	1.030	0.293	1.026	745.460	222.102	13.717	742	220	13	7	5	3
282	2.140	12.723	13	13	198103	15238.692	1288.724	15058.000	13946	18431	648.692	223.846	13.538	0.660	0.103	0.663	648.678	223.813	13.523	648	223	13	3	3	2
283	13.828	53.922	84	78	1489279	17729.512	3678.925	17132.500	13267	30555	564.274	232.940	13.643	1.379	0.577	1.319	564.207	232.886	13.671	559	227	13	12	10	3
284	2.798	16.825	17	17	262029	15413.471	1685.221	15258.000	13285	19064	643.824	237.647	13.706	0.717	0.216	0.743	643.812	237.600	13.710	643	236	13	3	5	2
285	10.041	35.822	61	52	1147200	18806.557	3850.449	18539.000	13747	33816	738.852	248.459	13.918	1.127	0.218	1.115	738.812	248.520	13.878	737	245	13	5	7	3
286	24.363	64.506	148	113	3476983	23493.129	6748.249	22378.000	13335	42810	558.750	260.574	14.020	1.550	0.324	1.500	558.844	260.517	14.000	554	256	13	9	10	4
287	11.194	40.718	68	60	1114236	16385.824	2518.875	15783.500	13254	24433	733.735	264.059	13.809	1.198	0.343	1.216	733.668	264.059	13.817	730	262	13	9	5	3
288	33.911	80.365	206	154	4567625	22172.938	6387.601	21741.000	13322	42443	537.510	271.888	14.049	1.704	0.343	1.700	537.443	271.951	14.037	533	267	13	10	11	4
289	6.749	26.824	41	34	763180	18614.146	3528.509	18450.000	13358	27781	709.219	281.415	13.976	1.028	0.193	1.052	709.173	281.397	13.923	707	280	13	6	4	3
290	6.585	30.030	40	38	668129	16703.225	2310.210	16323.000	13325	22338	573.850	285.775	14.225	0.956	0.266	0.959	573.859	285.762	14.210	571	283	13	6	6	3
291	5.597	21.962	34	34	590687	17373.146	3352.261	16053.500	13289	24150	561.118	325.647	13.441	0.826	0.191	0.849	561.038	325.688	13.447	559	323	13	5	6	2
292	2.140	13.412	13	13	194506	14962.000	1276.955	14725.000	13290	17545	703.385	343.154	13.462	0.676	0.143	0.643	703.364	343.147	13.454	702	342	13	4	3	2
293	24.692	70.747	150	115	3166269	21108.461	5807.395	19874.500	13314	37234	538.753	350.927	14.227	1.544	0.367	1.573	538.733	350.880	14.247	534	347	13	9	10	4
294	3.786	18.411	23	20	422493	18369.262	4262.528	17094.000	13437	28916	629.261	347.783	13.739	0.841	0.213	0.809	629.269	347.776	13.717	628	346	13	4	4	3
295	9.877	41.959	60	53	1061444	17690.732	3729.978	16669.500	13393	28349	514.150	356.283	13.800	1.188	0.320	1.212	514.204	356.294	13.794	510	354	13	8	6	3
296	37.203	95.051	226	181	4753627	21033.748	5806.756	19778.500	13302	41386	552.907	398.411	14.084	1.859	0.622	1.870	552.944	398.629	14.046	547	393	13	13	12	3
297	22.223	89.399	135	125	2292673	16982.764	2994.598	16331.000	13356	30292	527.185	403.178	14.259	1.949	0.732	1.840	527.357	403.304	14.216	521	399	13	13	12	4
298	2.634	14.550	16	16	248976	15561.000	1516.356	15397.000	13285	19056	663.125	406.812	13.562	0.697	0.151	0.682	663.162	406.839	13.565	661	406	13	5	3	2
299	20.577	71.333	125	106	2360917	18887.336	4854.590	17551.000	13233	36598	551.976	439.552	13.944	1.674	0.598	1.626	551.584	439.606	13.915	546	436	13	15	7	3
300	7.078	37.545	43	42	672648	15642.977	1853.815	15423.000	13236	19971	666.209	481.279	13.651	1.196	0.532	1.118	666.174	481.253	13.656	664	477	13	6	11	3
301	3.786	20.583	23	23	389977	16955.521	2306.411	16404.000	13479	20376	654.652	525.783	13.304	0.800	0.242	0.840	654.735	525.726	13.289	652	524	13	5	5	2
302	8.231	33.995	50	47	863593	17271.859	2738.894	16882.500	13433	22513	545.780	530.980	13.740	1.019	0.306	0.997	545.854	530.919	13.701	542	528	13	7	6	3
303	13.498	43.164	82	81	1362553	16616.500	2111.731	16277.500	13252	22777	706.354	538.268	13.451	1.161	0.352	1.185	706.397	538.259	13.435	703	535	13	8	9	3
304	11.688	42.304	71	62	1420832	20011.719	4756.819	19723.000	13382	33363	566.408	541.901	13.732	1.191	0.292	1.222	566.471	541.812	13.663	564	539	13	6	8	3
305	22.552	65.885	137	108	2630190	19198.467	4567.733	18329.000	13297	30010	604.489	552.686	13.956	1.488	0.331	1.478	604.529	552.700	13.953	600	549	13	10	9	3
306	8.231	30.167	50	49	892825	17856.500	3321.522	17367.500	13305	27540	594.260	595.500	13.460	0.966	0.275	0.924	594.202	595.423	13.449	592	592	13	6	7	3
307	4.280	18.652	26	26	453892	17457.385	2575.801	17436.000	13923	22295	653.000	608.692	13.500	0.764	0.162	0.723	652.978	608.749	13.491	651	607	13	5	5	2
308	10.700	36.960	65	55	1261021	19400.322	4752.748	17861.000	13268	31595	579.631	651.954	13.908	1.166	0.243	1.169	579.645	651.895	13.863	578	649	13	5	8	3
309	6.091	33.547	37	37	581479	15715.648	1961.549	15304.000	13236	20911	566.459	658.054	13.459	1.001	0.356	0.911	566.426	658.108	13.441	563	655	13	8	7	2
310	3.786	22.962	23	23	336254	14619.739	1239.672	14005.000	13250	17050	558.913	665.870	13.522	0.827	0.209	0.763	558.906	665.909	13.513	557	664	13	5	5	2
311	7.572	38.650	46	44	722197	15699.935	1970.120	15237.500	13246	20453	581.957	716.261	13.848	1.184	0.438	1.198	581.985	716.243	13.846	578	713	13	9	7	3
312	12.840	51.958	78	69	1308537	16776.115	2841.254	16086.000	13247	25249	682.962	733.449	14.141	1.274	0.373	1.307	682.869	733.318	14.113	680	730	13	9	8	3
313	2.963	17.514	18	18	277348	15408.223	1839.932	14756.000	13292	20239	581.000	753.333	13.333	0.752	0.205	0.791	581.082	753.336	13.310	579	752	13	5	4	2
314	4.938	23.411	30	29	593141	19771.367	4978.254	19399.000	13509	29993	565.033	786.700	13.700	0.884	0.271	0.859	565.075	786.754	13.696	563	785	13	5	4	3
315	12.840	48.786	78	71	1408318	18055.359	3103.257	17913.500	13388	25361	667.513	798.038	13.667	1.360	0.490	1.420	667.469	798.066	13.638	663	795	13	10	6	3
316	6.749	31.271	41	39	665556	16233.073	2196.169	15519.000	13246	21089	641.439	800.000	14.220	0.954	0.267	0.955	641.448	799.991	14.197	639	797	13	5	6	3
317	6.914	33.202	42	38	739021	17595.738	3454.135	16747.000	13392	29612	606.976	873.952	13.833	1.082	0.336	1.125	607.059	873.922	13.838	604	871	13	6	7	3
318	8.231	33.891	50	46	863787	17275.740	3503.060	16375.000	13277	24304	578.620	903.900	13.780	1.053	0.298	1.074	578.540	903.841	13.733	576	902	13	7	5	3
319	21.564	60.163	131	97	3079604	23508.428	7407.741	22920.000	13277	43820	575.771	961.901	14.145	1.508	0.312	1.483	575.714	961.822	14.115	572	958	13	8	9	4
320	4.774	23.307	29	29	446840	15408.275	1752.290	14898.000	13323	19088	589.103	963.483	14.414	0.847	0.267	0.821	589.083	963.503	14.400	588	961	13	4	6	3
321	3.292	17.618	20	20	312654	15632.700	1802.435	14842.000	13425	19486	680.250	963.750	13.400	0.757	0.198	0.719	680.233	963.797	13.384	679	962	13	3	5	2
322	1.646	11.585	10	10	159527	15952.700	1758.506	15635.000	14095	19239	623.200	977.100	13.700	0.675	0.269	0.626	623.220	977.092	13.705	622	976	13	3	3	3
323	2.634	14.791	16	16	246461	15403.812	1910.462	14745.500	13331	18805	561.625	507.750	14.188	0.666	0.226	0.690	561.603	507.801	14.181	560	506	14	5	4	2
324	6.749	37.994	41	41	652226	15907.951	2292.675	15129.000	13233	22020	624.268	649.049	14.268	1.208	0.548	1.143	624.129	649.129	14.286	619	645	14	12	8	2
