 	Volume (micron^3)	Surface (micron^2)	Nb of obj. voxels	Nb of surf. voxels	IntDen	Mean	StdDev	Median	Min	Max	X	Y	Z	Mean dist. to surf. (micron)	SD dist. to surf. (micron)	Median dist. to surf. (micron)	XM	YM	ZM	BX	BY	BZ	B-width	B-height	B-depth
1	33.746	80.609	205	131	7255308	35391.746	17936.281	30902.000	12884	65535	774.346	75.644	5.283	1.820	0.307	1.798	774.421	75.610	5.310	771	71	3	8	10	5
2	36.215	83.333	220	134	8098551	36811.594	18721.945	31871.500	12864	65535	783.864	81.045	5.145	1.897	0.288	1.930	783.905	81.036	5.160	780	77	3	9	10	5
3	35.063	89.436	213	138	7679042	36051.840	18611.486	28940.000	12859	65535	906.657	119.221	4.883	1.967	0.470	2.050	906.371	119.415	4.897	902	115	3	11	10	5
4	37.367	90.089	227	152	6735633	29672.393	13549.445	27866.000	12912	65535	860.233	175.128	5.163	1.851	0.364	1.863	860.203	175.255	5.123	857	169	3	8	13	5
5	33.911	82.503	206	155	5435935	26388.033	9405.923	24700.000	12994	51814	804.709	190.583	4.883	1.762	0.439	1.742	804.749	190.512	4.858	799	186	3	11	11	4
6	55.146	120.359	335	217	10307490	30768.627	14541.135	27501.000	12906	65535	685.669	193.119	5.248	2.223	0.606	2.192	685.388	193.235	5.223	679	189	3	16	9	5
7	16.955	52.302	103	78	3045996	29572.777	13111.789	28164.000	12891	65535	760.728	201.427	5.039	1.356	0.230	1.364	760.705	201.350	5.018	758	198	3	7	8	5
8	17.614	51.028	107	75	3494059	32654.758	16062.246	29013.000	12886	65535	701.654	211.636	5.131	1.472	0.314	1.449	701.653	211.660	5.101	699	209	3	6	7	5
9	47.738	103.293	290	188	9081036	31313.918	14757.628	29027.500	12861	65535	743.255	217.407	5.321	2.010	0.404	1.969	743.145	217.524	5.261	738	212	3	11	12	5
10	30.124	71.437	183	129	5231282	28586.240	12146.847	26444.000	12860	56451	738.060	257.656	5.224	1.645	0.270	1.689	737.934	257.701	5.205	734	254	3	9	8	5
11	40.660	93.294	247	168	7327670	29666.680	14036.745	26206.000	12933	65535	659.858	353.769	5.385	1.991	0.500	1.890	659.895	353.844	5.330	656	346	3	8	15	5
12	26.667	66.886	162	112	4283394	26440.703	10087.648	23540.000	12857	49100	914.210	145.136	5.636	1.625	0.261	1.635	914.206	145.185	5.604	910	141	4	9	9	4
13	13.992	44.235	85	66	2192914	25798.988	10147.626	23666.000	12924	57348	744.600	150.706	5.188	1.297	0.252	1.274	744.629	150.643	5.196	742	148	4	7	7	4
14	24.857	66.059	151	102	5158492	34162.199	16660.820	28056.000	12861	65535	665.517	187.927	5.523	1.679	0.332	1.652	665.315	187.995	5.519	661	185	4	11	7	4
15	13.334	41.718	81	58	2176471	26870.012	11627.491	22485.000	12942	53273	747.889	197.012	5.543	1.327	0.259	1.384	747.831	197.097	5.542	746	194	4	5	7	4
16	19.918	79.883	121	114	2050615	16947.230	3218.945	16003.000	12888	26688	810.132	240.678	4.909	1.637	0.654	1.553	810.197	240.611	4.922	807	234	4	8	14	3
17	30.783	74.816	187	122	6270337	33531.215	17111.199	28726.000	13003	65535	694.540	251.294	5.791	1.736	0.287	1.727	694.628	251.200	5.814	691	247	4	8	9	5
18	21.894	56.542	133	99	4075042	30639.414	13702.397	28374.000	12942	65535	575.120	253.609	5.925	1.468	0.239	1.471	575.171	253.613	5.931	571	250	4	9	8	4
19	27.984	69.024	170	114	5981762	35186.836	17242.758	31272.000	12863	65535	648.306	263.206	6.247	1.666	0.256	1.667	648.234	263.163	6.189	645	260	4	8	8	5
20	23.540	60.508	143	99	4466411	31233.643	15759.512	26766.000	13053	65535	626.378	285.713	5.510	1.581	0.228	1.592	626.298	285.694	5.484	623	281	4	7	10	4
21	34.404	81.987	209	134	7207007	34483.285	17731.412	29153.000	12914	65535	547.478	305.770	5.962	1.823	0.302	1.870	547.428	305.625	5.933	543	302	4	10	9	5
22	53.335	127.119	324	207	9192977	28373.387	13949.427	23785.000	13018	65535	704.843	318.611	7.858	2.447	0.818	2.393	704.430	318.547	7.508	700	314	4	11	11	8
23	10.206	36.270	62	51	1391094	22437.000	7004.710	21320.500	13241	39491	559.984	334.806	5.258	1.158	0.261	1.154	559.975	334.800	5.299	557	333	4	7	5	4
24	22.058	65.955	134	105	3663154	27336.971	10398.906	24756.000	12959	52669	479.172	377.022	5.903	1.622	0.483	1.554	479.197	376.948	5.840	475	372	4	9	11	4
25	21.894	57.406	133	93	4910771	36923.090	17857.053	33459.000	13129	65535	575.195	394.962	5.692	1.564	0.283	1.589	575.166	394.920	5.724	571	392	4	9	6	5
26	40.660	87.502	247	163	6911634	27982.324	12125.191	24324.000	12938	57837	551.093	397.874	5.466	1.870	0.316	1.853	550.983	397.934	5.439	548	392	4	8	12	4
27	57.286	140.427	348	229	9070504	26064.666	11494.565	22764.500	12872	64604	594.101	430.014	7.897	2.691	0.945	2.891	594.104	430.033	7.898	591	424	4	8	14	9
28	18.601	52.095	113	89	3010901	26645.141	9703.193	26840.000	12906	50078	411.460	490.673	6.080	1.397	0.254	1.408	411.423	490.662	6.047	408	488	4	8	6	5
29	19.424	54.130	118	83	2963432	25113.830	10406.994	21428.500	12884	52688	527.525	513.644	5.449	1.469	0.265	1.518	527.523	513.695	5.442	525	510	4	6	8	4
30	9.383	34.788	57	46	1261911	22138.789	6587.261	20582.000	13060	39406	786.123	57.193	5.930	1.131	0.199	1.136	786.151	57.162	5.923	784	55	5	6	6	3
31	17.778	52.751	108	76	2951581	27329.453	12821.236	21776.500	12885	56758	790.787	86.741	6.481	1.466	0.261	1.515	790.790	86.826	6.489	788	83	5	7	8	4
32	8.725	30.823	53	47	1114107	21020.887	5634.601	19792.000	12996	31541	860.943	88.340	5.698	1.030	0.238	1.055	860.924	88.321	5.652	858	86	5	6	6	3
33	10.041	35.822	61	49	1344289	22037.525	7244.957	20159.000	13237	44011	821.918	109.262	6.049	1.149	0.186	1.140	821.868	109.326	6.021	819	107	5	7	6	3
34	1.646	10.240	10	10	144206	14420.600	1473.567	13842.000	12900	17288	762.800	126.200	5.100	0.544	0.232	0.514	762.810	126.186	5.093	762	125	5	3	4	2
35	22.717	59.715	138	99	3826685	27729.602	12241.573	24707.000	12877	57493	726.594	149.442	6.341	1.543	0.281	1.561	726.411	149.507	6.327	722	147	5	10	6	4
36	13.334	37.753	81	68	2286991	28234.457	10399.045	26888.000	13314	60833	761.889	155.111	6.025	1.234	0.212	1.255	761.897	155.188	6.048	759	153	5	7	5	3
37	26.174	67.334	159	109	4077086	25642.051	10271.739	23436.000	12886	51007	671.270	168.956	6.579	1.648	0.285	1.646	671.309	168.971	6.625	667	165	5	10	8	4
38	17.614	51.198	107	86	2521339	23563.916	8437.926	21625.000	13031	50788	652.878	190.907	6.075	1.379	0.302	1.332	652.686	190.944	6.066	649	187	5	9	8	3
39	21.729	62.438	132	93	3241541	24557.129	10046.840	22012.500	12973	53389	862.689	192.917	7.091	1.501	0.271	1.487	862.590	192.792	7.086	859	189	5	8	9	5
40	16.297	47.785	99	78	2408592	24329.213	8313.356	23043.000	12940	44228	626.424	206.364	5.889	1.320	0.239	1.296	626.320	206.421	5.814	623	203	5	9	7	3
41	44.610	94.399	271	161	9198314	33942.117	17476.867	28115.000	12931	65535	535.557	262.277	7.402	1.966	0.256	1.945	535.631	262.256	7.434	531	258	5	10	10	6
42	15.145	49.475	92	72	1995040	21685.217	6131.760	19886.000	12891	35532	699.174	284.989	5.913	1.393	0.368	1.326	699.159	285.017	5.895	696	281	5	8	9	3
43	7.078	29.237	43	43	807542	18780.047	4357.801	17509.000	12911	26211	582.000	320.744	5.488	1.023	0.363	0.967	581.970	320.789	5.475	580	317	5	5	8	2
44	26.338	83.885	160	122	3446566	21541.037	6384.951	20507.500	13042	37519	500.394	332.400	8.406	1.962	0.743	1.937	500.360	332.415	8.364	496	329	5	11	7	7
45	20.906	59.611	127	99	3366841	26510.559	10558.346	23736.000	13028	51612	608.425	340.858	6.102	1.509	0.386	1.462	608.391	340.950	6.145	606	335	5	6	12	4
46	11.194	48.130	68	68	1059169	15576.015	2133.487	15010.500	12876	22323	507.118	344.838	6.206	1.424	0.599	1.317	507.265	344.953	6.233	502	340	5	10	10	3
47	19.260	51.509	117	85	3637547	31090.145	15176.191	26813.000	12857	65535	529.120	365.308	6.316	1.461	0.239	1.446	529.171	365.295	6.313	526	363	5	7	6	4
48	21.071	59.611	128	104	3478054	27172.297	10185.022	25269.000	12885	56820	514.883	367.969	6.055	1.610	0.509	1.556	514.667	367.957	6.055	509	366	5	13	5	3
49	19.754	52.232	120	92	2782837	23190.309	6972.972	21635.500	13288	40368	497.533	384.375	6.033	1.408	0.254	1.417	497.665	384.338	6.077	494	381	5	8	8	3
50	21.400	60.026	130	90	3970159	30539.686	15036.707	27435.500	12857	65535	484.400	427.715	6.985	1.542	0.298	1.489	484.408	427.747	6.985	480	425	5	9	6	5
51	12.181	46.510	74	61	1523678	20590.244	6700.338	18778.500	12904	39776	529.730	452.027	5.892	1.299	0.350	1.266	529.566	452.165	5.861	527	448	5	8	9	3
52	7.243	33.098	44	40	772531	17557.523	4483.410	15865.000	12885	29668	467.545	494.909	6.159	1.008	0.289	1.050	467.566	495.005	6.166	465	491	5	6	8	3
53	21.894	54.404	133	107	3179932	23909.264	7717.789	22816.000	13002	51418	483.677	532.301	6.143	1.428	0.281	1.462	483.818	532.400	6.184	480	529	5	9	8	3
54	10.865	39.684	66	53	1530800	23193.939	9290.864	20488.500	12899	45938	410.788	534.151	6.667	1.201	0.286	1.215	410.836	534.046	6.660	408	532	5	7	6	4
55	14.815	46.855	90	75	2110285	23447.611	7871.313	21567.000	13073	42692	395.589	546.089	6.167	1.294	0.279	1.303	395.507	546.149	6.217	392	543	5	8	7	4
56	25.186	69.610	153	111	4157246	27171.543	13031.848	24658.000	12902	65535	448.850	573.327	6.922	1.596	0.356	1.574	448.662	573.522	6.930	445	569	5	9	9	5
57	12.181	42.993	74	64	1421581	19210.555	4795.646	18947.500	12963	29305	378.473	617.892	6.230	1.219	0.326	1.239	378.448	617.845	6.247	376	614	5	6	9	3
58	37.532	87.572	228	147	7617471	33409.961	16384.457	29946.500	12902	65535	252.241	632.614	6.605	1.880	0.354	1.884	252.122	632.760	6.572	247	628	5	11	10	5
59	26.338	66.541	160	111	4583567	28647.293	13809.177	25095.000	13016	65535	294.356	639.200	7.056	1.641	0.353	1.600	294.259	639.105	7.042	290	636	5	10	7	5
60	27.984	75.435	170	132	3924348	23084.400	8211.865	21272.000	12860	48448	375.635	676.347	6.824	1.684	0.465	1.631	375.730	676.115	6.793	373	671	5	7	13	4
61	24.034	64.369	146	100	4359746	29861.273	14294.917	25342.500	12940	65535	246.822	726.774	6.623	1.606	0.281	1.622	246.882	726.827	6.666	243	723	5	9	8	5
62	19.260	59.403	117	98	2523608	21569.299	7304.900	20166.000	12886	47661	330.991	775.547	7.120	1.553	0.492	1.481	331.061	775.705	7.115	328	770	5	7	12	4
63	8.725	32.857	53	47	1349918	25470.150	8059.834	24180.000	13684	41496	247.509	786.264	6.302	1.057	0.268	1.050	247.543	786.200	6.382	245	783	5	6	7	3
64	31.771	76.573	193	134	4757460	24650.053	9251.321	22571.000	12893	48491	672.953	135.751	7.249	1.696	0.330	1.716	672.901	135.696	7.243	668	132	6	11	9	4
65	54.323	130.599	330	229	9638182	29206.611	13616.899	25788.500	12881	65535	578.024	216.594	8.370	2.407	0.803	2.471	577.771	216.714	8.324	571	210	6	16	14	5
66	3.292	17.652	20	20	338626	16931.301	2669.640	15863.000	13856	22190	793.300	257.800	6.950	0.808	0.390	0.770	793.221	257.887	6.958	791	256	6	7	5	2
67	16.791	51.613	102	76	2930483	28730.225	11917.104	27648.500	12991	55470	515.147	275.951	7.971	1.368	0.262	1.322	515.137	275.957	7.969	512	273	6	7	7	5
68	15.968	45.476	97	76	2594397	26746.361	9979.499	25044.000	13004	50868	508.887	289.897	7.866	1.339	0.251	1.318	508.894	289.893	7.831	505	288	6	8	5	4
69	23.211	61.060	141	97	4410643	31281.156	15635.088	26227.000	12893	65535	614.241	418.284	7.383	1.602	0.300	1.617	614.196	418.311	7.320	612	414	6	6	10	4
70	39.014	88.399	237	164	6510143	27468.957	11066.057	24822.000	12943	60469	452.072	427.992	7.241	1.870	0.400	1.862	452.059	428.030	7.207	448	423	6	9	11	4
71	10.700	38.650	65	51	1513533	23285.123	7674.164	23773.000	12898	46009	379.708	426.508	7.231	1.182	0.237	1.194	379.692	426.464	7.233	377	424	6	6	6	4
72	4.938	22.755	30	30	526792	17559.732	3504.960	16905.500	12893	28172	426.700	449.967	6.800	0.902	0.346	0.873	426.759	450.039	6.836	425	448	6	5	6	3
73	36.215	85.297	220	138	7306384	33210.836	16476.746	31343.500	13158	65535	353.209	461.586	7.832	1.831	0.274	1.847	353.147	461.431	7.834	349	458	6	10	9	5
74	13.334	42.441	81	66	1826845	22553.643	8074.317	20339.000	12904	47563	367.309	552.420	7.111	1.249	0.217	1.219	367.296	552.471	7.121	364	550	6	8	6	3
75	14.486	43.923	88	69	2004978	22783.842	7646.664	20572.000	13074	41768	442.011	558.625	7.045	1.252	0.164	1.263	442.038	558.652	7.088	439	555	6	7	8	3
76	20.906	55.783	127	99	3124130	24599.449	9281.136	21312.000	13084	55428	319.189	571.409	6.961	1.432	0.272	1.418	319.204	571.542	6.970	315	567	6	9	9	3
77	37.532	100.881	228	167	5042283	22115.275	7573.877	20184.000	12899	44159	394.662	584.737	8.794	2.287	0.791	2.437	394.658	584.761	8.708	391	581	6	8	8	7
78	46.092	117.706	280	189	6981638	24934.422	10553.687	21626.500	12857	55144	433.029	593.168	8.414	2.151	0.619	2.232	432.757	592.938	8.272	428	588	6	11	12	6
79	10.700	43.164	65	65	1158638	17825.199	3394.074	17194.000	13055	25069	281.138	607.738	6.738	1.190	0.420	1.175	281.013	607.763	6.773	277	605	6	10	7	3
80	7.901	35.477	48	42	932420	19425.416	6705.077	16992.000	13096	39125	376.438	639.333	7.062	1.110	0.308	1.101	376.404	639.521	7.060	374	635	6	5	9	3
81	20.412	59.955	124	98	2946129	23759.105	7618.639	22331.000	12870	41804	379.597	651.895	7.250	1.444	0.324	1.437	379.601	651.889	7.286	377	647	6	6	10	4
82	19.260	56.198	117	90	3017955	25794.486	10150.085	23155.000	13345	53529	267.205	704.983	7.009	1.468	0.361	1.377	267.219	705.016	6.985	263	701	6	10	9	3
83	10.865	48.130	66	60	1191276	18049.637	4331.901	16829.500	13009	28748	365.273	720.273	6.985	1.281	0.449	1.243	365.239	720.185	6.980	363	715	6	6	11	3
84	19.754	62.920	120	98	2645307	22044.225	7242.564	20256.000	12963	42706	218.508	771.425	7.033	1.520	0.430	1.439	218.538	771.370	7.023	214	767	6	10	10	3
85	12.675	45.510	77	67	1462042	18987.559	5211.933	17060.000	12870	31579	230.922	825.532	7.143	1.223	0.353	1.307	230.893	825.601	7.130	228	821	6	7	9	3
86	10.700	36.615	65	54	1672654	25733.139	10378.642	23906.000	13356	56985	179.400	851.369	7.123	1.171	0.218	1.180	179.360	851.446	7.114	177	849	6	6	6	3
87	30.289	71.437	184	128	5080055	27608.994	11550.620	22973.000	13028	56701	972.435	113.788	8.620	1.709	0.307	1.703	972.441	113.664	8.601	969	109	7	7	11	4
88	32.264	77.540	196	124	6483416	33078.652	15966.027	29401.500	12859	65535	901.740	143.791	9.281	1.771	0.246	1.759	901.769	143.804	9.265	898	140	7	8	9	5
89	11.194	41.062	68	63	1414858	20806.734	6273.867	18152.000	13226	35149	642.662	144.794	8.485	1.161	0.345	1.125	642.583	144.750	8.479	639	142	7	8	7	4
90	17.120	50.475	104	72	2862709	27526.049	13083.807	24001.000	12906	60307	927.135	157.923	8.548	1.446	0.224	1.482	927.102	157.893	8.564	924	155	7	7	7	4
91	15.803	48.371	96	83	2020533	21047.219	6278.185	20231.500	13195	36803	510.344	300.281	7.698	1.299	0.331	1.319	510.303	300.109	7.658	508	296	7	6	10	3
92	10.535	40.028	64	60	1445649	22588.266	5918.368	24601.000	12980	32808	737.453	308.844	8.359	1.136	0.321	1.132	737.509	308.887	8.399	735	306	7	7	8	4
93	27.820	66.196	169	111	5090757	30122.822	13743.075	26873.000	12941	63541	650.663	383.781	8.402	1.656	0.190	1.649	650.650	383.742	8.366	647	380	7	8	9	4
94	11.194	38.338	68	62	1266704	18628.000	4413.865	18233.500	12947	29700	403.397	423.147	7.750	1.103	0.265	1.133	403.398	423.200	7.749	401	420	7	6	7	3
95	15.968	47.199	97	77	2407975	24824.484	10060.112	22611.000	13081	55411	394.876	429.887	8.093	1.320	0.247	1.297	394.763	429.845	8.094	392	427	7	8	7	4
96	18.601	59.095	113	84	3321025	29389.602	13775.012	25613.000	12858	64635	578.310	461.301	8.858	1.506	0.377	1.479	578.363	461.238	8.827	575	457	7	7	9	5
97	28.972	71.196	176	116	5306774	30152.125	14575.082	26748.000	12855	65535	283.847	572.341	9.125	1.683	0.236	1.693	283.837	572.308	9.088	280	569	7	9	8	5
98	33.581	76.988	204	135	6393356	31339.980	14169.598	26837.500	12891	65535	253.907	607.304	9.397	1.778	0.283	1.782	253.910	607.309	9.387	249	604	7	10	7	5
99	2.140	14.998	13	13	210820	16216.923	3034.702	15130.000	12955	21714	384.615	631.846	7.308	0.688	0.231	0.683	384.595	631.830	7.273	383	630	7	4	5	2
100	24.198	72.263	147	134	3149539	21425.436	5793.881	20213.000	12864	38682	214.680	667.782	8.190	1.903	0.722	1.915	214.554	667.768	8.145	208	665	7	15	8	3
101	21.564	58.543	131	91	4169637	31829.291	15026.895	28328.000	13047	65535	377.740	700.565	8.756	1.556	0.283	1.587	377.734	700.574	8.714	375	697	7	7	8	5
102	32.923	83.641	200	151	5019955	25099.775	9106.211	23581.000	12886	52358	342.645	774.785	8.265	1.735	0.433	1.688	342.718	774.551	8.264	339	769	7	8	13	4
103	20.906	56.679	127	103	2987531	23523.865	8167.436	21888.000	13166	48104	174.811	779.118	8.134	1.460	0.342	1.422	174.638	779.130	8.131	170	776	7	11	7	3
104	12.675	45.543	77	77	1285990	16701.168	3005.215	15795.000	12861	26004	234.091	782.234	7.390	1.238	0.441	1.208	234.014	782.350	7.359	231	778	7	7	10	2
105	10.535	33.821	64	64	1221207	19081.359	3878.917	19291.500	13287	29914	189.547	826.781	7.438	1.038	0.287	1.074	189.566	826.819	7.407	187	823	7	6	8	2
106	8.889	33.098	54	51	1126587	20862.723	4957.869	20579.500	13037	29745	271.074	844.722	7.593	1.021	0.282	1.023	271.118	844.736	7.577	269	842	7	5	7	3
107	3.951	19.894	24	24	382388	15932.833	2567.574	15351.000	13129	21976	206.167	856.208	7.417	0.760	0.165	0.748	206.156	856.194	7.402	204	855	7	5	4	2
108	2.963	15.721	18	18	296803	16489.055	3036.241	15519.000	12926	22019	204.222	872.389	7.000	0.703	0.280	0.709	204.212	872.371	7.000	202	870	7	5	6	1
109	46.092	105.120	280	183	6908487	24673.168	9226.675	22560.500	12948	47401	966.336	124.607	10.157	2.048	0.469	2.072	966.321	124.706	10.153	963	118	8	8	14	5
110	18.601	54.578	113	82	3016013	26690.381	11453.767	22736.000	12878	54152	905.221	130.460	9.478	1.533	0.345	1.575	905.200	130.476	9.476	903	126	8	5	10	4
111	26.997	66.163	164	102	4956660	30223.537	14455.823	26620.500	12904	65535	864.165	153.305	10.183	1.708	0.275	1.694	864.182	153.348	10.195	860	150	8	9	7	5
112	29.137	75.954	177	117	4914209	27763.893	11844.066	25104.000	12860	56921	869.847	167.977	9.780	1.695	0.251	1.715	869.771	168.039	9.790	866	164	8	8	9	5
113	34.569	80.401	210	131	6924089	32971.852	16647.088	28090.000	12907	65535	698.219	169.195	10.376	1.845	0.317	1.828	698.117	169.214	10.394	695	164	8	7	11	5
114	19.754	57.406	120	81	3267767	27231.393	12977.569	23960.000	12888	65535	768.650	169.708	10.008	1.533	0.319	1.472	768.552	169.745	10.029	765	167	8	9	6	5
115	21.400	58.992	130	90	4129808	31767.754	15560.938	26692.500	12954	65535	613.631	185.708	9.669	1.561	0.289	1.602	613.527	185.706	9.666	610	183	8	9	6	5
116	13.663	41.855	83	66	1986480	23933.494	7780.878	22107.000	13209	45894	832.675	185.410	9.928	1.252	0.211	1.242	832.614	185.459	9.903	830	183	8	7	6	4
117	10.865	38.753	66	51	1633289	24746.803	10369.716	20675.500	12888	49746	740.818	193.015	9.712	1.251	0.305	1.276	740.855	192.989	9.730	738	191	8	7	5	4
118	31.606	74.505	192	131	4684062	24396.156	9240.027	21696.500	12974	49019	594.349	205.312	9.474	1.756	0.309	1.718	594.231	205.300	9.472	590	202	8	11	8	4
119	16.297	49.682	99	70	2447087	24718.051	9793.467	21252.000	12974	49229	864.232	205.303	10.354	1.411	0.246	1.387	864.257	205.311	10.347	861	202	8	7	7	5
120	4.938	25.582	30	30	446233	14874.434	1809.426	14199.000	12936	19158	722.700	231.233	9.233	0.861	0.290	0.835	722.700	231.325	9.226	721	229	8	4	6	3
121	16.461	52.855	100	75	2742495	27424.949	12132.705	25256.500	12964	65535	583.250	231.020	10.070	1.378	0.297	1.348	583.351	231.034	10.056	579	229	8	9	6	5
122	7.243	31.030	44	39	885193	20118.023	5202.372	19886.000	12867	31804	714.341	234.295	9.659	0.986	0.252	0.958	714.396	234.359	9.634	712	232	8	6	5	4
123	9.877	33.891	60	51	1221902	20365.033	5727.844	19023.500	12893	38116	735.717	246.583	9.250	1.114	0.228	1.141	735.631	246.572	9.286	733	244	8	7	6	3
124	36.215	86.709	220	160	5225362	23751.645	7449.557	22988.000	12976	42093	547.741	249.141	10.341	1.872	0.517	1.826	547.635	249.220	10.322	542	245	8	14	8	5
125	4.938	25.238	30	28	545575	18185.834	4064.177	17390.500	13413	28447	779.933	251.400	9.200	0.890	0.235	0.893	779.988	251.408	9.213	777	250	8	7	4	3
126	25.351	64.784	154	102	4900023	31818.332	16291.046	28777.500	12919	65535	691.792	309.532	10.195	1.674	0.312	1.662	691.825	309.517	10.204	689	305	8	7	9	5
127	5.268	23.652	32	31	551889	17246.531	3109.634	16464.500	13080	23972	434.656	368.594	8.625	0.831	0.232	0.834	434.618	368.604	8.644	432	367	8	6	4	3
128	20.412	58.440	124	87	3195020	25766.291	9865.628	23511.500	12970	55707	369.984	464.589	9.460	1.523	0.257	1.538	370.004	464.601	9.431	366	461	8	8	8	4
129	11.029	40.477	67	54	1442996	21537.254	6708.129	20725.000	13006	36103	331.030	516.433	9.701	1.170	0.243	1.198	331.021	516.459	9.662	328	514	8	7	6	4
130	17.120	50.957	104	80	2563996	24653.809	8785.786	23798.000	13011	48172	237.077	632.154	9.827	1.366	0.245	1.359	237.033	632.194	9.858	234	629	8	8	7	4
131	20.906	59.577	127	93	3154238	24836.520	9512.138	22723.000	13007	48612	400.409	666.047	9.244	1.516	0.303	1.498	400.401	666.040	9.200	398	662	8	6	9	4
132	29.795	74.575	181	113	5541771	30617.520	15244.230	25357.000	12896	65535	306.033	769.475	10.077	1.768	0.317	1.789	305.999	769.444	10.056	303	765	8	7	10	5
133	14.486	46.028	88	61	2187227	24854.852	9706.812	21810.500	13073	48990	306.466	819.045	9.398	1.375	0.236	1.373	306.461	819.010	9.381	304	816	8	6	7	4
134	32.923	85.297	200	135	5524270	27621.350	12076.665	23097.500	12879	60357	814.850	45.490	10.505	1.864	0.442	1.801	814.820	45.470	10.527	809	40	9	12	11	4
135	11.029	37.890	67	60	1291070	19269.701	5014.031	18597.000	12902	31662	762.925	71.582	10.254	1.118	0.259	1.117	762.957	71.541	10.286	759	69	9	8	6	3
136	8.231	33.409	50	38	1076345	21526.900	6289.129	20059.000	13694	38254	790.060	111.160	10.340	1.130	0.283	1.090	790.102	111.135	10.336	788	109	9	5	6	4
137	11.358	39.131	69	58	1280146	18552.840	4698.304	17022.000	12989	30275	722.667	116.188	9.913	1.175	0.247	1.162	722.675	116.153	9.920	719	114	9	8	6	3
138	8.395	32.064	51	43	916518	17970.941	4285.695	16427.000	12882	26103	774.392	117.412	10.137	1.070	0.198	1.088	774.340	117.450	10.143	772	115	9	6	5	3
139	10.865	41.752	66	57	1195407	18112.227	4443.365	16978.000	12907	31309	809.773	137.742	9.970	1.165	0.263	1.174	809.782	137.755	9.981	807	134	9	7	8	3
140	11.523	42.993	70	60	1280902	18298.600	4454.108	17245.500	13024	31584	688.400	174.157	10.157	1.170	0.304	1.167	688.481	174.145	10.147	684	172	9	9	6	3
141	23.211	60.026	141	96	4483076	31794.865	14737.706	26400.000	13259	65535	762.780	180.872	10.496	1.616	0.280	1.642	762.788	180.868	10.475	760	177	9	7	9	4
142	42.964	94.295	261	172	7278078	27885.355	12360.192	24714.000	13021	64084	651.908	203.077	10.464	1.977	0.430	1.907	651.557	203.065	10.508	646	199	9	14	8	4
143	28.643	70.403	174	121	4836356	27795.150	12065.255	25297.500	12939	54603	646.466	236.293	10.684	1.651	0.249	1.650	646.536	236.346	10.695	642	232	9	10	9	4
144	22.223	60.300	135	103	2906218	21527.541	6755.601	20658.000	12943	37525	718.385	256.696	10.659	1.470	0.230	1.514	718.416	256.773	10.637	715	253	9	8	8	4
145	8.560	29.581	52	50	1083414	20834.885	4388.366	21386.000	13450	29967	697.808	279.269	10.500	0.975	0.256	0.995	697.714	279.254	10.500	696	277	9	5	6	4
146	19.095	54.163	116	92	2410274	20778.225	5806.636	19090.000	13108	39191	715.578	288.905	10.009	1.394	0.285	1.388	715.476	288.894	9.988	711	286	9	10	7	3
147	5.597	27.409	34	31	566836	16671.646	2543.680	15666.500	13072	23821	692.471	291.618	10.029	0.960	0.314	1.008	692.446	291.549	10.027	691	289	9	4	7	3
148	23.211	63.231	141	96	3781361	26818.164	11608.721	24188.000	12887	61470	610.986	318.865	10.404	1.590	0.262	1.600	611.024	318.877	10.365	607	315	9	9	8	4
149	9.383	34.925	57	54	1034035	18140.965	3389.699	17795.000	13266	27654	460.211	335.211	10.333	1.083	0.337	1.063	460.216	335.220	10.328	457	333	9	8	5	3
150	21.400	74.194	130	117	2256999	17361.531	3356.544	16884.000	12907	27213	672.385	353.454	9.892	1.649	0.611	1.615	672.395	353.490	9.894	669	347	9	8	14	3
151	3.457	22.169	21	21	316429	15068.048	1797.964	14813.000	12912	19147	603.143	355.333	9.238	0.790	0.253	0.811	603.128	355.318	9.221	601	353	9	5	5	2
152	23.869	63.543	145	101	4617471	31844.627	15128.947	26153.000	13155	65535	560.421	375.428	10.462	1.671	0.338	1.653	560.318	375.527	10.457	557	371	9	8	9	4
153	4.609	23.307	28	28	467064	16680.857	2958.096	16305.500	12863	23834	604.929	374.750	10.393	0.834	0.254	0.787	604.882	374.776	10.377	603	372	9	5	6	3
154	22.881	62.542	139	102	3888033	27971.461	11850.443	25445.000	12857	61005	507.763	387.094	10.871	1.553	0.311	1.546	507.772	387.153	10.874	504	384	9	9	7	5
155	22.881	67.645	139	100	3375334	24282.979	8527.628	23269.000	12930	46328	566.194	400.273	10.396	1.553	0.345	1.614	566.067	400.406	10.384	562	396	9	9	9	4
156	16.626	47.199	101	81	2429385	24053.316	8580.448	22455.000	13052	51876	521.337	398.762	10.941	1.339	0.243	1.328	521.310	398.851	10.916	518	396	9	8	6	4
157	24.692	64.851	150	111	3485492	23236.613	7584.412	21849.500	12997	41321	470.347	409.987	10.573	1.537	0.297	1.570	470.280	409.965	10.574	466	407	9	10	7	4
158	21.729	59.403	132	105	2856318	21638.773	5982.863	20843.500	12962	41160	636.992	410.220	10.091	1.494	0.372	1.453	636.972	410.194	10.098	633	407	9	10	8	4
159	13.828	44.957	84	81	1602714	19079.928	4447.568	17883.500	12862	33478	557.333	424.417	10.524	1.212	0.394	1.197	557.529	424.344	10.522	553	421	9	9	7	4
160	16.132	46.751	98	76	2425564	24750.652	9305.682	22158.000	12879	52066	411.612	456.510	9.990	1.333	0.239	1.300	411.679	456.490	9.989	408	454	9	8	6	4
161	15.968	50.268	97	77	2262248	23322.145	8694.847	20512.000	12929	46339	413.598	468.794	10.144	1.368	0.301	1.356	413.524	468.639	10.172	410	466	9	8	7	4
162	21.235	63.851	129	114	2750490	21321.627	5478.452	21572.000	12948	31870	407.612	525.798	10.388	1.411	0.370	1.459	407.549	525.849	10.380	404	521	9	8	10	4
163	18.766	54.267	114	91	2845158	24957.525	9453.731	22625.000	13073	48061	355.763	535.272	10.825	1.513	0.445	1.441	355.758	535.214	10.787	350	533	9	12	5	4
164	17.943	50.854	109	86	2446391	22443.955	6848.404	21456.000	12886	43739	291.578	539.505	10.128	1.361	0.234	1.372	291.484	539.552	10.181	288	536	9	8	7	4
165	19.095	55.957	116	87	2741303	23631.922	8754.383	20531.000	12908	43232	481.595	553.664	10.621	1.424	0.281	1.453	481.611	553.676	10.590	478	550	9	8	8	4
166	15.638	47.648	95	73	2263673	23828.137	8534.396	21734.000	13254	45226	333.968	553.274	10.779	1.307	0.212	1.286	333.943	553.316	10.735	331	550	9	7	7	4
167	26.338	68.264	160	123	4140965	25881.031	10644.507	23851.000	12959	57116	342.856	596.269	10.775	1.595	0.329	1.575	342.692	596.357	10.753	339	592	9	9	9	4
168	13.663	52.647	83	68	1474993	17771.000	4450.128	16509.000	12857	29968	408.855	646.446	9.988	1.303	0.320	1.328	408.902	646.369	9.998	406	643	9	7	9	3
169	24.363	66.678	148	117	3250310	21961.555	6129.198	21283.500	12865	37983	360.331	661.446	10.784	1.523	0.329	1.523	360.330	661.494	10.731	357	657	9	7	11	4
170	28.478	72.196	173	120	5454861	31530.988	13336.155	31133.000	13133	65535	336.260	665.607	10.832	1.686	0.302	1.710	336.288	665.508	10.877	332	662	9	9	9	5
171	10.041	33.650	61	49	1475682	24191.508	8380.771	21154.000	12914	43099	254.000	681.115	10.787	1.151	0.223	1.162	253.990	681.024	10.736	252	679	9	5	6	4
172	24.692	67.368	150	122	3115871	20772.473	5602.539	21286.000	12883	36216	356.727	736.800	10.607	1.519	0.382	1.537	356.718	736.802	10.582	352	733	9	10	9	4
173	9.877	40.959	60	54	1039252	17320.867	3988.841	16256.500	12922	28262	311.983	786.583	10.133	1.126	0.297	1.098	311.997	786.578	10.127	309	782	9	6	9	3
174	16.955	48.923	103	82	2459790	23881.457	7040.763	23204.000	13199	43005	220.981	786.165	10.864	1.330	0.225	1.314	220.944	786.296	10.805	218	782	9	7	8	4
175	13.169	44.235	80	65	1881153	23514.412	7926.250	22194.500	12856	38668	156.150	874.300	10.462	1.223	0.259	1.248	156.069	874.209	10.473	153	871	9	7	7	4
176	14.651	44.579	89	70	2272575	25534.551	9495.773	23432.000	13161	54616	204.506	892.775	10.933	1.274	0.191	1.275	204.545	892.751	10.891	202	890	9	6	7	4
177	5.432	25.582	33	33	510237	15461.728	1973.190	15139.000	12875	20075	710.121	196.303	10.424	0.952	0.356	0.853	710.106	196.305	10.403	708	194	10	6	7	2
178	8.725	31.719	53	45	1175331	22176.057	5941.327	22300.000	13426	33565	600.830	226.321	10.887	1.103	0.236	1.126	600.822	226.326	10.799	598	225	10	7	4	3
179	1.975	12.964	12	12	167937	13994.750	1013.999	13614.500	12862	15995	559.083	344.917	10.833	0.694	0.285	0.704	559.065	344.848	10.827	558	343	10	4	5	2
180	18.108	53.852	110	103	2034950	18499.545	3670.098	18517.500	12944	26829	430.955	415.818	10.618	1.325	0.408	1.363	430.921	415.816	10.620	427	413	10	10	7	3
181	12.346	39.132	75	62	1495525	19940.334	5764.798	18962.000	12911	37350	420.747	497.747	11.053	1.200	0.192	1.183	420.840	497.789	11.051	418	495	10	6	7	3
182	12.346	47.889	75	70	1427772	19036.961	4916.554	18413.000	12871	32066	358.360	516.627	10.587	1.172	0.346	1.182	358.284	516.467	10.596	355	513	10	8	8	3
183	11.194	41.614	68	57	1346220	19797.354	5592.043	19459.000	12999	35521	385.088	518.426	10.824	1.238	0.325	1.224	385.015	518.428	10.821	382	516	10	8	7	3
184	15.638	49.441	95	70	2243612	23616.969	9307.768	21941.000	12890	50683	331.126	543.358	11.832	1.372	0.295	1.323	331.109	543.254	11.817	328	541	10	7	7	5
185	35.063	87.090	213	132	6126873	28764.662	14283.688	24281.000	12976	65535	304.601	567.150	12.056	1.894	0.387	1.965	304.625	567.188	11.977	299	564	10	13	7	5
186	9.712	33.580	59	57	1046611	17739.170	3389.657	16737.000	13239	26464	282.254	594.322	10.610	1.041	0.275	1.046	282.269	594.317	10.636	279	592	10	7	6	3
187	6.091	28.099	37	34	640362	17307.082	3351.674	16226.000	12862	26080	422.730	614.541	10.811	0.961	0.252	0.982	422.703	614.477	10.813	421	612	10	5	6	3
188	4.445	23.548	27	26	442078	16373.259	3442.826	15296.000	12931	25507	263.815	638.407	10.889	0.860	0.303	0.917	263.751	638.518	10.899	262	636	10	5	6	3
189	20.248	65.092	123	103	2448529	19906.740	5687.893	19285.000	12862	37014	317.057	665.724	11.967	1.546	0.520	1.417	317.033	665.911	11.927	314	659	10	8	13	4
190	9.383	32.857	57	47	1180678	20713.648	5988.567	19054.000	13036	37367	293.702	678.789	10.982	1.135	0.197	1.132	293.673	678.743	11.024	291	676	10	6	6	3
191	15.474	43.923	94	75	1880395	20004.201	5373.290	19063.000	12873	34786	374.957	682.085	10.936	1.294	0.202	1.290	374.968	682.180	10.960	372	679	10	7	7	3
192	4.774	21.721	29	29	485772	16750.758	3029.386	15692.000	13496	23098	324.828	720.759	10.586	0.828	0.214	0.833	324.894	720.739	10.615	323	719	10	5	5	2
193	5.268	21.824	32	27	622861	19464.406	5023.953	17981.000	13299	33082	324.188	729.625	10.844	0.942	0.203	0.957	324.165	729.740	10.837	323	728	10	4	5	3
194	14.157	44.924	86	70	1920770	22334.535	7973.211	19961.500	12883	41488	205.442	767.430	11.326	1.283	0.276	1.263	205.436	767.406	11.346	202	765	10	7	7	4
195	13.498	43.475	82	66	1693390	20651.098	6400.792	18839.500	12959	38455	179.634	786.549	10.890	1.247	0.228	1.226	179.684	786.538	10.861	176	784	10	8	6	3
196	20.906	54.300	127	98	2814346	22160.205	7257.048	20450.000	12876	44007	291.803	790.638	10.898	1.420	0.262	1.414	291.775	790.671	10.892	289	786	10	7	10	3
197	22.552	59.885	137	110	2850982	20810.088	5600.539	20034.000	13027	35044	258.854	793.036	11.146	1.470	0.323	1.462	258.932	793.028	11.180	255	789	10	9	10	3
198	18.272	49.508	111	84	2936296	26453.117	10087.502	25143.000	12981	56690	285.081	803.054	10.964	1.366	0.231	1.335	285.039	803.119	10.969	282	799	10	7	9	3
199	15.474	45.269	94	77	1986512	21133.105	6612.020	20646.000	13074	40044	236.702	819.128	11.032	1.314	0.245	1.300	236.793	819.072	11.033	234	816	10	6	8	3
200	2.798	14.205	17	17	273411	16083.000	2050.317	16104.000	13416	21290	145.824	835.176	10.471	0.694	0.141	0.668	145.791	835.197	10.471	144	834	10	4	3	2
201	13.334	39.476	81	64	2123183	26212.137	10240.430	23879.000	13084	57868	152.148	843.580	11.037	1.230	0.167	1.217	152.160	843.564	11.034	149	841	10	7	6	3
202	12.840	43.579	78	65	1456971	18679.115	4567.879	17653.500	12886	30877	189.013	855.231	11.141	1.216	0.225	1.211	188.993	855.256	11.135	186	852	10	7	7	3
203	3.786	19.101	23	23	382113	16613.609	3346.737	15949.000	13074	24515	425.913	434.565	11.391	0.799	0.240	0.758	425.862	434.608	11.339	423	433	11	6	4	2
204	5.761	28.443	35	35	530846	15167.028	1482.979	14969.000	12856	17961	420.029	568.086	11.571	0.971	0.388	0.916	420.022	568.103	11.580	418	564	11	5	10	2
205	16.132	46.370	98	98	1804303	18411.256	3356.459	18308.500	12984	26333	359.255	577.265	11.449	1.273	0.423	1.258	359.161	577.276	11.433	355	574	11	10	8	2
206	1.975	12.515	12	12	186451	15537.583	2200.499	14871.500	13184	20045	233.333	725.750	11.083	0.600	0.272	0.581	233.326	725.667	11.071	232	724	11	4	5	2
207	16.626	51.888	101	83	2037446	20172.732	6221.096	18218.000	13007	37904	234.198	877.644	11.891	1.384	0.329	1.332	234.233	877.682	11.887	232	873	11	6	10	3
