 	Volume (micron^3)	Surface (micron^2)	Nb of obj. voxels	Nb of surf. voxels	IntDen	Mean	StdDev	Median	Min	Max	X	Y	Z	Mean dist. to surf. (micron)	SD dist. to surf. (micron)	Median dist. to surf. (micron)	XM	YM	ZM	BX	BY	BZ	B-width	B-height	B-depth
1	19.589	59.681	119	88	3101763	26065.234	12039.884	23185.000	12577	65392	966.731	160.916	5.076	1.504	0.391	1.437	966.626	160.947	5.044	962	158	3	10	6	5
2	35.063	90.537	213	147	5920602	27796.254	12117.854	26225.000	12358	60972	903.991	174.789	5.070	1.751	0.326	1.777	904.068	174.656	5.070	899	171	3	11	9	5
3	26.174	66.852	159	100	5056862	31804.164	16530.096	27316.000	12501	65535	865.050	199.874	5.013	1.669	0.267	1.612	865.017	199.747	5.024	861	196	3	8	8	5
4	33.252	77.058	202	126	7520625	37230.816	19309.211	32347.000	12321	65535	926.257	200.614	5.193	1.864	0.348	1.890	926.061	200.674	5.200	922	198	3	10	6	6
5	30.124	72.056	183	137	4401333	24051.000	8412.312	22186.000	12391	48841	835.885	211.557	4.874	1.606	0.323	1.634	835.855	211.628	4.866	831	207	3	10	10	4
6	15.638	51.613	95	71	2146417	22593.863	9934.006	19591.000	12328	53265	888.884	255.579	4.705	1.389	0.322	1.385	888.791	255.550	4.739	885	253	3	9	6	4
7	27.820	76.332	169	130	4110223	24320.846	9288.225	22156.000	12341	51890	765.716	262.598	5.189	1.657	0.505	1.592	765.654	262.520	5.108	762	258	3	8	10	7
8	26.174	67.749	159	103	5713490	35933.898	18858.381	30043.000	12453	65535	805.849	271.170	5.415	1.671	0.262	1.628	805.759	271.168	5.465	803	268	3	7	8	6
9	49.220	111.843	299	198	8695999	29083.609	13486.638	26207.000	12405	65535	669.615	291.140	5.080	2.015	0.505	1.985	669.638	291.145	5.093	665	285	3	11	13	5
10	32.923	75.817	200	119	7108864	35544.320	18808.615	30245.500	12387	65535	928.620	288.585	5.115	1.844	0.277	1.835	928.581	288.627	5.191	925	285	3	8	8	6
11	26.009	67.404	158	108	5767183	36501.160	18824.941	31872.000	12347	65535	874.380	303.734	5.658	1.680	0.334	1.688	874.331	303.714	5.649	872	300	3	6	10	6
12	26.667	67.782	162	113	4492298	27730.234	13298.500	23901.000	12338	65535	978.778	310.988	5.512	1.647	0.278	1.646	978.780	310.823	5.495	975	308	3	9	8	5
13	26.338	67.645	160	107	5225060	32656.625	17596.789	28507.000	12391	65535	873.963	326.581	5.406	1.656	0.273	1.632	873.959	326.527	5.423	871	322	3	7	9	5
14	42.470	88.021	258	148	9280366	35970.410	19403.045	28113.500	12339	65535	821.481	332.857	4.953	1.993	0.245	1.998	821.472	332.872	4.932	817	329	3	10	9	5
15	7.901	40.099	48	46	1121736	23369.500	9092.702	22578.500	12391	48209	1015.083	340.271	4.896	1.418	0.535	1.418	1015.139	340.111	4.864	1014	335	3	3	11	4
16	32.758	77.299	199	130	7526893	37823.582	19423.781	32525.000	12374	65535	666.367	349.040	5.543	1.812	0.340	1.776	666.366	348.980	5.579	663	345	3	7	10	6
17	36.215	84.367	220	136	7084522	32202.373	16997.453	26861.500	12377	65535	959.023	359.282	5.132	1.860	0.296	1.868	958.973	359.233	5.168	954	356	3	11	8	5
18	27.161	70.955	165	114	4895639	29670.539	14450.405	25996.000	12335	65535	694.309	373.309	4.764	1.670	0.320	1.692	694.330	373.388	4.836	691	369	3	7	11	5
19	51.360	103.638	312	187	10542332	33789.527	17777.797	29627.000	12321	65535	619.449	394.221	5.292	2.041	0.261	2.029	619.588	394.257	5.288	614	390	3	12	10	5
20	43.458	97.538	264	158	9511269	36027.535	19409.951	30146.500	12320	65535	725.432	408.822	4.886	2.063	0.420	2.100	725.368	408.761	4.836	719	406	3	13	8	5
21	21.400	59.648	130	89	4919000	37838.461	18752.084	32596.000	12358	65535	539.446	567.692	5.638	1.615	0.336	1.632	539.425	567.634	5.651	536	565	3	8	7	6
22	50.701	106.777	308	184	11398216	37007.195	19410.102	31242.500	12332	65535	592.591	595.036	5.821	2.107	0.363	2.115	592.593	595.018	5.790	587	591	3	13	9	6
23	36.380	84.437	221	126	8416042	38081.637	20444.381	31793.000	12337	65535	508.919	608.575	5.873	1.961	0.386	1.930	508.938	608.564	5.873	505	605	3	9	8	7
24	12.017	45.098	73	59	2123756	29092.549	13117.187	26741.000	12383	65535	570.699	681.849	5.068	1.309	0.337	1.283	570.636	682.070	5.109	568	679	3	7	7	5
25	2.798	17.377	17	17	322947	18996.883	6112.674	16986.000	13008	32538	1000.824	142.824	5.000	0.815	0.355	0.961	1000.875	142.938	4.996	1000	140	4	2	6	3
26	55.804	129.254	339	241	9611329	28352.004	12538.849	26120.000	12317	65535	813.808	157.791	6.009	2.464	0.895	2.362	813.766	157.908	6.004	810	148	4	9	21	5
27	14.651	48.130	89	79	1788634	20097.012	6301.979	18679.000	12402	38421	894.101	166.360	4.843	1.386	0.435	1.348	894.143	166.526	4.843	892	161	4	5	11	3
28	10.206	36.960	62	54	1231150	19857.258	6132.605	18707.500	12344	39446	961.194	182.306	5.339	1.107	0.283	1.123	961.207	182.292	5.361	958	180	4	7	6	4
29	15.968	53.715	97	89	1895088	19536.990	5808.958	17866.000	12318	35100	893.247	188.258	5.330	1.297	0.381	1.313	893.337	188.089	5.317	890	185	4	8	9	3
30	4.609	23.444	28	28	435530	15554.643	2593.538	15280.500	12438	21562	918.036	192.107	5.143	0.848	0.316	0.896	918.038	192.025	5.120	916	190	4	6	5	3
31	19.918	64.162	121	98	2439039	20157.348	6787.749	17421.000	12320	46086	755.587	215.041	5.058	1.580	0.512	1.484	755.744	215.207	5.082	750	211	4	11	10	3
32	23.704	63.472	144	103	3882379	26960.965	11847.923	23440.500	12354	58532	685.181	232.792	5.694	1.570	0.298	1.576	685.175	232.763	5.677	682	229	4	8	9	4
33	30.783	75.161	187	129	5996403	32066.326	16430.430	29225.000	12331	65535	634.455	242.668	6.048	1.762	0.384	1.834	634.446	242.688	6.026	629	240	4	11	7	5
34	17.778	56.991	108	84	2535212	23474.186	10665.165	19615.500	12335	54237	992.176	248.287	5.333	1.457	0.341	1.450	991.960	248.271	5.335	988	245	4	11	7	4
35	9.548	35.029	58	50	1098306	18936.311	4989.583	17386.500	12399	34079	875.621	252.810	5.207	1.089	0.261	1.118	875.653	252.759	5.189	873	250	4	6	7	3
36	19.260	52.992	117	84	3440950	29409.828	14535.828	26082.000	12345	65535	618.667	266.821	5.846	1.450	0.241	1.421	618.611	266.822	5.861	616	263	4	7	8	4
37	27.326	63.472	166	109	5115490	30816.205	15764.719	25668.000	12756	65535	884.994	274.120	5.518	1.653	0.206	1.669	884.793	274.072	5.521	881	271	4	9	7	4
38	39.014	87.780	237	144	8017336	33828.422	18188.807	30205.000	12352	65535	752.346	278.823	6.679	1.895	0.267	1.851	752.285	278.783	6.604	748	275	4	10	9	6
39	22.717	63.747	138	120	2921841	21172.762	6005.907	20488.500	12412	36152	847.101	282.623	5.435	1.541	0.426	1.550	847.180	282.692	5.424	842	279	4	11	8	4
40	30.783	73.126	187	125	6058886	32400.459	16446.172	28480.000	12461	65535	562.556	290.289	5.840	1.711	0.259	1.708	562.437	290.288	5.840	559	287	4	9	8	5
41	29.137	75.057	177	124	5212774	29450.701	14310.261	27072.000	12368	65535	582.136	295.859	6.079	1.664	0.314	1.665	582.179	295.867	6.070	578	292	4	9	9	5
42	19.918	55.267	121	87	3581403	29598.371	14535.817	25677.000	12409	65535	711.298	310.289	5.711	1.459	0.227	1.447	711.228	310.324	5.727	708	307	4	7	8	4
43	27.820	70.195	169	123	4153470	24576.746	9732.355	22222.000	12397	54325	1004.675	329.296	5.716	1.607	0.302	1.631	1004.747	329.241	5.723	1001	325	4	8	10	4
44	30.124	74.438	183	111	6682234	36514.941	19337.162	33684.000	12403	65535	790.519	344.923	6.355	1.797	0.327	1.737	790.457	344.917	6.337	787	341	4	8	9	6
45	23.211	57.647	141	98	4571140	32419.434	16358.874	28740.000	12465	65535	639.348	346.631	5.766	1.581	0.297	1.593	639.322	346.677	5.797	637	343	4	6	8	5
46	21.729	68.060	132	97	4293522	32526.682	17113.332	28066.500	12416	65535	756.667	354.833	5.788	1.674	0.480	1.748	756.549	354.894	5.831	751	352	4	12	6	5
47	11.523	35.477	70	57	1695965	24228.072	8246.520	23565.500	12345	40736	724.086	357.757	5.886	1.183	0.190	1.183	724.072	357.751	5.821	722	355	4	6	6	4
48	13.169	44.820	80	68	1541227	19265.338	5406.828	17366.500	12361	34892	726.500	371.987	5.100	1.211	0.277	1.219	726.425	371.928	5.096	723	369	4	8	7	3
49	26.338	65.403	160	111	4854509	30340.682	14796.488	26240.500	12567	65535	815.669	382.244	5.700	1.600	0.220	1.618	815.648	382.242	5.710	812	378	4	8	9	4
50	12.675	40.339	77	58	2551838	33140.754	17758.070	26963.000	12366	65535	516.091	400.948	5.519	1.343	0.291	1.433	516.109	400.997	5.529	514	398	4	6	6	4
51	29.960	72.059	182	112	6916172	38000.945	19443.883	32429.000	12335	65535	843.703	415.379	6.236	1.791	0.316	1.780	843.671	415.496	6.232	841	411	4	7	9	6
52	28.643	77.266	174	116	6298937	36200.789	19455.629	30131.000	12344	65535	749.885	418.598	6.046	1.817	0.414	1.916	749.835	418.623	6.038	745	416	4	11	6	5
53	12.675	40.855	77	65	1508388	19589.455	6183.100	18262.000	12474	36624	722.494	436.442	5.130	1.217	0.268	1.225	722.515	436.590	5.112	720	433	4	6	8	3
54	51.853	108.671	315	196	10347607	32849.547	16689.035	28031.000	12468	65535	454.283	448.902	6.340	2.083	0.442	2.017	454.052	448.657	6.301	449	443	4	12	13	5
55	25.021	77.815	152	129	3252988	21401.236	7058.543	19871.000	12356	45142	791.079	449.454	5.474	1.789	0.610	1.904	790.969	449.663	5.475	786	444	4	11	12	4
56	9.877	38.131	60	59	1094177	18236.283	4734.991	16926.500	12384	33422	676.783	448.600	5.350	1.111	0.377	1.055	676.824	448.568	5.323	674	444	4	7	9	3
57	24.363	65.577	148	98	5208318	35191.336	19230.715	28547.000	12430	65535	526.432	459.176	5.966	1.691	0.367	1.685	526.460	459.039	5.938	524	455	4	6	10	5
58	40.989	94.228	249	165	9189248	36904.609	19757.859	31466.000	12425	65535	649.755	463.904	6.016	2.068	0.500	2.112	649.863	463.978	5.966	643	461	4	14	6	5
59	30.783	75.609	187	126	6770627	36206.562	18558.641	30852.000	12461	65535	447.508	483.791	6.358	1.744	0.301	1.731	447.528	483.815	6.339	443	480	4	11	8	5
60	19.424	57.854	118	85	3710977	31448.957	15963.711	28194.000	12354	65535	614.322	489.051	6.068	1.532	0.376	1.470	614.192	489.107	6.056	611	487	4	9	6	5
61	31.771	70.747	193	127	6442691	33381.820	16080.278	27988.000	12400	65535	685.010	519.503	5.549	1.748	0.253	1.732	684.901	519.434	5.556	681	516	4	9	8	4
62	46.421	101.088	282	165	10487766	37190.660	19441.584	31343.500	12429	65535	499.908	553.482	6.535	2.020	0.307	1.982	499.835	553.449	6.492	496	548	4	9	12	6
63	23.211	60.923	141	98	5182571	36755.824	18455.227	28678.000	12436	65535	432.525	559.965	5.567	1.587	0.228	1.569	432.509	560.074	5.579	429	557	4	8	8	4
64	50.537	105.257	307	201	9554138	31120.971	15532.133	26688.000	12478	65535	626.143	608.349	5.700	2.026	0.415	1.984	626.157	608.269	5.743	621	602	4	11	13	5
65	24.528	63.472	149	109	4154061	27879.604	12845.251	25577.000	12426	65535	619.993	629.577	5.812	1.544	0.274	1.527	619.953	629.606	5.825	616	625	4	9	9	4
66	32.264	75.710	196	152	4973992	25377.510	9446.520	23107.500	12429	50334	586.673	659.934	5.087	1.709	0.430	1.651	586.681	659.853	5.104	581	657	4	13	7	4
67	12.181	38.579	74	61	1412904	19093.297	5692.704	17737.500	12324	36565	862.500	161.405	5.865	1.185	0.192	1.188	862.466	161.464	5.837	860	158	5	6	7	3
68	36.051	86.190	219	166	5182480	23664.293	9095.105	20539.000	12404	54406	801.653	181.753	6.110	1.762	0.429	1.782	801.612	181.466	6.124	798	176	5	9	13	4
69	28.149	70.262	171	143	3458617	20225.830	5785.694	19470.000	12334	35382	767.608	184.251	6.164	1.583	0.385	1.584	767.520	184.123	6.194	763	180	5	10	10	3
70	11.029	36.856	67	56	1344609	20068.791	6229.382	18157.000	12344	38109	996.448	183.881	5.806	1.159	0.212	1.168	996.468	183.887	5.794	993	181	5	7	6	3
71	1.811	12.723	11	11	148554	13504.909	970.379	13078.000	12431	15474	743.364	210.636	5.545	0.646	0.126	0.603	743.355	210.634	5.549	742	209	5	3	4	2
72	3.292	19.204	20	19	336601	16830.051	3924.260	15029.000	12400	26923	910.950	216.550	5.950	0.819	0.326	0.756	910.969	216.581	5.946	910	214	5	3	5	3
73	9.054	34.477	55	53	945123	17184.055	3322.040	17140.000	12374	25139	744.364	222.182	6.291	1.032	0.330	1.018	744.432	222.234	6.270	741	219	5	7	7	3
74	9.877	35.062	60	60	981784	16363.066	2817.468	15383.000	12435	23308	755.267	223.600	5.583	1.034	0.281	1.068	755.227	223.654	5.611	753	221	5	6	7	2
75	37.697	86.953	229	138	8373132	36563.895	19188.279	32491.000	12321	65535	632.402	229.956	7.633	1.919	0.345	1.879	632.392	229.987	7.618	629	225	5	8	10	6
76	38.190	86.020	232	157	6357712	27403.932	12143.755	24249.500	12380	57267	815.474	235.793	6.453	1.820	0.308	1.810	815.535	235.687	6.422	811	231	5	10	11	4
77	12.181	37.890	74	64	1688668	22819.838	7693.843	21205.000	12381	37609	786.622	238.986	5.730	1.160	0.210	1.202	786.585	238.887	5.659	784	236	5	6	7	3
78	14.157	43.682	86	71	1992037	23163.221	8693.969	22395.000	12324	48362	826.279	253.221	6.058	1.267	0.224	1.241	826.414	253.046	6.040	823	251	5	8	6	3
79	12.346	42.648	75	60	1410355	18804.732	4922.473	17571.000	12700	30820	868.773	257.280	5.960	1.246	0.238	1.233	868.812	257.250	5.961	865	255	5	8	6	3
80	2.963	18.274	18	18	479954	26664.111	13933.038	19999.000	12717	64271	1010.444	272.944	6.056	0.862	0.345	0.966	1010.573	273.043	6.070	1010	271	5	2	5	3
81	12.181	42.200	74	64	1532577	20710.500	6555.345	19398.000	12379	39124	690.797	281.054	6.054	1.217	0.278	1.248	690.755	281.177	6.083	688	277	5	7	9	3
82	29.466	73.816	179	128	5193384	29013.318	13595.760	25732.000	12375	64520	616.810	282.497	6.201	1.725	0.384	1.744	616.683	282.521	6.169	612	279	5	11	8	4
83	8.066	34.132	49	48	799592	16318.204	2880.666	16006.000	12328	23009	908.367	303.367	6.429	0.984	0.280	0.974	908.394	303.416	6.422	906	301	5	6	6	3
84	21.564	63.058	131	114	2844660	21714.961	7679.282	19990.000	12373	47600	585.962	314.664	6.252	1.497	0.415	1.446	585.842	314.642	6.233	583	310	5	8	11	3
85	41.812	89.915	254	170	6768570	26647.914	11874.327	23303.000	12344	63519	839.248	326.209	6.248	1.850	0.288	1.856	839.190	326.237	6.246	835	321	5	10	12	4
86	17.614	46.992	107	84	2823756	26390.242	9845.148	23625.000	12548	50321	607.589	328.869	5.953	1.354	0.237	1.356	607.533	328.851	5.893	604	326	5	8	7	3
87	17.614	48.130	107	85	2693114	25169.289	8693.548	24137.000	12714	54099	604.028	338.785	5.953	1.357	0.266	1.333	603.977	338.898	5.899	600	336	5	9	6	3
88	38.190	87.847	232	168	6550479	28234.824	10939.386	27044.500	12382	57912	477.302	348.556	7.082	1.851	0.449	1.845	477.381	348.464	7.048	474	343	5	8	13	5
89	13.169	43.338	80	68	1764507	22056.338	7980.032	19414.500	12530	43534	773.300	349.375	6.688	1.237	0.285	1.259	773.149	349.294	6.661	770	347	5	8	7	4
90	29.466	76.058	179	119	4948185	27643.492	13155.530	26174.000	12341	65535	914.531	356.419	7.056	1.706	0.307	1.750	914.411	356.348	7.018	911	353	5	8	9	5
91	50.372	127.119	306	206	9177172	29990.758	15845.271	26002.000	12410	65535	1011.732	374.085	8.265	2.442	0.833	2.382	1011.216	374.214	8.052	1006	369	5	13	11	8
92	2.305	15.239	14	14	213974	15283.857	2730.903	15003.500	12552	22803	861.357	380.000	5.143	0.724	0.320	0.753	861.430	380.092	5.122	859	378	5	5	5	2
93	48.067	121.808	292	191	7954784	27242.410	14280.767	21801.000	12335	65535	904.928	378.435	7.168	2.173	0.601	2.084	904.999	378.368	7.090	901	371	5	8	18	5
94	24.034	63.128	146	107	3992912	27348.713	13206.155	23430.500	12340	63656	441.849	385.233	6.692	1.588	0.345	1.620	441.836	385.276	6.677	439	380	5	6	11	4
95	2.634	14.205	16	16	325097	20318.562	4535.525	19406.000	13634	27810	528.000	384.188	5.562	0.687	0.132	0.681	527.973	384.229	5.599	527	383	5	3	4	2
96	63.047	127.497	383	219	12905000	33694.516	17395.902	30194.000	12324	65535	454.768	395.272	7.201	2.281	0.415	2.276	454.681	395.418	7.214	449	389	5	12	14	6
97	4.280	19.549	26	22	759125	29197.115	16329.226	24376.000	12625	65535	502.192	407.615	5.962	0.892	0.200	0.974	502.217	407.605	5.896	501	406	5	4	4	3
98	46.092	96.985	280	166	9608435	34315.840	18499.490	28800.000	12384	65535	576.232	412.114	6.900	2.060	0.338	2.086	576.217	411.998	6.885	573	407	5	8	12	5
99	42.964	90.122	261	166	8289751	31761.498	15399.025	28191.000	12337	65535	644.828	445.766	6.464	1.895	0.275	1.879	644.754	445.727	6.402	639	441	5	12	10	4
100	5.761	25.479	35	34	603769	17250.543	3500.781	16476.000	13046	26758	589.000	459.286	5.714	0.882	0.261	0.868	588.995	459.235	5.725	587	457	5	5	6	3
101	47.244	104.672	287	193	7553595	26319.146	11652.650	23036.000	12322	65535	747.829	483.310	7.474	1.981	0.476	1.969	747.738	483.115	7.416	744	478	5	9	12	5
102	15.145	46.199	92	79	1958024	21282.869	6837.733	19216.500	12389	40891	637.685	488.728	5.772	1.290	0.296	1.276	637.605	488.756	5.740	634	486	5	9	6	3
103	8.395	32.513	51	46	1086503	21303.980	7957.399	19934.000	12512	41153	609.157	513.294	5.784	1.101	0.291	1.141	609.156	513.248	5.781	607	510	5	6	7	3
104	7.078	29.685	43	42	842974	19604.047	4788.166	19677.000	12499	27636	644.047	514.023	5.488	0.952	0.281	0.965	643.982	514.006	5.489	641	512	5	7	6	3
105	20.741	57.302	126	89	3479598	27615.857	12047.800	26115.000	12690	65535	725.405	522.230	7.143	1.493	0.278	1.469	725.467	522.181	7.115	722	519	5	7	8	5
106	2.798	18.411	17	17	253733	14925.471	2294.129	15013.000	12315	20055	409.824	528.176	5.294	0.776	0.258	0.811	409.772	528.129	5.280	408	526	5	5	5	2
107	23.375	78.330	142	132	2556704	18004.957	5099.021	16304.000	12320	33834	597.880	534.746	5.718	1.981	0.824	1.948	597.744	534.756	5.694	590	531	5	17	8	3
108	11.852	54.163	72	72	1242935	17262.986	3657.603	17044.000	12372	26420	593.917	557.597	5.403	1.324	0.546	1.288	593.865	557.641	5.386	590	553	5	9	11	2
109	23.869	63.232	145	101	4336444	29906.510	15556.891	23193.000	12406	65535	492.738	564.538	6.469	1.590	0.242	1.589	492.715	564.667	6.459	490	560	5	7	10	4
110	11.029	42.682	67	66	1181601	17635.836	3306.061	17344.000	12657	25785	580.537	635.045	5.612	1.166	0.432	1.093	580.533	635.087	5.623	576	632	5	10	7	3
111	37.038	89.466	225	166	4801244	21338.861	6248.109	20070.000	12380	39324	899.271	148.729	7.249	1.763	0.425	1.802	899.250	148.789	7.256	894	144	6	11	11	4
112	27.326	72.159	166	123	3643183	21946.885	7860.025	19511.500	12357	43780	744.777	180.807	7.777	1.576	0.276	1.608	744.571	180.870	7.759	741	177	6	10	9	4
113	3.951	25.686	24	24	350542	14605.917	1857.497	13913.500	12375	20884	642.042	229.333	7.375	0.938	0.395	0.845	641.994	229.357	7.361	639	226	6	6	7	4
114	27.326	70.473	166	106	5189933	31264.656	16398.168	25959.500	12338	65535	612.193	243.952	7.880	1.717	0.310	1.689	612.173	243.892	7.843	609	240	6	8	9	5
115	13.169	41.752	80	65	1619663	20245.787	6056.383	19001.000	12425	36217	798.312	244.512	7.050	1.240	0.221	1.212	798.322	244.464	7.056	795	242	6	8	6	3
116	18.272	53.096	111	77	3278906	29539.693	13030.442	27121.000	12684	65535	574.622	270.964	7.649	1.465	0.255	1.476	574.569	270.885	7.721	571	268	6	8	7	4
117	36.380	83.125	221	136	7939758	35926.508	18738.896	30591.000	12328	65535	626.330	359.176	8.548	1.847	0.276	1.804	626.386	359.083	8.541	622	355	6	9	9	6
118	22.223	63.680	135	101	3354876	24850.934	9916.725	22288.000	12507	49625	482.370	369.104	7.593	1.581	0.390	1.573	482.236	369.181	7.567	477	366	6	12	7	4
119	3.292	17.514	20	20	328514	16425.699	3381.671	15728.000	12436	21808	746.850	368.100	6.300	0.808	0.282	0.822	746.890	368.046	6.245	744	367	6	6	3	2
120	15.803	49.612	96	81	1975917	20582.469	6717.785	18812.000	12508	41710	989.073	379.865	6.990	1.323	0.268	1.303	989.134	379.927	7.009	985	376	6	9	8	3
121	25.844	72.230	157	123	3675479	23410.693	8778.877	22734.000	12347	51785	738.720	390.382	7.873	1.660	0.460	1.652	738.711	390.233	7.844	734	386	6	10	10	4
122	41.483	89.952	252	158	8946285	35501.133	18015.932	32101.000	12439	65535	681.317	405.163	8.198	1.974	0.355	2.003	681.372	405.157	8.183	675	402	6	13	7	5
123	2.963	18.411	18	18	266177	14787.611	1816.798	14208.500	12427	19192	585.611	409.889	6.333	0.818	0.308	0.772	585.592	409.921	6.336	583	408	6	6	4	2
124	13.663	41.993	83	71	1825384	21992.578	7720.860	20039.000	12320	46876	460.675	416.916	6.940	1.252	0.249	1.232	460.777	416.895	6.959	457	414	6	7	7	3
125	34.734	81.539	211	140	6400114	30332.293	13867.110	27959.000	12448	65535	829.431	441.716	7.754	1.775	0.267	1.777	829.411	441.793	7.767	825	438	6	10	9	5
126	8.725	32.064	53	47	1075798	20298.076	5735.080	19322.000	12619	33687	465.509	474.679	7.283	1.062	0.237	1.074	465.490	474.789	7.313	463	472	6	6	7	3
127	11.523	39.717	70	67	1286020	18371.715	3541.285	18256.000	12367	28042	467.043	492.571	6.614	1.130	0.334	1.132	467.088	492.604	6.623	463	490	6	9	6	3
128	36.874	83.848	224	151	6599394	29461.580	13698.468	26725.500	12372	65535	398.058	494.321	7.777	1.790	0.281	1.803	398.208	494.407	7.812	393	490	6	11	9	5
129	15.803	50.301	96	81	2081237	21679.553	7030.925	20733.500	12631	41233	553.760	636.302	7.708	1.291	0.325	1.312	553.762	636.250	7.673	550	633	6	8	9	4
130	25.351	60.163	154	107	3867440	25113.246	9347.678	23503.500	12399	47105	914.500	127.091	8.675	1.590	0.210	1.614	914.532	127.111	8.719	911	124	7	8	7	4
131	17.449	61.575	106	100	1805419	17032.254	3728.654	16162.500	12427	31976	800.887	161.274	8.368	1.472	0.538	1.468	800.848	161.392	8.366	796	156	7	11	10	4
132	3.622	16.480	22	22	369496	16795.273	2800.787	16739.000	12855	23137	861.273	231.727	7.500	0.743	0.169	0.721	861.243	231.711	7.509	860	230	7	3	5	2
133	33.087	82.884	201	132	6968517	34669.238	17674.971	30711.000	12343	65535	620.522	321.279	8.776	1.795	0.316	1.806	620.662	321.372	8.782	616	317	7	10	9	5
134	32.758	75.954	199	124	6754323	33941.320	17353.273	28415.000	12335	65535	587.116	335.789	8.950	1.791	0.262	1.779	587.192	335.879	8.905	583	332	7	9	8	5
135	16.297	48.026	99	80	1919810	19392.020	5700.600	18366.000	12374	35453	694.293	355.172	8.020	1.317	0.229	1.308	694.352	355.127	8.016	691	352	7	9	7	3
136	5.597	28.892	34	34	567186	16681.941	3085.475	16574.000	12611	25707	896.382	389.941	7.294	0.993	0.296	1.028	896.289	389.893	7.255	894	387	7	7	6	2
137	1.975	11.136	12	12	256307	21358.916	7611.123	20257.500	12469	33173	511.333	388.917	7.417	0.617	0.093	0.620	511.389	388.852	7.461	510	388	7	3	3	2
138	42.141	92.538	256	154	8810138	34414.602	18320.248	30389.500	12332	65535	431.055	390.059	9.551	2.020	0.406	1.924	431.026	390.026	9.483	428	386	7	8	10	6
139	31.935	74.160	194	129	5958673	30714.809	15546.944	25148.000	12326	65535	809.062	400.407	8.464	1.731	0.217	1.719	809.075	400.449	8.476	805	396	7	9	10	4
140	5.103	23.652	31	30	499824	16123.354	2814.219	16133.000	12352	24019	699.258	469.258	8.387	0.857	0.257	0.823	699.279	469.290	8.362	697	467	7	6	5	3
141	28.807	73.508	175	105	6329993	36171.387	19595.484	30468.000	12320	65535	436.789	540.794	9.331	1.830	0.430	1.761	436.775	540.785	9.295	434	537	7	7	8	6
142	35.392	82.436	215	131	7140747	33212.777	17343.811	28302.000	12332	65535	687.451	576.721	8.753	1.848	0.266	1.857	687.428	576.729	8.772	683	573	7	10	9	5
143	15.803	52.095	96	82	1828892	19050.959	5127.700	17752.500	12326	34605	804.656	148.312	9.115	1.552	0.567	1.454	804.646	148.320	9.111	803	142	8	4	13	3
144	4.609	18.997	28	28	423356	15119.857	1863.183	15387.000	12324	19238	971.107	307.643	8.429	0.774	0.163	0.787	971.130	307.644	8.429	969	306	8	5	4	2
145	28.643	68.161	174	130	4458406	25623.023	9627.947	23775.000	12475	57984	614.615	376.661	9.155	1.605	0.295	1.614	614.510	376.652	9.187	611	372	8	8	10	4
146	31.771	76.540	193	124	5351743	27729.238	12617.924	23942.000	12521	63752	946.005	398.617	9.622	1.723	0.201	1.708	945.935	398.635	9.642	942	394	8	9	10	5
147	34.569	111.535	210	167	4614381	21973.242	8503.668	19915.500	12334	48814	879.538	414.190	10.176	2.327	0.810	2.415	879.509	414.623	10.034	875	406	8	9	17	6
148	6.585	37.134	40	40	901218	22530.449	7176.786	21964.500	12407	38286	394.550	435.175	9.575	1.109	0.399	1.073	394.453	435.191	9.571	392	432	8	6	7	4
149	38.684	99.087	235	172	5852116	24902.621	11517.547	21000.000	12383	63876	750.940	445.123	10.949	2.079	0.748	1.997	751.010	445.269	11.052	747	438	8	9	14	6
150	14.980	46.510	91	73	2183356	23992.924	7975.263	22642.000	12326	43540	592.088	473.659	8.989	1.322	0.277	1.305	592.142	473.763	8.987	589	470	8	7	8	3
151	17.943	62.924	109	84	3313449	30398.615	16614.021	24981.000	12554	65535	384.257	473.651	10.661	1.637	0.528	1.595	383.970	473.576	10.616	381	470	8	8	8	6
152	15.638	50.475	95	75	2585793	27218.873	11808.932	24376.000	13242	61913	665.568	477.789	9.084	1.360	0.320	1.319	665.412	477.943	9.110	663	474	8	7	8	4
153	6.749	28.651	41	37	686949	16754.854	3367.334	16389.000	12380	24772	684.146	507.049	9.317	0.959	0.238	0.935	684.168	507.071	9.315	682	505	8	5	6	3
154	42.635	115.845	259	181	7635736	29481.605	14507.547	25286.000	12321	65535	694.629	510.865	11.695	2.652	1.012	2.755	694.661	510.797	11.730	688	506	8	13	10	9
155	19.260	59.095	117	83	3556669	30398.881	14710.301	26417.000	12442	65535	433.026	547.615	10.325	1.566	0.340	1.608	432.963	547.535	10.316	429	544	8	9	8	5
156	15.474	49.682	94	79	2483436	26419.531	10360.468	24880.500	12418	59364	566.979	587.340	8.979	1.390	0.374	1.294	566.838	587.320	8.965	563	585	8	10	6	3
157	17.943	49.786	109	76	3492546	32041.707	15950.893	27304.000	12460	65535	549.339	588.248	9.431	1.465	0.216	1.474	549.303	588.268	9.413	547	585	8	6	7	4
158	13.663	44.820	83	66	1687877	20335.867	6805.274	18899.000	12357	38511	969.831	117.349	10.241	1.247	0.244	1.256	969.804	117.356	10.257	967	114	9	6	8	4
159	31.606	111.224	192	163	3353822	17467.822	4299.717	16207.500	12364	36501	890.917	285.896	11.891	1.976	0.664	2.007	890.850	286.061	11.960	886	281	9	12	11	6
160	31.277	93.780	190	144	5219234	27469.652	13306.985	23503.500	12368	65535	828.353	329.421	11.195	1.834	0.491	1.878	828.444	329.173	11.159	824	324	9	9	13	5
161	34.240	80.401	208	135	6297604	30276.941	15055.047	25631.000	12396	65535	444.755	373.173	10.889	1.806	0.343	1.824	444.609	373.165	10.910	441	369	9	9	10	5
162	52.512	115.500	319	194	10530447	33010.805	16970.215	27906.000	12356	65535	1000.382	378.361	11.517	2.159	0.475	2.125	1000.363	378.217	11.486	997	372	9	8	15	6
163	27.491	69.439	167	107	5425315	32486.916	17015.586	27357.000	12377	65535	850.216	438.683	10.850	1.743	0.322	1.712	850.165	438.690	10.833	847	435	9	7	8	5
164	41.318	89.537	251	160	7790994	31039.816	14976.654	27367.000	12318	65535	776.183	461.135	11.530	1.885	0.278	1.853	776.143	461.180	11.518	772	456	9	9	11	6
165	27.161	71.266	165	111	4935150	29910.000	13522.393	27434.000	12349	62352	454.127	505.582	10.830	1.759	0.408	1.802	454.199	505.554	10.807	450	503	9	9	7	5
166	20.577	53.889	125	87	3898570	31188.561	15123.709	28451.000	12452	65535	463.392	532.360	11.256	1.512	0.249	1.484	463.389	532.369	11.200	460	529	9	7	7	5
167	26.997	68.920	164	122	4454554	27161.914	11324.479	25061.000	12350	57181	557.274	587.866	10.970	1.583	0.308	1.599	557.243	587.932	10.947	554	584	9	7	10	5
168	33.417	79.401	203	135	4959490	24430.984	9456.297	21495.000	12344	43943	929.305	125.069	11.527	1.829	0.397	1.792	929.278	125.186	11.500	926	119	10	7	12	4
169	19.424	58.232	118	90	2582389	21884.652	7653.192	20890.500	12328	45462	941.712	137.966	11.720	1.447	0.314	1.441	941.791	137.937	11.713	938	134	10	8	9	4
170	14.157	56.887	86	86	1432544	16657.488	2756.378	16675.500	12322	24371	847.081	141.035	10.442	1.349	0.450	1.326	847.060	140.935	10.440	842	138	10	12	7	2
171	27.161	76.540	165	126	3601082	21824.740	8830.893	18624.000	12352	45678	843.594	149.061	11.412	1.740	0.524	1.712	843.139	149.000	11.461	839	145	10	13	8	4
172	2.305	13.067	14	13	253111	18079.357	4369.885	15942.000	13081	26821	786.786	171.000	11.286	0.696	0.209	0.688	786.776	171.052	11.251	786	170	10	3	3	3
173	34.898	88.295	212	162	4845311	22855.240	7539.885	22343.000	12352	42186	805.613	191.811	11.882	1.742	0.430	1.793	805.651	191.916	11.871	802	187	10	9	12	5
174	17.449	52.543	106	84	2503825	23620.990	8126.022	22031.500	12333	42161	915.198	230.472	11.877	1.353	0.241	1.348	915.231	230.469	11.841	912	227	10	8	8	5
175	45.598	123.461	277	208	5557877	20064.537	5987.658	18631.000	12366	37810	942.664	324.152	11.509	2.260	1.002	1.988	942.473	324.325	11.497	936	314	10	15	17	4
176	34.734	77.815	211	144	5772086	27355.857	11757.662	24267.000	12384	59842	812.995	338.370	11.701	1.773	0.292	1.774	813.051	338.436	11.696	809	334	10	9	10	5
177	28.643	72.333	174	122	4450042	25574.953	9457.602	23846.500	12400	50913	619.741	344.287	12.023	1.653	0.312	1.655	619.631	344.248	12.043	616	341	10	9	8	5
178	19.918	56.198	121	97	2522509	20847.182	6765.201	18427.000	12739	41112	877.678	353.769	11.091	1.500	0.386	1.452	877.620	353.623	11.109	874	350	10	9	9	3
179	15.638	46.614	95	74	2076054	21853.199	7100.701	20078.000	12570	39610	852.337	357.389	11.758	1.355	0.292	1.337	852.328	357.340	11.762	849	355	10	7	7	4
180	18.108	52.302	110	82	2949084	26809.855	12061.996	24719.500	12483	56911	690.527	363.491	11.836	1.408	0.267	1.413	690.494	363.581	11.803	688	360	10	6	8	5
181	26.338	65.955	160	109	4884201	30526.256	14312.590	27189.500	12583	65535	731.625	373.938	12.275	1.637	0.237	1.634	731.460	373.891	12.204	728	371	10	9	7	5
182	77.204	150.800	469	300	12783471	27256.867	11887.287	25095.000	12363	65535	926.561	381.026	11.942	2.479	0.717	2.456	926.942	381.280	11.919	918	375	10	16	14	5
183	39.343	99.120	239	179	5438381	22754.732	8161.818	20735.000	12335	42719	879.038	383.414	11.661	1.796	0.403	1.812	879.027	383.628	11.643	874	378	10	11	12	4
184	10.041	38.546	61	50	1049790	17209.672	4227.211	15834.000	12318	29682	888.180	413.459	10.902	1.166	0.261	1.126	888.245	413.494	10.917	886	410	10	5	8	3
185	16.626	51.302	101	78	2237919	22157.613	8173.788	19198.000	12339	44255	767.267	414.228	11.673	1.339	0.267	1.356	767.178	414.257	11.636	764	411	10	8	8	4
186	24.198	61.404	147	98	4751832	32325.389	16836.145	26906.000	12529	65535	733.748	420.952	11.503	1.598	0.225	1.636	733.818	421.003	11.479	730	418	10	9	7	5
187	24.692	64.232	150	104	4307351	28715.674	13858.882	25048.500	12366	65535	825.260	428.493	12.147	1.638	0.317	1.649	825.121	428.350	12.081	823	425	10	6	9	5
188	24.692	66.059	150	102	4669700	31131.334	16159.367	26846.000	12410	65535	702.753	450.653	12.287	1.633	0.298	1.679	702.784	450.726	12.227	699	447	10	9	8	5
189	18.766	54.993	114	77	3739295	32800.832	17644.217	28460.000	12469	65535	423.439	478.763	12.149	1.562	0.382	1.496	423.444	478.747	12.131	420	477	10	8	5	5
190	25.186	67.438	153	101	3807319	24884.438	10355.766	22363.000	12329	57450	773.627	480.222	12.261	1.615	0.279	1.609	773.709	480.266	12.201	769	476	10	9	9	5
191	26.009	66.404	158	108	4453442	28186.342	12049.428	26111.000	12447	58333	553.025	502.918	12.424	1.660	0.319	1.619	552.980	502.893	12.406	550	499	10	7	9	6
192	18.931	54.371	115	84	2685293	23350.373	9558.478	20019.000	12334	49737	450.478	526.383	11.426	1.436	0.286	1.500	450.456	526.422	11.408	447	523	10	8	7	4
193	36.380	81.880	221	170	4955643	22423.725	7882.083	19861.000	12327	51963	648.937	533.186	11.018	1.759	0.417	1.748	649.161	533.254	11.053	645	528	10	9	12	4
194	4.938	23.307	30	28	506025	16867.500	3089.156	15931.000	12620	22889	613.400	581.300	10.733	0.883	0.230	0.866	613.482	581.361	10.705	611	579	10	5	5	3
195	21.235	63.265	129	100	2577950	19984.109	6480.076	18249.000	12387	41870	966.225	128.419	11.969	1.548	0.438	1.461	966.336	128.559	11.945	963	123	11	7	12	3
196	8.066	30.030	49	43	891650	18196.939	3894.539	17971.000	12544	29547	982.633	179.122	12.041	1.051	0.225	1.061	982.632	179.072	12.077	980	177	11	6	5	3
197	1.811	12.170	11	11	170293	15481.182	2369.997	15767.000	12379	19685	718.182	194.182	11.091	0.587	0.265	0.504	718.156	194.234	11.087	716	193	11	5	3	2
198	21.071	58.784	128	93	3244595	25348.398	10252.463	23453.000	12315	54138	830.586	203.453	12.227	1.502	0.283	1.489	830.584	203.425	12.203	826	201	11	10	6	4
199	19.424	54.682	118	85	3341760	28320.000	13166.295	25267.500	12315	65535	811.237	204.483	12.271	1.481	0.269	1.476	811.233	204.424	12.213	808	201	11	7	8	4
200	17.943	52.406	109	75	2700287	24773.275	11250.941	21182.000	12365	53868	892.156	219.000	12.404	1.470	0.223	1.483	892.142	219.016	12.387	889	216	11	7	7	4
201	58.932	148.736	358	235	9127243	25495.092	11333.444	22405.000	12391	60585	938.528	234.028	12.659	2.437	0.695	2.557	939.015	233.758	12.687	931	229	11	16	13	5
202	30.289	74.023	184	123	5117624	27813.174	12074.150	25040.000	12452	59318	668.304	238.022	12.641	1.714	0.243	1.711	668.317	237.929	12.679	665	234	11	8	10	5
203	12.840	42.856	78	60	1691801	21689.756	8216.694	19391.000	12415	48724	816.064	239.359	12.167	1.299	0.301	1.302	816.037	239.350	12.150	813	237	11	8	6	4
204	4.774	25.927	29	29	454941	15687.621	2615.298	14976.000	12427	21604	691.621	244.379	11.310	0.897	0.285	0.887	691.578	244.338	11.274	689	242	11	6	6	2
205	32.100	75.988	195	130	5074250	26021.795	11415.745	22413.000	12509	57697	954.641	249.077	12.508	1.754	0.292	1.741	954.620	248.894	12.523	951	244	11	8	11	4
206	22.388	61.301	136	98	3324459	24444.551	10854.012	20826.000	12434	57345	975.059	271.316	12.279	1.558	0.317	1.559	974.962	271.511	12.274	972	266	11	7	10	4
207	27.655	65.059	168	119	4094381	24371.316	8889.579	23424.000	12331	46944	934.911	272.994	12.720	1.627	0.239	1.668	934.840	272.948	12.775	932	269	11	7	9	4
208	25.186	64.680	153	105	4294778	28070.445	12768.583	25276.000	12559	65535	1011.111	305.163	12.837	1.670	0.361	1.726	1011.125	305.223	12.869	1008	301	11	6	10	5
209	34.569	73.953	210	141	4959354	23615.971	8431.658	21128.000	12317	45860	872.400	312.705	12.495	1.765	0.224	1.742	872.357	312.709	12.490	868	309	11	10	8	4
210	39.178	101.640	238	160	6883242	28921.186	13846.978	24891.500	12371	65535	807.958	317.832	12.513	2.075	0.590	2.046	808.095	318.121	12.515	803	311	11	12	13	4
211	15.968	49.234	97	74	1944704	20048.494	5981.233	18498.000	12370	35416	980.443	319.567	12.608	1.427	0.309	1.483	980.473	319.508	12.611	977	317	11	8	7	4
212	27.820	68.335	169	111	4851392	28706.461	13828.698	23916.000	12436	65535	569.148	324.757	13.402	1.676	0.245	1.690	569.059	324.777	13.376	565	321	11	9	8	5
213	38.520	108.878	234	183	4801861	20520.773	8475.233	17761.000	12389	54001	725.966	320.449	13.085	2.101	0.762	2.082	726.313	320.241	13.118	718	314	11	15	14	5
214	17.778	50.783	108	96	2001347	18530.990	5096.147	17125.500	12519	32822	982.482	339.796	11.648	1.364	0.407	1.345	982.536	340.042	11.642	980	335	11	6	10	3
215	5.268	26.928	32	30	649810	20306.562	6965.884	18111.500	12869	36631	832.906	344.344	12.375	0.997	0.313	0.968	832.859	344.195	12.358	831	342	11	5	6	3
216	24.528	77.503	149	126	2735594	18359.691	4485.849	17302.000	12337	33433	672.544	357.980	11.966	1.743	0.561	1.739	672.408	357.932	11.928	667	353	11	12	12	3
217	56.463	140.320	343	255	7582381	22106.066	8253.825	20597.000	12324	55177	491.703	362.895	12.394	2.389	0.826	2.406	491.138	362.850	12.472	482	358	11	19	11	4
218	19.260	53.440	117	86	2690759	22997.939	9022.188	20546.000	12603	50607	930.453	367.855	12.897	1.430	0.233	1.395	930.493	367.823	12.929	927	365	11	7	7	5
219	24.363	79.504	148	123	2917347	19711.805	5891.353	17763.500	12349	35081	800.932	370.250	12.919	1.815	0.623	1.886	800.646	370.113	12.878	795	366	11	13	9	4
220	19.260	55.957	117	92	2568897	21956.385	7742.737	20440.000	12504	43906	530.120	389.957	12.308	1.442	0.302	1.471	530.088	389.767	12.318	527	386	11	7	9	4
221	11.523	56.268	70	63	1101882	15741.172	2858.619	15031.500	12371	21591	960.300	389.629	12.386	1.513	0.461	1.545	960.294	389.576	12.394	958	384	11	6	12	4
222	70.290	166.384	427	315	9451211	22133.984	7342.260	20828.000	12442	44739	831.883	399.881	12.667	2.500	0.867	2.496	832.035	399.947	12.687	821	394	11	18	16	4
223	13.992	48.923	85	80	1431069	16836.105	3506.007	16142.000	12354	30026	516.012	397.024	12.494	1.225	0.353	1.271	515.984	397.005	12.504	512	394	11	9	7	4
224	22.388	63.576	136	101	3003211	22082.434	8075.387	19967.500	12337	44484	652.647	409.434	12.787	1.555	0.355	1.581	652.579	409.408	12.788	648	407	11	10	7	4
225	15.309	45.613	93	76	1850998	19903.205	5561.344	19111.000	12635	38081	454.645	412.946	12.054	1.336	0.338	1.309	454.708	412.927	12.005	450	411	11	9	6	4
226	11.523	35.477	70	58	1617736	23110.514	6745.250	21937.000	12459	40883	723.986	420.843	11.986	1.168	0.162	1.170	723.965	420.801	11.959	721	418	11	7	6	3
227	27.655	71.229	168	131	3737930	22249.584	7221.431	21573.500	12358	45387	666.815	426.792	13.065	1.682	0.484	1.605	666.736	426.607	13.082	663	422	11	9	11	4
228	36.051	80.090	219	148	5832809	26633.830	11144.790	24101.000	12491	57492	816.836	430.055	12.484	1.842	0.343	1.820	816.801	429.976	12.438	813	425	11	9	11	4
229	22.058	57.232	134	105	2966436	22137.582	6432.127	21653.000	12325	36899	655.336	444.104	12.918	1.457	0.293	1.436	655.338	444.136	12.939	652	440	11	7	9	4
230	26.997	66.541	164	116	4392269	26782.129	11038.268	24576.000	12425	55359	722.256	454.537	12.220	1.625	0.294	1.630	722.282	454.539	12.146	718	451	11	9	8	4
231	20.741	58.543	126	87	3640737	28894.738	14524.911	24557.000	12395	65535	683.833	468.960	12.675	1.576	0.315	1.562	683.853	468.974	12.690	681	465	11	8	8	5
232	29.137	73.816	177	124	4783430	27025.027	12774.181	23397.000	12346	61778	717.943	479.362	12.588	1.687	0.291	1.706	718.178	479.219	12.609	713	475	11	10	9	5
233	27.326	66.886	166	115	4085424	24610.988	9887.399	21617.500	12445	47764	438.392	508.157	12.633	1.640	0.256	1.651	438.406	508.086	12.656	435	504	11	8	9	4
234	51.524	130.806	313	221	7457930	23827.252	9213.885	21898.000	12374	53372	614.677	520.735	12.911	2.241	0.774	2.295	614.785	520.771	12.962	608	514	11	15	14	5
235	42.800	92.950	260	164	7323913	28168.896	12686.115	25941.500	12333	65535	679.523	526.577	13.346	1.922	0.324	1.919	679.367	526.525	13.298	674	522	11	12	9	5
236	38.520	86.194	234	152	7084457	30275.457	14436.703	25626.000	12664	65535	608.483	533.000	12.564	1.868	0.324	1.843	608.580	533.129	12.634	603	529	11	12	8	5
237	21.729	58.855	132	86	4545428	34435.062	17703.971	30133.500	12349	65535	464.818	556.258	12.856	1.633	0.349	1.599	464.754	556.229	12.789	462	553	11	7	7	5
238	14.980	60.404	91	80	1422600	15632.967	2739.746	14812.000	12425	23736	973.989	162.462	13.000	1.350	0.412	1.283	973.992	162.443	12.993	969	159	12	10	8	3
239	4.938	22.858	30	30	446796	14893.200	1751.526	14637.000	12347	19659	859.400	165.100	12.500	0.866	0.255	0.870	859.380	165.166	12.496	858	162	12	5	6	2
240	8.725	30.926	53	45	979214	18475.736	4104.082	17620.000	12638	28520	984.019	186.925	13.189	1.062	0.207	1.113	984.007	186.920	13.201	982	184	12	5	6	3
241	20.577	68.954	125	105	2300699	18405.592	5107.190	17333.000	12331	32487	970.760	214.152	13.048	1.495	0.419	1.464	970.532	214.218	13.042	966	210	12	11	9	3
242	16.626	57.302	101	76	2374650	23511.387	10178.667	20031.000	12332	51328	806.733	223.624	13.406	1.489	0.415	1.488	806.521	223.725	13.371	803	221	12	11	7	4
243	9.712	36.752	59	56	1023592	17349.018	3352.047	16666.000	12324	24568	794.051	223.797	13.356	1.085	0.330	1.061	794.012	223.785	13.339	790	221	12	8	6	3
244	20.248	58.128	123	98	2528357	20555.748	7103.776	18383.000	12350	40465	860.870	259.301	13.154	1.426	0.271	1.422	860.898	259.472	13.160	857	256	12	9	7	4
245	18.272	56.060	111	82	2591289	23344.945	8962.910	21272.000	12324	48800	760.658	274.982	13.333	1.453	0.286	1.467	760.669	275.019	13.335	756	272	12	10	7	4
246	17.943	52.784	109	84	2655162	24359.285	10414.721	21549.000	12561	56968	583.807	278.220	13.110	1.396	0.280	1.384	583.672	278.180	13.109	580	275	12	9	7	4
247	16.955	49.716	103	83	2329761	22619.039	8201.975	21092.000	12550	45704	593.583	292.621	13.796	1.340	0.243	1.334	593.494	292.539	13.781	590	290	12	8	7	4
248	36.544	85.571	222	155	4997114	22509.523	8092.247	19013.000	12365	41624	916.207	326.910	13.401	1.821	0.355	1.782	916.111	326.802	13.392	913	321	12	8	13	4
249	14.321	43.682	87	71	1502464	17269.701	4251.295	15212.000	12473	27145	859.379	368.103	12.931	1.259	0.221	1.257	859.407	368.149	12.917	856	365	12	7	7	3
250	18.272	51.888	111	96	2305668	20771.783	6595.969	19617.000	12390	40205	495.252	400.604	13.144	1.382	0.318	1.351	495.191	400.552	13.168	493	396	12	6	9	4
251	38.355	91.123	233	160	5177109	22219.352	7513.354	20726.000	12357	43237	463.227	406.704	13.627	2.020	0.607	1.949	463.143	406.705	13.652	456	404	12	16	7	4
252	24.198	67.438	147	107	3438048	23388.082	9095.302	21310.000	12350	46199	574.272	424.231	13.279	1.620	0.365	1.626	574.233	424.277	13.305	572	419	12	6	11	4
253	7.243	29.237	44	39	754662	17151.408	4029.372	16021.500	12365	27139	660.818	466.886	13.227	0.997	0.226	0.966	660.853	466.864	13.218	658	464	12	6	7	3
254	7.572	35.477	46	43	777062	16892.652	3813.882	16657.500	12378	25006	683.217	486.739	12.804	1.112	0.385	1.103	683.234	486.707	12.810	680	484	12	8	7	3
255	10.371	43.579	63	63	978305	15528.650	2675.424	14862.000	12327	26155	632.460	493.016	12.540	1.221	0.388	1.174	632.326	493.039	12.553	628	490	12	10	6	2
256	12.511	47.166	76	60	1707093	22461.750	8158.489	21196.500	12734	39854	448.842	496.408	13.368	1.323	0.375	1.371	448.786	496.532	13.381	445	493	12	8	7	4
257	31.112	77.366	189	136	4867939	25756.291	10493.332	23583.000	12361	55276	517.138	506.074	13.672	1.695	0.357	1.713	516.971	506.199	13.703	512	502	12	11	8	4
258	36.215	85.779	220	157	6229286	28314.936	11677.798	25738.000	12389	60581	414.405	529.277	13.818	1.812	0.421	1.812	414.359	529.431	13.799	409	524	12	12	11	5
259	25.680	64.955	156	108	3819290	24482.629	10526.206	22290.500	12327	56870	514.224	536.904	13.276	1.606	0.256	1.634	514.098	536.880	13.254	509	533	12	10	8	4
260	2.963	20.135	18	18	266428	14801.556	2007.468	14338.500	12320	19270	643.889	554.500	12.056	0.969	0.418	0.971	643.949	554.491	12.052	641	551	12	7	7	2
261	9.383	40.269	57	54	982301	17233.352	4002.258	16493.000	12324	31707	628.246	600.772	12.789	1.080	0.309	1.098	628.160	600.736	12.779	625	598	12	8	7	3
262	9.218	38.683	56	51	963154	17199.178	4497.155	15730.500	12366	29005	624.196	607.911	12.964	1.101	0.329	1.146	624.099	607.811	12.964	621	605	12	7	7	3
263	41.154	94.951	250	162	7843117	31372.469	15776.419	26861.000	12319	65535	597.548	656.628	14.416	1.976	0.409	1.970	597.631	656.734	14.357	592	653	12	12	8	6
264	12.346	43.234	75	62	1450855	19344.732	6375.202	17033.000	12596	39807	565.213	669.267	13.040	1.206	0.203	1.198	565.248	669.257	13.035	562	666	12	7	8	3
265	8.889	37.201	54	54	841995	15592.500	3290.191	14572.500	12383	29080	791.018	272.907	13.556	1.079	0.376	1.046	791.073	273.084	13.543	788	268	13	7	9	2
266	2.469	15.343	15	15	214691	14312.733	2063.078	13862.000	12475	19622	673.867	308.200	13.400	0.721	0.153	0.746	673.874	308.222	13.368	673	307	13	3	4	2
267	2.798	17.274	17	17	257946	15173.294	2476.363	14301.000	13216	22881	506.118	369.588	13.647	0.748	0.238	0.739	506.146	369.617	13.644	504	368	13	5	4	2
268	3.622	18.204	22	22	350214	15918.818	2512.833	15601.500	12712	21872	558.318	374.364	13.727	0.731	0.198	0.758	558.318	374.385	13.766	556	372	13	5	5	2
269	4.115	22.410	25	25	355136	14205.440	1417.022	14477.000	12322	16563	898.280	384.360	13.720	0.844	0.271	0.820	898.295	384.402	13.723	897	382	13	4	6	2
270	9.383	34.925	57	52	944144	16563.930	3064.328	15825.000	12367	27845	723.193	430.404	13.684	1.055	0.255	1.050	723.223	430.405	13.688	721	427	13	6	7	3
271	14.651	46.095	89	79	1715710	19277.641	5356.327	18128.000	12331	33734	490.124	443.989	13.742	1.267	0.300	1.274	490.266	443.935	13.713	485	442	13	10	6	3
272	4.280	26.272	26	26	366627	14101.038	1303.109	13924.500	12468	17099	522.885	447.154	13.423	1.087	0.419	1.075	522.864	447.161	13.436	519	446	13	9	4	2
273	17.120	54.578	104	83	2423674	23304.559	9047.887	20965.500	12385	49073	402.404	497.702	14.250	1.459	0.378	1.462	402.522	497.632	14.258	398	496	13	10	5	4
274	17.120	51.613	104	74	2669717	25670.355	12344.868	22600.500	12355	65535	589.731	604.865	14.327	1.414	0.218	1.397	589.760	604.964	14.299	587	602	13	7	7	4
