 	Volume (micron^3)	Surface (micron^2)	Nb of obj. voxels	Nb of surf. voxels	IntDen	Mean	StdDev	Median	Min	Max	X	Y	Z	Mean dist. to surf. (micron)	SD dist. to surf. (micron)	Median dist. to surf. (micron)	XM	YM	ZM	BX	BY	BZ	B-width	B-height	B-depth
1	32.100	82.747	195	129	7528429	38607.328	19091.404	35007.000	13649	65535	455.841	59.333	5.236	1.855	0.413	1.895	455.789	59.333	5.217	451	56	3	11	8	5
2	26.174	70.299	159	118	5030206	31636.516	13159.877	30023.000	13597	65535	194.151	90.497	5.031	1.583	0.333	1.542	194.075	90.418	5.017	191	86	3	9	9	5
3	24.034	60.956	146	99	4671187	31994.432	15561.915	25922.500	13585	62747	453.658	93.356	4.589	1.571	0.218	1.575	453.701	93.376	4.573	450	90	3	8	8	4
4	19.589	62.335	119	101	3135370	26347.646	8894.272	27586.000	13598	42113	346.454	110.429	4.471	1.409	0.358	1.504	346.470	110.464	4.486	343	106	3	8	10	4
5	23.375	61.990	142	103	4334853	30527.135	12818.096	28321.000	13591	62447	331.465	111.162	4.782	1.531	0.281	1.531	331.493	111.103	4.777	328	107	3	8	9	4
6	24.528	66.437	149	107	4170511	27990.006	11243.188	26063.000	13715	51069	519.268	123.617	4.456	1.562	0.222	1.574	519.330	123.647	4.458	515	119	3	9	10	4
7	22.881	62.161	139	120	3664706	26364.791	9099.392	25139.000	13585	54891	231.381	123.173	4.698	1.506	0.419	1.484	231.483	122.913	4.670	227	118	3	9	11	4
8	54.652	147.976	332	253	9665916	29114.205	13674.372	24741.500	13612	64380	357.961	130.925	5.256	2.404	0.797	2.432	358.268	130.662	5.077	350	123	3	15	15	6
9	18.272	56.301	111	92	2913409	26246.928	8821.815	26684.000	13624	41568	225.477	143.252	4.622	1.439	0.417	1.516	225.584	143.266	4.571	221	141	3	10	6	4
10	14.321	47.233	87	81	1921677	22088.242	6141.776	21844.000	13648	39907	506.195	187.138	4.506	1.232	0.378	1.262	506.129	187.219	4.495	502	184	3	9	7	4
11	24.528	66.059	149	104	5309375	35633.391	16580.902	33496.000	13616	65535	381.638	193.611	5.188	1.600	0.272	1.597	381.704	193.674	5.139	378	190	3	8	9	5
12	30.618	79.093	186	117	7358564	39562.172	20200.826	34075.000	13606	65535	374.876	226.043	4.930	1.862	0.386	1.978	374.936	226.049	4.940	371	222	3	9	9	5
13	29.137	75.987	177	128	5442358	30747.785	13979.258	28411.000	13681	65535	225.034	230.119	4.729	1.712	0.369	1.706	225.043	230.135	4.730	220	227	3	12	8	4
14	21.729	62.783	132	96	3530945	26749.584	10909.157	24813.000	13599	52176	514.439	271.591	4.667	1.531	0.301	1.549	514.462	271.621	4.635	511	267	3	8	10	4
15	19.424	56.646	118	89	3053741	25879.160	9988.313	23914.500	13612	49476	602.076	378.814	4.737	1.416	0.260	1.435	602.001	378.806	4.687	599	375	3	7	9	4
16	19.918	53.922	121	92	3640913	30090.189	12903.682	27213.000	13612	65535	539.256	537.893	4.818	1.430	0.259	1.424	539.159	537.766	4.816	536	534	3	7	9	4
17	23.375	59.370	142	112	5059865	35632.852	15517.754	34247.500	13631	65535	534.021	578.732	4.986	1.525	0.344	1.561	534.058	578.772	5.004	529	576	3	10	6	5
18	19.260	56.991	117	94	3145175	26881.838	9682.716	25179.000	13752	48990	617.462	606.889	4.761	1.451	0.353	1.427	617.477	606.896	4.706	615	602	3	6	11	4
19	28.643	83.366	174	139	4781142	27477.828	12030.680	24504.500	13650	65535	713.115	635.132	4.966	1.931	0.589	1.985	713.323	634.787	4.976	709	629	3	9	13	5
20	2.963	15.343	18	18	318947	17719.277	2663.134	17960.000	13585	23770	446.333	20.667	4.500	0.715	0.159	0.744	446.344	20.648	4.462	444	20	4	5	3	2
21	23.869	60.334	145	115	4130844	28488.580	10657.095	26602.000	13725	58154	275.628	41.903	4.938	1.575	0.419	1.498	275.648	41.790	4.917	273	37	4	6	12	3
22	31.935	73.987	194	147	5404388	27857.670	10304.888	25533.000	13677	57327	439.680	44.160	5.067	1.646	0.337	1.678	439.758	44.093	5.090	435	40	4	10	9	4
23	24.528	61.368	149	122	3680434	24700.898	6762.488	24334.000	13666	43662	222.718	48.859	4.799	1.498	0.334	1.512	222.868	48.887	4.748	218	46	4	10	8	3
24	11.852	42.200	72	63	1565401	21741.680	6005.367	21186.500	14012	35613	481.139	78.361	5.306	1.278	0.388	1.274	481.096	78.333	5.328	479	74	4	6	10	3
25	16.955	48.889	103	74	3153536	30616.854	14389.698	27814.000	13875	65535	330.204	84.757	5.728	1.440	0.246	1.415	330.243	84.738	5.761	327	82	4	7	7	4
26	10.371	36.615	63	51	1414127	22446.461	5649.141	21339.000	14026	34908	408.095	89.127	4.921	1.158	0.186	1.184	408.154	89.132	4.933	405	87	4	7	6	3
27	11.194	37.753	68	56	1489198	21899.971	6462.985	20377.500	13706	39110	416.265	94.971	5.044	1.202	0.230	1.210	416.240	94.922	5.040	413	93	4	7	6	3
28	9.218	37.719	56	45	1289724	23030.785	9171.091	19984.000	13593	54109	292.054	100.893	5.589	1.237	0.380	1.254	292.061	100.900	5.604	290	98	4	6	6	4
29	31.277	85.538	190	143	5376905	28299.500	10300.575	27918.000	13635	57407	257.947	116.484	5.237	1.810	0.584	1.821	258.194	116.404	5.243	252	113	4	13	9	4
30	10.700	37.545	65	60	1355045	20846.846	4713.957	20477.000	13810	31027	115.877	119.769	5.338	1.098	0.275	1.087	115.895	119.794	5.337	113	117	4	7	7	3
31	9.877	35.270	60	58	1242829	20713.816	4741.089	19491.500	13756	33626	127.833	130.950	5.467	1.108	0.377	1.042	127.705	130.923	5.483	125	128	4	8	6	3
32	11.194	48.371	68	66	1259672	18524.588	3602.439	17785.500	13767	26476	437.412	146.471	4.882	1.257	0.444	1.201	437.434	146.509	4.891	435	141	4	6	11	3
33	33.087	79.056	201	134	6441475	32047.139	15290.469	27260.000	13601	65535	168.826	160.657	5.861	1.749	0.276	1.777	168.948	160.572	5.832	164	157	4	10	8	5
34	19.918	57.647	121	91	4038164	33373.258	15728.588	29539.000	13719	65535	418.207	187.826	5.331	1.513	0.346	1.548	418.149	187.558	5.309	416	184	4	6	10	4
35	22.388	64.439	136	94	4079499	29996.316	13618.184	27441.500	13618	65535	316.397	188.721	5.897	1.654	0.415	1.757	316.525	188.726	5.918	312	187	4	10	5	5
36	20.083	54.474	122	87	4210174	34509.621	16247.249	29704.500	13593	65535	328.885	195.057	5.402	1.516	0.288	1.528	328.919	195.025	5.360	325	192	4	8	7	4
37	19.260	56.542	117	98	3036331	25951.547	9143.057	24040.000	14041	53445	574.000	205.214	4.778	1.450	0.392	1.436	574.094	205.111	4.722	570	201	4	8	10	3
38	18.931	59.611	115	104	2653478	23073.723	6801.326	21935.000	13586	47972	457.904	214.035	4.800	1.573	0.497	1.542	457.905	213.932	4.809	455	209	4	6	12	3
39	13.005	42.407	79	61	2056096	26026.531	10414.752	22906.000	13631	50645	246.228	211.772	5.481	1.268	0.258	1.268	246.278	211.848	5.500	243	209	4	7	6	4
40	8.231	33.339	50	49	960126	19202.520	4076.637	18828.500	13659	29052	319.520	210.640	5.480	1.062	0.391	0.971	319.590	210.754	5.470	316	207	4	7	8	3
41	7.901	33.306	48	41	1027526	21406.791	6770.710	19701.500	13650	36374	269.333	215.500	5.167	1.067	0.239	1.075	269.330	215.581	5.205	267	213	4	6	6	3
42	25.351	64.818	154	109	5011182	32540.143	16641.531	27338.500	13642	65535	258.799	222.169	5.481	1.723	0.424	1.713	258.843	222.191	5.437	253	220	4	12	5	4
43	20.577	59.577	125	92	4078310	32626.480	13900.658	28772.000	13842	65535	566.776	247.600	5.264	1.501	0.302	1.529	566.818	247.622	5.268	563	244	4	8	8	4
44	17.284	59.818	105	88	2473322	23555.447	7215.663	22152.000	13743	42185	439.695	253.381	4.848	1.622	0.498	1.679	439.699	253.437	4.835	436	249	4	9	10	3
45	10.206	34.684	62	52	1475642	23800.678	8338.192	22192.000	13702	45626	418.323	254.839	4.952	1.162	0.245	1.157	418.333	254.866	4.947	417	251	4	4	8	3
46	4.445	25.238	27	27	416202	15414.889	1402.577	15029.000	13613	18644	613.074	267.111	4.444	0.900	0.292	0.801	613.098	267.131	4.443	611	264	4	5	7	2
47	18.272	50.820	111	79	3754722	33826.324	17365.594	28043.000	13714	65535	463.000	268.910	5.495	1.462	0.235	1.488	463.019	268.887	5.487	460	266	4	7	7	4
48	20.741	63.817	126	102	3072279	24383.166	8217.104	22848.000	13593	44302	379.619	281.913	5.349	1.579	0.541	1.658	379.628	281.926	5.357	377	277	4	6	12	4
49	18.601	59.889	113	87	3240291	28675.141	13686.884	23674.000	13595	61935	512.186	286.876	5.628	1.583	0.440	1.615	512.312	286.791	5.630	510	282	4	5	11	4
50	20.083	67.575	122	102	2429332	19912.557	4870.783	18304.000	13672	32280	392.918	315.934	4.885	1.593	0.482	1.645	392.932	315.911	4.895	387	312	4	12	9	3
51	12.511	43.442	76	63	2025172	26647.000	10604.564	23496.500	13725	57813	450.276	317.763	5.145	1.280	0.305	1.289	450.150	318.001	5.155	447	314	4	7	8	3
52	22.388	65.748	136	108	3356016	24676.588	8563.779	23173.000	13690	45375	495.235	344.904	5.471	1.564	0.425	1.554	495.191	344.821	5.475	492	340	4	8	11	4
53	7.078	26.513	43	43	799503	18593.094	2780.676	18363.000	13633	24127	670.698	347.023	4.535	0.926	0.261	0.935	670.662	347.009	4.534	669	344	4	5	7	2
54	13.334	42.752	81	62	2163394	26708.568	11607.643	23965.000	13735	54464	477.074	346.457	5.556	1.271	0.242	1.238	477.116	346.481	5.554	474	344	4	7	6	4
55	21.894	60.026	133	95	4322144	32497.324	14671.677	29003.000	14099	65535	453.992	369.917	5.383	1.557	0.345	1.584	453.858	369.972	5.416	450	366	4	9	7	5
56	12.840	38.683	78	64	1778788	22804.975	7216.096	20827.500	13609	40896	492.462	380.077	4.872	1.205	0.181	1.201	492.412	380.150	4.825	490	377	4	6	7	3
57	26.503	67.575	161	110	4646836	28862.336	12339.817	25636.000	13672	59024	399.640	384.981	5.634	1.657	0.311	1.647	399.702	384.848	5.655	397	380	4	6	11	4
58	20.906	56.198	127	98	3526602	27768.520	9211.307	25646.000	13956	52413	513.126	412.520	5.047	1.472	0.316	1.450	513.090	412.521	5.088	509	409	4	9	8	4
59	17.614	56.853	107	81	2762707	25819.691	9891.901	23754.000	13654	48274	459.252	416.467	5.439	1.444	0.311	1.507	459.295	416.491	5.461	455	413	4	10	8	4
60	7.078	27.202	43	42	826954	19231.488	3878.798	19095.000	13795	29382	436.000	429.070	4.651	0.911	0.243	0.942	436.049	429.029	4.694	433	427	4	6	5	3
61	7.408	27.547	45	45	784067	17423.711	2709.094	16827.000	13647	24163	443.089	434.933	4.600	0.966	0.292	0.966	443.111	434.911	4.619	441	432	4	5	7	2
62	14.321	48.371	87	82	1726972	19850.252	5113.070	18042.000	13696	33869	616.678	440.839	4.644	1.200	0.323	1.259	616.703	440.955	4.674	613	438	4	8	7	3
63	12.675	43.097	77	61	1948462	25304.701	9883.445	22912.000	13599	47779	513.805	450.403	5.766	1.230	0.223	1.211	513.891	450.350	5.756	511	448	4	7	7	4
64	15.309	49.716	93	78	1830673	19684.656	5053.841	18005.000	13644	35344	628.011	457.742	4.892	1.332	0.313	1.314	628.016	457.712	4.880	625	453	4	6	10	3
65	21.564	62.231	131	105	3497440	26698.016	10857.656	25464.000	13602	64046	644.115	460.626	5.168	1.500	0.388	1.426	644.311	460.790	5.172	640	456	4	8	10	4
66	23.540	63.024	143	111	4506396	31513.258	13328.236	30097.000	13592	65535	561.552	468.238	5.091	1.557	0.402	1.475	561.603	468.179	5.116	559	463	4	6	12	4
67	14.486	42.889	88	70	2374396	26981.773	9558.580	24285.000	13667	54190	713.352	500.761	4.989	1.290	0.216	1.228	713.372	500.894	4.995	711	497	4	6	8	3
68	11.358	40.028	69	56	1519878	22027.217	6170.389	19797.000	13588	39012	701.246	516.159	4.884	1.235	0.282	1.195	701.338	516.270	4.861	698	513	4	7	7	3
69	25.351	63.643	154	123	3843094	24955.156	7739.038	24406.000	13757	45449	562.182	529.351	5.182	1.538	0.353	1.544	562.206	529.398	5.240	558	526	4	10	9	3
70	4.774	19.790	29	29	539899	18617.207	3280.762	18077.000	14714	25239	529.793	541.483	4.552	0.784	0.166	0.815	529.742	541.487	4.593	528	540	4	5	4	2
71	20.412	57.439	124	89	3515874	28353.822	11877.958	24933.500	13603	59128	650.129	545.476	5.734	1.509	0.344	1.509	650.048	545.397	5.730	648	541	4	6	10	4
72	3.128	17.411	19	19	334996	17631.369	2941.559	16939.000	14198	26342	510.737	563.842	4.842	0.698	0.236	0.740	510.774	563.800	4.868	509	562	4	4	5	2
73	19.424	50.301	118	92	3347069	28364.992	10565.851	27049.000	13824	55811	720.271	573.568	4.958	1.386	0.235	1.393	720.266	573.580	4.973	717	570	4	7	9	3
74	29.960	97.675	182	151	4113956	22604.154	6581.257	20940.500	13591	38473	672.797	581.989	7.236	2.376	0.849	2.393	672.779	582.002	7.277	668	574	4	10	16	7
75	12.675	44.372	77	69	1744170	22651.559	6261.932	21669.000	13719	39601	700.195	601.922	4.740	1.166	0.338	1.169	700.201	601.908	4.712	698	598	4	6	9	3
76	3.786	20.720	23	23	375498	16326.000	1954.594	16166.000	13803	20166	600.174	600.174	4.913	0.821	0.336	0.905	600.148	600.277	4.926	598	597	4	5	7	2
77	22.881	64.025	139	103	4185418	30110.920	12870.917	26348.000	13777	65535	636.734	604.165	5.525	1.567	0.331	1.580	636.653	604.160	5.552	634	600	4	8	10	4
78	9.877	35.477	60	50	1311647	21860.783	6942.623	19995.500	13854	42207	528.283	611.217	5.017	1.138	0.189	1.131	528.301	611.270	5.031	526	608	4	6	7	3
79	21.729	61.749	132	96	3636831	27551.750	11798.382	24335.500	13588	55573	567.447	624.311	5.386	1.533	0.313	1.577	567.429	624.386	5.392	564	620	4	7	9	4
80	32.429	75.573	197	145	5613493	28494.889	10971.109	26379.000	13595	57550	599.503	656.365	5.112	1.660	0.325	1.690	599.690	656.321	5.123	595	652	4	9	10	4
81	12.840	43.579	78	70	1613909	20691.141	6084.335	19090.500	13626	37215	520.603	657.667	5.321	1.243	0.346	1.266	520.548	657.790	5.332	518	654	4	6	8	3
82	17.943	52.888	109	85	2922770	26814.404	10635.978	24907.000	13773	53480	645.110	680.083	5.339	1.396	0.306	1.415	645.107	680.198	5.390	643	676	4	6	9	4
83	27.161	76.228	165	133	4013690	24325.395	9227.364	22012.000	13669	55093	671.685	693.564	5.048	1.736	0.585	1.578	671.585	693.866	5.031	668	686	4	8	14	3
84	31.935	70.158	194	144	4693393	24192.748	7496.396	21888.000	13636	44545	710.747	695.887	5.036	1.646	0.363	1.633	710.702	695.886	5.048	707	691	4	9	11	3
85	21.071	56.576	128	108	3286340	25674.531	6881.289	26151.500	13836	39943	576.219	713.039	5.273	1.418	0.333	1.429	576.187	713.077	5.344	573	709	4	8	9	3
86	14.321	44.235	87	68	2325834	26733.725	10885.714	23235.000	13668	53688	557.701	726.103	5.299	1.275	0.214	1.288	557.642	726.039	5.331	555	723	4	7	7	4
87	14.321	49.441	87	67	2554091	29357.367	12808.127	24599.000	13744	58189	684.529	733.046	5.345	1.374	0.306	1.423	684.502	733.114	5.381	681	730	4	8	7	4
88	19.589	53.922	119	88	3146890	26444.453	9581.092	24095.000	14018	46689	592.101	738.941	5.185	1.409	0.223	1.434	592.056	739.044	5.264	589	735	4	8	8	4
89	29.301	79.126	178	118	5462024	30685.527	13125.827	28988.500	13712	59130	756.539	736.315	6.039	1.792	0.473	1.836	756.531	736.334	6.030	753	731	4	8	11	5
90	14.321	45.821	87	68	2489951	28620.127	12004.693	25543.000	13610	65535	676.448	739.678	5.195	1.350	0.336	1.354	676.524	739.807	5.233	674	736	4	5	9	4
91	21.071	56.198	128	100	3867880	30217.812	12268.916	27403.500	13612	65400	526.672	745.750	5.094	1.464	0.309	1.434	526.852	745.654	5.115	523	743	4	9	7	4
92	7.243	28.202	44	41	949445	21578.295	5810.760	21551.500	13663	35436	686.341	764.977	5.409	0.971	0.249	0.949	686.299	765.061	5.415	685	762	4	4	7	3
93	8.231	29.926	50	48	979786	19595.721	4002.897	19301.500	13618	30169	672.840	780.140	5.380	0.974	0.239	0.972	672.898	780.146	5.366	671	777	4	5	7	3
94	12.017	38.994	73	57	2049923	28081.137	11672.039	24207.000	14038	50344	702.151	798.644	5.274	1.234	0.244	1.239	702.172	798.728	5.326	700	796	4	6	6	4
95	16.626	46.199	101	79	2489584	24649.346	8219.058	22883.000	13795	48177	698.663	806.941	5.089	1.318	0.214	1.323	698.669	806.967	5.088	696	803	4	6	9	3
96	38.026	104.050	231	200	5665236	24524.832	7679.101	24141.000	13669	44477	703.896	822.333	5.385	2.073	0.758	2.156	704.115	822.441	5.421	697	816	4	16	12	4
97	29.301	78.022	178	122	4939407	27749.477	11344.803	25783.000	13630	49206	583.764	874.674	5.489	1.738	0.352	1.687	583.737	874.646	5.516	579	870	4	10	10	4
98	19.918	56.094	121	97	2875374	23763.422	7309.558	22862.000	13801	40503	650.405	880.223	5.182	1.423	0.316	1.403	650.464	880.264	5.247	647	876	4	8	10	3
99	30.124	93.850	183	130	4611211	25197.875	11190.831	21567.000	13681	58293	586.792	908.771	7.082	2.110	0.694	2.119	586.620	908.867	6.833	583	903	4	8	12	7
100	2.963	15.687	18	18	329727	18318.166	3690.920	17680.500	13935	24787	83.833	56.778	5.500	0.724	0.163	0.686	83.852	56.731	5.559	82	56	5	5	3	2
101	19.589	62.301	119	86	3354999	28193.270	13157.800	24811.000	13599	65535	305.202	90.429	6.269	1.529	0.395	1.535	305.322	90.591	6.227	301	87	5	9	8	4
102	7.737	26.409	47	47	964565	20522.660	4669.814	19797.000	13885	30350	372.085	124.447	5.532	0.918	0.225	0.931	372.127	124.387	5.558	370	122	5	5	6	2
103	4.280	20.824	26	26	529178	20353.000	3734.836	20682.000	14372	29146	418.654	153.846	5.731	0.868	0.339	0.817	418.690	153.895	5.754	417	151	5	5	7	2
104	17.284	56.783	105	89	2187727	20835.496	5600.733	20064.000	13590	35829	118.190	167.200	6.571	1.345	0.349	1.392	118.139	167.180	6.562	115	164	5	9	8	4
105	7.901	30.133	48	39	1073169	22357.688	7498.305	19619.500	13615	40706	281.583	198.875	5.896	1.047	0.158	1.078	281.625	198.900	5.908	279	197	5	6	5	3
106	7.901	28.306	48	40	1519544	31657.166	13874.333	28250.000	14071	65535	277.167	224.750	6.000	1.059	0.162	1.069	277.182	224.726	6.043	275	223	5	5	5	3
107	24.363	64.473	148	104	4633747	31309.102	12711.222	30406.000	13654	65535	318.527	291.324	6.966	1.556	0.302	1.519	318.619	291.454	6.965	315	288	5	8	8	5
108	1.975	13.067	12	12	178328	14860.667	890.507	14831.500	13755	16225	533.167	403.500	5.333	0.667	0.169	0.688	533.157	403.504	5.330	532	402	5	3	4	2
109	16.626	51.439	101	88	2369749	23462.861	6852.855	22905.000	13588	38823	595.426	454.673	5.792	1.354	0.390	1.360	595.472	454.787	5.769	593	450	5	6	10	3
110	31.112	73.782	189	122	7375494	39023.777	18249.039	34550.000	13680	65535	457.936	500.730	7.407	1.759	0.274	1.753	457.847	500.791	7.432	454	497	5	9	8	6
111	14.321	48.578	87	70	1917093	22035.551	7062.248	19864.000	13772	40450	613.356	548.839	5.943	1.310	0.281	1.260	613.411	548.770	5.926	610	545	5	7	9	3
112	5.597	29.340	34	34	557705	16403.088	1880.771	16222.500	13769	19926	540.706	554.206	5.412	0.895	0.250	0.883	540.689	554.202	5.415	538	551	5	6	7	2
113	10.700	40.751	65	59	1317509	20269.369	5503.201	19847.000	13606	34902	569.708	578.477	5.892	1.145	0.323	1.147	569.759	578.459	5.897	565	576	5	9	6	3
114	6.255	26.857	38	38	719174	18925.631	3719.769	17875.500	13711	27717	662.184	578.868	5.658	0.912	0.289	0.886	662.182	578.872	5.697	660	575	5	5	8	2
115	2.963	15.721	18	18	287159	15953.277	1973.765	15393.500	13591	20446	607.500	601.333	5.000	0.708	0.249	0.702	607.468	601.276	5.000	606	599	5	4	6	1
116	7.243	27.650	44	44	826755	18789.887	3298.350	18522.000	13900	26426	619.432	648.432	5.477	0.979	0.316	0.905	619.416	648.337	5.445	618	645	5	4	8	2
117	7.078	27.409	43	38	914471	21266.768	6379.144	19022.000	13595	35500	540.535	680.256	6.070	1.001	0.242	1.052	540.496	680.318	6.064	539	677	5	4	7	3
118	6.091	23.099	37	37	615735	16641.486	1772.437	16370.000	13802	20522	666.622	684.108	5.486	0.850	0.196	0.869	666.628	684.169	5.483	665	682	5	5	5	2
119	28.643	74.887	174	113	6429394	36950.539	18602.959	30513.000	13621	65535	754.305	691.598	6.931	1.791	0.384	1.889	754.350	691.614	6.888	752	687	5	6	11	5
120	4.280	17.859	26	26	474071	18233.500	3274.584	17516.000	13757	25173	752.231	759.731	5.423	0.761	0.165	0.764	752.307	759.746	5.410	750	758	5	5	4	2
121	6.255	25.823	38	38	764716	20124.105	5612.958	17950.500	13902	34996	534.842	767.368	5.579	0.874	0.241	0.872	534.920	767.496	5.594	533	764	5	5	7	2
122	9.383	30.063	57	57	1122132	19686.525	3500.592	19868.000	13723	29569	679.632	768.702	5.439	1.020	0.301	1.018	679.670	768.752	5.428	678	765	5	5	8	2
123	7.572	31.512	46	46	863875	18779.891	3672.440	17535.000	14025	29851	580.130	778.043	5.587	0.987	0.305	0.980	580.172	777.973	5.617	577	775	5	7	7	2
124	3.457	20.720	21	21	327977	15617.952	1679.927	15006.000	13618	19284	659.714	779.524	5.000	0.867	0.415	0.828	659.746	779.569	5.000	657	776	5	6	8	1
125	4.774	23.652	29	29	450343	15529.069	1419.595	15428.000	13606	19373	655.345	790.379	5.483	0.855	0.258	0.804	655.357	790.343	5.467	652	789	5	7	4	2
126	25.351	62.710	154	154	3429158	22267.260	4506.824	22484.500	13729	31808	588.877	803.487	5.532	1.530	0.524	1.527	588.764	803.474	5.550	584	798	5	11	12	2
127	21.235	74.920	129	105	3584922	27790.094	13821.005	23543.000	13709	65535	596.233	826.031	6.938	2.034	0.851	1.968	595.928	825.398	6.671	593	821	5	8	14	6
128	4.774	22.410	29	28	587447	20256.793	6006.954	19390.000	13697	33542	537.655	827.552	5.724	0.849	0.243	0.774	537.618	827.649	5.736	535	826	5	6	4	3
129	15.309	44.476	93	74	2446541	26306.893	9266.879	24546.000	13817	47857	556.946	836.828	6.065	1.299	0.236	1.300	556.935	836.801	6.085	554	834	5	7	8	3
130	12.017	43.130	73	64	1552182	21262.768	6827.324	19601.000	13613	41257	669.781	846.534	5.822	1.200	0.293	1.185	669.807	846.422	5.828	667	843	5	6	9	3
131	6.420	25.030	39	39	761065	19514.486	3501.873	19633.000	13635	27490	622.487	868.590	5.538	0.898	0.252	0.829	622.454	868.600	5.545	621	865	5	4	7	2
132	19.424	57.439	118	91	2998410	25410.254	9518.174	24569.000	13584	54481	629.517	896.085	6.703	1.445	0.362	1.461	629.417	895.973	6.652	626	892	5	8	9	4
133	13.169	40.821	80	59	2217092	27713.650	11472.436	23509.000	14061	58346	592.162	929.075	6.350	1.288	0.241	1.321	592.165	929.054	6.323	590	926	5	5	7	4
134	13.498	40.510	82	65	2053026	25036.902	9672.399	22675.000	13624	52166	682.646	967.061	6.134	1.243	0.191	1.236	682.696	967.008	6.160	680	964	5	6	8	3
135	16.132	47.578	98	78	2270001	23163.275	7556.603	20784.000	13592	41840	619.980	980.663	5.959	1.324	0.262	1.284	619.940	980.703	5.940	617	977	5	7	8	3
136	24.198	64.162	147	104	3840515	26125.953	10031.661	23588.000	13666	45781	585.245	996.116	6.429	1.544	0.221	1.573	585.285	996.060	6.410	582	992	5	8	9	4
137	9.218	34.925	56	53	1200602	21439.322	5317.491	20384.000	13957	34998	504.214	1009.571	5.714	1.066	0.310	1.035	504.220	1009.652	5.719	500	1007	5	8	5	3
138	5.103	24.478	31	31	548273	17686.227	2923.655	16937.000	13617	23351	225.742	104.871	6.194	0.890	0.326	0.858	225.775	104.880	6.168	224	102	6	5	7	2
139	22.881	62.991	139	102	4305040	30971.512	12562.092	28942.000	13774	65535	547.475	152.899	8.180	1.525	0.283	1.521	547.494	153.035	8.152	544	149	6	8	8	5
140	9.218	34.340	56	48	1288098	23001.750	8027.205	21409.000	13981	42417	237.607	160.839	7.411	1.111	0.296	1.124	237.565	160.773	7.411	235	159	6	6	6	4
141	33.911	81.298	206	136	7960734	38644.340	17739.316	32082.500	13654	65535	371.015	208.976	8.466	1.843	0.369	1.807	370.967	208.929	8.428	365	206	6	13	7	5
142	15.803	66.230	96	88	1723570	17953.854	3460.560	17372.000	13794	27327	206.115	234.958	7.073	1.539	0.571	1.527	206.088	234.981	7.065	200	231	6	12	9	3
143	24.363	66.300	148	109	4319800	29187.838	12833.285	25367.000	14284	65535	518.966	245.392	7.635	1.653	0.426	1.639	518.828	245.369	7.602	513	243	6	12	6	4
144	32.594	74.642	198	136	6220796	31418.162	14124.901	26778.500	13607	65535	539.273	257.540	7.394	1.706	0.261	1.707	539.417	257.507	7.397	535	253	6	9	10	4
145	17.449	50.957	106	82	2850258	26889.227	9594.156	25234.000	13839	51258	475.094	271.113	7.962	1.377	0.273	1.325	474.981	271.110	7.911	471	268	6	9	7	4
146	16.461	48.233	100	79	2472123	24721.230	8365.412	23147.500	13585	48582	506.840	275.170	7.770	1.311	0.224	1.318	506.848	275.014	7.733	504	272	6	7	8	4
147	27.820	68.987	169	135	4047973	23952.504	7149.357	23030.000	13592	43177	526.444	291.627	7.769	1.574	0.354	1.596	526.440	291.492	7.704	523	287	6	8	11	4
148	26.832	72.196	163	112	5018634	30789.166	14396.451	27302.000	13623	65535	358.706	297.350	7.847	1.679	0.399	1.692	358.523	297.212	7.824	355	293	6	9	10	5
149	28.807	70.677	175	130	5550589	31717.652	11108.338	30303.000	13831	56357	692.811	389.309	7.983	1.592	0.318	1.611	692.869	389.316	7.962	688	386	6	11	8	5
150	26.997	73.438	164	115	5181554	31594.842	15092.834	26963.500	13980	65535	723.177	528.762	8.421	1.731	0.393	1.680	723.014	528.577	8.349	719	525	6	9	10	5
151	22.223	59.785	135	93	4712055	34904.109	16588.943	31061.000	13909	65535	689.607	609.267	8.044	1.568	0.298	1.512	689.643	609.230	8.026	687	605	6	6	9	5
152	2.963	15.687	18	16	333474	18526.334	4389.644	16859.000	14350	27252	500.833	622.778	7.167	0.767	0.227	0.781	500.831	622.814	7.153	500	621	6	3	4	3
153	17.120	54.026	104	83	2399945	23076.395	7518.440	20779.500	13907	40276	511.298	742.087	7.212	1.420	0.368	1.389	511.239	742.125	7.227	507	740	6	10	5	4
154	4.609	23.652	28	28	494755	17669.822	3279.263	17144.000	13720	25582	515.286	869.679	6.357	0.865	0.301	0.815	515.249	869.732	6.309	513	867	6	5	7	2
155	20.906	57.369	127	108	3083164	24276.883	8248.009	22289.000	13693	53092	496.425	881.488	7.811	1.415	0.353	1.453	496.527	881.563	7.792	493	878	6	8	9	4
156	11.523	39.580	70	62	1624327	23204.672	6535.347	23252.000	13634	36835	615.571	952.329	6.686	1.232	0.343	1.279	615.501	952.310	6.639	612	949	6	7	8	3
157	8.560	30.960	52	52	947211	18215.596	3181.805	17621.500	13676	24929	601.288	989.673	6.462	1.003	0.302	0.953	601.249	989.647	6.452	598	987	6	7	6	2
158	4.609	23.203	28	28	500256	17866.285	3329.310	17690.000	13917	25896	536.929	998.536	6.321	0.855	0.304	0.813	536.882	998.467	6.310	535	996	6	5	7	2
159	15.803	48.200	96	71	2806100	29230.209	12653.297	25965.000	13694	58652	688.469	1002.312	7.677	1.398	0.276	1.426	688.535	1002.383	7.664	686	999	6	6	8	4
160	6.255	25.479	38	38	738315	19429.342	3779.600	19348.000	13831	27226	492.947	1007.079	6.447	0.868	0.219	0.910	492.939	1007.148	6.407	491	1004	6	5	6	2
161	8.395	31.719	51	44	1021589	20031.156	5308.450	19573.000	13591	33588	341.392	39.765	7.765	1.044	0.210	1.043	341.394	39.811	7.783	339	38	7	6	5	3
162	7.901	26.961	48	45	1036963	21603.396	4208.762	22415.500	13946	33285	185.792	52.854	8.396	0.956	0.241	0.972	185.847	52.854	8.427	184	51	7	5	5	3
163	18.108	57.439	110	84	2539766	23088.781	7948.243	20590.000	13738	39657	259.545	65.127	8.509	1.401	0.282	1.457	259.538	65.156	8.515	256	62	7	8	8	4
164	22.388	58.818	136	101	3710382	27282.221	9886.892	26111.000	13653	54526	327.941	68.051	8.088	1.487	0.255	1.488	327.961	68.065	8.066	324	64	7	9	8	4
165	8.725	33.995	53	46	1105169	20852.246	4323.796	21864.000	13684	32250	201.264	67.358	8.264	1.045	0.232	1.033	201.271	67.307	8.279	198	65	7	7	5	3
166	14.815	44.683	90	69	2865021	31833.566	13634.915	28822.500	13779	65535	218.344	94.089	8.067	1.338	0.264	1.299	218.337	94.116	8.036	216	91	7	6	7	4
167	32.758	78.745	199	145	5577151	28025.885	9440.209	27309.000	13601	50294	160.106	96.317	8.171	1.687	0.371	1.715	159.987	96.343	8.147	155	93	7	11	8	4
168	13.992	48.233	85	75	1623924	19104.988	4440.440	18032.000	13614	31508	487.235	95.694	8.212	1.316	0.370	1.298	487.143	95.655	8.221	484	92	7	8	8	3
169	36.380	83.433	221	162	5317464	24060.924	7746.921	22918.000	13672	40614	383.036	103.579	8.656	1.753	0.371	1.783	382.975	103.509	8.638	378	100	7	11	9	4
170	33.252	76.607	202	149	5103075	25262.748	8267.593	23737.000	13593	46887	190.307	115.738	8.931	1.678	0.352	1.701	190.392	115.835	8.931	185	112	7	11	9	4
171	23.375	66.852	142	104	4201547	29588.359	12819.272	26751.000	13685	65535	64.415	120.782	8.803	1.662	0.413	1.720	64.457	120.884	8.820	62	115	7	6	12	5
172	12.511	40.925	76	59	1963935	25841.250	9253.571	23048.000	14275	50039	454.737	142.000	8.158	1.239	0.235	1.220	454.724	141.992	8.159	452	140	7	7	5	4
173	12.181	40.028	74	61	1911745	25834.393	8512.618	24161.000	13700	47436	461.568	149.514	7.824	1.209	0.237	1.203	461.622	149.578	7.784	459	146	7	6	8	3
174	21.071	61.990	128	97	3261068	25477.094	9072.777	23106.000	13645	47859	311.242	159.289	8.781	1.524	0.419	1.495	311.100	159.266	8.756	306	156	7	11	8	4
175	9.877	33.547	60	53	1334693	22244.883	7061.015	20072.000	13630	44437	291.583	175.033	7.833	1.111	0.230	1.128	291.607	175.076	7.810	289	172	7	6	6	3
176	8.066	28.788	49	49	1038395	21191.734	3803.472	20850.000	14036	29924	115.837	176.082	7.510	1.032	0.331	1.013	115.816	176.101	7.512	112	174	7	8	5	2
177	15.803	46.647	96	76	2494932	25988.875	10075.204	22745.000	13850	58124	271.073	184.469	7.948	1.324	0.262	1.320	271.046	184.477	7.943	268	180	7	7	9	3
178	22.717	59.025	138	96	4008480	29046.957	12067.658	25754.500	13749	57856	352.942	202.283	8.587	1.538	0.192	1.526	352.945	202.376	8.609	349	199	7	8	8	4
179	4.609	21.824	28	28	516554	18448.357	3220.431	18204.500	14061	27790	598.500	208.143	7.464	0.842	0.255	0.787	598.483	208.061	7.467	597	206	7	4	6	2
180	15.638	46.510	95	75	2507344	26393.096	10191.302	23953.000	13891	60920	210.453	214.884	8.968	1.327	0.238	1.289	210.534	214.893	8.938	207	212	7	7	7	4
181	6.091	24.341	37	36	765205	20681.217	4608.219	20228.000	14238	29262	594.405	217.865	8.432	0.878	0.218	0.884	594.362	217.821	8.448	592	215	7	5	6	3
182	17.284	56.509	105	74	2761139	26296.562	9502.995	24996.000	13631	52009	232.400	244.467	8.895	1.457	0.317	1.460	232.417	244.424	8.929	229	241	7	8	8	5
183	26.174	66.471	159	121	3647728	22941.686	6674.614	22096.000	13598	42774	296.182	253.031	8.019	1.580	0.382	1.554	296.138	253.261	8.053	293	248	7	7	11	3
184	31.441	81.228	191	138	4877590	25537.121	9963.556	23465.000	13747	55250	343.126	256.387	8.707	1.775	0.380	1.734	343.233	256.602	8.834	338	251	7	10	10	5
185	7.572	25.720	46	46	912405	19834.891	3410.206	19582.000	13923	26855	408.957	259.674	7.478	0.909	0.218	0.942	408.967	259.738	7.453	407	257	7	5	6	2
186	15.474	46.129	94	93	1994643	21219.605	4428.899	21602.500	13713	32400	582.128	264.234	8.489	1.219	0.380	1.247	582.144	264.115	8.504	579	260	7	9	9	3
187	30.124	69.298	183	130	5468551	29882.793	11503.794	27617.000	13844	57820	350.268	265.158	8.825	1.647	0.270	1.654	350.244	265.177	8.832	347	260	7	8	10	4
188	3.292	20.687	20	20	305072	15253.600	1679.327	14801.000	13593	19435	646.650	281.950	7.400	0.801	0.200	0.793	646.664	281.978	7.410	645	279	7	4	6	2
189	4.445	19.790	27	26	518866	19217.260	3909.676	18789.000	13596	27499	446.593	283.963	8.333	0.781	0.201	0.792	446.560	283.967	8.344	445	282	7	4	5	3
190	14.157	41.752	86	71	1774014	20628.070	5430.018	19228.000	13611	37284	624.919	311.198	8.093	1.251	0.213	1.250	624.862	311.183	8.111	622	309	7	7	6	3
191	5.432	21.272	33	33	644313	19524.637	4432.833	18716.000	13635	27934	336.667	315.788	7.485	0.818	0.183	0.837	336.634	315.766	7.477	335	314	7	5	5	2
192	8.560	34.236	52	46	990751	19052.904	4152.412	17916.000	13616	34733	583.712	343.327	7.808	1.095	0.292	1.104	583.730	343.248	7.821	582	340	7	4	8	3
193	26.009	64.266	158	108	4532065	28683.955	11442.543	25400.500	13621	54560	389.019	349.259	8.468	1.621	0.230	1.633	389.044	349.250	8.464	386	345	7	8	9	4
194	20.248	58.955	123	105	2725158	22155.756	5948.808	21505.000	13854	39885	361.894	352.041	8.667	1.397	0.365	1.411	361.932	352.022	8.661	357	348	7	10	8	4
195	11.194	42.167	68	56	1745300	25666.176	8930.101	24011.500	13900	46054	579.691	378.368	8.691	1.250	0.341	1.275	579.678	378.360	8.682	576	376	7	8	6	4
196	14.157	45.580	86	68	2424830	28195.697	12046.691	25572.000	13715	60865	580.465	390.163	8.233	1.335	0.331	1.334	580.475	390.213	8.232	577	388	7	8	5	4
197	25.680	67.679	156	113	4642652	29760.590	12348.163	28046.000	13666	63138	438.622	403.891	8.897	1.580	0.316	1.559	438.578	403.866	8.941	435	400	7	8	9	5
198	5.597	32.409	34	33	568381	16717.088	2871.926	15443.500	13661	23538	661.029	459.529	8.118	0.976	0.388	0.970	660.917	459.437	8.108	659	457	7	7	7	3
199	16.626	47.407	101	71	2876594	28481.129	11514.883	25634.000	13680	56244	432.960	461.614	8.644	1.413	0.215	1.399	432.962	461.579	8.663	430	459	7	7	6	4
200	7.078	30.341	43	37	971723	22598.209	8431.735	21292.000	13845	41854	578.930	477.814	8.256	1.078	0.323	1.039	578.968	477.899	8.298	577	475	7	5	6	4
201	45.763	105.773	278	214	6748023	24273.465	7079.035	23562.500	13771	44590	717.065	481.317	8.252	2.096	0.688	2.111	717.146	481.151	8.285	711	475	7	13	14	4
202	35.557	82.399	216	156	5826209	26973.189	10045.425	23786.000	13694	54442	687.130	482.926	8.699	1.854	0.529	1.806	687.092	482.821	8.674	684	477	7	7	14	4
203	25.186	66.541	153	112	4119530	26925.033	9754.077	24303.000	13603	56235	680.569	501.843	8.595	1.569	0.301	1.572	680.622	501.809	8.577	677	498	7	8	9	4
204	14.486	44.579	88	72	2004112	22774.000	6977.656	21332.000	13703	42776	654.636	514.739	7.966	1.321	0.285	1.325	654.705	514.828	7.949	651	512	7	8	7	3
205	12.675	43.994	77	62	2049067	26611.260	9351.587	24147.000	13693	44932	595.403	528.429	8.221	1.247	0.262	1.261	595.425	528.496	8.281	592	526	7	7	7	4
206	13.992	48.200	85	66	2098687	24690.436	9341.041	21747.000	13831	51089	517.176	535.341	8.482	1.378	0.357	1.469	517.155	535.299	8.471	515	531	7	5	10	4
207	19.095	55.990	116	91	2656345	22899.525	7379.111	20610.500	13677	44716	581.155	544.862	9.034	1.400	0.276	1.374	581.065	544.956	9.001	578	541	7	8	9	4
208	26.503	66.196	161	117	4815294	29908.658	12566.834	27132.000	13585	65535	687.547	554.522	8.168	1.585	0.252	1.588	687.514	554.565	8.107	684	551	7	9	8	4
209	8.889	32.064	54	48	1379669	25549.426	8160.221	26123.500	13598	42651	623.537	589.426	7.815	1.077	0.232	1.073	623.555	589.489	7.725	622	586	7	4	8	3
210	26.667	67.438	162	114	4907952	30296.000	12946.058	28992.500	13880	62036	733.623	590.525	8.309	1.625	0.295	1.638	733.592	590.494	8.243	731	586	7	7	10	4
211	12.511	40.580	76	56	1933248	25437.475	9932.816	21620.000	13594	47495	721.974	589.671	8.461	1.300	0.258	1.291	721.960	589.778	8.474	720	586	7	5	7	4
212	10.041	35.029	61	51	1366221	22397.066	6948.718	21229.000	13661	43991	725.377	655.525	8.049	1.144	0.201	1.137	725.433	655.508	8.010	723	652	7	5	8	3
213	9.218	32.409	56	47	1218867	21765.482	6337.412	20445.000	13663	40141	728.554	668.232	8.143	1.102	0.198	1.120	728.551	668.289	8.142	727	665	7	5	7	3
214	15.968	48.337	97	75	2444236	25198.309	9026.639	23491.000	13670	53826	592.175	670.670	8.866	1.325	0.233	1.319	592.170	670.580	8.856	590	667	7	6	8	4
215	20.248	63.335	123	101	3214950	26137.805	10345.332	22819.000	13671	59563	633.374	685.398	7.976	1.605	0.504	1.578	633.192	685.913	7.958	630	680	7	7	12	3
216	5.761	24.445	35	30	680099	19431.400	4882.099	17471.000	13736	33446	658.771	693.771	8.171	0.955	0.198	0.946	658.842	693.807	8.218	657	692	7	5	5	3
217	9.877	37.960	60	45	1533423	25557.051	10175.739	21142.500	13930	52301	541.433	698.117	8.550	1.216	0.287	1.175	541.496	698.114	8.545	539	696	7	6	6	4
218	18.108	52.851	110	109	2217582	20159.836	4148.811	20052.000	13744	32464	519.773	723.282	7.518	1.326	0.433	1.333	519.938	723.258	7.494	515	720	7	11	7	3
219	13.828	47.303	84	68	1904181	22668.822	7363.111	21081.000	13605	43555	709.583	723.940	8.488	1.282	0.281	1.333	709.535	723.846	8.491	707	721	7	6	8	4
220	14.486	48.682	88	75	1957021	22238.875	6755.831	20343.000	13850	38058	653.886	722.205	8.727	1.312	0.400	1.261	653.965	722.403	8.702	651	718	7	6	10	4
221	28.478	72.300	173	110	5971609	34517.973	16851.939	30535.000	13719	65535	602.058	732.341	9.052	1.742	0.319	1.763	602.079	732.435	9.070	599	727	7	7	10	5
222	19.095	50.854	116	90	3665292	31597.346	12693.401	29204.000	13851	65535	514.276	779.655	8.026	1.387	0.233	1.387	514.309	779.628	8.036	511	776	7	7	8	4
223	41.647	108.085	253	185	6360409	25139.957	9349.983	22660.000	13589	49951	605.213	800.083	8.731	2.123	0.689	2.053	605.157	800.031	8.734	600	794	7	13	14	4
224	15.968	51.717	97	71	2746278	28312.145	12950.263	25458.000	13832	61043	527.247	911.052	8.670	1.453	0.308	1.464	527.167	911.248	8.740	524	907	7	7	8	4
225	23.540	59.715	143	100	3871050	27070.279	10194.898	23974.000	13881	50456	671.154	915.629	8.559	1.566	0.245	1.566	671.133	915.594	8.552	667	913	7	9	7	4
226	15.968	51.717	97	71	2875631	29645.680	13055.728	25267.000	13638	65535	553.433	979.309	8.505	1.426	0.286	1.485	553.455	979.196	8.557	551	976	7	7	8	4
227	7.901	30.685	48	44	1081829	22538.104	5792.149	22270.000	13657	33526	683.292	1017.354	8.167	1.032	0.266	1.044	683.277	1017.480	8.218	681	1015	7	5	5	3
228	20.577	52.922	125	96	2831513	22652.104	6588.479	20784.000	13687	43204	102.792	61.000	8.976	1.415	0.252	1.378	102.887	61.135	8.950	99	57	8	9	8	3
229	19.589	57.128	119	97	2681715	22535.420	7349.644	20715.000	13712	43414	129.353	159.277	9.067	1.443	0.362	1.421	129.440	159.439	9.021	124	156	8	11	8	3
230	10.865	40.269	66	58	1251679	18964.834	4730.372	17772.500	13652	36140	250.500	188.500	8.788	1.169	0.287	1.194	250.507	188.518	8.783	247	185	8	8	7	3
231	8.560	27.891	52	52	1121725	21571.635	5204.140	20933.500	13705	31903	449.596	197.827	8.500	0.956	0.241	0.940	449.561	197.830	8.503	447	195	8	6	6	2
232	10.371	37.097	63	58	1201378	19069.492	4775.015	17175.000	13639	32029	314.873	203.841	9.302	1.093	0.292	1.096	314.818	203.842	9.259	312	201	8	7	7	3
233	6.749	29.237	41	41	697164	17004.000	2243.201	17135.000	13798	21540	499.976	207.756	8.585	0.996	0.343	0.963	500.007	207.753	8.590	497	206	8	8	6	2
234	15.309	46.647	93	75	2146849	23084.398	7677.931	20839.000	13657	45938	236.753	232.828	9.022	1.296	0.215	1.281	236.762	232.824	8.996	234	229	8	7	9	3
235	3.128	16.480	19	19	314069	16529.947	2067.594	16518.000	13871	21379	450.947	344.211	8.421	0.731	0.188	0.710	450.966	344.229	8.430	450	342	8	3	6	2
236	10.206	35.718	62	50	1317233	21245.693	6247.238	19087.000	13676	37631	550.065	364.855	8.935	1.143	0.173	1.154	550.040	364.865	8.911	548	362	8	6	7	3
237	5.268	26.272	32	32	578792	18087.250	3048.593	17690.500	14033	25345	444.094	397.750	8.594	0.995	0.348	0.990	444.044	397.764	8.603	441	396	8	8	4	2
238	14.486	45.750	88	70	1767151	20081.262	5280.112	18563.500	13592	33186	517.693	399.545	8.989	1.257	0.180	1.242	517.629	399.556	8.993	515	396	8	7	8	3
239	5.432	29.892	33	33	534035	16182.879	1967.710	16255.000	13597	22370	619.091	422.030	8.455	1.084	0.416	1.012	619.203	422.102	8.447	616	419	8	7	7	2
240	9.383	38.442	57	52	1114585	19554.123	5174.957	18107.000	13672	37707	544.018	424.754	8.754	1.065	0.263	1.074	544.127	424.766	8.732	541	422	8	7	7	3
241	6.749	25.823	41	41	748467	18255.293	2897.854	18263.000	13675	25268	495.195	462.902	8.463	0.893	0.229	0.909	495.175	462.932	8.454	493	461	8	6	5	2
242	15.145	43.923	92	71	2138597	23245.619	6971.997	21437.500	14420	42028	523.783	481.793	9.022	1.290	0.204	1.299	523.734	481.750	8.963	520	479	8	8	7	3
243	16.626	47.785	101	80	2922548	28936.119	11393.184	26962.000	13624	59014	531.247	521.881	9.010	1.359	0.283	1.319	531.305	521.870	9.010	529	518	8	6	9	3
244	4.115	23.340	25	25	423275	16931.000	2203.449	16853.000	13622	22094	641.400	527.240	8.040	0.830	0.312	0.841	641.437	527.214	8.036	639	525	8	6	6	2
245	19.260	53.818	117	93	2890434	24704.564	8583.984	23335.000	13728	47695	505.487	540.162	9.077	1.412	0.289	1.382	505.522	540.069	9.081	502	536	8	7	10	3
246	6.585	28.203	40	38	752840	18821.000	4033.366	17973.000	13718	27947	646.075	538.575	8.700	0.950	0.278	0.915	646.142	538.673	8.688	644	536	8	5	6	3
247	4.938	21.721	30	30	553470	18449.000	2735.826	18635.500	13680	23166	654.400	621.833	8.533	0.851	0.253	0.806	654.443	621.841	8.535	653	619	8	4	7	2
248	8.889	30.823	54	46	1221852	22626.889	7209.287	20387.500	13818	45825	564.389	635.037	9.204	1.072	0.190	1.094	564.335	635.020	9.213	562	632	8	6	6	3
249	14.980	47.233	91	85	2009326	22080.506	4929.914	22375.000	13646	30627	544.440	663.637	9.593	1.253	0.385	1.280	544.479	663.689	9.576	541	660	8	7	9	4
250	17.284	50.750	105	84	2267749	21597.609	6631.440	19684.000	13628	38271	571.857	671.219	9.086	1.371	0.292	1.346	571.929	671.319	9.095	568	667	8	8	9	3
251	3.786	18.308	23	23	403387	17538.564	3086.742	16931.000	13667	23410	627.174	752.261	8.565	0.769	0.192	0.735	627.159	752.281	8.569	626	750	8	4	5	2
252	16.297	47.544	99	77	2658547	26854.010	9911.821	24486.000	13713	52141	540.909	787.141	9.253	1.348	0.260	1.363	540.915	787.104	9.267	538	784	8	6	8	4
253	26.503	67.230	161	114	4450451	27642.553	11367.148	25384.000	13678	59118	733.758	801.988	9.255	1.647	0.312	1.673	733.738	801.924	9.224	731	797	8	7	11	4
254	7.408	29.340	45	38	919592	20435.377	5202.113	18831.000	14151	33151	627.467	814.267	9.000	1.049	0.201	1.067	627.463	814.316	8.998	626	811	8	4	7	3
255	19.095	51.958	116	82	3533769	30463.525	14380.183	26112.500	13701	65535	585.897	826.078	9.388	1.470	0.228	1.463	585.884	826.144	9.340	583	823	8	7	7	4
256	18.108	53.922	110	92	2511005	22827.318	7210.281	21448.500	13753	41459	695.027	837.973	9.027	1.471	0.413	1.347	694.981	837.943	9.024	693	833	8	6	11	3
257	13.828	40.269	84	67	2180266	25955.547	9159.055	24284.000	13708	48005	680.690	853.190	8.952	1.249	0.188	1.241	680.666	853.155	8.954	678	850	8	6	7	3
258	18.766	58.921	114	94	2733859	23981.219	7964.920	22956.500	13593	40743	685.675	875.219	9.211	1.409	0.373	1.380	685.680	875.256	9.271	683	871	8	7	10	4
259	2.798	18.756	17	17	270141	15890.647	1427.743	15756.000	13627	18290	606.588	877.765	8.235	0.769	0.234	0.785	606.596	877.712	8.233	605	876	8	4	5	2
260	9.383	33.995	57	49	1448631	25414.578	8214.122	25477.000	13768	45381	612.456	922.614	9.614	1.087	0.255	1.081	612.450	922.603	9.581	610	920	8	5	7	4
261	14.651	47.922	89	83	1824265	20497.359	5517.817	18635.000	13705	34097	588.764	973.966	9.360	1.265	0.357	1.274	588.802	974.020	9.376	585	970	8	8	8	3
262	19.754	60.370	120	94	3368460	28070.500	11723.813	24291.000	13639	58627	640.242	1007.700	9.358	1.605	0.517	1.628	640.227	1007.844	9.372	638	1002	8	5	12	4
263	3.951	20.961	24	24	405548	16897.834	2486.648	16387.000	13775	22641	87.917	138.875	9.000	1.119	0.548	1.154	87.914	138.857	9.000	85	135	9	7	9	1
264	6.914	30.960	42	42	713727	16993.500	2438.719	16935.000	13632	25929	419.952	366.024	9.286	1.016	0.334	0.974	419.959	366.041	9.268	417	363	9	7	6	2
265	7.078	27.306	43	41	896656	20852.465	4808.581	20893.000	13666	33757	701.488	863.860	9.605	0.972	0.293	0.925	701.496	863.842	9.583	700	861	9	4	7	3
266	6.914	28.443	42	41	834007	19857.309	4395.071	19594.000	13679	29629	703.952	879.071	9.595	1.013	0.347	0.973	703.944	879.217	9.599	702	875	9	4	9	3
267	5.268	24.133	32	32	527122	16472.562	1901.247	16187.000	13779	22845	505.062	904.812	9.406	0.896	0.283	0.859	505.068	904.802	9.400	503	901	9	5	7	2
268	17.778	51.784	108	89	2393712	22164.000	6316.811	20459.500	13639	35854	530.889	950.417	9.824	1.329	0.264	1.346	530.855	950.494	9.803	528	947	9	7	9	3
269	10.041	34.236	61	52	1359499	22286.869	7908.556	20414.000	13662	49059	519.541	1006.426	10.115	1.116	0.200	1.094	519.471	1006.442	10.092	517	1004	9	6	6	3
