 	Volume (micron^3)	Surface (micron^2)	Nb of obj. voxels	Nb of surf. voxels	IntDen	Mean	StdDev	Median	Min	Max	X	Y	Z	Mean dist. to surf. (micron)	SD dist. to surf. (micron)	Median dist. to surf. (micron)	XM	YM	ZM	BX	BY	BZ	B-width	B-height	B-depth
1	32.758	76.714	199	122	4807896	24160.281	16597.305	17235.000	7043	65535	406.960	290.834	5.935	1.855	0.316	1.902	407.038	290.862	5.956	404	287	3	8	9	6
2	25.351	66.956	154	102	3150393	20457.098	11692.970	16739.500	7046	49849	373.429	378.857	5.383	1.645	0.251	1.629	373.498	378.811	5.370	369	376	3	10	7	5
3	32.594	76.955	198	124	5153696	26028.768	17467.090	21995.000	7054	65535	808.273	542.535	5.308	1.820	0.295	1.780	808.297	542.504	5.375	805	538	3	8	9	6
4	31.935	76.851	194	129	4350327	22424.365	14498.641	17017.500	7019	59694	464.588	596.531	5.428	1.828	0.410	1.799	464.563	596.549	5.484	459	594	3	12	6	5
5	42.964	96.952	261	147	6561075	25138.219	18018.363	18094.000	7038	65535	84.782	117.295	6.517	2.056	0.368	2.033	84.801	117.191	6.494	81	113	4	9	10	6
6	32.264	96.159	196	139	3444541	17574.189	8332.604	15704.000	7077	39073	161.495	131.469	6.133	2.054	0.658	2.169	161.613	131.462	6.171	155	128	4	14	8	5
7	42.306	91.123	257	170	4650542	18095.494	8511.917	15541.000	7237	38384	245.595	163.891	6.444	1.937	0.377	1.884	245.539	163.884	6.410	240	160	4	13	8	5
8	30.947	76.988	188	126	3398507	18077.164	9273.396	16321.000	7005	45146	233.399	177.138	5.888	1.715	0.280	1.698	233.414	177.063	5.898	229	174	4	10	8	5
9	17.449	50.683	106	72	2228295	21021.650	13259.572	16900.500	7093	60377	43.698	207.887	6.264	1.492	0.325	1.445	43.761	207.966	6.280	41	205	4	7	6	5
10	26.667	75.643	162	129	2188416	13508.741	4639.712	12288.500	7107	26654	251.920	212.747	6.037	1.674	0.465	1.709	252.000	212.488	6.069	248	208	4	8	11	5
11	24.363	62.197	148	97	2492309	16839.926	8621.380	13148.000	7016	35860	353.743	223.905	5.595	1.612	0.226	1.619	353.846	223.942	5.591	350	221	4	9	7	4
12	44.281	96.607	269	150	7226983	26866.107	17567.676	20127.000	7033	65535	302.777	243.628	6.245	2.055	0.330	2.022	302.818	243.659	6.189	299	239	4	9	10	6
13	20.412	56.613	124	86	2348128	18936.516	10157.646	14891.500	7077	40202	373.435	246.008	5.427	1.528	0.232	1.566	373.462	245.997	5.402	370	243	4	8	7	4
14	13.169	49.682	80	69	993451	12418.138	4195.930	11606.000	7035	23023	352.700	284.212	5.425	1.346	0.424	1.340	352.725	284.208	5.439	349	281	4	8	8	4
15	25.351	66.267	154	103	3234263	21001.707	12364.762	17691.500	7039	55912	83.877	290.422	6.149	1.651	0.327	1.633	83.850	290.308	6.173	80	288	4	9	6	5
16	29.301	79.160	178	129	3074870	17274.551	7943.911	15180.500	7043	42083	405.270	300.506	5.938	1.698	0.401	1.709	405.165	300.369	5.930	401	296	4	10	10	5
17	35.721	83.162	217	128	6037409	27822.162	19745.414	20039.000	7014	65535	261.912	307.327	6.502	2.009	0.470	1.937	262.022	307.338	6.578	258	304	4	9	7	6
18	22.223	63.198	135	88	2419378	17921.318	9896.463	14957.000	7092	44876	120.526	334.170	6.348	1.574	0.247	1.576	120.525	334.158	6.346	117	331	4	8	7	5
19	40.001	95.918	243	149	6053758	24912.584	17061.041	18682.000	7029	65535	388.374	352.724	6.202	2.006	0.399	2.063	388.406	352.589	6.218	384	348	4	9	11	6
20	36.051	79.160	219	148	4576521	20897.355	11484.964	17334.000	7040	52152	443.639	356.110	5.635	1.834	0.323	1.813	443.651	356.011	5.694	440	351	4	9	10	4
21	28.478	71.507	173	110	3652924	21115.168	12695.067	17433.000	7013	62159	314.266	360.439	5.983	1.737	0.299	1.733	314.228	360.301	5.991	311	356	4	8	10	5
22	14.815	44.787	90	66	1406038	15622.645	6619.164	13226.500	7078	31532	161.133	367.078	5.433	1.365	0.265	1.396	161.192	367.028	5.435	158	365	4	7	5	4
23	37.203	86.712	226	132	5340202	23629.213	15139.665	18375.000	7024	61862	422.235	379.885	6.438	1.959	0.372	1.907	422.201	379.880	6.403	418	376	4	10	8	6
24	63.541	137.599	386	232	8425248	21827.066	12995.253	17265.000	7007	57521	384.956	385.938	6.751	2.308	0.580	2.337	384.938	385.977	6.740	377	381	4	16	11	6
25	33.581	85.745	204	142	3867783	18959.721	8909.694	18033.000	7116	43898	490.740	399.887	6.181	1.768	0.403	1.818	490.712	399.792	6.139	487	394	4	8	12	5
26	36.709	83.092	223	134	5454826	24461.104	16148.304	19122.000	7111	65535	564.978	422.224	6.762	1.894	0.292	1.869	565.026	422.232	6.666	561	419	4	9	8	6
27	18.931	59.611	115	99	1538328	13376.766	4395.021	13175.000	7054	22344	662.452	426.000	5.739	1.484	0.465	1.444	662.478	425.983	5.687	659	421	4	8	11	4
28	41.812	90.711	254	150	6131041	24137.957	16067.046	18257.000	7021	65535	472.193	426.102	6.744	1.998	0.314	1.995	472.139	426.004	6.656	468	422	4	10	8	6
29	51.195	110.364	311	177	7940945	25533.586	17208.541	19371.000	7035	65535	278.791	433.071	6.415	2.208	0.458	2.238	278.761	432.926	6.347	274	429	4	12	9	6
30	29.631	68.127	180	123	3530249	19612.494	10804.522	16341.000	7092	49026	360.578	469.361	5.583	1.691	0.255	1.688	360.623	469.263	5.626	358	465	4	7	10	4
31	42.800	94.743	260	164	5480937	21080.527	11703.858	17675.500	7015	52167	677.381	471.962	5.777	1.966	0.367	1.971	677.391	471.984	5.776	674	466	4	8	13	5
32	17.614	49.441	107	77	1928324	18021.719	9399.996	14342.000	7300	40751	495.897	484.607	5.579	1.451	0.240	1.454	495.974	484.657	5.572	493	482	4	7	6	4
33	26.832	67.197	163	109	3241637	19887.344	11311.138	15817.000	7237	45683	538.276	485.374	6.411	1.664	0.264	1.668	538.205	485.336	6.405	534	483	4	10	7	5
34	36.215	83.333	220	133	5295098	24068.627	15484.197	18726.500	7078	65535	750.045	488.777	6.214	1.882	0.286	1.859	750.081	488.684	6.230	746	485	4	9	9	6
35	33.746	102.329	205	154	2841101	13859.029	5499.179	13238.000	7023	30556	362.200	499.907	6.039	1.946	0.676	2.023	362.322	499.902	6.089	356	496	4	13	9	6
36	46.421	95.363	282	185	4720574	16739.625	7094.055	15500.000	7123	34811	556.691	525.004	5.535	1.966	0.338	1.927	556.729	525.006	5.556	551	520	4	13	10	5
37	14.157	45.131	86	65	1300895	15126.687	6036.229	14558.000	7303	28698	588.337	523.384	5.849	1.325	0.254	1.296	588.456	523.409	5.831	585	521	4	8	6	4
38	49.384	101.777	300	179	6157296	20524.320	11809.317	17244.500	7013	54494	399.880	525.843	6.850	2.102	0.361	2.126	399.647	525.834	6.787	395	522	4	12	9	6
39	48.397	103.537	294	169	7397508	25161.592	17643.842	19613.500	7091	65535	911.493	604.116	6.656	2.148	0.442	2.237	911.559	604.032	6.557	909	598	4	7	13	6
40	42.470	92.883	258	153	6171496	23920.527	14536.052	20279.000	7089	61526	540.620	619.539	5.984	1.980	0.270	2.005	540.632	619.494	5.977	536	615	4	10	10	5
41	19.424	57.647	118	84	1682203	14255.958	6118.507	12206.500	7011	26610	561.966	628.958	5.542	1.479	0.248	1.506	561.973	628.926	5.552	558	626	4	9	7	4
42	40.166	92.123	244	151	4915752	20146.525	11279.701	17522.000	7080	52300	596.098	636.418	5.725	1.915	0.308	1.880	596.208	636.469	5.766	592	631	4	10	11	5
43	27.820	68.127	169	113	3092570	18299.230	8915.905	15297.000	7114	43079	724.805	635.367	6.355	1.662	0.266	1.655	724.827	635.409	6.358	721	632	4	9	8	5
44	51.195	106.984	311	172	7797538	25072.469	16820.408	18101.000	7011	65535	975.849	669.013	6.151	2.141	0.329	2.155	975.844	669.006	6.142	971	664	4	10	11	6
45	46.257	100.880	281	168	5595570	19913.061	10913.345	17537.000	7055	48659	811.448	671.228	6.064	2.000	0.266	2.017	811.537	671.268	6.065	807	666	4	10	11	5
46	26.997	68.990	164	105	3527835	21511.189	13400.762	17629.500	7047	63559	731.421	672.159	6.134	1.747	0.355	1.825	731.430	672.134	6.129	727	670	4	10	6	5
47	49.713	115.671	302	200	5633270	18653.213	8714.482	17808.500	7010	42410	709.166	687.381	5.950	2.021	0.431	2.035	709.088	687.421	5.957	704	681	4	12	12	5
48	34.075	83.677	207	134	4309367	20818.197	11918.876	17792.000	7021	49903	600.913	685.150	6.420	1.831	0.349	1.809	600.939	685.154	6.405	598	680	4	7	11	6
49	22.552	62.853	137	90	2848265	20790.256	12772.154	17796.000	7011	58349	992.416	711.146	6.022	1.619	0.324	1.619	992.334	711.157	6.023	989	707	4	7	9	5
50	28.807	77.989	175	121	3044849	17399.137	8672.432	15454.000	7013	40965	926.131	712.377	5.920	1.726	0.404	1.741	926.069	712.501	5.944	924	707	4	6	11	5
51	20.412	58.095	124	90	2325303	18752.443	9490.693	16357.000	7033	45702	616.468	709.565	6.194	1.484	0.281	1.478	616.453	709.631	6.173	613	706	4	8	8	5
52	26.338	66.196	160	112	2692212	16826.324	7966.703	14573.000	7128	38057	729.319	721.412	5.681	1.598	0.221	1.615	729.255	721.335	5.717	726	718	4	9	8	4
53	51.360	107.329	312	173	7624669	24438.041	16218.339	18370.500	7165	65535	648.737	745.026	6.372	2.134	0.340	2.102	648.623	745.049	6.292	644	741	4	11	9	6
54	55.475	115.119	337	208	6787344	20140.486	10798.203	17961.000	7038	47881	756.490	750.122	5.822	2.086	0.313	2.094	756.463	750.079	5.857	751	745	4	13	11	5
55	36.874	93.780	224	146	4703672	20998.535	11928.218	17290.000	7050	49111	867.237	777.201	6.241	1.948	0.512	1.968	867.281	777.271	6.214	864	772	4	8	12	6
56	36.380	84.400	221	149	4154078	18796.732	9193.891	16969.000	7041	45357	924.828	788.181	5.814	1.789	0.298	1.802	924.766	788.155	5.871	920	784	4	10	10	5
57	15.638	48.200	95	71	1512476	15920.800	6757.917	15479.000	7083	31595	762.653	827.621	5.274	1.358	0.233	1.348	762.634	827.561	5.269	760	825	4	7	7	4
58	17.120	50.854	104	83	1338544	12870.615	4370.224	12014.000	7096	22632	769.490	852.490	5.317	1.360	0.304	1.376	769.542	852.516	5.355	767	849	4	6	8	4
59	53.500	118.569	325	185	7294764	22445.428	13993.655	18109.000	7053	63576	888.138	921.317	6.603	2.239	0.485	2.294	888.054	921.204	6.499	882	916	4	13	11	6
60	28.972	73.438	176	110	3362524	19105.250	11259.439	15127.500	7063	56345	126.182	99.290	6.807	1.764	0.303	1.781	126.195	99.281	6.752	122	96	5	9	8	5
61	50.701	116.845	308	181	7112193	23091.535	14530.461	18758.000	7118	65535	148.653	172.130	7.227	2.218	0.490	2.229	148.477	171.982	7.268	143	167	5	13	11	6
62	22.881	63.543	139	97	2350727	16911.705	8915.724	14714.000	7022	44384	180.245	178.518	6.842	1.578	0.299	1.578	180.360	178.512	6.825	176	176	5	9	6	5
63	28.478	66.645	173	113	2968843	17160.941	8433.371	14722.000	7035	39680	44.214	184.769	7.428	1.678	0.210	1.675	44.279	184.653	7.405	41	181	5	8	9	5
64	11.852	48.441	72	65	829517	11521.069	3533.357	10690.500	7053	20407	227.514	191.444	6.542	1.295	0.477	1.271	227.677	191.696	6.557	224	187	5	7	10	4
65	35.392	86.505	215	133	4640316	21582.865	12737.811	17693.000	7056	55197	296.344	193.060	7.605	1.866	0.327	1.827	296.285	192.929	7.574	292	189	5	9	10	6
66	20.412	66.163	124	92	1751564	14125.517	6859.985	12193.000	7025	37180	197.435	201.024	7.234	1.506	0.334	1.462	197.285	200.718	7.209	194	198	5	8	9	5
67	11.358	45.546	69	56	1256359	18208.102	10015.936	15083.000	7130	48692	36.986	216.014	7.029	1.377	0.438	1.287	36.854	216.007	6.999	36	212	5	4	9	5
68	18.931	52.062	115	80	2353837	20468.148	12415.151	15349.000	7029	51317	55.635	217.983	6.504	1.491	0.217	1.503	55.721	217.969	6.489	53	215	5	7	7	4
69	39.837	89.918	242	141	5561711	22982.277	14876.157	17706.500	7054	65535	256.533	229.574	7.211	1.966	0.301	1.976	256.585	229.448	7.175	252	226	5	10	8	6
70	31.277	76.299	190	121	3566936	18773.348	10532.303	15365.000	7086	52258	129.132	240.668	7.111	1.798	0.350	1.771	129.087	240.646	7.105	125	237	5	10	8	5
71	24.857	64.199	151	99	3485986	23086.000	14942.899	17077.000	7246	65535	93.987	254.848	7.073	1.712	0.356	1.706	93.983	254.762	7.052	91	252	5	8	7	5
72	29.466	74.542	179	110	3918401	21890.508	14107.067	16609.000	7010	65160	98.654	263.536	7.067	1.794	0.323	1.778	98.818	263.521	7.087	95	260	5	9	8	6
73	19.095	55.371	116	81	1674474	14435.121	5242.209	15042.000	7092	25892	249.862	267.198	6.500	1.456	0.215	1.479	249.956	267.177	6.500	246	264	5	8	7	4
74	14.980	46.165	91	71	1241002	13637.385	4831.337	12793.000	7075	27573	350.505	269.297	6.110	1.294	0.213	1.287	350.550	269.226	6.095	348	266	5	6	8	4
75	32.264	78.644	196	124	4176405	21308.189	13167.212	16729.500	7033	64972	47.628	276.204	7.092	1.850	0.339	1.866	47.695	276.236	7.093	44	272	5	9	8	5
76	17.120	49.579	104	78	1587287	15262.375	6276.927	14151.000	7032	32633	257.471	275.404	6.269	1.406	0.250	1.397	257.509	275.440	6.273	254	272	5	8	7	4
77	18.108	53.544	110	80	1609803	14634.572	6276.500	12458.000	7036	31929	37.382	276.882	6.555	1.449	0.244	1.495	37.328	276.843	6.531	34	274	5	8	7	4
78	69.632	161.632	423	259	7246781	17131.869	11809.332	12779.000	7030	65535	474.976	297.579	9.033	2.753	0.936	2.802	474.755	297.517	8.339	470	293	5	13	10	10
79	34.240	83.885	208	133	4079685	19613.871	11455.069	16567.000	7035	54314	124.404	304.519	7.159	1.858	0.339	1.880	124.434	304.590	7.151	121	300	5	9	10	5
80	37.861	86.090	230	139	4244881	18456.004	9645.633	16248.000	7027	42422	319.826	305.304	6.887	1.890	0.280	1.933	319.863	305.349	6.874	315	302	5	11	8	5
81	20.741	65.473	126	94	2076855	16482.977	8062.352	14696.000	7033	39937	513.119	309.841	6.865	1.540	0.409	1.535	513.231	309.985	6.859	509	306	5	9	9	5
82	42.635	96.848	259	160	5520503	21314.684	12983.157	17114.000	7015	57397	72.915	313.853	7.683	2.012	0.394	2.033	72.808	313.826	7.637	67	311	5	12	7	6
83	19.589	55.130	119	83	2071086	17404.084	9250.138	15658.000	7026	48561	50.235	332.899	7.496	1.526	0.317	1.526	50.250	332.914	7.472	47	330	5	8	6	5
84	27.326	71.540	166	114	2661735	16034.548	7575.108	13763.500	7022	38464	555.072	336.801	7.355	1.696	0.379	1.631	555.078	336.876	7.306	552	332	5	7	11	5
85	28.807	73.230	175	117	3148292	17990.240	9662.410	15403.000	7041	45447	481.703	351.760	7.263	1.690	0.280	1.714	481.869	351.757	7.258	477	348	5	10	8	5
86	13.992	44.097	85	63	1313425	15452.059	6798.334	13051.000	7389	29040	167.682	361.859	6.541	1.340	0.260	1.337	167.720	361.837	6.569	165	359	5	6	7	4
87	5.597	21.617	34	34	382364	11246.000	2684.052	10640.500	7448	17782	597.588	372.794	5.471	0.834	0.199	0.838	597.674	372.818	5.467	596	370	5	4	6	2
88	28.807	74.264	175	120	3053556	17448.891	8673.343	15101.000	7032	39107	266.920	377.589	6.394	1.755	0.364	1.712	267.006	377.676	6.356	262	373	5	10	10	4
89	20.083	54.130	122	86	1938487	15889.237	6848.787	13795.000	7117	30579	370.951	393.680	6.385	1.475	0.219	1.488	370.965	393.661	6.390	368	390	5	7	8	4
90	19.095	53.303	116	80	2100944	18111.586	9174.893	15646.000	7113	43826	414.500	402.509	7.207	1.495	0.288	1.430	414.528	402.473	7.174	412	400	5	6	7	5
91	13.663	43.994	83	63	1254353	15112.687	6872.991	13399.000	7010	36117	188.446	409.410	7.000	1.300	0.280	1.232	188.538	409.457	6.972	186	407	5	7	6	5
92	13.169	39.580	80	63	986850	12335.625	3815.453	11212.000	7014	27170	667.213	418.812	5.975	1.232	0.169	1.231	667.275	418.771	5.948	665	416	5	6	7	3
93	13.498	41.614	82	63	1237728	15094.244	6576.421	13706.500	7087	32292	394.537	419.439	6.817	1.265	0.211	1.249	394.563	419.476	6.824	392	417	5	6	6	4
94	11.358	38.201	69	57	742052	10754.377	2697.600	10201.000	7034	17854	574.928	423.014	5.986	1.179	0.188	1.192	575.082	423.024	5.943	572	421	5	7	5	3
95	13.169	42.993	80	68	979420	12242.750	3401.942	11609.000	7235	22236	673.338	430.862	6.213	1.196	0.272	1.225	673.311	430.902	6.253	670	428	5	7	7	3
96	10.206	34.684	62	53	700726	11302.032	2830.029	10889.000	7198	17981	574.500	431.484	5.790	1.120	0.214	1.156	574.456	431.490	5.755	572	429	5	6	6	3
97	26.174	66.026	159	102	3368837	21187.654	13457.303	15968.000	7005	61537	593.648	439.579	6.987	1.710	0.327	1.694	593.703	439.516	6.969	590	437	5	8	7	5
98	14.980	47.407	91	73	1549589	17028.451	7117.078	15981.000	7188	34929	526.033	438.538	7.011	1.335	0.296	1.281	526.140	438.683	6.979	522	436	5	9	5	5
99	16.626	48.304	101	71	1582973	15673.000	6810.890	13758.000	7059	32873	533.495	442.822	6.535	1.433	0.233	1.456	533.609	442.875	6.515	531	440	5	6	7	4
100	39.672	89.091	241	137	5504411	22839.879	14261.837	19096.000	7055	64673	431.610	453.793	7.349	2.006	0.362	1.943	431.653	453.709	7.353	428	450	5	8	9	6
101	36.544	85.471	222	135	5139926	23152.820	14724.584	17644.500	7019	65535	705.712	456.194	7.063	1.954	0.389	2.000	705.636	456.091	7.076	702	452	5	9	9	6
102	14.815	43.682	90	71	1092172	12135.244	3711.693	11328.500	7172	22222	579.956	465.667	6.033	1.264	0.188	1.269	579.964	465.619	6.031	577	462	5	7	8	3
103	13.828	43.994	84	64	1135743	13520.750	4718.839	13384.500	7050	23256	594.286	466.786	6.714	1.312	0.278	1.345	594.292	466.876	6.706	592	463	5	5	8	4
104	20.412	58.647	124	83	2292799	18490.314	10759.938	14695.500	7343	48009	629.121	473.556	6.710	1.546	0.281	1.526	629.130	473.451	6.684	626	470	5	7	8	5
105	19.424	53.096	118	80	2085808	17676.340	9694.973	13813.500	7006	42356	455.831	478.432	6.619	1.502	0.219	1.500	455.910	478.418	6.674	452	476	5	9	6	4
106	72.595	166.872	441	261	8599372	19499.709	11892.968	15383.000	7017	57961	473.358	479.581	9.134	3.031	1.172	3.111	473.457	479.554	9.157	466	473	5	16	15	10
107	17.284	48.648	105	74	1941814	18493.467	9122.330	14890.000	7222	40541	504.514	487.581	6.524	1.441	0.218	1.463	504.544	487.714	6.533	502	485	5	7	6	4
108	16.955	54.544	103	75	1731878	16814.350	9829.042	13240.000	7072	49877	429.990	492.913	6.845	1.470	0.354	1.455	429.976	492.769	6.846	428	489	5	6	9	5
109	20.083	55.749	122	97	1682360	13789.836	5042.525	12669.500	7247	28343	761.000	502.131	6.074	1.464	0.353	1.417	760.958	502.079	6.074	758	497	5	8	10	3
110	13.663	43.442	83	66	1153799	13901.192	4402.959	14853.000	7017	22330	567.349	507.566	6.229	1.246	0.217	1.242	567.372	507.595	6.310	564	505	5	7	6	4
111	20.083	65.196	122	109	1346738	11038.836	2765.688	10764.000	7082	18248	612.131	523.590	6.295	1.422	0.423	1.434	612.101	523.619	6.312	608	520	5	9	9	3
112	27.984	74.575	170	116	3031501	17832.359	9951.687	14588.500	7005	47520	553.059	534.335	7.006	1.744	0.410	1.756	553.108	534.347	7.002	548	532	5	12	6	5
113	19.095	59.370	116	90	1361562	11737.604	3496.343	11146.500	7051	19991	728.595	537.112	6.767	1.468	0.379	1.430	728.500	537.008	6.742	724	534	5	10	8	4
114	15.968	50.924	97	69	1550315	15982.629	7586.324	14829.000	7022	35448	638.175	547.134	7.041	1.385	0.285	1.319	638.204	547.141	7.008	636	544	5	6	7	5
115	2.963	21.584	18	18	147662	8203.444	1166.645	7720.500	7119	11260	424.556	549.333	6.167	0.808	0.295	0.782	424.512	549.348	6.155	423	548	5	5	4	3
116	15.968	53.337	97	82	1156523	11922.918	3491.937	11589.000	7189	22935	468.732	556.876	6.330	1.376	0.437	1.373	468.709	556.898	6.356	465	553	5	8	9	4
117	41.154	86.987	250	145	5572689	22290.756	13784.564	17873.000	7050	63459	413.912	559.788	7.116	1.951	0.232	1.947	413.930	559.747	7.107	410	556	5	10	9	5
118	38.520	94.710	234	153	4116415	17591.518	7789.193	15797.000	7099	37554	608.838	559.974	7.692	1.862	0.338	1.833	608.784	559.969	7.700	604	556	5	11	9	6
119	20.906	62.991	127	101	2215594	17445.621	8388.998	14503.000	7031	44306	718.591	578.567	6.110	1.609	0.468	1.574	718.647	578.644	6.187	714	574	5	10	10	4
120	61.401	144.148	373	259	6561396	17590.873	9555.632	14673.000	7053	46244	609.056	599.445	6.359	2.499	0.871	2.432	608.928	598.541	6.395	605	590	5	10	21	5
121	5.268	26.616	32	30	297386	9293.312	1858.089	8737.000	7082	13333	566.781	600.750	5.938	0.953	0.343	1.004	566.776	600.778	5.941	564	599	5	7	4	3
122	10.206	50.613	62	62	496871	8014.048	768.721	7943.000	7043	9868	798.774	605.097	5.435	1.140	0.349	1.112	798.800	605.112	5.432	795	602	5	8	7	2
123	12.675	41.166	77	62	951277	12354.247	3587.285	12162.000	7031	21372	640.636	626.688	6.740	1.211	0.235	1.220	640.649	626.739	6.738	638	624	5	6	7	4
124	12.511	41.166	76	61	1068681	14061.592	4987.021	13159.000	7561	24338	634.408	631.737	6.789	1.219	0.219	1.217	634.407	631.763	6.767	632	629	5	6	7	4
125	20.906	61.542	127	99	1686442	13279.071	4784.079	12093.000	7097	29274	724.811	646.370	6.504	1.545	0.465	1.622	724.586	646.331	6.516	720	643	5	11	7	4
126	8.889	33.650	54	46	555134	10280.259	2485.933	9780.500	7112	16254	788.926	659.963	6.019	1.089	0.240	1.095	788.912	659.957	6.051	787	657	5	5	6	3
127	20.248	60.026	123	87	2032753	16526.447	8476.011	14352.000	7009	45861	547.195	666.390	6.927	1.466	0.256	1.436	547.281	666.369	6.911	544	663	5	8	8	5
128	15.968	51.061	97	77	1185782	12224.557	4568.707	10916.000	7107	27178	581.041	680.639	6.392	1.399	0.388	1.445	581.133	680.756	6.424	579	676	5	6	9	4
129	16.791	48.889	102	74	1577735	15467.990	7358.260	12819.500	7064	32387	630.255	685.618	6.392	1.432	0.242	1.482	630.304	685.666	6.417	627	683	5	7	7	4
130	18.931	51.717	115	79	2172916	18894.922	9306.483	15271.000	7102	40166	683.104	695.887	6.548	1.500	0.240	1.507	683.105	695.932	6.535	680	693	5	7	7	5
131	18.437	52.614	112	74	2158776	19274.785	11024.663	16265.500	7030	48646	690.759	697.598	6.830	1.552	0.352	1.460	690.728	697.538	6.767	688	695	5	6	7	5
132	29.960	88.469	182	136	2735804	15031.890	6252.599	13620.000	7079	34276	799.720	748.220	7.165	1.951	0.673	2.041	799.591	748.064	7.115	794	743	5	13	12	5
133	39.672	91.123	241	161	3962626	16442.432	7371.230	14963.000	7055	37161	967.598	750.440	6.361	1.869	0.369	1.805	967.638	750.489	6.351	964	744	5	8	13	4
134	27.161	70.024	165	106	2896373	17553.775	9618.089	14737.000	7040	49202	834.127	749.842	6.758	1.701	0.283	1.714	834.057	749.879	6.740	831	746	5	7	9	5
135	40.660	99.606	247	153	4370422	17694.016	9751.343	14529.000	7015	43281	825.397	785.028	6.951	1.987	0.434	2.020	825.397	785.056	6.894	822	779	5	8	13	5
136	12.840	41.062	78	66	910439	11672.295	3509.929	10672.500	7013	22973	743.128	786.269	6.128	1.204	0.215	1.207	743.112	786.257	6.136	741	783	5	6	7	3
137	25.021	71.507	152	109	2317419	15246.178	7097.637	13700.500	7008	35394	714.796	799.895	6.974	1.659	0.391	1.653	714.878	799.947	6.998	712	795	5	7	11	5
138	50.043	148.943	304	225	4652153	15303.135	8638.097	11737.500	7020	43812	796.086	828.691	8.293	2.699	1.017	2.615	795.184	828.573	7.965	790	823	5	17	12	7
139	20.577	59.785	125	87	2329690	18637.520	10802.207	15101.000	7026	53442	859.608	857.792	7.320	1.578	0.338	1.579	859.618	857.752	7.280	857	854	5	6	9	5
140	12.181	53.544	74	65	936083	12649.771	5998.929	11330.000	7053	32616	872.987	908.419	6.730	1.552	0.734	1.436	873.280	908.685	6.699	867	902	5	11	11	4
141	6.255	27.065	38	38	391377	10299.395	2833.948	9549.000	7069	19868	61.632	91.868	6.500	0.904	0.231	0.904	61.670	92.000	6.532	59	90	6	6	5	2
142	15.474	50.613	94	75	1117159	11884.670	4042.695	10708.000	7061	24003	53.926	104.309	7.149	1.296	0.246	1.303	53.972	104.262	7.122	50	101	6	9	8	4
143	30.289	78.196	184	120	3961752	21531.262	13526.311	17548.000	7013	62453	132.152	220.978	8.288	1.798	0.369	1.758	132.198	221.039	8.302	129	216	6	8	10	6
144	11.194	46.958	68	59	706212	10385.471	2947.649	9519.000	7088	17923	213.809	262.706	7.132	1.281	0.420	1.290	213.775	262.682	7.113	210	260	6	10	7	3
145	15.309	43.682	93	73	1202456	12929.635	4040.801	12551.000	7035	23603	256.118	319.806	7.000	1.293	0.191	1.297	256.139	319.757	7.001	253	317	6	7	7	3
146	19.754	54.371	120	87	1673404	13945.033	5387.666	12453.500	7077	32092	157.083	323.883	7.217	1.465	0.258	1.455	157.139	323.909	7.174	153	321	6	8	7	4
147	23.869	61.819	145	91	2888684	19921.959	10812.068	16571.000	7083	47091	422.690	403.255	7.979	1.676	0.327	1.627	422.704	403.268	7.948	420	400	6	7	7	5
148	16.461	52.302	100	76	1165487	11654.870	3494.580	11416.000	7009	19358	394.070	434.070	7.650	1.368	0.275	1.378	394.095	434.114	7.635	391	431	6	8	7	4
149	35.392	83.436	215	131	4717295	21940.906	13119.882	18112.000	7022	57181	240.172	445.572	8.172	1.884	0.321	1.910	240.238	445.578	8.185	236	442	6	10	8	6
150	26.997	73.471	164	124	2169776	13230.342	4468.899	12553.500	7027	26606	398.915	480.463	7.841	1.729	0.478	1.763	398.884	480.428	7.838	396	475	6	7	12	4
151	10.206	36.511	62	52	780532	12589.226	4402.356	11547.000	7142	24372	461.355	507.048	7.210	1.123	0.197	1.128	461.387	507.192	7.224	459	504	6	6	7	3
152	4.445	29.548	27	27	224493	8314.556	1056.281	8107.000	7080	11323	665.370	543.444	6.519	1.147	0.479	1.117	665.306	543.296	6.499	663	540	6	6	9	2
153	5.103	27.065	31	30	310014	10000.451	2309.074	9606.000	7043	16394	679.097	550.452	7.129	0.887	0.301	0.915	679.054	550.388	7.131	677	548	6	5	6	3
154	40.001	114.845	243	179	3703855	15242.201	7789.039	12520.000	7027	43146	495.671	551.317	9.457	2.525	0.928	2.568	495.264	551.718	9.115	490	546	6	14	11	9
155	3.292	22.169	20	20	172183	8609.150	1104.401	8380.000	7502	12038	839.500	577.900	6.200	0.864	0.217	0.876	839.585	577.927	6.184	837	575	6	6	6	2
156	2.963	19.997	18	18	145200	8066.667	981.965	7924.500	7061	11138	895.667	581.889	6.389	0.787	0.241	0.733	895.644	581.894	6.381	893	580	6	5	4	2
157	5.761	24.686	35	35	356513	10186.086	3304.622	8810.000	7165	19026	853.229	582.771	6.543	0.855	0.201	0.888	853.272	582.916	6.542	851	581	6	5	5	2
158	1.975	13.860	12	12	101602	8466.833	1191.313	8000.500	7096	10684	880.250	583.333	6.583	0.713	0.215	0.689	880.199	583.307	6.577	879	582	6	5	3	2
159	18.272	52.855	111	77	1831645	16501.307	8891.870	13730.000	7038	41342	540.045	585.054	8.288	1.480	0.266	1.493	540.157	585.082	8.267	537	582	6	7	7	5
160	32.264	77.989	196	128	4254769	21708.006	12807.465	18355.000	7171	56021	837.148	620.730	8.546	1.779	0.299	1.749	837.227	620.560	8.489	832	616	6	9	10	6
161	8.395	33.684	51	48	488569	9579.784	1873.797	9273.000	7135	14643	780.314	627.078	7.157	1.042	0.308	1.056	780.285	627.097	7.136	777	625	6	8	5	3
162	29.795	73.956	181	112	4355379	24062.867	16470.865	18741.000	7181	65535	863.177	640.099	8.282	1.913	0.503	1.869	863.201	640.200	8.232	860	636	6	7	8	6
163	1.975	11.930	12	12	100598	8383.167	1110.110	7960.000	7159	10968	966.250	691.000	6.500	0.631	0.083	0.641	966.224	691.010	6.512	965	690	6	3	3	2
164	29.466	75.506	179	120	2894203	16168.731	7565.103	14120.000	7035	35265	761.687	692.922	8.274	1.752	0.384	1.756	761.728	692.924	8.235	759	688	6	6	11	5
165	9.054	36.615	55	49	657705	11958.272	3417.448	11520.000	7346	20300	670.618	736.418	6.764	1.147	0.369	1.137	670.612	736.479	6.769	669	732	6	5	9	3
166	2.469	18.756	15	15	128297	8553.134	1042.314	8262.000	7488	11227	795.333	799.333	6.667	0.868	0.240	0.845	795.257	799.292	6.682	793	798	6	6	4	2
167	15.968	59.300	97	97	891194	9187.567	1674.782	8827.000	7005	14561	911.093	827.165	7.433	1.490	0.531	1.520	911.084	827.361	7.414	908	822	6	7	12	3
168	16.791	48.889	102	68	1744923	17107.088	9275.003	13802.000	7108	45177	793.392	842.833	7.451	1.446	0.221	1.483	793.305	842.852	7.411	791	839	6	6	8	4
169	31.441	85.608	191	135	2953163	15461.586	6985.894	12958.000	7016	32933	290.702	179.942	8.424	1.881	0.503	1.814	290.701	179.781	8.396	286	174	7	10	12	4
170	29.301	76.228	178	141	2163409	12153.983	3368.092	11739.500	7010	21398	70.461	343.270	8.545	1.783	0.556	1.795	70.373	343.215	8.556	64	340	7	13	8	4
171	29.631	81.954	180	124	3420511	19002.840	10201.439	15820.500	7012	46890	134.122	391.739	9.078	1.886	0.555	1.909	134.210	391.785	9.096	129	388	7	12	8	5
172	11.852	38.891	72	60	791406	10991.750	3050.443	10567.500	7076	19620	537.833	406.000	8.139	1.178	0.261	1.219	537.842	405.932	8.168	536	403	7	5	7	3
173	9.877	36.511	60	56	598480	9974.667	1962.691	9557.500	7127	16275	534.150	416.983	7.683	1.063	0.285	1.058	534.130	417.055	7.680	531	415	7	7	5	3
174	27.161	66.059	165	113	2854640	17300.848	8812.543	14627.000	7022	40497	273.909	474.927	8.636	1.681	0.284	1.672	273.885	474.885	8.652	270	472	7	9	7	5
175	5.761	28.651	35	35	298675	8533.571	894.683	8505.000	7274	11108	311.686	498.543	7.514	0.894	0.227	0.876	311.723	498.562	7.515	310	496	7	5	6	2
176	3.457	25.582	21	21	189236	9011.238	1170.209	9005.000	7054	11963	321.095	506.095	8.048	0.954	0.458	0.913	321.166	506.121	8.043	319	504	7	8	5	3
177	19.095	51.958	116	82	1736077	14966.181	6026.037	13016.500	7207	32917	333.595	514.966	8.647	1.492	0.246	1.478	333.528	515.057	8.666	331	511	7	6	8	4
178	16.461	50.750	100	85	1082772	10827.720	2952.912	10442.000	7008	18537	872.940	580.700	8.260	1.334	0.338	1.306	872.940	580.614	8.271	869	577	7	9	9	4
179	26.174	69.439	159	101	3362787	21149.604	13733.265	17158.000	7043	58899	703.396	652.786	8.755	1.711	0.314	1.723	703.269	652.691	8.679	700	649	7	7	9	5
180	9.548	37.753	58	53	664495	11456.811	3631.652	10487.000	7438	21581	901.362	702.207	7.793	1.172	0.348	1.166	901.415	702.291	7.746	898	699	7	8	6	3
181	17.284	53.544	105	78	1847556	17595.771	9387.458	14182.000	7175	50639	800.924	812.971	8.295	1.473	0.313	1.493	801.078	813.149	8.217	797	809	7	8	8	4
182	9.712	39.339	59	49	719868	12201.152	4392.803	11506.000	7077	25932	815.288	827.712	8.000	1.182	0.289	1.134	815.197	827.473	8.025	813	825	7	6	8	3
183	19.424	55.475	118	83	1909700	16183.898	7722.278	13791.500	7021	35998	734.347	836.907	8.475	1.520	0.270	1.531	734.354	836.970	8.442	731	833	7	7	8	4
184	15.638	49.682	95	72	1190902	12535.811	4903.766	11678.000	7117	30200	97.779	364.716	9.421	1.388	0.287	1.414	97.711	364.721	9.446	94	362	8	9	6	4
185	12.840	39.580	78	63	1124068	14411.128	4300.310	14877.500	7076	24392	379.436	537.103	8.897	1.221	0.208	1.211	379.439	537.138	8.839	376	535	8	8	5	3
186	14.815	50.820	90	75	1057025	11744.723	3427.987	11315.000	7014	21227	393.067	550.844	9.289	1.259	0.277	1.301	393.030	550.747	9.325	390	548	8	7	7	4
187	21.071	58.061	128	82	2441381	19073.289	10246.418	15601.000	7005	47522	939.695	602.367	9.938	1.620	0.347	1.542	939.777	602.313	9.945	936	600	8	8	6	5
188	23.540	60.370	143	95	2389909	16712.650	7923.168	14786.000	7067	36970	948.266	610.986	10.364	1.588	0.214	1.567	948.253	610.954	10.310	945	608	8	8	7	5
189	49.055	121.259	298	187	5289242	17749.135	9664.692	15365.000	7027	51108	353.487	215.628	11.624	2.132	0.581	2.311	353.747	215.867	11.574	348	211	9	12	10	6
190	29.301	81.506	178	122	3156259	17731.793	9057.744	16353.000	7045	43773	423.146	261.197	11.073	1.771	0.410	1.835	423.107	261.161	11.037	418	257	9	11	9	5
191	41.154	95.607	250	150	5321385	21285.539	12960.255	16925.500	7061	55634	347.448	266.944	11.740	1.991	0.346	2.017	347.358	266.933	11.665	342	264	9	12	7	6
192	28.807	75.439	175	110	3944002	22537.154	15912.711	16698.000	7022	65535	291.834	315.680	11.749	1.834	0.443	1.805	291.877	315.626	11.657	287	313	9	10	6	6
193	18.601	59.648	113	83	1920814	16998.354	8858.769	14271.000	7030	43062	694.832	773.035	11.327	1.628	0.542	1.594	695.018	772.957	11.260	691	771	9	9	5	6
194	32.758	74.575	199	122	3844074	19316.955	10845.372	16720.000	7059	48274	710.759	778.015	10.905	1.816	0.264	1.811	710.778	777.971	10.858	707	775	9	9	7	5
195	13.334	56.542	81	75	708507	8747.000	1382.584	8440.000	7034	12338	134.988	198.025	11.099	1.275	0.440	1.308	134.991	198.017	11.086	132	194	10	7	10	3
196	31.112	80.575	189	120	3044906	16110.613	7978.871	14037.000	7067	37503	490.942	298.005	11.783	1.859	0.388	1.885	490.914	298.011	11.729	487	294	10	9	9	5
197	27.491	71.507	167	109	3181542	19051.150	10380.307	16119.000	7038	47639	592.042	375.994	12.455	1.704	0.293	1.681	592.112	375.891	12.430	589	372	10	7	9	6
198	17.943	52.062	109	81	1832796	16814.643	8092.748	15027.000	7042	39534	624.404	387.716	11.284	1.434	0.286	1.444	624.440	387.698	11.267	621	385	10	8	6	4
199	28.478	75.057	173	119	2409948	13930.335	5365.406	12619.000	7049	33243	190.838	405.075	12.156	1.687	0.320	1.692	190.901	405.078	12.132	187	401	10	9	9	5
200	31.771	76.232	193	123	4537931	23512.596	14201.704	18933.000	7065	61238	238.316	426.585	12.824	1.878	0.428	1.860	238.281	426.704	12.832	235	424	10	8	6	6
201	23.869	63.887	145	99	2310794	15936.511	7290.478	14061.000	7017	39017	421.166	463.241	12.283	1.612	0.304	1.613	421.157	463.118	12.235	418	460	10	7	8	5
202	28.314	70.232	172	107	3710468	21572.488	12677.782	16355.500	7128	53192	520.134	508.919	12.872	1.776	0.343	1.738	520.148	508.923	12.829	517	506	10	8	7	6
203	18.601	54.441	113	76	1628338	14410.070	6108.641	12965.000	7096	32586	479.805	605.726	11.788	1.495	0.305	1.432	479.866	605.757	11.763	477	602	10	7	7	5
204	34.898	85.608	212	133	3659863	17263.504	8732.147	14258.000	7008	40559	508.552	647.679	11.717	1.868	0.332	1.895	508.574	647.714	11.665	504	644	10	10	9	5
205	30.947	88.814	188	141	2524104	13426.085	4337.202	13147.000	7094	27335	1007.064	670.064	11.824	2.065	0.745	2.125	1007.484	670.187	11.728	1000	667	10	15	7	5
206	45.269	102.570	275	177	4041305	14695.654	6087.869	13211.000	7043	30575	679.364	729.589	12.451	2.030	0.415	2.000	679.536	729.623	12.426	672	725	10	13	10	6
207	26.997	74.438	164	108	2866376	17477.902	7959.244	16514.500	7032	38692	816.250	762.872	12.628	1.708	0.330	1.677	816.327	762.947	12.567	813	758	10	8	9	6
208	26.997	69.231	164	107	2625321	16008.055	6952.992	14608.000	7054	35962	808.823	860.921	12.610	1.691	0.290	1.647	808.852	860.899	12.549	805	858	10	9	7	6
209	31.771	89.918	193	134	2905032	15051.979	6503.359	14086.000	7115	33241	852.435	868.414	12.793	1.862	0.546	1.924	852.464	868.504	12.773	848	863	10	10	11	6
210	8.066	27.306	49	48	503785	10281.326	2201.571	9974.000	7034	16278	53.816	63.122	11.571	0.944	0.246	0.975	53.767	63.118	11.592	52	61	11	5	5	3
211	8.395	33.891	51	45	482469	9460.177	1860.889	8929.000	7050	13847	69.765	68.882	12.118	1.044	0.201	1.073	69.789	68.846	12.108	67	67	11	6	5	3
212	41.154	89.366	250	153	4467869	17871.477	9070.177	15127.500	7071	45389	86.000	97.888	12.928	1.970	0.309	2.005	86.007	97.957	12.911	81	94	11	11	8	5
213	38.355	86.471	233	137	5693968	24437.631	16440.771	18535.000	7011	65535	212.730	141.026	13.549	2.027	0.443	1.969	212.752	141.043	13.523	209	138	11	9	7	6
214	27.326	73.300	166	109	2923481	17611.332	8664.666	15624.000	7012	40649	92.783	142.970	13.428	1.690	0.284	1.663	92.788	142.915	13.404	89	140	11	9	7	6
215	37.203	90.815	226	148	4205955	18610.420	10460.220	15327.500	7025	52069	58.571	154.018	13.009	1.988	0.461	2.069	58.507	153.945	13.020	53	151	11	13	7	5
216	24.363	68.268	148	99	3126376	21124.162	12358.460	16348.500	7261	55009	243.878	154.128	13.068	1.732	0.383	1.757	244.036	153.960	13.037	240	151	11	9	7	5
217	29.301	78.300	178	116	3191300	17928.652	11084.622	13558.500	7006	59454	147.612	189.888	13.157	1.852	0.450	1.879	147.342	189.681	13.173	143	187	11	10	8	6
218	34.404	86.816	209	130	4466712	21371.828	13045.333	17330.000	7051	59007	204.440	218.742	13.727	1.929	0.419	1.926	204.551	218.546	13.695	200	215	11	10	9	6
219	46.257	110.156	281	164	5144894	18309.230	9614.512	15868.000	7015	44035	284.911	245.833	13.715	2.068	0.378	2.098	284.964	246.052	13.647	281	240	11	10	11	6
220	19.095	56.372	116	83	1904719	16419.992	8192.059	14389.000	7024	40008	158.060	261.741	13.509	1.506	0.310	1.509	158.089	261.708	13.573	155	259	11	7	7	6
221	21.071	59.233	128	91	1614737	12615.133	3831.555	11761.500	7139	20719	333.219	262.828	12.625	1.528	0.276	1.542	333.206	262.848	12.633	329	260	11	9	7	4
222	31.441	78.300	191	123	3995371	20918.172	12811.504	17265.000	7053	52904	284.168	268.775	13.571	1.838	0.416	1.819	284.230	268.748	13.512	280	266	11	10	6	6
223	38.849	89.195	236	138	4811819	20389.064	12692.351	17192.500	7074	53324	37.797	275.831	13.403	2.008	0.396	1.933	37.920	275.895	13.427	34	272	11	9	8	6
224	11.029	37.271	67	55	981106	14643.373	6514.123	12093.000	7061	32045	28.940	297.702	12.388	1.281	0.343	1.339	28.776	297.676	12.361	28	295	11	4	7	4
225	18.108	52.199	110	84	1286920	11699.272	3702.475	10941.500	7225	23226	165.300	307.682	12.600	1.417	0.269	1.454	165.411	307.654	12.623	162	304	11	7	8	4
226	46.750	104.019	284	164	4924851	17341.025	8464.005	14942.000	7026	40355	105.225	315.423	14.095	2.089	0.382	2.119	105.241	315.367	14.037	100	312	11	12	8	7
227	7.078	28.443	43	42	436440	10149.768	2132.866	9523.000	7040	16340	353.581	326.279	11.535	0.982	0.306	0.949	353.577	326.291	11.562	351	324	11	6	6	3
228	42.141	95.158	256	152	4663332	18216.141	9196.336	16188.500	7065	41637	490.512	327.422	13.668	2.014	0.364	1.989	490.644	327.337	13.642	485	324	11	12	8	6
229	24.034	63.991	146	105	2227952	15259.945	6604.340	14488.000	7033	34394	517.747	326.932	13.082	1.647	0.389	1.701	517.944	326.935	13.079	513	325	11	10	5	5
230	8.066	32.961	49	42	504875	10303.571	2500.140	9520.000	7074	17278	80.612	331.286	12.143	1.128	0.328	1.116	80.614	331.264	12.121	78	329	11	5	6	4
231	29.795	76.955	181	110	3492911	19297.852	10735.624	16457.000	7026	51135	374.365	334.878	13.514	1.794	0.359	1.757	374.489	334.990	13.448	370	331	11	9	9	6
232	11.029	38.305	67	53	763834	11400.508	3340.483	10907.000	7040	18789	94.567	358.000	12.149	1.216	0.265	1.187	94.587	357.981	12.152	92	356	11	7	5	4
233	31.606	76.161	192	118	3638619	18951.141	10015.879	15468.000	7015	47865	188.156	359.333	12.979	1.811	0.296	1.861	188.120	359.374	12.931	184	356	11	9	8	5
234	22.388	58.784	136	97	1983910	14587.573	6759.989	12700.000	7007	35081	356.147	391.353	13.426	1.556	0.246	1.567	356.041	391.263	13.369	353	388	11	8	7	5
235	38.190	94.469	232	157	4502208	19406.068	11582.634	15737.000	7013	64414	579.694	397.677	13.181	2.036	0.589	2.107	580.197	397.868	13.190	573	394	11	13	8	6
236	7.901	31.927	48	41	581215	12108.646	4594.748	11029.500	7017	26363	501.125	401.292	12.271	1.123	0.316	1.084	501.076	401.271	12.271	499	400	11	6	4	4
237	8.231	29.926	50	48	510734	10214.680	1971.243	10256.500	7118	15600	217.580	403.320	11.660	0.995	0.306	0.970	217.501	403.335	11.685	215	401	11	7	5	3
238	10.206	33.306	62	53	707460	11410.646	3261.401	10611.000	7070	21574	226.677	403.565	12.048	1.133	0.194	1.152	226.642	403.585	12.082	224	402	11	6	5	3
239	17.284	53.889	105	82	1236845	11779.477	3276.876	11246.000	7059	20550	614.724	413.010	12.848	1.415	0.323	1.388	614.783	413.029	12.824	611	410	11	8	8	4
240	26.338	72.782	160	116	1964970	12281.062	3840.473	11739.500	7027	25752	442.900	416.081	13.181	1.682	0.428	1.735	442.964	416.081	13.154	438	413	11	11	7	5
241	25.844	69.405	157	98	3448751	21966.566	13472.965	17065.000	7025	60221	317.350	418.771	13.248	1.794	0.461	1.737	317.421	418.628	13.180	315	415	11	6	8	6
242	2.634	21.376	16	16	128773	8048.312	1044.123	7575.500	7116	10542	203.188	421.562	11.062	0.893	0.326	1.006	203.236	421.437	11.057	201	419	11	5	6	2
243	38.849	91.641	236	157	3892584	16494.000	7875.010	14356.000	7150	42316	673.703	421.581	12.843	1.995	0.483	2.010	673.734	421.592	12.818	667	419	11	14	7	5
244	15.803	48.200	96	71	1211423	12618.989	4736.434	11343.000	7135	26240	688.552	423.760	12.427	1.408	0.290	1.511	688.587	423.782	12.431	685	422	11	8	5	4
245	33.252	87.368	202	124	3874251	19179.461	11514.036	14817.500	7095	51835	598.797	432.916	13.827	1.935	0.429	1.998	598.777	432.829	13.780	595	429	11	9	9	6
246	9.712	37.512	59	51	623288	10564.203	2510.532	10236.000	7121	16577	287.356	434.322	12.458	1.118	0.292	1.104	287.365	434.388	12.439	284	432	11	7	5	4
247	5.597	25.582	34	33	346432	10189.177	2896.573	9296.000	7006	17649	645.265	482.147	12.441	0.882	0.237	0.887	645.194	482.099	12.435	643	480	11	6	5	3
248	20.741	59.095	126	85	2098401	16653.977	7388.509	15587.500	7041	33991	420.968	499.889	13.135	1.565	0.322	1.488	421.012	499.951	13.084	418	497	11	7	7	5
249	19.260	54.578	117	81	1536491	13132.401	5096.093	11221.000	7075	27928	414.137	508.487	12.376	1.480	0.221	1.500	414.113	508.493	12.346	411	505	11	7	8	4
250	15.968	48.960	97	70	1888084	19464.783	9884.296	16139.000	7116	41673	430.299	512.526	13.423	1.460	0.333	1.511	430.329	512.509	13.385	428	510	11	6	6	6
251	44.775	95.469	272	154	5880928	21621.059	11847.879	17128.500	7012	50767	658.901	522.658	13.926	2.060	0.322	2.041	658.902	522.649	13.895	654	519	11	10	8	7
252	15.309	47.407	93	69	1180323	12691.646	4287.386	12310.000	7026	25281	619.645	527.129	13.398	1.356	0.286	1.363	619.647	527.055	13.337	617	524	11	6	7	5
253	32.100	79.230	195	128	3373545	17300.230	7306.225	16638.000	7210	34978	486.969	532.764	13.769	1.796	0.343	1.773	486.984	532.655	13.717	484	528	11	7	10	6
254	7.408	30.582	45	40	466193	10359.845	3121.435	9672.000	7037	19584	552.800	547.622	11.689	1.001	0.217	0.996	552.855	547.638	11.682	550	545	11	6	6	3
255	29.301	72.852	178	115	3640322	20451.248	12064.750	16613.500	7023	53047	846.494	559.949	13.393	1.756	0.318	1.714	846.505	559.980	13.387	842	557	11	9	7	6
256	35.721	94.951	217	146	2978867	13727.498	5357.696	12603.000	7010	28754	413.599	568.525	12.525	1.892	0.474	1.896	413.403	568.456	12.506	407	565	11	13	9	5
257	51.689	106.847	314	174	6970047	22197.602	12883.389	17534.000	7019	55729	826.354	581.494	13.949	2.157	0.341	2.135	826.345	581.443	13.895	822	576	11	9	11	7
258	40.330	92.849	245	145	5270447	21512.029	12493.327	18165.000	7185	52033	596.722	630.392	13.743	1.988	0.333	1.969	596.644	630.376	13.684	592	627	11	10	8	6
259	41.318	97.434	251	158	3760151	14980.682	6210.551	13248.000	7049	37172	727.482	669.984	13.761	1.943	0.385	1.951	727.511	669.988	13.733	722	666	11	11	9	6
260	38.849	88.747	236	135	5227904	22152.135	13764.417	18210.500	7048	58903	823.369	704.470	13.669	1.998	0.371	1.946	823.278	704.438	13.632	819	701	11	9	8	6
261	25.351	68.197	154	101	2527621	16413.123	8131.981	13858.000	7022	38437	773.831	755.994	13.084	1.699	0.377	1.683	773.724	755.775	13.026	770	753	11	8	8	5
262	41.318	89.262	251	152	4174319	16630.754	8298.575	13929.000	7105	40145	652.470	761.327	12.817	1.952	0.291	1.943	652.493	761.244	12.810	649	756	11	8	11	5
263	12.181	40.892	74	56	1125394	15208.027	5977.129	13313.500	7013	29044	973.541	759.257	12.473	1.337	0.294	1.455	973.579	759.247	12.418	971	757	11	6	6	4
264	10.371	38.201	63	52	705110	11192.223	2742.632	11154.000	7162	16160	703.381	795.968	12.524	1.142	0.284	1.138	703.442	795.932	12.526	700	794	11	7	5	4
265	39.178	85.712	238	149	4559765	19158.676	9622.986	17395.000	7050	46609	760.366	816.492	13.870	1.962	0.386	2.013	760.375	816.453	13.789	755	814	11	11	7	6
266	29.960	71.370	182	112	3770457	20716.797	10482.616	17142.000	7297	48886	825.220	855.764	12.934	1.822	0.330	1.877	825.199	855.758	12.887	821	853	11	9	7	5
267	18.108	53.855	110	81	1698437	15440.336	6656.417	14277.000	7035	30463	51.436	84.045	13.709	1.528	0.384	1.508	51.339	84.089	13.647	50	80	12	5	8	5
268	2.140	16.929	13	13	103822	7986.308	1206.083	7487.000	7030	10717	86.308	146.538	12.923	0.773	0.252	0.741	86.317	146.603	12.922	84	145	12	5	4	3
269	31.277	77.333	190	130	2705312	14238.484	5560.858	13377.500	7043	29920	231.021	158.942	14.274	1.716	0.276	1.744	230.973	158.829	14.225	226	155	12	11	9	5
270	18.437	52.406	112	80	1549082	13831.089	5732.654	12287.500	7149	34101	163.589	163.393	13.643	1.463	0.254	1.467	163.519	163.377	13.667	160	161	12	8	6	5
271	4.445	24.100	27	27	228321	8456.333	1498.675	7941.000	7107	12971	157.296	194.741	12.556	0.853	0.232	0.816	157.288	194.801	12.543	155	193	12	6	4	2
272	17.284	56.164	105	81	1297276	12355.010	4254.359	11613.000	7075	25244	144.524	200.419	13.695	1.390	0.289	1.400	144.622	200.516	13.676	141	197	12	8	7	4
273	7.243	28.203	44	41	416345	9462.387	1662.051	9519.500	7034	13548	183.227	203.432	12.591	0.968	0.266	0.919	183.264	203.467	12.543	180	202	12	7	4	3
274	17.449	52.510	106	78	1394215	13152.972	4472.485	12270.500	7016	22768	52.340	219.170	13.368	1.475	0.294	1.512	52.341	219.138	13.334	49	217	12	8	6	4
275	6.749	29.444	41	38	389921	9510.269	2074.114	8692.000	7027	15723	38.805	254.073	13.073	1.085	0.340	1.082	38.805	254.078	13.076	36	252	12	7	5	3
276	33.746	82.024	205	121	5085934	24809.434	15986.911	18657.000	7091	65535	293.449	259.966	14.273	1.953	0.424	1.911	293.449	259.978	14.167	289	257	12	9	7	6
277	11.358	39.339	69	56	754160	10929.855	2815.648	10662.000	7041	18194	49.116	258.826	13.739	1.181	0.228	1.194	49.129	258.758	13.706	47	256	12	6	7	4
278	13.498	42.993	82	68	885139	10794.378	2381.455	10516.500	7196	17104	73.293	271.671	12.963	1.238	0.212	1.207	73.337	271.731	12.975	70	269	12	7	6	3
279	7.243	29.892	44	37	467884	10633.728	2403.483	10520.000	7049	15357	228.864	272.864	13.091	1.063	0.260	1.051	228.826	272.872	13.092	227	271	12	5	5	4
280	33.417	79.437	203	122	4084541	20120.893	12041.009	15981.000	7074	53668	454.256	315.562	14.084	1.873	0.324	1.842	454.255	315.667	14.000	451	312	12	8	8	6
281	19.918	55.475	121	84	1818270	15027.024	6833.450	13274.000	7150	35933	127.793	319.612	13.537	1.511	0.235	1.540	127.786	319.545	13.556	125	316	12	7	8	4
282	11.852	36.960	72	59	799960	11110.556	2796.773	10496.000	7165	19371	145.792	336.542	12.931	1.189	0.176	1.175	145.777	336.520	12.946	143	334	12	6	6	3
283	13.005	43.786	79	63	936248	11851.240	3463.718	11108.000	7046	23055	212.304	341.025	13.316	1.249	0.273	1.264	212.298	341.112	13.357	209	338	12	7	7	4
284	7.243	32.409	44	40	373754	8494.409	1254.786	8133.000	7015	12446	81.455	345.932	13.000	1.031	0.252	1.055	81.431	345.854	12.972	79	343	12	6	7	3
285	4.280	27.962	26	26	214040	8232.308	1062.967	8065.000	7032	11728	264.346	350.654	12.385	0.899	0.240	0.863	264.336	350.703	12.407	262	349	12	6	4	2
286	5.268	26.272	32	32	274783	8586.969	1216.928	8116.500	7019	10959	269.875	355.844	13.469	0.853	0.228	0.864	269.906	355.867	13.473	268	354	12	5	5	3
287	11.688	36.167	71	61	745946	10506.281	2406.860	10233.000	7044	17493	152.831	360.141	13.169	1.161	0.217	1.194	152.803	360.033	13.170	150	358	12	6	6	3
288	10.371	36.270	63	52	723793	11488.777	3791.085	10813.000	7148	20658	545.635	369.381	12.857	1.151	0.204	1.175	545.730	369.410	12.838	543	367	12	6	6	3
289	23.211	64.095	141	96	2243602	15912.071	7649.783	14338.000	7084	36425	289.163	371.362	13.986	1.629	0.354	1.631	289.103	371.274	13.951	285	369	12	9	6	5
290	17.284	58.992	105	82	1355677	12911.210	4540.583	12062.000	7121	28926	243.695	376.533	13.219	1.482	0.395	1.447	243.744	376.544	13.218	240	373	12	8	9	4
291	15.145	45.924	92	66	1177851	12802.729	4173.511	11426.000	7019	22123	517.065	375.522	13.511	1.363	0.230	1.390	517.100	375.547	13.535	514	373	12	7	6	4
292	38.520	86.987	234	144	3816395	16309.380	7375.232	14250.000	7027	38620	445.778	375.735	13.991	1.906	0.330	1.934	445.780	375.689	13.960	442	371	12	9	10	5
293	13.169	42.960	80	59	1217256	15215.700	6448.392	13647.000	7206	31836	537.938	388.388	13.650	1.333	0.273	1.371	537.965	388.430	13.672	535	386	12	7	6	4
294	27.820	69.713	169	114	2699243	15971.853	6376.876	14655.000	7054	32961	346.698	415.947	14.272	1.653	0.258	1.677	346.678	415.960	14.250	343	411	12	8	10	5
295	4.774	26.513	29	29	250119	8624.793	1198.516	8245.000	7088	11044	298.931	422.759	12.276	0.860	0.286	0.853	298.928	422.703	12.251	296	421	12	6	5	2
296	23.869	66.989	145	108	1822450	12568.621	4563.521	11287.000	7011	24808	726.745	447.248	13.545	1.567	0.308	1.595	726.908	447.270	13.494	722	444	12	9	8	4
297	5.103	22.514	31	30	294161	9489.064	2095.141	8730.000	7157	14147	342.484	448.387	12.548	0.830	0.201	0.823	342.425	448.298	12.535	341	447	12	5	4	3
298	4.938	26.479	30	29	292260	9742.000	1913.284	9590.000	7213	13977	326.233	470.900	12.767	0.920	0.347	0.882	326.272	470.892	12.741	322	469	12	8	5	3
299	22.058	59.785	134	89	2364810	17647.836	8422.907	15177.000	7091	38978	343.821	476.284	13.664	1.591	0.278	1.592	343.843	476.205	13.654	340	473	12	8	7	5
300	10.371	42.752	63	55	623382	9894.952	2570.061	9648.000	7006	15922	578.762	484.397	13.571	1.223	0.391	1.214	578.787	484.457	13.569	576	480	12	7	8	4
301	9.054	33.754	55	43	626166	11384.836	3255.372	10862.000	7049	17488	589.164	540.564	13.582	1.160	0.302	1.082	589.101	540.574	13.579	587	539	12	6	5	4
302	54.487	108.155	331	186	6216094	18779.740	9656.586	15859.000	7051	43871	704.964	544.278	13.921	2.129	0.246	2.143	704.915	544.296	13.908	700	539	12	11	11	5
303	19.260	53.785	117	89	1481215	12659.957	3953.936	12133.000	7064	24753	775.556	563.581	13.872	1.407	0.262	1.436	775.676	563.647	13.846	772	561	12	8	7	4
304	16.132	48.096	98	68	1274513	13005.234	4561.606	11996.000	7005	21899	564.898	572.041	13.571	1.410	0.227	1.417	564.932	572.037	13.572	562	569	12	7	7	4
305	22.552	70.369	137	100	1851207	13512.460	4616.833	12929.000	7036	24695	594.336	574.781	14.051	1.602	0.409	1.577	594.351	574.890	14.046	590	571	12	10	8	5
306	18.272	58.095	111	87	1306935	11774.189	3628.194	10577.000	7054	20189	572.252	583.135	13.441	1.404	0.331	1.456	572.212	583.139	13.430	569	579	12	7	9	4
307	16.132	47.544	98	77	1270914	12968.510	4589.033	12504.000	7093	28430	753.765	590.061	14.000	1.336	0.254	1.289	753.636	590.231	13.991	751	586	12	6	9	4
308	31.606	75.368	192	122	3910659	20368.016	11226.116	16851.000	7086	47914	553.073	620.760	13.656	1.789	0.283	1.781	553.113	620.717	13.649	549	617	12	9	8	5
309	31.441	73.886	191	118	3620495	18955.471	10081.437	15147.000	7103	48699	692.199	626.911	13.901	1.829	0.321	1.867	692.194	626.884	13.869	689	623	12	7	9	5
310	19.754	72.059	120	97	1313648	10947.066	3209.506	10286.000	7055	20350	875.275	631.592	13.567	1.601	0.521	1.652	875.149	631.507	13.570	871	628	12	9	10	4
311	35.392	79.471	215	133	3891354	18099.320	8644.771	15591.000	7061	39678	633.558	633.819	13.856	1.852	0.256	1.849	633.517	633.867	13.798	629	630	12	10	9	5
312	18.108	51.268	110	77	1806183	16419.846	8217.755	12825.000	7055	37396	746.027	645.245	13.545	1.459	0.217	1.480	746.036	645.178	13.561	743	642	12	7	7	4
313	34.075	86.368	207	124	3933480	19002.318	10582.967	14982.000	7007	50833	872.918	660.164	14.280	1.885	0.349	1.864	873.000	660.270	14.199	869	656	12	9	9	6
314	18.766	54.785	114	82	1570128	13773.053	5168.016	12614.000	7128	28364	632.579	676.360	13.947	1.465	0.294	1.428	632.522	676.449	13.927	630	673	12	7	7	5
315	13.498	50.372	82	68	879128	10721.073	3154.249	9822.000	7089	18081	765.744	688.159	13.317	1.290	0.349	1.312	765.696	688.122	13.327	763	685	12	8	8	4
316	32.594	81.231	198	120	4076287	20587.309	12530.939	17144.500	7037	52502	985.828	689.742	14.434	1.895	0.437	1.835	985.782	689.772	14.407	981	687	12	10	6	6
317	24.692	64.992	150	94	2764102	18427.346	9469.834	14621.000	7103	42288	598.680	704.147	14.067	1.712	0.333	1.713	598.708	704.196	14.056	595	701	12	8	7	5
318	30.124	73.920	183	127	2649984	14480.787	6191.186	12858.000	7024	33583	776.224	710.295	13.421	1.723	0.305	1.699	776.119	710.084	13.406	773	705	12	8	11	4
319	30.947	80.023	188	127	3289803	17498.951	9074.266	14559.000	7109	46190	712.404	755.851	14.133	1.836	0.414	1.889	712.306	755.762	14.107	707	753	12	13	6	5
320	12.511	39.202	76	58	1082834	14247.815	5197.743	13719.500	7057	30308	906.053	797.987	13.553	1.321	0.281	1.410	906.089	798.028	13.517	904	796	12	5	5	4
321	32.758	80.712	199	126	3290141	16533.371	7160.785	15016.000	7088	33110	862.322	806.553	14.276	1.791	0.275	1.765	862.297	806.549	14.267	858	803	12	10	8	6
322	6.585	31.375	40	39	362789	9069.725	1719.417	8545.500	7064	13727	722.725	815.175	13.200	0.972	0.340	0.932	722.714	815.074	13.171	721	813	12	5	6	3
323	37.203	83.918	226	144	4142590	18330.045	8862.689	16559.500	7054	39731	908.557	863.323	14.522	1.850	0.273	1.830	908.656	863.321	14.484	904	859	12	10	9	6
324	21.071	58.302	128	89	2064610	16129.766	7497.761	14650.000	7021	38766	897.367	931.203	14.234	1.558	0.305	1.530	897.428	931.174	14.187	894	929	12	8	6	5
325	2.798	14.205	17	17	169256	9956.235	2176.304	9734.000	7228	14946	39.176	196.529	13.529	0.694	0.131	0.699	39.195	196.527	13.515	38	195	13	3	4	2
326	3.128	15.791	19	18	225871	11887.947	4633.192	11166.000	7179	25162	39.053	200.947	13.789	0.780	0.258	0.803	39.095	200.936	13.775	38	200	13	3	3	3
327	8.725	33.754	53	45	530858	10016.188	2212.985	9548.000	7104	16027	73.302	234.736	13.868	1.085	0.196	1.106	73.389	234.793	13.828	71	233	13	6	5	3
328	13.992	46.751	85	74	820119	9648.459	1820.091	9453.000	7010	14208	223.024	303.988	14.165	1.278	0.352	1.243	223.123	303.984	14.160	219	301	13	9	7	3
329	11.029	41.511	67	56	640075	9553.358	1840.336	9433.000	7005	15402	178.642	326.358	14.030	1.219	0.283	1.173	178.652	326.335	14.032	175	324	13	9	6	3
330	15.638	50.027	95	73	1244553	13100.558	4610.829	12443.000	7140	27353	465.895	367.558	14.200	1.348	0.267	1.323	465.854	367.570	14.159	462	365	13	9	6	4
331	19.095	57.335	116	90	1343795	11584.439	3858.357	10320.500	7052	22021	526.569	372.931	14.483	1.418	0.251	1.467	526.609	373.005	14.482	523	370	13	9	7	4
332	1.646	16.240	10	10	75254	7525.400	324.731	7564.000	7111	7959	556.300	426.500	13.400	0.802	0.193	0.822	556.325	426.508	13.400	554	425	13	5	4	2
333	15.474	48.889	94	73	1235629	13144.989	4431.653	11965.000	7039	25518	394.298	445.532	14.181	1.320	0.235	1.301	394.361	445.567	14.178	392	442	13	6	8	4
334	12.511	45.061	76	75	700475	9216.776	1556.155	9218.500	7021	15020	707.697	447.539	14.421	1.180	0.362	1.197	707.666	447.545	14.440	705	444	13	6	9	3
335	2.305	14.653	14	14	129351	9239.357	1438.384	8850.500	7142	12298	281.357	460.500	13.500	0.703	0.203	0.585	281.399	460.505	13.503	279	459	13	5	4	2
336	11.358	40.132	69	53	759810	11011.739	2866.326	11069.000	7051	17260	400.768	484.652	14.261	1.199	0.224	1.207	400.695	484.661	14.277	398	482	13	6	6	4
337	13.005	42.752	79	64	947724	11996.506	2733.736	11954.000	7129	17639	408.582	494.772	14.076	1.259	0.260	1.225	408.618	494.793	14.063	405	492	13	8	6	4
338	10.535	42.993	64	62	636651	9947.672	1885.796	9714.000	7052	14673	470.344	508.625	13.516	1.213	0.423	1.212	470.332	508.628	13.512	466	506	13	10	6	3
339	26.338	68.542	160	105	2621472	16384.199	7700.042	14018.500	7087	35817	643.062	551.281	14.575	1.674	0.267	1.694	643.123	551.332	14.543	639	548	13	9	7	5
340	18.931	59.474	115	88	1299194	11297.339	3278.677	10820.000	7006	19424	760.661	560.496	14.391	1.400	0.288	1.455	760.604	560.496	14.418	757	557	13	8	8	4
341	11.029	40.718	67	58	622515	9291.269	1898.421	8874.000	7010	15425	669.940	619.388	13.881	1.150	0.291	1.169	669.944	619.472	13.882	667	616	13	6	7	3
342	20.412	57.509	124	86	2085994	16822.533	7665.287	14998.500	7095	38246	780.581	628.968	14.548	1.581	0.351	1.581	780.461	628.873	14.508	776	627	13	10	5	5
343	8.889	33.409	54	46	641209	11874.241	3109.169	11190.500	7470	20292	689.963	634.889	14.148	1.111	0.235	1.155	690.002	634.878	14.147	688	632	13	5	6	4
344	39.178	90.433	238	151	3304287	13883.559	5408.111	12411.000	7005	29140	778.971	650.634	14.630	1.872	0.299	1.848	778.889	650.603	14.641	774	647	13	11	9	5
345	17.449	52.165	106	71	1546895	14593.349	6202.685	12714.500	7138	32092	755.255	651.368	14.708	1.480	0.280	1.442	755.263	651.369	14.724	752	649	13	7	6	5
346	41.812	91.708	254	163	3558508	14009.874	5130.414	12305.000	7076	26207	875.378	697.169	14.622	1.881	0.271	1.868	875.336	697.146	14.586	871	692	13	9	11	5
347	9.877	32.616	60	51	874010	14566.833	4430.843	14524.000	7263	25025	913.067	797.883	14.033	1.135	0.222	1.122	913.113	797.847	14.011	911	796	13	5	5	4
348	31.606	80.435	192	136	2219760	11561.250	3205.675	11555.500	7008	19461	896.250	824.198	14.365	1.682	0.330	1.712	896.247	824.135	14.348	892	820	13	10	10	4
349	22.881	62.301	139	95	2039629	14673.590	6056.798	12913.000	7038	32185	819.978	914.669	14.388	1.599	0.297	1.627	819.881	914.686	14.355	816	911	13	9	8	4
350	28.478	68.368	173	120	2373283	13718.398	5070.840	13092.000	7129	27367	862.428	931.416	14.295	1.644	0.240	1.648	862.464	931.338	14.279	858	928	13	9	8	4
351	6.091	25.134	37	37	379352	10252.757	2151.774	9684.000	7005	14938	577.135	406.892	14.649	0.870	0.251	0.862	577.122	406.809	14.657	575	405	14	5	5	3
352	4.774	30.478	29	29	231192	7972.138	913.276	7716.000	7074	10568	766.414	519.276	14.207	0.943	0.355	0.956	766.416	519.291	14.198	764	517	14	6	7	2
353	15.968	56.198	97	85	954091	9835.989	2042.453	9403.000	7137	14722	837.124	944.206	14.876	1.338	0.325	1.300	837.139	944.246	14.864	833	940	14	8	9	3
