 	Volume (micron^3)	Surface (micron^2)	Nb of obj. voxels	Nb of surf. voxels	IntDen	Mean	StdDev	Median	Min	Max	X	Y	Z	Mean dist. to surf. (micron)	SD dist. to surf. (micron)	Median dist. to surf. (micron)	XM	YM	ZM	BX	BY	BZ	B-width	B-height	B-depth
1	12.511	41.511	76	63	1985426	26124.025	10999.264	24232.500	13218	54288	178.750	239.132	4.711	1.196	0.244	1.229	178.794	239.129	4.700	176	237	3	7	6	4
2	47.080	116.123	286	176	8489700	29684.266	14153.001	25862.500	13122	65535	788.203	566.685	7.462	2.489	0.874	2.614	788.225	566.563	7.154	784	563	3	9	10	9
3	5.761	29.859	35	35	885895	25311.285	10745.707	23387.000	13197	51735	58.286	30.943	5.571	1.104	0.423	1.020	58.244	31.064	5.517	58	27	4	2	8	4
4	20.741	60.715	126	86	3931692	31203.904	15766.253	26884.000	13322	65535	77.833	75.770	6.270	1.549	0.291	1.535	77.959	75.684	6.232	74	73	4	9	7	5
5	16.955	50.613	103	77	2827410	27450.582	11256.614	23510.000	13142	53029	107.505	92.252	5.748	1.370	0.228	1.361	107.432	92.273	5.711	105	88	4	6	9	4
6	17.614	49.579	107	80	2961765	27680.047	12382.438	24508.000	13516	56643	119.953	111.636	5.654	1.405	0.230	1.412	119.904	111.595	5.648	117	109	4	7	7	4
7	19.424	71.125	118	102	2234121	18933.229	5060.157	17370.000	13108	30704	103.763	127.297	4.949	1.489	0.433	1.474	103.790	127.323	4.970	99	124	4	11	7	3
8	8.560	32.891	52	51	999710	19225.191	5042.582	18052.000	13156	33941	98.327	149.962	5.365	1.005	0.279	1.027	98.457	149.997	5.319	96	147	4	6	7	3
9	24.034	68.505	146	116	3783102	25911.658	10034.097	24059.500	13118	51030	221.630	222.336	5.384	1.508	0.305	1.553	221.727	222.379	5.378	218	218	4	9	9	4
10	19.589	64.092	119	103	2490105	20925.252	6427.298	18476.000	13157	37955	222.513	244.303	5.168	1.479	0.515	1.393	222.489	244.107	5.167	219	240	4	8	13	3
11	36.709	83.470	223	139	8128706	36451.598	17988.182	33280.000	13202	65535	109.399	252.175	5.996	1.859	0.315	1.923	109.418	252.247	5.953	106	248	4	8	10	5
12	26.503	70.195	161	118	4194376	26052.025	10389.571	23247.000	13127	50134	310.553	262.068	5.745	1.587	0.305	1.586	310.495	262.053	5.686	306	258	4	10	8	4
13	23.540	61.093	143	101	3798444	26562.545	10809.085	24041.000	13143	53822	298.811	278.042	5.441	1.550	0.243	1.569	298.837	278.008	5.445	296	274	4	7	9	4
14	21.729	58.921	132	94	3656556	27701.182	12239.939	24507.000	13121	64727	322.606	367.523	5.470	1.525	0.229	1.559	322.578	367.538	5.426	318	365	4	10	6	4
15	28.807	75.332	175	138	4493126	25675.006	8506.485	26085.000	13245	43018	336.834	370.011	5.743	1.646	0.396	1.657	336.902	370.119	5.690	333	365	4	9	11	4
16	34.734	78.782	211	129	8064973	38222.621	19579.316	32138.000	13355	65535	337.232	417.351	6.081	1.876	0.328	1.920	337.229	417.356	6.050	334	413	4	8	10	5
17	41.154	108.192	250	162	7938104	31752.416	16295.453	26950.500	13133	65535	484.244	480.808	7.236	2.439	0.908	2.541	484.492	480.708	6.939	479	477	4	11	9	8
18	32.264	75.402	196	128	6502294	33174.969	16413.945	27795.500	13145	65535	626.316	543.327	5.689	1.754	0.308	1.757	626.218	543.418	5.692	621	540	4	11	7	5
19	14.157	45.198	86	82	1733501	20156.988	4811.939	19860.000	13536	37112	658.628	569.326	5.384	1.189	0.320	1.210	658.556	569.318	5.374	655	566	4	9	7	3
20	10.371	36.270	63	49	1689375	26815.477	10696.754	24936.000	13132	51948	559.524	585.365	5.143	1.158	0.176	1.140	559.530	585.352	5.188	557	583	4	6	6	4
21	29.631	72.022	180	124	5778468	32102.600	15193.463	29059.500	13245	65535	712.106	585.367	6.194	1.645	0.231	1.662	712.120	585.376	6.161	708	581	4	9	10	5
22	32.100	74.816	195	121	7219619	37023.688	18886.867	31425.000	13130	65535	672.728	612.892	6.179	1.778	0.252	1.780	672.700	612.899	6.213	669	609	4	9	9	5
23	23.869	65.611	145	101	4984767	34377.703	16577.283	30996.000	13682	65535	482.469	620.186	6.152	1.585	0.302	1.563	482.549	620.229	6.114	479	616	4	8	9	5
24	21.729	61.542	132	99	3405268	25797.484	10765.811	22543.000	13120	51875	585.280	803.068	5.356	1.506	0.329	1.511	585.224	803.061	5.361	582	799	4	8	9	4
25	20.412	75.332	124	117	2321482	18721.629	4503.320	17637.500	13148	32725	73.210	131.016	6.871	1.758	0.765	1.674	73.074	131.214	6.911	69	123	5	9	15	4
26	27.326	69.057	166	124	4345609	26178.367	10616.124	23790.500	13251	60029	172.699	145.934	6.982	1.581	0.316	1.589	172.781	145.946	6.947	168	142	5	10	8	5
27	15.145	44.372	92	72	1991445	21646.141	6917.436	19911.000	13235	39973	179.000	172.663	6.054	1.283	0.187	1.277	179.026	172.620	6.047	176	170	5	7	7	3
28	11.029	38.476	67	62	1316341	19646.881	5191.892	18322.000	13236	33619	187.269	182.612	5.716	1.106	0.297	1.151	187.270	182.527	5.703	184	180	5	7	7	3
29	73.418	165.802	446	281	12518644	28068.709	13219.504	23770.000	13118	65535	225.704	186.209	9.108	2.859	0.914	2.833	226.038	186.088	9.362	216	181	5	18	12	9
30	13.663	56.438	83	78	1441120	17362.891	3159.315	16852.000	13137	27606	118.867	194.458	6.518	1.529	0.553	1.563	118.818	194.411	6.525	116	190	5	7	11	4
31	15.803	44.268	96	74	2849845	29685.885	13337.319	27056.500	13175	65535	254.865	243.385	6.010	1.293	0.187	1.320	254.988	243.484	5.994	252	240	5	7	8	3
32	22.388	74.883	136	125	2623307	19289.021	4646.553	17945.000	13366	32573	283.596	245.360	6.257	1.842	0.663	1.851	283.619	245.348	6.231	277	240	5	14	11	3
33	16.461	50.509	100	79	2553653	25536.529	9891.878	22538.500	13226	49806	159.980	278.360	6.810	1.358	0.278	1.333	159.909	278.297	6.781	156	275	5	8	9	4
34	3.292	16.618	20	20	329682	16484.100	2438.231	16463.000	13135	20260	300.800	308.700	5.800	0.720	0.235	0.769	300.770	308.648	5.834	299	307	5	4	5	2
35	27.326	72.712	166	128	4641192	27958.988	11451.445	25948.500	13249	64783	379.042	321.771	6.066	1.676	0.468	1.667	378.958	321.880	6.092	374	316	5	10	11	4
36	57.286	127.155	348	196	10209297	29337.061	13321.175	27383.000	13221	65535	293.529	345.026	8.698	2.515	0.758	2.564	293.566	345.086	8.647	288	341	5	12	9	8
37	24.034	62.817	146	112	3711306	25419.904	9133.000	23928.500	13398	49413	289.616	365.110	6.514	1.512	0.280	1.544	289.655	365.106	6.507	286	361	5	8	9	4
38	12.017	40.959	73	58	1465640	20077.260	5479.006	18170.000	13575	32647	275.630	378.082	5.959	1.221	0.217	1.222	275.670	378.078	5.924	272	375	5	7	7	3
39	34.898	83.229	212	140	7255159	34222.449	17189.029	31150.000	13194	65535	402.420	392.127	6.802	1.788	0.268	1.799	402.429	392.203	6.790	399	388	5	8	10	5
40	17.284	56.060	105	86	2757693	26263.742	9979.019	24023.000	13291	53925	275.781	406.667	6.133	1.452	0.405	1.378	275.765	406.668	6.166	272	402	5	8	10	4
41	19.589	53.440	119	85	3801378	31944.354	16744.514	27102.000	13527	65535	393.403	429.000	6.706	1.456	0.207	1.463	393.492	429.052	6.669	390	426	5	8	7	4
42	35.557	86.676	216	145	6836818	31651.936	15624.258	25234.500	13141	65535	504.926	478.704	6.431	1.857	0.396	1.810	504.842	478.651	6.440	500	473	5	11	12	4
43	12.346	36.856	75	61	1824862	24331.494	9150.110	21737.000	13414	53957	445.533	496.667	6.107	1.201	0.173	1.193	445.618	496.670	6.103	443	494	5	6	6	3
44	29.137	70.573	177	135	4928905	27846.922	10891.391	25197.000	13157	65535	575.379	495.249	6.881	1.606	0.327	1.585	575.482	495.292	6.855	571	491	5	11	9	4
45	18.437	52.992	112	79	3363035	30027.098	14686.493	26688.000	13188	65535	388.839	500.750	6.277	1.442	0.227	1.419	388.799	500.788	6.264	385	498	5	8	7	4
46	15.474	52.232	94	87	2000454	21281.426	5666.878	20761.500	13248	35498	443.617	511.330	6.351	1.424	0.503	1.516	443.704	511.248	6.355	439	508	5	10	8	3
47	40.166	90.296	244	152	8797254	36054.320	18169.996	31099.000	13129	65535	634.344	518.668	6.705	1.906	0.299	1.902	634.256	518.734	6.690	629	515	5	11	9	5
48	20.083	59.541	122	112	3018875	24744.877	6637.809	25969.000	13159	37084	624.598	556.139	6.516	1.368	0.379	1.415	624.485	556.000	6.487	620	553	5	10	8	4
49	27.161	83.744	165	141	3531290	21401.758	6556.362	19955.000	13123	42714	756.497	570.800	7.545	2.158	0.735	2.345	756.488	570.875	7.565	751	567	5	12	8	7
50	4.609	21.721	28	24	517536	18483.428	5217.314	17065.000	13191	35140	745.643	572.964	5.893	0.863	0.212	0.879	745.671	573.015	5.886	744	571	5	4	5	3
51	11.688	36.270	71	58	2025351	28526.070	12136.311	25809.000	13329	61185	557.380	577.085	5.972	1.184	0.175	1.179	557.348	577.115	5.965	554	575	5	7	5	3
52	28.149	66.437	171	122	5666655	33138.332	15521.498	29336.000	13195	65535	598.579	587.485	6.772	1.611	0.214	1.625	598.530	587.537	6.765	595	584	5	9	8	4
53	3.786	20.031	23	23	344830	14992.608	1297.408	14968.000	13222	17790	695.609	586.696	5.826	0.776	0.273	0.766	695.627	586.723	5.832	693	585	5	6	4	2
54	18.931	52.303	115	78	3804555	33083.086	17371.010	26894.000	13334	65535	583.130	596.183	6.470	1.466	0.194	1.479	583.166	596.264	6.455	580	593	5	7	7	4
55	16.955	52.302	103	78	2820364	27382.174	12460.411	23747.000	13226	60586	554.204	626.039	6.204	1.395	0.275	1.400	554.058	626.063	6.216	550	623	5	9	7	4
56	13.005	41.200	79	73	1773362	22447.621	7222.068	22278.000	13238	42561	474.557	628.329	6.367	1.156	0.296	1.186	474.568	628.328	6.376	472	625	5	6	8	3
57	6.255	25.927	38	36	728116	19160.947	4600.943	18288.500	13138	29327	459.184	629.316	6.368	0.889	0.231	0.880	459.155	629.382	6.312	457	627	5	5	5	3
58	16.132	49.545	98	69	3789472	38668.082	18745.742	35448.000	13771	65535	479.418	671.878	6.745	1.436	0.308	1.385	479.391	671.887	6.732	476	669	5	7	6	5
59	12.840	43.786	78	69	2039440	26146.666	8623.007	27823.000	13197	42540	788.680	679.167	6.551	1.161	0.304	1.194	788.736	679.252	6.531	786	676	5	6	7	4
60	35.557	83.055	216	148	6528897	30226.375	13500.982	27787.500	13131	65535	513.319	689.009	7.093	1.747	0.267	1.795	513.276	689.073	7.041	509	684	5	10	10	5
61	13.663	43.201	83	63	2311320	27847.229	12255.566	24573.000	13263	61211	799.904	690.542	6.723	1.288	0.253	1.288	799.878	690.568	6.704	797	688	5	7	6	4
62	29.795	77.540	181	119	5392267	29791.531	13485.031	25690.000	13496	65535	613.094	708.155	7.066	1.788	0.389	1.853	613.101	708.159	7.044	609	705	5	11	8	5
63	13.828	47.303	84	73	1744515	20768.035	4559.746	21184.000	13120	30755	528.798	714.750	6.345	1.293	0.386	1.325	528.771	714.716	6.355	526	711	5	6	8	4
64	24.363	66.989	148	108	4259372	28779.541	12205.023	26330.000	13179	60743	630.905	715.088	7.047	1.580	0.357	1.598	630.956	715.075	6.990	626	712	5	10	8	5
65	34.569	79.745	210	146	6969160	33186.477	15220.612	29130.000	13211	65535	499.443	737.671	6.762	1.745	0.311	1.752	499.336	737.740	6.741	496	733	5	8	11	5
66	25.844	67.334	157	111	5101367	32492.783	15333.924	28747.000	13382	65535	578.427	759.516	6.796	1.594	0.275	1.618	578.487	759.489	6.781	574	756	5	9	9	5
67	34.569	81.402	210	131	7410814	35289.590	18518.363	28132.000	13154	65535	517.257	783.152	7.200	1.850	0.323	1.846	517.367	783.138	7.156	513	779	5	9	9	5
68	17.284	49.475	105	78	2980873	28389.268	12270.399	26509.000	13164	56429	541.257	793.581	6.257	1.383	0.266	1.368	541.325	793.484	6.251	538	791	5	7	7	4
69	13.663	41.614	83	66	2457476	29608.145	13317.475	26129.000	13517	64635	600.277	820.229	6.880	1.255	0.206	1.241	600.173	820.237	6.832	597	818	5	7	6	4
70	27.655	72.437	168	109	5696906	33910.156	17581.555	28918.000	13311	65535	545.387	835.113	6.732	1.660	0.234	1.656	545.476	835.199	6.719	542	831	5	8	9	5
71	27.820	66.471	169	127	4688085	27740.148	12197.747	24001.000	13293	59589	643.704	841.645	6.893	1.592	0.309	1.579	643.651	841.628	6.850	639	838	5	10	8	4
72	38.520	93.331	234	144	8294500	35446.582	19316.814	29121.000	13136	65535	567.026	912.227	7.017	2.007	0.417	2.051	567.077	912.034	7.000	563	907	5	9	12	5
73	13.334	43.097	81	64	2255095	27840.680	11555.133	23774.000	13160	58666	593.086	926.691	6.914	1.268	0.248	1.254	593.112	926.785	6.869	591	923	5	6	8	4
74	35.886	79.126	218	131	8591052	39408.496	19321.658	32404.000	13227	65535	68.986	38.661	7.849	1.898	0.278	1.858	68.978	38.719	7.850	65	35	6	9	8	5
75	26.503	65.922	161	107	5923039	36789.062	17925.000	32990.000	13440	65535	105.329	66.609	8.211	1.707	0.311	1.703	105.289	66.538	8.253	101	64	6	9	7	5
76	16.955	51.647	103	77	2187228	21235.223	6405.678	19506.000	13138	37333	114.311	157.922	7.214	1.366	0.247	1.346	114.401	157.783	7.234	111	155	6	7	8	4
77	6.420	35.511	39	39	594561	15245.154	2120.007	14475.000	13128	22158	242.026	188.410	7.077	1.061	0.441	1.078	242.083	188.370	7.070	239	185	6	6	10	3
78	27.161	69.265	165	116	4402924	26684.389	12232.163	22256.000	13155	57462	83.794	219.200	7.491	1.627	0.218	1.633	83.662	219.268	7.477	81	215	6	8	9	4
79	25.021	64.644	152	116	3498844	23018.711	8031.819	20986.500	13168	43006	147.612	243.217	7.191	1.533	0.285	1.544	147.624	243.263	7.213	144	239	6	9	9	4
80	2.469	14.205	15	15	256066	17071.066	2755.122	16482.000	13378	21469	344.800	265.133	6.600	0.688	0.158	0.682	344.872	265.201	6.614	343	263	6	4	4	2
81	62.060	149.010	377	251	10949490	29043.740	13061.213	26507.000	13113	65535	273.820	282.085	9.326	2.581	0.905	2.608	273.892	282.107	9.314	268	273	6	12	20	7
82	13.828	42.889	84	70	2149173	25585.393	8913.749	24413.500	13317	47210	424.155	386.143	6.798	1.241	0.262	1.236	424.173	386.125	6.744	420	384	6	9	6	3
83	12.181	43.338	74	63	1493036	20176.162	5836.485	18605.000	13295	39299	223.473	393.608	6.973	1.191	0.234	1.178	223.382	393.648	6.914	221	390	6	6	8	3
84	10.535	36.511	64	51	1373226	21456.656	6276.802	20426.500	13392	39723	386.516	397.766	7.000	1.155	0.166	1.148	386.502	397.746	6.966	384	395	6	6	7	3
85	12.840	43.130	78	64	1483008	19012.924	5079.411	17477.500	13269	35430	236.923	411.244	6.872	1.211	0.190	1.211	236.803	411.265	6.877	234	408	6	8	7	3
86	11.358	35.374	69	58	1479728	21445.334	6177.851	20558.000	13318	37259	395.739	411.536	6.826	1.151	0.186	1.155	395.836	411.599	6.802	393	409	6	6	6	3
87	38.355	87.020	233	145	7538994	32356.197	15965.432	27742.000	13174	65535	527.232	437.974	7.674	1.885	0.321	1.848	527.169	437.920	7.668	523	433	6	9	11	5
88	4.115	21.376	25	25	438656	17546.240	3020.879	16611.000	13601	24257	346.360	446.240	6.360	0.779	0.186	0.821	346.434	446.231	6.323	344	444	6	5	5	2
89	10.700	31.201	65	65	1267364	19497.908	3572.519	19510.000	13445	28495	435.831	450.615	6.492	1.030	0.268	1.063	435.792	450.525	6.448	433	448	6	7	6	2
90	2.140	12.170	13	13	216807	16677.461	3936.300	14538.000	13476	25557	339.077	486.923	6.231	0.606	0.184	0.629	339.036	486.924	6.192	338	485	6	3	4	2
91	7.408	34.132	45	45	717072	15934.934	2133.961	15667.000	13233	20539	615.756	492.422	7.267	1.025	0.338	1.039	615.750	492.356	7.269	614	490	6	5	7	3
92	15.638	44.268	95	76	2234273	23518.664	7641.195	22856.000	13223	40258	415.895	501.284	6.821	1.281	0.201	1.300	415.898	501.372	6.775	413	498	6	7	7	3
93	29.301	89.296	178	146	3845407	21603.410	7763.440	19187.000	13107	50099	599.730	507.596	9.090	2.064	0.836	2.072	599.742	507.389	9.287	595	503	6	10	11	6
94	34.734	83.573	211	133	6845795	32444.525	17324.090	27013.000	13119	65535	644.635	525.346	7.976	1.887	0.354	1.943	644.532	525.626	8.093	640	521	6	10	9	5
95	19.424	61.920	118	110	2601578	22047.271	5919.490	21744.500	13280	40049	425.424	554.907	6.636	1.477	0.514	1.481	425.545	554.994	6.624	420	551	6	11	9	3
96	11.523	42.130	70	68	1366439	19520.557	4954.935	19364.500	13269	31406	541.214	554.186	6.686	1.114	0.334	1.112	541.260	554.187	6.704	538	551	6	7	8	3
97	4.774	19.790	29	29	593031	20449.346	5147.436	20657.000	13252	32004	552.793	553.310	6.517	0.783	0.162	0.785	552.798	553.289	6.501	551	552	6	5	4	2
98	21.400	61.401	130	129	2419826	18614.047	3484.648	18130.000	13301	28143	681.415	590.608	6.523	1.544	0.556	1.575	681.357	590.688	6.531	676	586	6	12	10	3
99	1.646	11.377	10	10	152014	15201.400	1343.149	15088.000	13328	17030	703.200	590.400	6.000	0.714	0.350	0.777	703.104	590.349	6.000	701	589	6	6	4	1
100	3.786	22.410	23	23	372830	16210.000	3350.232	15465.000	13201	25288	571.217	599.913	6.174	0.819	0.304	0.854	571.209	599.943	6.164	569	597	6	5	6	2
101	13.992	50.439	85	75	1552927	18269.729	4123.412	17151.000	13251	29513	432.412	610.565	7.035	1.255	0.263	1.207	432.385	610.634	7.038	429	607	6	8	8	3
102	12.346	46.303	75	65	1458262	19443.494	5764.110	17489.000	13184	36412	618.400	640.987	6.827	1.274	0.350	1.273	618.366	640.994	6.835	615	637	6	8	8	3
103	16.955	52.062	103	77	3074882	29853.223	14793.062	25376.000	13364	65535	586.670	650.398	7.272	1.445	0.320	1.421	586.867	650.425	7.249	582	648	6	10	6	4
104	50.207	126.118	305	216	8478468	27798.256	11905.816	25220.000	13119	65535	476.492	658.331	9.518	2.507	0.919	2.592	476.525	658.361	9.445	473	652	6	8	14	8
105	8.066	27.995	49	49	1039745	21219.285	5030.465	22234.000	13118	32926	576.143	685.245	6.510	0.926	0.224	0.955	576.181	685.257	6.527	574	683	6	6	6	2
106	28.807	91.089	175	143	4267967	24388.383	9345.883	23050.000	13120	56525	532.166	694.206	8.497	2.247	0.738	2.433	532.062	694.318	8.619	527	690	6	12	9	7
107	28.807	75.368	175	115	6181742	35324.238	18708.488	31136.000	13131	65535	487.754	717.491	7.943	1.905	0.578	1.846	487.689	717.664	7.760	485	713	6	8	9	6
108	7.901	29.581	48	46	1065354	22194.875	6594.277	19964.000	13378	38879	626.229	764.208	6.583	0.982	0.266	0.977	626.260	764.157	6.596	623	762	6	7	5	3
109	3.292	15.584	20	20	339858	16992.900	3143.876	16666.500	13322	25999	555.750	781.500	6.650	0.698	0.146	0.720	555.769	781.552	6.664	554	780	6	4	4	2
110	11.523	39.821	70	67	1707350	24390.715	7413.916	25700.000	13270	37902	621.214	838.471	6.571	1.142	0.355	1.118	621.202	838.411	6.548	618	835	6	8	7	3
111	2.140	15.239	13	13	202997	15615.154	1518.641	15642.000	13218	18758	604.308	848.923	6.077	0.710	0.307	0.707	604.346	848.990	6.079	602	846	6	5	6	2
112	35.557	82.125	216	137	7022016	32509.334	15314.686	29332.000	13269	65535	687.319	853.370	8.370	1.813	0.246	1.810	687.218	853.317	8.334	683	849	6	10	10	5
113	17.943	54.300	109	101	2506747	22997.680	6265.211	23138.000	13117	34868	590.156	862.569	6.633	1.337	0.375	1.359	590.268	862.396	6.606	586	859	6	9	9	3
114	5.926	26.650	36	36	584585	16238.473	2529.147	15643.500	13131	22004	650.361	922.083	6.806	0.921	0.296	0.943	650.370	922.066	6.817	648	920	6	6	6	2
115	40.330	88.365	245	154	8655718	35329.461	17609.199	31458.000	13195	65535	320.910	241.004	8.731	1.900	0.288	1.885	321.052	240.987	8.751	316	237	7	10	9	5
116	3.128	16.032	19	19	298022	15685.368	2100.692	15221.000	13176	21740	235.684	275.895	7.579	0.721	0.171	0.680	235.677	275.913	7.598	234	274	7	4	5	2
117	24.034	62.405	146	96	5232589	35839.652	18205.869	31488.500	13134	65535	283.884	317.034	9.116	1.661	0.333	1.674	283.981	317.084	9.099	280	314	7	9	6	5
118	39.014	86.676	237	156	8174739	34492.570	16504.152	29532.000	13213	65535	156.540	333.266	9.481	1.862	0.288	1.826	156.491	333.345	9.463	153	329	7	9	11	6
119	12.675	42.752	77	59	1898076	24650.338	9998.569	21915.000	13287	49378	751.727	537.831	8.766	1.243	0.227	1.233	751.723	537.777	8.723	749	535	7	6	7	4
120	23.704	64.473	144	101	4537020	31507.084	15255.928	28765.000	13572	65535	347.833	538.764	8.944	1.561	0.276	1.537	347.766	538.772	8.939	344	536	7	9	7	5
121	29.631	72.230	180	120	5581314	31007.301	14345.356	27523.000	13574	65535	385.117	566.300	8.883	1.695	0.305	1.709	385.265	566.231	8.859	382	562	7	7	10	5
122	55.146	144.764	335	293	6673591	19921.168	5062.524	18912.000	13139	39578	409.878	580.898	8.651	2.582	0.984	2.554	409.968	580.936	8.663	401	575	7	20	14	5
123	32.429	81.332	197	136	5082231	25798.127	10575.609	24089.000	13132	54245	463.416	586.147	10.528	1.764	0.367	1.707	463.607	586.200	10.610	460	582	7	9	9	6
124	35.392	83.985	215	155	5722498	26616.270	10425.207	24221.000	13114	52707	414.070	604.005	8.800	1.736	0.363	1.753	414.037	604.000	8.799	409	599	7	10	11	4
125	16.297	48.441	99	72	2735184	27628.121	12616.802	22792.000	13462	59831	661.323	657.081	8.707	1.376	0.253	1.395	661.412	657.217	8.689	658	654	7	7	7	4
126	67.986	150.252	413	273	12306112	29796.881	14912.297	24784.000	13120	65535	485.538	737.107	9.787	2.717	0.966	2.848	485.315	737.385	9.625	477	730	7	18	15	6
127	7.078	32.201	43	41	703540	16361.396	3127.029	15272.000	13137	25556	631.953	741.674	8.233	0.961	0.278	0.991	631.929	741.719	8.206	629	739	7	7	6	3
128	22.223	77.196	135	103	3599675	26664.260	13563.783	20890.000	13146	62236	512.807	807.111	9.022	1.886	0.724	1.888	512.512	807.564	8.783	510	801	7	9	11	6
129	29.466	78.470	179	128	5239966	29273.553	14579.438	23866.000	13113	65535	666.698	818.754	9.223	1.883	0.588	1.800	666.953	818.898	9.366	660	816	7	13	7	6
130	7.243	25.271	44	44	792692	18015.727	3153.141	17742.500	13145	27081	658.318	856.227	7.432	0.896	0.215	0.907	658.343	856.300	7.412	656	854	7	6	6	2
131	3.128	20.342	19	19	285481	15025.315	1547.820	14787.000	13343	19158	674.632	869.211	7.474	0.881	0.262	0.826	674.668	869.171	7.482	672	868	7	6	4	2
132	4.280	28.651	26	26	384192	14776.615	1281.674	14710.000	13239	18890	652.231	937.115	7.346	0.932	0.252	0.954	652.243	937.137	7.344	650	935	7	6	5	2
133	3.292	17.652	20	20	320394	16019.700	1975.040	15524.000	13512	19681	84.550	98.300	8.050	0.835	0.417	0.737	84.559	98.257	8.042	83	95	8	4	8	2
134	3.457	19.549	21	21	312037	14858.904	1491.503	14814.000	13176	18598	268.571	203.857	8.381	0.753	0.203	0.730	268.552	203.860	8.360	266	202	8	6	4	2
135	18.437	50.405	112	88	2599242	23207.518	7564.579	20804.000	13113	49212	351.580	266.152	9.045	1.367	0.243	1.360	351.601	266.121	9.048	349	262	8	7	9	3
136	18.272	52.647	111	81	3332707	30024.387	14498.483	27479.000	13170	65535	310.766	271.838	9.811	1.431	0.270	1.405	310.773	271.868	9.819	307	269	8	8	6	5
137	20.741	61.438	126	102	3101587	24615.770	8103.834	22806.000	13142	43371	226.032	296.087	9.198	1.492	0.407	1.451	226.160	296.159	9.272	222	291	8	9	10	4
138	19.424	52.751	118	80	3722373	31545.533	15829.258	27731.000	13236	65535	307.678	336.763	9.559	1.499	0.207	1.513	307.604	336.728	9.600	305	334	8	7	7	4
139	24.528	64.025	149	100	4708737	31602.262	15585.664	26383.000	13130	65535	346.933	339.396	9.765	1.621	0.285	1.602	346.981	339.411	9.757	344	335	8	7	10	5
140	5.432	20.135	33	33	555491	16833.061	2089.198	16476.000	13786	20992	452.061	360.333	8.515	0.814	0.177	0.837	452.088	360.371	8.505	450	359	8	5	4	2
141	4.280	29.203	26	26	393504	15134.770	1681.914	14672.500	13199	19784	460.500	364.615	8.577	0.940	0.249	0.970	460.448	364.593	8.580	458	362	8	6	6	2
142	29.301	70.884	178	126	5245739	29470.443	12808.482	27145.500	13144	64657	258.202	375.753	9.843	1.636	0.272	1.635	258.364	375.782	9.856	254	372	8	10	8	5
143	15.474	51.439	94	86	2000272	21279.490	6467.244	20023.500	13279	36634	303.064	383.277	9.436	1.276	0.381	1.301	303.198	383.344	9.460	299	379	8	9	8	4
144	22.881	65.025	139	98	3729892	26833.756	11174.097	25454.000	13164	57356	337.338	518.410	9.741	1.579	0.358	1.592	337.284	518.479	9.767	334	514	8	7	9	5
145	19.095	54.474	116	83	3064768	26420.414	10879.210	22358.500	13164	53949	508.440	521.302	9.543	1.460	0.250	1.513	508.465	521.325	9.578	505	518	8	8	7	4
146	10.041	39.717	61	59	1080390	17711.311	3482.243	16707.000	13178	25898	676.131	528.607	8.656	1.076	0.333	1.075	676.075	528.665	8.663	673	525	8	7	7	3
147	16.297	47.062	99	71	2894085	29233.182	12739.377	25304.000	13543	56673	370.606	544.202	9.626	1.405	0.225	1.413	370.582	544.164	9.609	368	542	8	7	6	4
148	32.429	70.781	197	136	5656373	28712.553	12806.616	24996.000	13190	59988	635.472	548.386	9.751	1.694	0.227	1.705	635.598	548.426	9.776	631	545	8	9	8	4
149	19.589	52.992	119	85	3126270	26271.176	10475.555	23699.000	13176	49710	376.008	554.361	9.706	1.457	0.207	1.444	375.957	554.419	9.690	373	551	8	7	7	4
150	17.449	51.061	106	78	2690602	25383.037	9747.735	22894.000	13311	52883	801.849	553.359	9.802	1.382	0.254	1.378	801.778	553.420	9.825	799	550	8	7	8	4
151	11.852	50.542	72	65	1232119	17112.764	3394.947	16168.500	13109	27554	846.236	605.944	9.111	1.226	0.384	1.265	846.297	605.890	9.100	842	603	8	9	9	3
152	21.071	56.646	128	92	3637149	28415.227	13548.645	24462.500	13540	65535	633.031	620.961	9.648	1.493	0.229	1.527	632.862	621.004	9.682	629	618	8	9	7	4
153	28.149	73.608	171	121	4405453	25762.883	11684.773	21583.000	13153	58455	449.491	648.035	9.725	1.642	0.302	1.656	449.684	647.791	9.704	445	644	8	9	10	4
154	11.852	37.649	72	59	1449307	20129.264	5236.565	19153.500	13235	32365	733.181	655.583	9.083	1.187	0.174	1.170	733.120	655.639	9.103	731	653	8	6	6	3
155	35.721	99.880	217	158	5513953	25409.922	10957.607	22358.000	13178	59531	760.479	664.078	9.525	2.009	0.651	1.973	760.957	664.060	9.581	752	660	8	15	9	5
156	20.577	59.370	125	96	3202489	25619.912	9620.744	24079.000	13260	51742	616.264	696.272	9.392	1.450	0.325	1.480	616.236	696.340	9.381	612	693	8	9	8	4
157	21.400	62.231	130	101	3278967	25222.822	9684.807	22561.500	13211	48037	650.931	791.738	9.446	1.597	0.439	1.553	650.735	791.721	9.409	645	789	8	12	6	4
158	14.815	52.095	90	80	1833461	20371.789	6676.175	18764.000	13144	41088	551.200	891.633	9.067	1.344	0.362	1.332	551.103	891.602	9.098	548	888	8	8	9	3
159	7.901	37.408	48	46	895342	18652.959	4482.179	17478.500	13235	33388	582.021	930.188	9.688	1.321	0.542	1.312	582.202	930.246	9.642	577	928	8	10	5	4
160	36.215	83.848	220	155	6482784	29467.199	13071.225	27226.000	13230	65535	93.905	76.195	11.068	1.744	0.302	1.787	94.133	76.148	11.059	89	72	9	10	9	5
161	10.371	38.338	63	57	1231792	19552.254	5370.151	17967.000	13127	33014	91.587	173.286	9.714	1.085	0.279	1.115	91.649	173.292	9.733	88	171	9	8	6	3
162	6.749	28.684	41	41	670062	16342.976	2592.677	15878.000	13161	22515	195.902	214.073	9.634	0.920	0.259	0.945	195.908	214.059	9.676	193	211	9	6	7	2
163	40.824	91.779	248	158	6520959	26294.189	10385.321	24045.000	13251	55078	280.060	226.431	11.012	1.898	0.364	1.934	279.985	226.389	10.991	276	222	9	9	10	5
164	5.432	25.479	33	31	597805	18115.303	3896.040	16938.000	13126	27286	122.879	234.636	10.242	0.867	0.226	0.855	122.891	234.635	10.208	120	233	9	6	5	3
165	9.548	33.547	58	47	1212961	20913.121	6566.825	18117.500	13175	37095	132.138	235.897	9.862	1.104	0.163	1.145	132.095	235.835	9.874	129	234	9	7	5	3
166	23.375	61.404	142	100	4279744	30139.043	14313.599	26126.000	13165	65535	292.134	280.606	10.549	1.576	0.249	1.577	292.096	280.527	10.495	289	277	9	7	9	4
167	19.260	52.818	117	90	2563769	21912.555	6949.318	19607.000	13167	44597	388.513	296.573	10.009	1.376	0.217	1.422	388.450	296.543	9.977	385	293	9	8	8	3
168	6.420	26.134	39	32	1072854	27509.076	12769.520	21980.000	13288	61153	392.974	340.385	10.051	1.028	0.241	1.035	392.980	340.336	10.086	391	339	9	5	4	4
169	26.174	65.714	159	105	4936733	31048.635	14922.671	27175.000	13315	65535	423.145	346.918	10.667	1.643	0.234	1.618	423.179	346.950	10.643	419	344	9	9	7	5
170	24.363	62.609	148	115	3692626	24950.176	9206.054	22764.500	13132	52244	400.757	357.277	9.919	1.511	0.321	1.473	400.794	357.357	9.897	397	352	9	8	11	3
171	19.260	59.025	117	89	2619416	22388.172	8076.392	19720.000	13144	41974	201.256	378.923	10.624	1.456	0.308	1.465	201.357	379.042	10.593	197	375	9	9	8	4
172	26.832	66.956	163	103	5788963	35515.109	18146.404	28760.000	13352	65535	341.969	379.828	11.245	1.722	0.315	1.719	341.912	379.848	11.209	338	377	9	9	7	5
173	25.844	64.610	157	105	4126367	26282.592	11641.492	22186.000	13282	59476	469.408	381.172	10.427	1.612	0.213	1.643	469.407	381.073	10.394	466	377	9	8	9	4
174	15.638	52.440	95	82	2248182	23665.074	7573.814	23127.000	13155	40221	420.221	401.621	10.611	1.328	0.372	1.340	420.197	401.678	10.573	416	398	9	9	8	4
175	14.815	45.510	90	73	1996763	22186.256	7301.333	20311.000	13134	43648	500.322	423.678	9.833	1.299	0.268	1.281	500.365	423.700	9.830	498	420	9	6	9	3
176	21.564	57.232	131	99	3261680	24898.320	8936.100	22480.000	13221	48359	473.702	422.282	10.779	1.468	0.274	1.470	473.685	422.281	10.761	470	419	9	9	7	4
177	13.498	45.165	82	65	1673896	20413.365	6564.290	18306.500	13144	38670	516.524	440.134	10.037	1.277	0.262	1.229	516.536	440.145	10.043	513	437	9	8	8	3
178	16.791	51.680	102	89	2140604	20986.314	5746.241	20611.500	13125	33547	272.882	441.029	10.392	1.309	0.351	1.349	272.896	441.052	10.402	270	437	9	7	9	4
179	24.363	63.747	148	116	3494352	23610.486	8621.970	21908.500	13460	51945	531.703	459.818	9.959	1.500	0.292	1.505	531.845	459.879	9.975	528	456	9	9	9	4
180	13.992	46.269	85	64	2021955	23787.705	9610.896	21397.000	13121	47542	465.588	501.224	10.459	1.319	0.265	1.297	465.577	501.281	10.407	463	498	9	6	7	4
181	16.132	47.785	98	79	2207800	22528.572	7365.503	20634.500	13388	46650	436.837	530.827	10.061	1.315	0.230	1.314	436.812	530.801	10.069	434	528	9	8	7	3
182	16.297	49.338	99	71	2756913	27847.605	12819.076	23902.000	13186	65535	489.677	540.798	10.263	1.403	0.244	1.377	489.773	540.782	10.205	487	538	9	7	7	4
183	1.975	12.619	12	12	179903	14991.917	1129.962	14863.000	13389	16941	749.833	547.083	9.750	0.629	0.213	0.591	749.817	547.066	9.746	749	546	9	3	4	2
184	20.083	56.060	122	91	3146339	25789.664	10622.124	22993.000	13126	57137	759.393	551.820	10.156	1.457	0.298	1.437	759.394	551.827	10.101	757	548	9	6	9	4
185	13.169	39.925	80	63	1761552	22019.400	6518.313	20212.000	13710	38390	752.375	554.825	10.012	1.232	0.165	1.220	752.314	554.791	10.022	750	552	9	6	7	3
186	11.852	39.131	72	62	1611867	22387.041	6771.662	20533.000	13356	37700	562.236	566.778	10.167	1.181	0.294	1.196	562.234	566.858	10.196	560	564	9	6	7	4
187	14.815	56.198	90	75	1815784	20175.377	5935.885	18811.500	13295	41293	724.300	571.922	10.811	1.640	0.689	1.455	724.080	572.039	10.864	720	567	9	13	9	4
188	26.832	65.403	163	114	4222068	25902.258	9685.542	23264.000	13124	47384	535.890	578.656	10.626	1.613	0.224	1.626	535.891	578.698	10.577	532	575	9	9	9	4
189	11.029	39.684	67	57	1483890	22147.611	6593.050	21329.000	13483	39004	505.746	581.731	10.657	1.169	0.277	1.185	505.707	581.676	10.605	503	579	9	7	7	4
190	20.083	58.199	122	89	3736400	30626.230	13651.290	30319.000	13277	65535	642.934	589.271	10.984	1.479	0.297	1.429	642.901	589.244	10.969	639	586	9	9	7	5
191	29.631	69.610	180	122	5069499	28163.883	12276.825	25671.500	13233	60324	691.522	622.567	10.322	1.680	0.226	1.665	691.454	622.551	10.255	688	619	9	9	8	4
192	18.272	53.681	111	85	2909213	26209.127	10854.674	23163.000	13443	56956	722.369	652.009	10.171	1.405	0.264	1.379	722.394	651.890	10.119	719	649	9	8	7	4
193	13.828	50.198	84	78	1574778	18747.357	4420.396	18032.500	13152	33444	450.607	664.869	10.190	1.240	0.340	1.236	450.625	664.833	10.195	447	661	9	8	8	3
194	11.852	49.749	72	67	1280552	17785.445	4132.494	16987.000	13146	30618	601.542	672.083	10.083	1.212	0.377	1.251	601.503	672.072	10.070	598	668	9	8	10	3
195	7.078	31.857	43	43	726871	16903.977	2370.183	16299.000	13114	21345	782.070	675.512	9.349	1.002	0.355	0.964	782.059	675.509	9.335	780	672	9	5	9	2
196	31.112	83.985	189	149	4304985	22777.699	7233.662	21781.000	13150	43073	569.704	698.862	10.624	1.701	0.453	1.674	569.789	699.005	10.622	566	693	9	9	12	4
197	12.346	38.546	75	62	1968818	26250.906	10066.961	24452.000	13290	48173	538.733	702.480	10.880	1.211	0.220	1.210	538.722	702.517	10.832	537	699	9	5	7	4
198	12.675	41.373	77	61	2214880	28764.676	12197.834	27369.000	13119	56665	594.883	744.584	10.792	1.254	0.255	1.257	594.882	744.550	10.777	592	742	9	7	6	4
199	13.334	42.856	81	58	2208585	27266.482	11539.181	23646.000	13135	51191	594.938	751.210	10.716	1.320	0.232	1.297	594.984	751.170	10.684	592	749	9	7	6	4
200	16.626	48.337	101	78	2491437	24667.693	8725.908	21181.000	13111	47122	636.980	838.069	10.703	1.343	0.240	1.363	636.945	838.016	10.668	634	835	9	7	7	4
201	14.486	47.715	88	88	1609251	18286.943	3271.598	18079.000	13267	24894	551.580	847.193	9.670	1.218	0.400	1.220	551.537	847.217	9.702	548	844	9	9	7	3
202	9.218	32.305	56	52	1270593	22689.160	7446.006	21460.000	13570	43805	549.000	866.054	9.625	1.022	0.246	1.014	549.053	866.164	9.630	547	863	9	5	7	3
203	18.931	52.751	115	80	3607170	31366.695	15294.900	26517.000	13278	65535	151.304	138.957	11.522	1.502	0.265	1.528	151.423	138.889	11.508	147	137	10	9	6	4
204	32.758	73.438	199	126	7362912	36999.559	18946.693	32477.000	13202	65535	177.839	162.176	11.678	1.810	0.292	1.790	177.893	162.195	11.619	174	159	10	9	7	5
205	13.992	47.889	85	71	1696560	19959.529	5575.005	18128.000	13198	33419	183.329	259.753	10.847	1.325	0.380	1.290	183.427	259.741	10.840	178	258	10	11	5	3
206	13.169	39.132	80	64	1964849	24560.613	8128.984	23300.500	13381	49119	202.150	269.388	11.038	1.236	0.186	1.210	202.180	269.458	11.060	200	266	10	6	7	3
207	16.297	48.786	99	75	2361183	23850.334	8948.733	22022.000	13115	45795	200.333	301.646	11.404	1.346	0.249	1.366	200.398	301.598	11.385	197	299	10	8	7	4
208	23.375	60.990	142	108	3034604	21370.451	6614.859	19709.500	13276	38747	245.049	312.958	11.634	1.509	0.319	1.537	244.987	312.897	11.605	241	310	10	10	7	4
209	6.255	25.823	38	38	699303	18402.711	2881.351	19324.500	13512	25079	259.368	363.947	10.500	0.937	0.299	0.861	259.332	363.976	10.487	256	362	10	8	5	2
210	6.914	31.753	42	41	718452	17106.000	2883.710	16955.500	13430	23573	357.024	454.690	10.810	1.192	0.508	1.177	356.987	454.629	10.803	353	453	10	10	5	3
211	11.688	40.614	71	66	1522712	21446.648	5849.831	21382.000	13163	37474	478.155	461.634	10.606	1.276	0.472	1.245	478.134	461.679	10.569	476	456	10	5	11	3
212	18.931	50.646	115	92	2693526	23421.965	7361.088	22183.000	13475	43805	450.104	464.661	11.043	1.418	0.295	1.385	450.159	464.745	11.062	447	461	10	8	8	3
213	6.255	25.823	38	38	667025	17553.289	3246.923	17984.500	13405	25851	385.816	482.737	10.474	0.903	0.252	0.899	385.803	482.722	10.473	383	481	10	6	6	2
214	3.292	17.066	20	20	331136	16556.801	2572.929	16486.000	13344	21028	529.400	513.750	10.250	0.734	0.231	0.754	529.424	513.774	10.213	528	512	10	5	5	2
215	16.955	45.958	103	83	2618649	25423.777	8501.424	24152.000	13336	44948	406.330	529.495	11.000	1.323	0.210	1.333	406.329	529.481	10.960	403	526	10	8	7	3
216	5.432	32.513	33	32	536509	16257.849	3131.546	15382.000	13116	28602	619.394	536.000	11.212	1.079	0.457	1.023	619.414	536.006	11.212	616	533	10	8	8	3
217	1.811	13.860	11	11	165836	15076.000	1717.189	14338.000	13215	17934	764.364	538.182	10.273	0.683	0.185	0.715	764.357	538.095	10.309	763	537	10	4	4	2
218	9.054	32.753	55	48	1065463	19372.055	4289.476	18749.000	13399	27667	668.873	541.236	10.709	1.050	0.248	1.060	668.840	541.167	10.675	666	539	10	7	6	3
219	6.585	28.099	40	36	699961	17499.025	4183.822	16508.000	13172	30379	432.750	558.550	10.800	0.956	0.194	0.979	432.743	558.515	10.809	430	556	10	6	6	3
220	15.145	52.681	92	84	1909210	20752.283	5168.697	20539.000	13112	31539	610.500	579.152	10.630	1.421	0.551	1.354	610.466	579.098	10.586	605	576	10	13	6	3
221	11.194	37.753	68	56	1553714	22848.734	6889.533	21774.000	13218	42032	717.559	601.779	11.015	1.182	0.192	1.165	717.554	601.793	10.996	715	599	10	6	7	3
222	23.540	58.851	143	114	2850940	19936.643	4317.620	19047.000	13125	29770	593.154	629.420	10.937	1.484	0.289	1.483	593.218	629.381	10.916	590	625	10	8	9	3
223	1.975	11.136	12	12	206694	17224.500	2702.944	16491.500	13631	21449	698.000	629.333	10.417	0.627	0.107	0.630	698.072	629.371	10.386	697	628	10	3	3	2
224	17.943	50.301	109	90	2218675	20354.816	4844.196	19949.000	13194	31174	621.596	648.826	10.807	1.347	0.266	1.356	621.520	648.748	10.760	619	645	10	7	9	3
225	6.420	28.892	39	36	681368	17470.975	3823.292	16355.000	13473	27790	464.513	661.641	11.179	0.991	0.267	1.012	464.511	661.701	11.168	463	658	10	5	7	3
226	23.540	57.439	143	105	4232889	29600.623	12564.853	28411.000	13332	61901	548.734	665.517	11.203	1.532	0.233	1.545	548.742	665.482	11.163	546	662	10	7	8	4
227	17.284	45.613	105	86	2666073	25391.172	9232.230	23615.000	13180	47137	519.381	683.676	11.924	1.329	0.217	1.324	519.340	683.691	11.854	516	681	10	8	6	4
228	3.786	17.514	23	23	391379	17016.479	2535.843	16694.000	13815	21100	528.522	732.609	10.565	0.743	0.165	0.773	528.510	732.667	10.565	527	730	10	4	5	2
229	16.791	47.922	102	87	2355360	23091.766	7399.159	22554.000	13236	43627	537.078	773.941	11.216	1.305	0.296	1.304	537.050	773.870	11.243	534	770	10	7	9	3
230	16.132	46.199	98	78	2472476	25229.348	8854.846	23485.000	13695	55176	568.133	785.939	10.980	1.318	0.233	1.300	568.209	786.027	10.991	565	782	10	7	9	3
231	3.951	22.065	24	24	401874	16744.750	2498.957	16465.500	13182	20866	512.500	794.083	11.042	0.790	0.296	0.823	512.459	794.025	11.048	511	792	10	4	5	3
232	16.626	49.234	101	71	2501545	24767.771	10224.301	21084.000	13165	50040	547.426	878.515	11.465	1.415	0.248	1.492	547.377	878.400	11.453	545	875	10	6	8	4
233	13.828	42.234	84	79	1750067	20834.131	4440.380	21340.500	13233	29416	112.119	152.060	11.595	1.174	0.313	1.254	112.118	152.028	11.571	109	149	11	8	7	3
234	18.108	62.954	110	106	1901080	17282.545	2890.853	16999.000	13172	25815	120.091	173.373	11.636	1.420	0.533	1.359	120.036	173.270	11.646	115	169	11	12	9	3
235	11.523	37.408	70	56	1487960	21256.572	6161.570	19657.500	13224	37115	99.557	187.557	11.971	1.193	0.188	1.174	99.568	187.539	11.961	97	185	11	7	6	3
236	24.528	60.437	149	114	3314235	22243.188	6218.292	21030.000	13412	39308	155.114	208.195	12.007	1.512	0.304	1.531	155.088	208.200	12.029	151	205	11	10	8	3
237	6.255	26.720	38	37	675823	17784.816	3521.897	17457.000	13219	26790	125.711	221.553	11.579	0.933	0.282	0.899	125.764	221.548	11.612	122	220	11	7	5	3
