 	Volume (micron^3)	Surface (micron^2)	Nb of obj. voxels	Nb of surf. voxels	IntDen	Mean	StdDev	Median	Min	Max	X	Y	Z	Mean dist. to surf. (micron)	SD dist. to surf. (micron)	Median dist. to surf. (micron)	XM	YM	ZM	BX	BY	BZ	B-width	B-height	B-depth
1	20.412	63.094	124	93	3854225	31082.459	14247.303	27169.500	13253	65535	489.766	140.258	6.048	1.484	0.324	1.441	489.777	140.192	6.081	486	136	4	8	9	5
2	78.850	149.800	479	293	15158909	31646.992	15455.959	27606.000	13227	65535	422.486	249.451	6.340	2.379	0.539	2.444	422.562	249.492	6.352	415	242	4	15	15	5
3	34.404	76.091	209	138	7114591	34041.105	16336.466	29242.000	13366	65535	505.904	309.507	6.435	1.781	0.250	1.744	505.935	309.569	6.395	501	306	4	10	8	5
4	36.051	83.366	219	139	7468747	34103.867	17952.799	28342.000	13286	65535	483.918	337.301	6.288	1.857	0.305	1.842	484.145	337.451	6.306	479	333	4	10	10	5
5	30.124	68.816	183	119	5991075	32738.115	15952.105	27064.000	13255	65535	502.995	387.940	5.464	1.706	0.210	1.695	502.980	387.884	5.443	500	384	4	8	9	4
6	35.557	80.987	216	143	7992253	37001.172	18182.314	31804.500	13316	65535	416.412	400.602	6.523	1.829	0.346	1.823	416.352	400.587	6.523	413	395	4	8	12	5
7	21.071	58.199	128	87	4515128	35274.438	17429.344	30023.000	13623	65535	491.102	548.227	5.734	1.548	0.253	1.522	491.083	548.213	5.777	488	545	4	8	7	5
8	20.083	53.681	122	88	3839639	31472.451	15278.160	24661.000	13207	65535	507.451	125.459	6.721	1.462	0.235	1.475	507.439	125.471	6.690	505	122	5	6	8	4
9	12.511	38.338	76	63	1714082	22553.711	7121.776	20302.000	13437	37896	438.803	146.316	6.092	1.197	0.200	1.180	438.869	146.319	6.114	436	144	5	7	6	3
10	11.029	32.683	67	67	1307501	19514.939	4249.379	19151.000	13343	29893	472.791	156.627	5.522	1.042	0.275	1.076	472.884	156.586	5.581	470	154	5	7	6	2
11	10.206	34.269	62	61	1287182	20761.000	5086.208	20083.500	13480	32677	439.500	156.823	6.403	1.037	0.294	1.053	439.403	156.822	6.357	437	154	5	6	7	3
12	68.315	144.462	415	226	15847714	38187.262	18907.207	33500.000	13252	65535	525.246	168.106	8.800	2.572	0.717	2.629	525.219	168.068	8.778	519	163	5	14	11	9
13	27.655	74.472	168	118	5588319	33263.805	16852.244	28251.000	13276	65535	416.018	266.494	6.839	1.753	0.452	1.822	416.021	266.515	6.813	413	262	5	7	11	5
14	26.009	65.025	158	100	5690408	36015.242	18504.703	30626.000	13323	65535	379.791	317.070	7.127	1.677	0.272	1.627	379.888	317.091	7.151	376	314	5	8	7	5
15	26.997	70.369	164	113	6032736	36784.977	19123.152	30727.000	13735	65535	391.561	345.079	7.433	1.720	0.374	1.713	391.533	345.085	7.358	389	341	5	6	10	6
16	16.626	50.027	101	74	2951781	29225.555	13515.226	24967.000	13256	62715	451.040	380.267	6.644	1.387	0.241	1.403	450.972	380.266	6.639	448	377	5	8	7	4
17	29.795	69.747	181	123	6262048	34596.949	17112.998	31259.000	13271	65535	432.193	397.144	7.265	1.685	0.279	1.695	432.252	397.287	7.230	429	392	5	7	11	5
18	35.063	85.882	213	146	7563083	35507.434	17247.633	32801.000	13329	65535	440.404	412.845	6.761	1.864	0.467	1.807	440.410	412.861	6.794	437	407	5	7	14	5
19	5.432	26.168	33	33	632684	19172.242	4735.384	18368.000	13255	33248	392.545	423.667	6.212	0.941	0.348	0.953	392.638	423.717	6.219	390	421	5	6	7	3
20	27.161	70.162	165	113	5579409	33814.602	15999.663	29310.000	13326	65535	438.170	437.418	7.376	1.687	0.326	1.656	438.186	437.432	7.355	435	433	5	8	10	5
21	21.235	57.887	129	89	4319986	33488.262	16695.107	30538.000	13311	65535	427.178	469.357	7.279	1.522	0.221	1.509	427.166	469.352	7.224	424	466	5	8	8	5
22	58.109	128.293	353	191	11360137	32181.691	16354.445	26058.000	13247	65535	363.873	487.660	9.864	2.572	0.832	2.481	363.820	487.580	10.062	359	483	5	10	9	9
23	29.631	81.987	180	135	5409049	30050.271	13174.932	27513.000	13209	65535	468.850	499.428	6.517	1.796	0.511	1.828	468.724	499.549	6.563	465	494	5	9	12	4
24	25.680	68.094	156	101	5749580	36856.281	18648.902	31828.000	13275	65535	415.628	496.987	7.365	1.665	0.277	1.690	415.650	496.906	7.396	412	493	5	8	9	5
25	12.840	41.614	78	61	2214886	28395.975	12311.515	25694.000	13249	64978	481.282	525.744	6.795	1.243	0.220	1.219	481.336	525.694	6.744	479	523	5	6	7	4
26	32.758	77.299	199	122	7434362	37358.602	18691.518	32423.000	13275	65535	513.910	536.563	7.030	1.870	0.341	1.949	513.931	536.550	6.988	509	533	5	10	8	5
27	20.741	57.991	126	89	4332292	34383.270	16572.830	30879.000	13293	65535	437.587	550.262	7.095	1.492	0.256	1.449	437.592	550.209	7.058	435	547	5	7	8	5
28	24.198	66.989	147	108	4615487	31397.871	14614.862	27744.000	13270	65535	446.585	627.320	6.959	1.576	0.367	1.515	446.641	627.147	6.959	443	623	5	8	10	5
29	21.894	58.784	133	93	4282608	32200.061	14773.629	28501.000	13266	65535	468.105	630.609	6.744	1.514	0.207	1.502	468.116	630.596	6.766	465	627	5	8	8	5
30	56.298	143.877	342	221	10443198	30535.666	15598.085	26153.500	13250	65535	334.354	688.599	8.474	2.490	0.813	2.647	334.397	688.634	8.091	329	683	5	11	12	8
31	20.906	58.992	127	87	4368737	34399.504	16983.066	28529.000	13275	65535	384.236	725.071	7.220	1.565	0.314	1.539	384.301	724.985	7.191	382	721	5	6	9	5
32	21.071	61.197	128	101	3083321	24088.445	8010.094	22618.000	13210	44023	338.977	777.328	6.836	1.490	0.375	1.499	338.876	777.477	6.771	336	773	5	8	10	4
33	26.338	66.645	160	110	5308331	33177.070	16241.221	28606.500	13299	65535	383.969	930.888	7.544	1.641	0.279	1.621	384.030	930.776	7.494	381	927	5	8	9	5
34	13.992	43.994	85	61	2487086	29259.836	12830.081	25822.000	13275	65535	387.424	978.741	6.741	1.331	0.231	1.319	387.385	978.784	6.763	385	976	5	6	7	4
35	39.507	110.635	240	195	5706950	23778.959	8307.317	21859.500	13204	46409	497.779	69.821	7.596	2.194	0.855	2.208	497.951	70.188	7.568	492	60	6	13	17	4
36	7.737	34.925	47	46	808623	17204.744	3139.960	16322.000	13394	26214	426.149	112.021	7.447	1.020	0.314	1.011	426.274	112.057	7.412	423	110	6	7	5	3
37	28.314	90.986	172	142	4482790	26062.732	9642.770	24134.500	13246	54973	538.279	114.831	7.448	1.867	0.680	1.908	538.252	114.630	7.449	535	108	6	8	15	4
38	6.585	27.650	40	40	715736	17893.400	2981.568	17751.500	13363	24006	397.450	118.850	6.625	0.889	0.224	0.879	397.437	118.836	6.665	395	116	6	6	6	2
39	5.268	30.582	32	31	538472	16827.250	3777.776	15337.500	13216	27799	428.125	122.719	7.344	1.010	0.336	0.998	428.215	122.766	7.292	425	120	6	6	7	3
40	2.634	14.238	16	16	238740	14921.250	1184.772	14565.000	13245	17993	469.562	138.125	6.000	0.689	0.297	0.704	469.612	138.085	6.000	468	136	6	4	6	1
41	10.700	32.339	65	65	1389084	21370.523	4746.351	20741.000	13401	32593	468.554	163.877	6.477	1.034	0.274	1.084	468.548	163.933	6.431	466	161	6	6	7	2
42	8.066	31.512	49	49	992833	20261.898	4220.561	20557.000	13943	27394	504.796	170.837	6.490	1.077	0.396	1.016	504.932	170.630	6.498	502	168	6	7	7	2
43	20.577	57.198	125	90	3528813	28230.504	12600.916	22942.000	13340	56194	415.752	173.376	7.256	1.501	0.271	1.527	415.712	173.378	7.290	412	170	6	8	8	4
44	20.412	62.298	124	115	2502816	20184.000	4967.447	19114.000	13217	34000	437.984	173.597	7.290	1.388	0.439	1.434	438.032	173.605	7.270	433	169	6	10	10	3
45	12.346	43.923	75	71	1594368	21258.240	6277.746	19529.000	13213	40299	427.520	204.253	6.560	1.188	0.356	1.180	427.400	204.346	6.538	424	202	6	10	6	3
46	27.326	74.127	166	110	5764767	34727.512	17594.992	29922.500	13329	65535	383.717	249.657	7.837	1.728	0.363	1.784	383.709	249.651	7.792	380	245	6	8	10	5
47	6.914	35.477	42	39	788281	18768.596	4430.203	17411.500	13332	27304	445.571	283.952	6.833	1.055	0.344	1.068	445.519	284.050	6.858	443	281	6	6	8	3
48	8.066	28.651	49	43	1133182	23126.164	6295.828	21537.000	14308	39004	434.143	290.592	6.837	1.036	0.204	1.052	434.139	290.602	6.817	432	289	6	5	5	3
49	24.198	62.991	147	101	4975742	33848.586	16867.193	27929.000	13276	65535	439.020	351.891	7.429	1.650	0.323	1.644	439.074	351.870	7.384	436	348	6	7	9	4
50	21.400	55.371	130	88	4365945	33584.191	17224.504	27384.500	13211	65535	377.915	360.554	7.523	1.529	0.203	1.547	377.842	360.578	7.463	375	357	6	7	8	4
51	39.507	83.573	240	150	9033040	37637.668	19016.736	32806.500	13319	65535	364.888	409.233	8.254	1.922	0.317	1.934	364.990	409.132	8.254	362	405	6	7	10	5
52	7.901	33.787	48	43	932116	19419.084	5807.995	17917.500	13282	39414	414.771	433.771	7.146	1.008	0.243	1.049	414.762	433.781	7.128	413	431	6	5	7	3
53	33.252	78.849	202	141	6426750	31815.594	14609.223	28617.500	13381	65535	367.173	442.059	7.762	1.724	0.277	1.747	367.167	442.100	7.766	363	438	6	9	10	5
54	15.145	45.958	92	76	2289595	24886.902	10178.458	22772.500	13347	54982	452.457	463.728	7.011	1.339	0.320	1.279	452.528	463.822	7.040	450	459	6	6	10	3
55	57.286	141.461	348	234	10971639	31527.699	14711.250	27895.000	13234	65535	390.388	493.796	8.991	2.566	0.922	2.728	390.355	493.795	9.012	386	486	6	10	16	8
56	18.766	55.853	114	91	2886017	25315.939	9710.521	21679.000	13495	50495	399.746	533.649	7.219	1.397	0.284	1.393	399.756	533.535	7.230	396	530	6	8	9	4
57	32.758	80.227	199	148	6015827	30230.287	12886.757	27888.000	13252	65535	500.472	546.191	8.045	1.737	0.436	1.722	500.426	546.191	8.009	497	541	6	8	12	5
58	15.145	50.646	92	82	2115414	22993.631	8358.151	20478.000	13232	47543	388.359	580.717	7.652	1.313	0.397	1.299	388.364	580.719	7.602	384	577	6	9	9	4
59	8.560	40.166	52	52	899642	17300.809	3346.122	16051.000	13525	25350	442.712	656.423	7.192	1.053	0.335	1.117	442.647	656.452	7.173	439	653	6	8	7	3
60	24.363	63.784	148	101	5060876	34195.109	17672.775	29467.000	13204	65535	341.628	660.818	7.432	1.597	0.219	1.622	341.657	660.734	7.389	338	657	6	8	9	4
61	20.577	56.679	125	100	2760779	22086.232	6801.726	19933.000	13315	41569	369.864	667.920	6.896	1.489	0.373	1.470	369.963	667.930	6.871	365	665	6	11	7	3
62	10.041	34.236	61	53	1451476	23794.689	7733.684	22444.000	13356	41165	469.098	723.262	7.246	1.096	0.248	1.117	469.061	723.246	7.298	467	720	6	5	7	3
63	20.906	59.129	127	87	4001897	31511.000	15483.159	27157.000	13388	65535	338.827	739.630	7.827	1.506	0.259	1.472	338.884	739.695	7.825	336	736	6	7	9	5
64	6.091	23.548	37	36	729371	19712.730	3683.443	19576.000	13224	28490	451.865	746.649	6.568	0.860	0.194	0.876	451.853	746.623	6.556	450	745	6	5	5	3
65	1.975	15.343	12	12	183004	15250.333	1326.172	15387.500	13320	17406	441.417	805.083	6.250	0.739	0.299	0.787	441.360	805.066	6.276	439	803	6	5	5	2
66	24.034	63.680	146	106	4940800	33841.098	15226.036	31147.000	13279	65535	371.034	835.719	7.822	1.582	0.321	1.585	371.045	835.715	7.855	367	832	6	9	9	4
67	12.346	39.443	75	55	2205568	29407.574	12734.127	26347.000	13533	60356	309.573	867.213	7.707	1.280	0.234	1.261	309.601	867.144	7.689	307	865	6	6	6	4
68	31.441	72.300	191	117	7246532	37939.957	18912.260	32880.000	13476	65535	360.911	880.403	7.880	1.812	0.295	1.813	360.938	880.341	7.811	358	877	6	7	9	5
69	20.083	54.715	122	95	3476284	28494.131	11723.222	26737.000	13253	61681	412.459	898.689	7.148	1.457	0.305	1.415	412.510	898.586	7.119	410	895	6	6	9	4
70	26.009	62.920	158	120	5134124	32494.455	12221.335	31492.500	13333	62595	318.854	907.608	7.063	1.552	0.298	1.551	318.821	907.586	7.060	315	904	6	9	8	4
71	25.351	65.162	154	103	4496027	29194.980	11951.799	26311.500	13826	58841	407.169	909.688	7.416	1.642	0.256	1.660	407.172	909.724	7.396	403	906	6	9	9	4
72	12.346	40.373	75	59	1775260	23670.133	7670.784	22424.000	13355	41796	364.040	910.427	7.173	1.216	0.201	1.214	364.136	910.395	7.194	361	908	6	7	6	4
73	30.289	69.850	184	119	6168446	33524.164	16578.562	27135.000	13276	65535	300.549	914.076	7.533	1.699	0.200	1.709	300.565	914.077	7.549	297	910	6	9	9	4
74	11.358	39.098	69	51	1955775	28344.564	10753.552	28346.000	13216	50879	355.014	919.304	7.565	1.244	0.241	1.194	354.926	919.249	7.554	353	917	6	6	6	4
75	15.968	46.406	97	76	2716052	28000.535	11437.993	25848.000	13206	57968	361.567	932.330	7.062	1.316	0.227	1.303	361.636	932.341	7.088	358	929	6	8	7	4
76	28.149	68.816	171	121	5187602	30336.854	14491.655	25838.000	13204	63072	362.591	953.743	7.731	1.658	0.311	1.656	362.661	953.721	7.717	358	950	6	10	8	5
77	23.869	65.885	145	116	3415565	23555.621	7372.804	22655.000	13214	47841	322.476	973.621	7.400	1.557	0.431	1.561	322.645	973.459	7.347	319	969	6	8	10	4
78	8.889	33.168	54	45	1777152	32910.223	16679.467	27305.500	13264	65535	317.130	987.537	7.333	1.205	0.337	1.190	317.141	987.656	7.341	314	986	6	6	4	4
79	8.066	28.788	49	49	985923	20120.877	4873.379	18958.000	13599	34300	467.490	75.082	7.469	0.962	0.262	0.938	467.524	75.023	7.448	465	73	7	6	6	2
80	13.663	40.166	83	68	1825849	21998.182	6223.259	20356.000	13273	36608	409.036	132.349	7.843	1.232	0.203	1.243	409.111	132.356	7.806	406	129	7	7	7	3
81	60.249	121.015	366	213	12726265	34771.215	16858.107	31309.500	13223	65535	397.680	167.637	9.331	2.235	0.427	2.217	397.612	167.711	9.334	392	162	7	12	12	6
82	36.051	93.984	219	170	5642459	25764.652	10010.034	24178.000	13209	60267	536.904	189.612	9.242	1.837	0.589	1.785	536.752	189.419	9.203	530	186	7	14	8	5
83	18.601	53.648	113	79	3668499	32464.594	16622.350	26345.000	13239	65535	413.814	202.619	9.221	1.480	0.301	1.486	413.902	202.607	9.216	411	199	7	6	8	5
84	17.943	53.889	109	83	3157155	28964.725	12600.109	26601.000	13237	65535	520.716	315.183	8.917	1.395	0.265	1.371	520.662	315.215	8.923	518	312	7	7	8	5
85	23.375	63.887	142	102	4817972	33929.379	16916.250	27194.000	13280	65535	517.134	357.577	8.613	1.647	0.359	1.632	517.317	357.373	8.625	513	354	7	8	10	5
86	29.795	68.438	181	114	6906865	38159.477	18854.471	32622.000	13539	65535	359.066	431.961	8.906	1.761	0.289	1.722	359.053	431.895	8.859	356	428	7	8	8	5
87	7.901	27.650	48	47	973704	20285.500	3978.779	19838.500	13657	28101	434.771	666.021	7.542	0.940	0.243	0.976	434.809	666.048	7.578	432	664	7	6	5	3
88	2.798	15.825	17	17	252976	14880.941	1416.172	14647.000	13281	17812	426.176	726.118	7.941	0.703	0.303	0.676	426.143	726.092	7.944	424	724	7	5	6	2
89	25.515	67.645	155	104	5009750	32320.967	16104.192	26301.000	13315	65535	390.194	739.987	8.542	1.676	0.345	1.697	390.182	740.093	8.514	387	735	7	7	11	4
90	16.791	53.611	102	99	2073609	20329.500	4372.354	20159.500	13376	30033	413.451	740.451	8.441	1.491	0.578	1.540	413.502	740.390	8.431	410	735	7	7	12	3
91	25.844	61.197	157	106	4852424	30907.160	14760.008	25770.000	13399	65535	434.917	746.860	8.490	1.620	0.202	1.629	434.968	746.942	8.474	432	743	7	7	8	4
92	6.585	27.306	40	40	660972	16524.301	2532.256	16290.000	13282	22808	448.675	754.850	7.525	0.893	0.228	0.893	448.642	754.845	7.525	446	753	7	6	5	2
93	7.078	32.409	43	43	698607	16246.675	2118.198	15801.000	13211	20807	348.674	756.605	7.535	1.000	0.355	0.898	348.683	756.521	7.556	346	754	7	6	8	2
94	24.034	64.577	146	100	4592711	31456.924	15047.523	28748.500	13256	65535	299.911	757.781	8.973	1.601	0.311	1.566	299.922	757.692	8.954	297	754	7	8	9	5
95	10.206	35.822	62	54	1477644	23832.967	8582.228	21827.500	13273	45368	404.371	804.419	7.742	1.109	0.234	1.125	404.412	804.452	7.708	402	801	7	6	8	3
96	1.646	12.274	10	10	148166	14816.600	1421.721	14257.000	13300	16990	257.000	867.800	7.700	0.647	0.215	0.639	256.977	867.784	7.728	256	866	7	4	4	2
97	15.638	46.718	95	68	2604529	27416.096	11458.817	25119.000	13498	57406	308.411	875.484	8.337	1.370	0.232	1.343	308.459	875.510	8.332	305	873	7	7	6	4
98	11.688	39.372	71	66	1394150	19635.916	4894.916	18510.000	13324	34000	253.085	886.338	7.732	1.127	0.320	1.128	253.113	886.231	7.751	251	883	7	5	8	3
99	18.601	57.094	113	90	2685392	23764.531	8250.714	21471.000	13250	39743	449.920	69.637	9.575	1.374	0.287	1.430	449.992	69.575	9.570	447	66	8	7	8	4
100	26.503	73.264	161	120	4042948	25111.479	10421.476	21077.000	13357	59528	428.522	73.981	9.652	1.588	0.341	1.642	428.280	73.870	9.621	424	70	8	11	9	4
101	70.455	184.551	428	347	9111698	21289.014	6422.440	19947.000	13217	45757	428.708	98.119	9.766	2.785	0.891	2.765	428.396	98.194	9.776	419	89	8	22	18	5
102	15.474	44.820	94	77	2151996	22893.574	6611.340	21531.500	13337	41234	395.862	145.628	9.000	1.304	0.236	1.313	395.782	145.540	8.936	393	143	8	7	7	3
103	13.334	42.063	81	64	2435363	30066.209	11991.550	29832.000	13279	59898	403.926	155.654	9.062	1.265	0.223	1.243	403.920	155.642	9.027	401	153	8	7	6	4
104	21.894	64.543	133	93	4963583	37320.172	18632.592	31910.000	13431	65535	546.955	215.414	9.677	1.635	0.386	1.670	546.985	215.397	9.697	542	213	8	10	6	5
105	16.791	48.096	102	76	3043751	29840.695	15354.478	25596.500	13210	65535	485.912	251.157	9.735	1.380	0.224	1.375	485.945	251.145	9.726	483	249	8	7	6	4
106	18.766	50.027	114	81	3736749	32778.500	15715.912	29954.000	13408	65535	495.877	274.982	9.667	1.468	0.261	1.493	495.951	274.990	9.692	493	271	8	6	8	4
107	48.561	99.776	295	192	10191585	34547.746	16308.747	30434.000	13309	65535	515.654	467.722	9.617	2.031	0.439	1.980	515.613	467.734	9.631	509	464	8	14	8	5
108	22.388	59.199	136	86	5333201	39214.715	19730.234	32960.500	13221	65535	345.846	596.088	9.875	1.672	0.345	1.606	345.847	596.066	9.869	343	593	8	7	7	5
109	3.622	20.928	22	22	337778	15353.546	1810.431	14967.000	13361	20193	418.909	751.273	8.273	0.795	0.234	0.844	418.926	751.249	8.252	417	749	8	5	5	2
110	17.284	60.749	105	94	2056834	19588.895	5649.719	18123.000	13212	38573	445.943	77.676	9.800	1.432	0.476	1.373	445.757	77.522	9.805	443	73	9	9	10	3
111	7.243	31.616	44	38	804316	18279.908	4480.400	16632.500	13309	30693	482.273	121.636	9.977	1.017	0.251	1.030	482.301	121.625	9.974	480	119	9	5	7	3
112	22.058	63.680	134	98	3345268	24964.688	9720.238	21137.000	13223	48015	437.194	124.448	10.284	1.549	0.337	1.574	437.182	124.469	10.311	435	120	9	6	10	4
113	3.128	14.550	19	19	326125	17164.475	2578.667	16625.000	13692	21763	515.421	139.053	9.526	0.694	0.122	0.682	515.422	139.064	9.530	514	138	9	4	3	2
114	18.766	52.507	114	112	2452957	21517.166	4813.059	21438.500	13333	33251	448.798	172.053	10.421	1.382	0.482	1.382	448.831	172.085	10.441	445	168	9	8	10	3
115	21.235	62.164	129	93	3951570	30632.326	15405.202	26293.000	13358	65535	519.659	246.279	11.194	1.603	0.407	1.652	519.599	246.352	11.155	517	241	9	6	10	5
116	23.869	67.612	145	93	5032144	34704.441	17836.678	30053.000	13251	65535	454.269	250.759	10.924	1.689	0.357	1.698	454.293	250.775	10.870	451	247	9	7	9	5
117	20.248	56.509	123	84	4174605	33939.879	16193.811	30013.000	13310	65535	437.553	277.943	10.341	1.512	0.238	1.518	437.502	277.909	10.275	435	274	9	7	9	4
118	26.009	70.851	158	117	4204028	26607.771	11737.640	22185.500	13228	59302	509.057	283.892	10.449	1.704	0.421	1.695	509.153	283.690	10.473	506	279	9	7	11	4
119	14.321	42.441	87	70	2228544	25615.449	9828.168	23289.000	13204	50706	412.092	304.575	10.103	1.272	0.212	1.279	412.328	304.627	10.141	408	302	9	9	6	3
120	17.614	60.886	107	97	2173012	20308.523	6003.349	18439.000	13321	40372	462.449	316.645	10.607	1.610	0.558	1.725	462.483	316.525	10.621	458	311	9	9	12	4
121	25.680	64.851	156	107	4048192	25949.949	11911.479	21952.000	13408	65535	386.506	349.231	10.673	1.604	0.244	1.614	386.549	349.333	10.668	383	345	9	8	9	4
122	21.564	58.543	131	93	4277487	32652.572	16132.647	27979.000	13266	65535	427.031	349.679	10.664	1.572	0.315	1.614	427.041	349.576	10.672	425	346	9	5	9	5
123	13.169	43.649	80	60	2366212	29577.650	13905.895	24979.500	13220	65535	447.388	367.513	10.762	1.293	0.247	1.264	447.360	367.502	10.800	445	365	9	6	6	4
124	25.515	63.506	155	118	4146794	26753.510	9231.006	25790.000	13480	51368	381.703	380.013	10.161	1.530	0.320	1.516	381.692	380.070	10.167	379	376	9	7	10	4
125	28.149	73.849	171	126	4259983	24912.182	9711.987	22679.000	13206	56184	371.491	380.450	11.012	1.639	0.378	1.557	371.405	380.419	11.021	368	375	9	9	11	5
126	27.491	69.643	167	125	4182728	25046.275	9010.314	23422.000	13427	46152	446.192	451.587	10.695	1.633	0.323	1.634	446.252	451.442	10.673	443	446	9	7	12	4
127	22.881	64.128	139	93	4026660	28968.777	13147.288	22765.000	13495	64161	500.525	453.835	10.525	1.635	0.328	1.621	500.579	453.757	10.529	497	450	9	8	9	4
128	20.906	58.921	127	102	3323840	26171.969	9555.215	24919.000	13363	57374	414.740	456.197	10.843	1.429	0.324	1.450	414.783	456.260	10.822	412	452	9	7	9	4
129	22.881	63.335	139	99	3912086	28144.504	12826.767	23978.000	13281	57960	448.129	487.237	10.353	1.577	0.320	1.606	448.118	487.171	10.369	446	482	9	6	11	4
130	21.071	57.613	128	84	4071093	31805.414	16056.271	26671.500	13429	65535	480.148	512.078	11.086	1.618	0.354	1.542	480.163	512.140	11.020	477	509	9	7	7	5
131	23.046	61.267	140	92	4595360	32824.000	16583.227	29348.500	13363	65535	353.500	555.379	10.807	1.605	0.305	1.576	353.493	555.375	10.785	351	552	9	6	8	5
132	26.009	64.025	158	104	5106166	32317.506	15669.604	27487.500	13249	65535	380.734	684.848	11.411	1.643	0.233	1.647	380.746	684.922	11.386	377	681	9	8	9	5
133	28.478	70.024	173	109	5746509	33216.816	17086.768	28168.000	13275	65535	416.133	704.052	10.873	1.743	0.303	1.725	416.121	704.055	10.846	413	700	9	7	9	5
134	17.449	50.475	106	80	3343192	31539.547	13729.794	29406.000	13774	64775	438.783	893.292	10.255	1.422	0.291	1.410	438.762	893.293	10.223	437	889	9	5	9	4
135	22.223	62.991	135	94	3594703	26627.430	11444.050	23712.000	13252	58846	484.800	182.526	11.393	1.556	0.257	1.580	484.828	182.589	11.372	482	178	10	7	10	4
136	13.334	42.200	81	64	1814437	22400.457	7112.046	20676.000	13707	40845	461.444	395.889	10.926	1.251	0.214	1.230	461.401	395.986	10.942	459	392	10	6	8	3
137	22.717	63.921	138	100	3256581	23598.412	8391.555	21501.500	13229	44926	490.768	403.007	11.630	1.514	0.300	1.555	490.858	403.116	11.597	487	399	10	8	9	4
138	15.638	48.786	95	76	2308317	24298.074	10678.577	21046.000	13232	60145	407.632	433.695	11.095	1.363	0.320	1.314	407.669	433.704	11.148	405	430	10	6	9	4
139	21.894	59.370	133	101	3621782	27231.443	9469.554	26667.000	13262	48103	435.308	453.383	11.857	1.486	0.324	1.465	435.319	453.395	11.862	431	450	10	9	7	5
140	4.609	20.135	28	28	494895	17674.822	2492.270	17458.500	13640	24236	460.393	504.214	10.607	0.801	0.204	0.797	460.483	504.216	10.636	458	503	10	6	4	2
141	21.400	60.233	130	88	4177434	32134.107	16270.172	29185.500	13203	65535	479.538	583.231	11.815	1.571	0.297	1.560	479.539	583.201	11.790	477	580	10	7	8	5
142	11.852	40.821	72	58	1604420	22283.611	8286.120	20453.500	13323	45610	368.778	612.292	11.347	1.195	0.242	1.202	368.772	612.237	11.349	366	610	10	7	6	4
143	21.729	61.957	132	95	3864247	29274.598	14005.073	25865.000	13204	65535	409.947	634.780	11.591	1.586	0.353	1.573	410.024	634.783	11.546	406	632	10	8	8	5
144	10.535	33.202	64	53	1506853	23544.578	8157.772	21653.000	13490	47319	431.312	659.469	10.953	1.160	0.190	1.155	431.292	659.423	10.943	429	657	10	5	6	3
145	18.108	55.301	110	93	2417388	21976.254	6544.475	21657.500	13283	36826	434.836	676.782	10.782	1.326	0.281	1.377	434.763	676.756	10.748	431	673	10	9	8	3
146	17.943	62.783	109	96	2099630	19262.660	4952.363	17600.000	13263	37823	339.615	674.275	11.349	1.458	0.466	1.527	339.700	674.408	11.293	335	669	10	9	10	4
147	7.737	27.202	47	47	911613	19396.021	3542.876	18487.000	13517	25465	480.511	681.170	10.468	0.922	0.232	0.911	480.523	681.169	10.469	478	678	10	6	6	2
148	3.457	17.514	21	21	322312	15348.190	1442.550	15050.000	13305	18947	394.762	685.905	10.667	0.792	0.260	0.746	394.756	685.950	10.667	394	683	10	3	6	2
149	7.901	31.512	48	44	996990	20770.625	6298.819	19108.500	13224	37671	490.083	701.083	10.729	1.027	0.266	0.980	490.248	701.042	10.720	487	699	10	7	6	3
150	16.461	48.889	100	71	3114090	31140.900	15413.895	25345.500	13306	65535	353.110	701.140	11.700	1.404	0.229	1.385	353.148	701.100	11.722	350	698	10	7	7	4
151	22.058	58.095	134	92	3783385	28234.217	11636.152	24980.500	13228	53911	469.798	743.463	11.381	1.555	0.212	1.563	469.798	743.447	11.382	467	740	10	7	8	4
152	42.141	91.019	256	172	7772160	30360.000	14168.935	26453.500	13219	65535	313.211	774.168	11.590	1.966	0.444	1.911	313.236	774.309	11.586	310	768	10	8	13	4
153	12.840	41.166	78	65	1873393	24017.859	8276.632	21786.000	13629	46011	347.103	777.833	11.115	1.243	0.260	1.217	347.049	777.932	11.125	345	774	10	5	8	4
154	5.597	25.823	34	33	596206	17535.471	3249.245	17033.500	13340	24870	451.794	800.029	11.176	0.905	0.269	0.899	451.798	800.012	11.168	450	798	10	5	6	3
155	17.284	51.406	105	79	2866231	27297.438	10587.594	25563.000	13318	56713	414.505	828.562	11.790	1.380	0.240	1.334	414.549	828.551	11.794	411	825	10	8	8	4
156	11.688	42.545	71	64	1404157	19776.859	4790.574	18926.000	13215	29633	253.085	876.437	11.268	1.140	0.278	1.148	253.107	876.431	11.255	250	873	10	7	8	3
157	20.412	54.578	124	86	3820867	30813.443	14296.979	25926.000	13342	65535	249.597	920.444	11.419	1.516	0.227	1.533	249.577	920.403	11.363	247	917	10	6	8	4
158	22.717	60.956	138	97	3646288	26422.377	9885.370	24646.500	13252	53884	347.319	934.094	11.232	1.572	0.284	1.566	347.337	934.166	11.195	344	930	10	8	9	4
159	3.786	21.031	23	23	371440	16149.565	2383.260	16374.000	13322	24352	418.652	585.261	11.391	0.773	0.196	0.814	418.632	585.341	11.367	417	583	11	4	5	2
160	8.889	35.166	54	52	968567	17936.426	3060.593	17576.500	13360	26029	344.185	791.482	11.667	1.026	0.275	1.023	344.198	791.457	11.645	341	788	11	7	7	3
161	17.449	52.062	106	73	2770523	26137.010	10832.916	21878.500	13240	56059	428.491	812.226	12.557	1.473	0.267	1.536	428.420	812.290	12.511	425	809	11	8	7	4
162	26.503	68.127	161	114	4238046	26323.268	9213.999	24207.000	13209	46378	286.553	832.988	12.627	1.657	0.322	1.664	286.521	833.007	12.618	283	829	11	9	9	4
163	4.115	20.342	25	23	467519	18700.760	4643.001	16567.000	13384	30072	353.400	873.960	12.000	0.850	0.241	0.970	353.401	873.938	11.989	352	872	11	4	4	3
164	38.520	81.158	234	157	6425191	27458.082	11090.302	24341.500	13292	54697	284.838	879.218	12.645	1.809	0.271	1.813	284.767	879.162	12.639	281	875	11	9	10	4
165	16.626	51.888	101	82	2009501	19896.049	4391.295	19061.000	13319	32682	393.871	897.040	12.079	1.346	0.292	1.312	393.906	897.047	12.075	389	894	11	10	8	3
166	27.491	69.817	167	117	4960272	29702.229	12269.116	27046.000	13261	57470	398.150	904.311	12.581	1.729	0.358	1.709	398.002	904.297	12.487	394	901	11	10	8	4
167	24.692	73.264	150	125	3447741	22984.939	7218.429	21599.500	13310	44819	332.747	911.020	12.453	1.622	0.548	1.690	332.519	910.955	12.435	328	907	11	11	9	4
168	6.914	26.961	42	41	716038	17048.523	2094.565	16952.500	13457	21263	382.333	928.905	12.429	0.898	0.223	0.924	382.379	928.838	12.416	380	927	11	6	5	3
169	17.778	49.923	108	78	3162538	29282.760	13165.573	25159.000	13879	59504	281.009	936.972	12.685	1.416	0.210	1.397	281.034	937.034	12.702	278	934	11	7	7	4
170	10.206	38.168	62	50	1793081	28920.662	14018.407	23493.500	13329	59803	273.210	974.919	12.468	1.237	0.310	1.293	273.049	975.020	12.459	270	973	11	7	5	4
171	17.778	51.095	108	88	2304384	21336.889	6217.059	20650.000	13265	37931	389.787	980.972	12.000	1.382	0.280	1.329	389.849	980.897	11.989	387	977	11	7	9	3
172	7.078	26.064	43	43	770365	17915.465	3136.357	18527.000	13436	24801	387.279	922.372	12.465	0.898	0.224	0.892	387.280	922.387	12.476	385	920	12	5	6	2
173	9.383	42.304	57	51	1017989	17859.457	4711.386	16030.000	13205	35038	226.404	961.211	13.175	1.151	0.350	1.111	226.400	961.259	13.201	223	958	12	8	7	4
