 	Volume (micron^3)	Surface (micron^2)	Nb of obj. voxels	Nb of surf. voxels	IntDen	Mean	StdDev	Median	Min	Max	X	Y	Z	Mean dist. to surf. (micron)	SD dist. to surf. (micron)	Median dist. to surf. (micron)	XM	YM	ZM	BX	BY	BZ	B-width	B-height	B-depth
1	48.397	98.019	294	177	11371831	38679.699	19062.801	32850.000	13670	65535	409.381	206.779	8.231	2.036	0.274	2.035	409.451	206.715	8.290	404	203	6	12	9	6
2	31.935	94.365	194	142	6195632	31936.248	15874.099	27293.500	13548	65535	468.082	243.180	8.036	1.978	0.582	2.079	467.942	243.605	8.061	464	237	6	10	13	5
3	34.734	82.884	211	142	7817513	37049.824	17234.117	33662.000	13450	65535	590.896	377.085	8.536	1.871	0.416	1.821	590.900	377.051	8.559	585	375	6	13	6	6
4	5.761	26.995	35	34	656601	18760.029	3947.044	17557.000	13932	31240	512.057	260.486	8.029	0.935	0.334	1.025	512.182	260.508	8.027	509	258	7	7	6	3
5	33.417	78.678	203	131	7811947	38482.496	18860.135	33541.000	13519	65535	315.266	266.374	8.645	1.793	0.268	1.779	315.255	266.378	8.684	312	262	7	8	10	5
6	40.824	90.537	248	155	8673719	34974.672	17001.434	31200.000	13539	65535	388.448	271.508	8.665	1.883	0.263	1.906	388.402	271.543	8.690	384	266	7	10	11	5
7	20.412	57.509	124	81	4310592	34762.840	17612.219	31439.500	13506	65535	489.661	285.895	9.000	1.554	0.299	1.462	489.678	285.881	8.994	487	283	7	7	7	5
8	35.557	80.090	216	146	7454831	34513.105	16137.870	30602.000	13554	65535	414.278	303.380	9.269	1.812	0.333	1.792	414.292	303.312	9.222	411	298	7	7	12	5
9	63.212	164.975	384	256	13329729	34712.836	17932.588	28393.500	13521	65535	262.172	314.344	9.409	2.758	0.890	2.839	261.837	313.928	9.363	256	306	7	14	19	6
10	39.343	87.539	239	140	9466841	39610.215	19472.268	34780.000	13501	65535	328.431	337.310	9.130	1.947	0.270	1.979	328.404	337.314	9.154	324	333	7	10	9	5
11	31.606	75.402	192	128	6521539	33966.348	15881.837	32093.500	13506	65535	343.568	344.401	8.849	1.765	0.334	1.794	343.508	344.373	8.867	338	342	7	12	7	5
12	40.824	90.263	248	143	9751919	39322.254	19385.531	37265.000	13573	65535	320.694	369.028	9.726	1.970	0.282	1.954	320.746	369.072	9.681	316	365	7	10	9	6
13	30.618	74.920	186	118	6752165	36301.961	17580.949	32322.500	13513	65535	531.790	494.968	9.495	1.781	0.332	1.730	531.791	494.935	9.451	529	490	7	7	10	6
14	30.289	76.988	184	124	6071747	32998.625	16160.054	29329.000	13505	65535	376.826	539.364	9.255	1.731	0.324	1.751	376.900	539.373	9.209	372	536	7	11	8	5
15	33.252	79.126	202	122	7215933	35722.441	17518.750	31783.000	13497	65535	818.926	674.475	9.416	1.827	0.280	1.781	818.821	674.541	9.414	815	671	7	9	8	6
16	23.375	61.645	142	103	4396219	30959.289	13560.941	28303.500	13527	65535	930.923	715.232	8.838	1.554	0.285	1.514	931.063	715.427	8.859	927	711	7	9	8	5
17	13.169	45.991	80	80	1437433	17967.912	3507.139	16874.000	13527	28872	389.038	208.212	8.575	1.203	0.369	1.256	389.058	208.202	8.602	386	204	8	7	9	2
18	17.614	47.785	107	84	3203660	29940.748	12084.466	27489.000	13545	63710	406.028	288.738	9.028	1.336	0.204	1.335	405.999	288.803	9.031	402	286	8	9	7	3
19	37.532	91.779	228	148	7050869	30924.863	15040.433	27034.500	13455	65535	523.561	316.368	10.009	1.939	0.479	1.999	523.367	316.040	9.933	520	311	8	9	12	5
20	28.149	70.988	171	122	4642601	27149.713	10628.965	24843.000	13625	55470	611.702	356.363	9.596	1.664	0.326	1.656	611.658	356.475	9.621	606	353	8	11	7	4
21	26.338	59.989	160	125	4603550	28772.188	10672.113	26714.500	13506	59144	468.100	372.281	9.019	1.531	0.301	1.544	467.997	372.326	9.015	465	367	8	7	11	3
22	27.326	72.678	166	117	5021544	30250.266	13527.135	27872.000	13459	65535	306.175	403.404	9.867	1.615	0.283	1.603	306.234	403.361	9.855	303	399	8	8	10	5
23	13.828	48.578	84	75	1614316	19218.047	5043.416	17851.500	13554	35038	307.405	418.179	9.238	1.353	0.381	1.336	307.291	418.131	9.214	303	416	8	9	7	3
24	31.935	77.195	194	126	7060850	36396.133	16706.361	33236.500	13836	65535	391.149	431.691	10.361	1.755	0.257	1.749	391.225	431.776	10.302	387	428	8	10	8	5
25	35.063	77.574	213	136	6948073	32620.061	15261.297	27994.000	13449	65535	496.131	437.117	10.423	1.803	0.259	1.807	496.176	437.206	10.435	492	433	8	9	10	5
26	46.915	120.118	285	199	7664049	26891.400	10509.037	24748.000	13465	60405	697.239	456.046	10.340	2.223	0.781	2.122	697.205	456.083	10.332	693	449	8	10	16	6
27	2.469	14.894	15	15	264720	17648.000	3147.932	16335.000	13555	24286	585.800	457.467	9.133	0.663	0.262	0.654	585.786	457.444	9.116	584	456	8	4	4	3
28	15.638	48.511	95	65	3458879	36409.254	18014.430	30035.000	13777	65535	383.789	460.800	9.653	1.493	0.394	1.470	383.774	460.801	9.640	381	458	8	6	7	5
29	36.709	80.850	223	138	8125087	36435.367	17894.250	31007.000	13609	65535	351.063	466.910	9.821	1.853	0.248	1.847	351.096	466.911	9.797	347	463	8	9	9	5
30	29.466	72.712	179	129	5181483	28946.832	12118.125	25832.000	13543	59332	522.564	476.944	9.855	1.633	0.297	1.660	522.524	476.832	9.839	519	473	8	9	9	4
31	49.878	118.087	303	182	9809005	32372.953	15789.746	27688.000	13516	65535	349.452	489.845	11.439	2.470	0.852	2.536	349.393	489.850	11.454	345	486	8	11	9	8
32	30.124	72.852	183	114	7344373	40133.188	19224.016	36296.000	13724	65535	394.645	496.197	10.120	1.814	0.336	1.864	394.745	496.222	10.132	390	493	8	10	7	5
33	22.058	72.882	134	125	2568324	19166.598	4028.314	18733.500	13508	35999	493.858	503.440	9.381	1.775	0.592	1.773	493.917	503.408	9.375	487	498	8	13	11	3
34	5.432	23.203	33	32	681089	20639.061	5372.681	20052.000	13501	31499	592.151	523.970	9.394	0.841	0.223	0.859	592.161	523.990	9.432	590	522	8	5	5	3
35	30.618	82.677	186	133	4872085	26194.006	9512.862	23703.000	13548	51312	724.151	539.204	10.156	1.783	0.505	1.859	724.152	539.138	10.122	720	534	8	9	12	5
36	17.120	53.233	104	84	2450848	23565.846	8755.647	21012.000	13514	44380	815.173	539.837	9.606	1.382	0.339	1.404	815.199	539.740	9.599	812	537	8	7	9	4
37	7.572	30.685	46	37	1122549	24403.238	9379.609	22917.500	13465	45574	551.913	539.326	9.630	1.060	0.261	1.006	551.807	539.407	9.601	550	537	8	5	5	4
38	29.137	70.299	177	122	5492515	31031.158	14115.772	27813.000	13503	65535	438.305	545.203	9.441	1.654	0.213	1.657	438.308	545.255	9.395	435	541	8	8	9	4
39	29.960	73.886	182	116	6098779	33509.773	15914.385	31156.500	13542	65535	673.374	546.687	10.027	1.739	0.275	1.755	673.389	546.707	10.011	670	543	8	8	8	5
40	20.248	60.404	123	93	2915242	23701.154	7959.864	21587.000	13498	41491	789.374	553.488	9.780	1.461	0.315	1.471	789.309	553.371	9.739	786	550	8	8	8	4
41	31.935	73.264	194	130	6135807	31627.871	14501.649	26553.000	13926	65535	534.320	557.871	9.479	1.732	0.271	1.697	534.375	557.762	9.457	531	553	8	8	11	4
42	29.466	71.851	179	120	6329316	35359.309	16268.456	30931.000	13773	65535	549.184	555.715	10.296	1.727	0.298	1.727	549.203	555.718	10.247	545	553	8	10	7	5
43	28.149	68.920	171	109	5781466	33809.742	17159.621	28945.000	13693	65535	714.778	568.743	9.626	1.704	0.271	1.673	714.723	568.811	9.596	711	564	8	8	10	5
44	33.252	81.746	202	128	6834781	33835.551	16024.337	30345.500	13492	65535	995.079	567.510	10.371	1.828	0.336	1.748	995.040	567.441	10.339	991	563	8	9	10	6
45	47.409	104.879	288	179	9746701	33842.711	16656.055	29638.000	13450	65535	493.851	577.441	10.535	1.988	0.298	1.972	494.054	577.340	10.487	488	573	8	12	10	6
46	63.212	150.978	384	244	12448718	32418.537	16258.806	27246.500	13606	65535	679.737	581.346	11.503	2.810	1.128	2.755	679.337	581.057	11.214	673	576	8	13	15	9
47	22.058	56.509	134	95	4570564	34108.688	16270.999	30933.500	13653	65535	694.582	585.672	9.321	1.520	0.204	1.536	694.531	585.596	9.296	691	583	8	8	7	4
48	32.429	71.955	197	121	7478159	37960.199	18346.859	32333.000	13530	65535	833.701	612.056	9.990	1.840	0.292	1.870	833.763	612.078	9.962	830	609	8	8	7	5
49	13.663	42.407	83	60	2166223	26099.072	9483.461	24558.000	13463	43773	822.687	613.518	9.675	1.316	0.235	1.293	822.655	613.478	9.643	820	611	8	6	6	4
50	34.734	81.746	211	132	7259014	34402.910	16837.842	30503.000	13495	65535	760.896	617.062	10.194	1.813	0.258	1.788	760.878	617.049	10.178	757	613	8	9	9	5
51	13.169	43.786	80	63	1986889	24836.113	8759.416	23577.500	13776	45133	984.725	622.100	9.675	1.249	0.244	1.269	984.678	622.110	9.655	982	619	8	7	7	4
52	37.367	84.263	227	143	7478032	32942.871	16383.396	28413.000	13462	65535	827.546	640.048	9.731	1.899	0.356	1.907	827.495	640.062	9.693	823	637	8	10	8	5
53	15.638	47.062	95	67	2771282	29171.389	12721.647	25778.000	13577	59684	820.789	652.021	9.421	1.381	0.218	1.373	820.854	652.047	9.389	818	649	8	7	7	4
54	2.469	15.687	15	14	238966	15931.066	2097.145	15027.000	13740	19303	995.333	666.467	8.867	0.712	0.263	0.701	995.324	666.490	8.873	994	665	8	5	4	3
55	13.334	43.682	81	70	1789190	22088.766	6788.847	20463.000	13677	43502	961.654	673.185	9.198	1.243	0.294	1.248	961.641	673.238	9.217	959	669	8	6	9	3
56	35.063	76.228	213	145	6465322	30353.625	12636.304	26718.000	13477	60011	982.225	679.066	9.380	1.784	0.302	1.771	982.292	679.139	9.344	977	676	8	11	7	4
57	23.046	64.818	140	102	3706863	26477.594	9717.987	24799.500	13481	52583	996.986	715.764	9.257	1.574	0.346	1.576	996.994	715.763	9.250	992	713	8	10	7	4
58	5.761	33.135	35	35	1125477	32156.486	17627.676	25990.000	13819	65535	555.971	263.886	11.400	1.189	0.509	1.065	556.195	263.850	11.398	553	262	9	6	4	5
59	2.634	13.412	16	16	263905	16494.062	1944.324	16273.000	13889	20042	335.188	308.188	9.438	0.662	0.109	0.651	335.176	308.206	9.411	334	307	9	3	4	2
60	24.528	63.921	149	104	3846537	25815.684	10642.259	22628.000	13530	57940	559.980	319.470	10.591	1.568	0.198	1.587	559.991	319.516	10.595	556	316	9	9	8	4
61	1.646	13.860	10	10	142870	14287.000	895.538	13984.000	13482	15728	433.600	326.000	9.200	0.758	0.325	0.772	433.631	326.019	9.192	431	325	9	6	3	2
62	18.437	55.060	112	86	2591468	23138.107	8119.290	20975.000	13474	49296	533.232	340.223	10.670	1.411	0.269	1.413	533.251	340.195	10.649	530	337	9	7	8	4
63	27.820	77.918	169	126	4037338	23889.574	8645.573	22090.000	13726	50736	517.917	361.728	10.740	1.722	0.520	1.785	518.172	361.618	10.697	513	357	9	11	11	4
64	29.137	73.953	177	129	4451266	25148.395	8141.794	23471.000	13534	46217	380.977	383.339	10.842	1.620	0.327	1.615	380.907	383.366	10.842	377	379	9	9	10	4
65	30.289	72.092	184	119	6178942	33581.207	16011.087	29406.500	13476	65535	599.641	383.245	11.158	1.720	0.269	1.715	599.708	383.259	11.186	596	380	9	8	8	5
66	43.294	114.122	263	176	7201868	27383.529	13101.461	23478.000	13499	65535	517.970	389.194	12.240	2.427	0.848	2.567	517.601	389.479	11.918	512	384	9	13	11	8
67	31.277	92.297	190	132	5001289	26322.574	12401.627	22375.500	13473	65535	666.263	405.242	12.474	2.088	0.769	2.196	666.414	405.549	12.188	662	400	9	9	11	8
68	54.652	138.496	332	217	8715113	26250.340	10738.962	23435.000	13474	60084	678.726	413.901	12.494	2.403	0.829	2.375	678.532	413.701	12.631	674	408	9	13	13	7
69	14.815	45.510	90	70	2110974	23455.268	7880.712	21408.500	13608	48174	575.378	457.344	10.022	1.293	0.219	1.252	575.386	457.351	9.977	572	454	9	8	7	3
70	11.523	38.097	70	58	1559259	22275.129	7130.346	19991.000	13498	42314	618.529	461.329	9.857	1.179	0.215	1.169	618.484	461.353	9.824	616	458	9	6	7	3
71	52.018	129.257	316	202	9454561	29919.496	14491.299	25463.500	13481	65535	570.250	492.899	13.775	2.617	1.082	2.539	570.147	493.113	13.978	565	489	9	10	9	9
72	11.358	38.546	69	57	1572497	22789.812	6601.235	22654.000	13597	35432	578.899	494.623	10.768	1.175	0.231	1.172	578.874	494.651	10.712	576	492	9	7	6	4
73	22.881	69.506	139	112	2983968	21467.396	5131.716	21613.000	13450	32434	833.489	502.914	11.317	1.549	0.499	1.613	833.507	502.783	11.289	830	498	9	8	11	5
74	16.955	53.785	103	81	2392310	23226.311	7639.971	21128.000	13689	43887	792.874	520.777	10.233	1.416	0.326	1.365	792.885	520.781	10.224	789	518	9	9	7	4
75	16.955	53.336	103	81	2688548	26102.408	10773.372	23756.000	13461	60549	572.466	521.893	10.184	1.363	0.259	1.358	572.511	521.909	10.159	569	518	9	7	8	4
76	17.449	51.165	106	78	2823487	26636.670	10559.726	24473.000	13465	52694	619.387	521.708	10.736	1.394	0.221	1.391	619.301	521.690	10.735	617	519	9	7	7	4
77	58.273	139.942	354	249	9844787	27810.133	11409.825	26475.500	13449	65535	503.034	550.175	10.452	2.423	0.780	2.509	502.662	550.184	10.394	494	546	9	19	9	4
78	3.292	18.652	20	20	328855	16442.750	2326.220	15842.500	13916	23110	386.200	560.200	9.700	0.777	0.278	0.751	386.187	560.197	9.710	385	558	9	4	6	2
79	13.005	42.200	79	68	1769402	22397.494	6373.758	21856.000	13492	39725	604.721	566.886	9.861	1.227	0.277	1.211	604.692	566.871	9.846	602	564	9	7	7	3
80	17.943	52.888	109	82	2649002	24302.771	8750.406	22523.000	13495	44364	478.156	576.367	10.624	1.396	0.217	1.429	478.146	576.309	10.594	475	572	9	7	9	4
81	2.469	17.618	15	15	254177	16945.133	3410.345	16613.000	13454	23311	869.000	585.667	9.867	0.730	0.287	0.704	868.994	585.617	9.888	868	584	9	3	5	3
82	30.618	72.712	186	131	5548933	29832.973	12907.792	27131.000	13523	65535	623.521	593.333	10.785	1.670	0.333	1.666	623.509	593.415	10.818	619	589	9	10	9	4
83	17.120	63.784	104	86	2285807	21978.914	7495.332	19506.000	13504	45336	649.837	604.096	10.125	1.626	0.577	1.650	650.024	603.720	10.173	646	600	9	9	11	4
84	13.498	39.132	82	66	1918618	23397.781	6538.261	22530.000	13734	42370	821.366	605.061	9.939	1.234	0.178	1.232	821.369	605.010	9.939	819	602	9	6	7	3
85	7.572	32.409	46	41	969721	21080.891	6263.375	18897.000	13482	36334	894.500	604.000	10.217	1.011	0.236	1.058	894.469	603.996	10.239	892	602	9	7	5	3
86	36.215	93.468	220	150	7172693	32603.150	15090.665	30364.500	13565	65535	613.241	608.164	10.827	1.899	0.477	1.916	613.266	608.238	10.874	608	603	9	11	12	5
87	15.803	46.751	96	74	2468677	25715.385	8784.563	24085.500	13722	50614	769.677	609.781	10.938	1.302	0.210	1.317	769.652	609.778	10.934	766	607	9	8	7	4
88	2.305	14.653	14	14	283966	20283.285	5376.799	19518.500	13857	30733	916.357	612.286	10.143	0.698	0.300	0.695	916.355	612.300	10.162	915	611	9	3	4	3
89	14.815	44.476	90	70	2162862	24031.801	8274.582	22118.500	13701	48335	514.189	615.622	10.178	1.282	0.207	1.292	514.265	615.554	10.220	511	613	9	7	7	4
90	11.029	35.374	67	55	1466557	21888.910	6148.599	20820.000	13456	34953	691.910	617.806	9.910	1.148	0.175	1.180	691.878	617.830	9.869	689	616	9	7	5	3
91	2.634	13.860	16	15	339237	21202.312	6594.681	19534.000	14753	39909	917.938	621.688	10.250	0.743	0.247	0.729	917.934	621.712	10.237	917	621	9	3	3	3
92	4.280	18.997	26	26	449087	17272.576	2558.994	16589.000	14330	23861	918.423	630.308	9.615	0.764	0.172	0.783	918.440	630.318	9.630	917	628	9	4	5	2
93	22.717	67.197	138	101	3404215	24668.225	8502.287	23664.500	13546	44722	670.428	647.261	10.406	1.594	0.414	1.663	670.409	647.218	10.402	667	643	9	8	10	4
94	6.749	28.099	41	41	684484	16694.732	2576.373	16458.000	13527	23961	979.049	646.707	9.463	0.927	0.262	0.942	979.028	646.772	9.467	977	645	9	6	5	2
95	18.931	51.406	115	79	3051639	26535.992	10613.416	23252.000	13601	55709	749.852	669.043	10.443	1.451	0.192	1.459	749.841	669.087	10.418	747	666	9	7	7	4
96	35.227	83.333	214	134	7344034	34317.914	16666.482	32183.500	13489	65535	636.430	681.332	11.051	1.873	0.322	1.953	636.433	681.352	11.070	633	677	9	8	11	5
97	32.264	72.230	196	130	6226110	31765.867	14437.883	27022.500	13679	65535	814.888	685.418	10.388	1.737	0.227	1.726	814.659	685.532	10.337	810	682	9	10	8	4
98	23.540	62.024	143	114	2955723	20669.393	5853.404	19237.000	13464	36692	903.154	693.266	9.979	1.514	0.341	1.521	903.108	693.268	9.992	898	691	9	11	6	3
99	16.791	50.509	102	84	2281373	22366.402	6463.569	21739.500	13461	38424	783.431	693.353	10.216	1.311	0.264	1.335	783.440	693.462	10.249	780	690	9	8	7	4
100	26.832	67.160	163	121	4262415	26149.785	8679.904	24766.000	13459	52064	821.153	707.215	10.074	1.569	0.335	1.567	821.067	707.240	10.071	817	703	9	9	10	4
101	24.034	63.817	146	108	3708876	25403.260	9553.315	24121.000	13608	54588	737.692	724.767	10.897	1.549	0.324	1.523	737.741	724.881	10.904	734	720	9	8	10	4
102	22.058	58.473	134	101	3627748	27072.746	11309.373	24489.000	13635	59113	747.836	742.299	10.978	1.473	0.256	1.452	747.825	742.438	10.972	744	738	9	8	9	4
103	19.754	64.747	120	111	2274572	18954.768	3804.780	18154.500	13568	29021	838.558	748.308	10.583	1.641	0.626	1.670	838.567	748.398	10.576	833	743	9	11	11	4
104	22.717	59.266	138	102	3494412	25321.826	8787.620	23327.500	13537	48084	800.348	752.036	10.399	1.541	0.299	1.550	800.251	752.065	10.391	797	748	9	7	9	4
105	28.149	66.608	171	137	3986347	23311.971	6148.295	22884.000	13695	40958	970.614	755.959	10.006	1.644	0.424	1.605	970.521	756.026	9.979	965	752	9	12	8	3
106	19.918	59.059	121	96	2628215	21720.785	6946.594	20085.000	13468	39957	859.174	756.694	10.107	1.474	0.364	1.437	859.377	756.602	10.136	854	754	9	11	6	4
107	21.894	64.058	133	110	2859412	21499.338	5420.263	21100.000	13486	36009	992.143	772.940	10.256	1.430	0.317	1.461	992.101	772.925	10.285	988	769	9	9	9	4
108	2.634	14.894	16	16	263506	16469.125	3293.686	15014.000	13627	23829	972.875	786.000	9.688	0.668	0.169	0.676	972.815	785.962	9.720	971	784	9	4	4	2
109	32.100	77.470	195	132	5724550	29356.666	11722.751	27010.000	13478	58488	962.410	803.282	11.482	1.752	0.291	1.720	962.301	803.283	11.438	958	799	9	11	9	5
110	29.960	70.884	182	130	4814245	26451.896	10690.194	23987.500	13508	57880	407.247	225.055	11.341	1.680	0.296	1.714	407.258	224.888	11.316	404	221	10	7	10	4
111	19.260	81.024	117	103	2646017	22615.529	7690.876	21082.000	13531	46747	616.607	363.393	11.624	1.768	0.717	1.696	616.619	363.415	11.604	612	359	10	13	9	4
112	10.700	35.374	65	52	1395418	21467.969	6199.498	19694.000	13468	36229	557.354	375.600	10.877	1.153	0.166	1.138	557.322	375.644	10.862	555	373	10	6	6	3
113	33.746	82.710	205	148	5665821	27638.150	11093.658	25565.000	13469	60734	520.834	402.015	11.541	1.784	0.416	1.774	520.948	401.898	11.495	516	397	10	10	11	4
114	6.420	23.892	39	39	705637	18093.256	2721.832	18178.000	13968	24325	677.923	423.333	10.487	0.866	0.206	0.864	677.890	423.356	10.513	676	421	10	5	6	2
115	12.346	36.167	75	62	2059327	27457.693	10594.995	24621.000	13530	59178	714.853	442.213	11.000	1.196	0.175	1.205	714.777	442.098	10.991	712	440	10	6	6	3
116	26.338	61.230	160	124	4488713	28054.457	9499.862	26357.500	13693	51265	729.350	451.881	11.906	1.529	0.287	1.563	729.422	451.831	11.861	725	448	10	9	8	4
117	27.655	71.678	168	122	4443780	26451.072	10362.148	24578.000	13580	55448	812.327	471.637	12.125	1.614	0.301	1.604	812.477	471.583	12.112	808	468	10	9	9	5
118	15.803	51.958	96	76	2323690	24205.104	8865.598	21519.000	13615	49570	652.208	518.375	11.323	1.399	0.337	1.452	652.292	518.424	11.326	649	514	10	7	10	4
119	5.268	25.030	32	32	527634	16488.562	2534.500	15364.000	13547	22531	853.594	519.250	10.500	0.914	0.287	0.889	853.619	519.315	10.498	851	516	10	6	6	2
120	17.943	55.990	109	88	2173779	19942.926	5073.447	19400.000	13498	37396	970.220	577.771	11.009	1.391	0.303	1.351	970.243	577.767	11.011	967	573	10	8	10	3
121	8.725	33.202	53	45	1081594	20407.434	5841.497	18279.000	13655	33525	835.132	581.528	11.226	1.070	0.222	1.081	835.117	581.547	11.251	832	579	10	7	6	3
122	14.980	42.200	91	73	2119386	23289.955	7119.842	21919.000	13474	46129	517.802	607.209	11.000	1.276	0.195	1.267	517.884	607.152	10.997	515	605	10	7	6	3
123	10.371	33.098	63	54	1427390	22656.984	6379.421	20505.000	13723	39476	699.667	617.825	10.825	1.122	0.197	1.130	699.657	617.783	10.802	697	616	10	6	5	3
124	3.292	17.722	20	18	433719	21685.949	6931.831	20936.000	13478	35829	904.900	619.750	10.800	0.813	0.242	0.842	904.923	619.725	10.771	903	619	10	5	3	3
125	10.535	38.131	64	63	1254249	19597.641	4269.960	18814.000	13472	29268	614.766	629.016	10.516	1.061	0.299	1.050	614.796	629.009	10.520	611	626	10	8	7	3
126	21.729	57.094	132	95	3767082	28538.500	12767.765	24377.500	13560	60387	543.061	640.349	11.689	1.499	0.216	1.495	543.079	640.361	11.691	540	637	10	7	8	4
127	16.955	52.510	103	76	3004352	29168.467	11473.859	27441.000	13729	54083	516.592	649.476	11.291	1.453	0.323	1.438	516.735	649.380	11.315	513	647	10	8	7	4
128	15.803	52.543	96	81	2158570	22485.104	6412.227	23096.000	13506	36435	541.552	656.448	11.542	1.288	0.278	1.310	541.573	656.433	11.528	538	653	10	8	8	4
129	17.943	49.267	109	87	2887919	26494.670	9427.048	25564.000	13544	51788	647.917	686.560	11.073	1.344	0.221	1.354	647.888	686.607	11.053	644	683	10	8	8	3
130	7.737	29.581	47	40	858630	18268.723	4168.351	17077.000	13480	28627	757.723	714.809	10.979	1.053	0.219	1.069	757.687	714.789	10.973	756	712	10	4	7	3
131	18.108	53.266	110	86	2285346	20775.873	5858.475	18807.000	13628	37714	814.973	736.573	10.918	1.361	0.237	1.350	814.927	736.540	10.869	811	732	10	8	10	3
132	27.326	68.231	166	113	5007804	30167.494	12620.919	26702.000	13485	63014	765.506	753.440	11.687	1.644	0.248	1.634	765.510	753.507	11.680	762	749	10	8	9	5
133	10.535	37.545	64	58	1288121	20126.891	4414.642	19480.500	13711	30397	779.109	758.891	11.203	1.147	0.299	1.174	779.098	758.903	11.214	777	755	10	6	8	3
134	7.078	32.201	43	42	729224	16958.697	2843.437	15984.000	13493	22625	363.070	197.442	11.767	1.081	0.411	1.090	363.025	197.468	11.781	360	195	11	7	7	3
135	75.393	172.357	458	262	18720548	40874.559	19805.496	37147.000	13461	65535	332.192	235.074	15.262	3.011	1.269	2.943	332.232	235.095	15.156	326	228	11	13	14	11
136	9.054	33.580	55	55	914690	16630.727	2296.636	16324.000	13480	23184	469.273	255.727	11.618	1.015	0.313	0.977	469.272	255.732	11.640	466	252	11	7	8	3
137	48.232	101.814	293	154	12327840	42074.539	19686.770	39952.000	13590	65535	453.249	321.563	14.198	2.191	0.426	2.175	453.245	321.570	14.173	449	318	11	10	8	7
138	7.572	30.685	46	42	1207295	26245.543	10656.637	23346.500	14047	65535	619.478	356.848	11.848	1.062	0.276	1.100	619.439	356.628	11.903	617	355	11	5	6	3
139	27.820	69.265	169	116	4552383	26937.178	9810.107	25745.000	13534	53955	653.982	390.047	12.621	1.648	0.251	1.622	654.020	390.125	12.638	650	386	11	8	9	5
140	78.521	178.216	477	268	17192704	36043.406	18384.371	30521.000	13531	65535	336.365	479.864	15.524	3.276	1.405	3.326	336.480	479.855	15.369	330	474	11	12	12	12
141	4.445	21.962	27	27	449767	16658.037	2587.779	15866.000	13450	23126	756.630	490.704	11.259	0.802	0.239	0.794	756.614	490.719	11.237	754	488	11	6	6	2
142	4.609	22.721	28	24	725205	25900.178	9747.144	23865.000	13689	47443	653.964	492.214	12.500	0.933	0.304	0.883	654.040	492.255	12.523	651	491	11	6	3	4
143	4.609	27.409	28	28	446198	15935.643	2038.711	15414.000	13527	21026	744.821	500.357	11.250	0.875	0.278	0.894	744.849	500.416	11.229	742	498	11	6	6	2
144	31.771	118.914	193	161	3761144	19487.793	5002.264	18221.000	13480	34798	999.487	564.264	15.482	2.337	0.990	2.358	999.424	564.374	15.486	993	558	11	13	12	9
145	50.701	102.226	308	173	11645286	37809.371	18090.457	34590.000	13453	65535	400.649	568.360	13.091	2.098	0.242	2.091	400.648	568.372	13.136	396	564	11	10	11	6
146	2.140	13.308	13	13	194880	14990.770	1430.699	14094.000	13466	17379	942.615	576.462	11.154	0.593	0.198	0.644	942.614	576.490	11.139	941	575	11	4	4	2
147	10.700	37.442	65	63	1313441	20206.785	4967.604	19038.000	13481	32110	461.846	592.631	11.554	1.066	0.283	1.091	461.885	592.591	11.554	459	590	11	7	7	3
148	8.066	33.547	49	44	928531	18949.611	4515.965	18066.000	13689	30348	573.347	664.878	11.776	1.079	0.283	1.079	573.330	664.871	11.799	571	662	11	6	7	3
149	3.786	20.376	23	23	386385	16799.348	2632.098	15617.000	14043	22871	721.043	665.696	11.130	0.805	0.296	0.867	721.152	665.761	11.112	718	664	11	6	5	2
150	41.977	118.050	255	194	6475057	25392.381	11565.685	21706.000	13470	65535	596.733	688.671	13.776	2.085	0.600	2.052	597.247	688.848	13.625	590	683	11	13	12	6
151	1.975	13.653	12	12	184831	15402.583	1610.978	14817.500	13622	18498	671.000	693.333	11.000	0.700	0.268	0.692	670.913	693.314	11.000	669	692	11	5	4	1
152	26.503	85.019	161	141	3138656	19494.758	4543.511	19067.000	13459	36934	674.627	712.478	12.590	1.937	0.860	1.734	674.681	712.357	12.523	670	708	11	11	9	7
153	3.622	18.997	22	22	356614	16209.728	2234.754	15485.000	13531	21424	821.636	752.727	11.273	0.781	0.268	0.762	821.633	752.706	11.249	820	750	11	4	7	2
154	18.766	54.819	114	83	2573686	22576.193	7336.786	20571.500	13454	40646	934.763	818.307	12.447	1.445	0.264	1.480	934.762	818.386	12.471	931	815	11	8	7	4
155	55.804	118.636	339	210	12217237	36039.047	17191.168	31994.000	13495	65535	488.832	247.611	14.794	2.181	0.488	2.095	489.005	247.591	14.746	482	244	12	14	9	7
156	6.585	28.099	40	38	737681	18442.025	4056.605	17657.500	13536	29627	390.075	359.625	12.700	0.930	0.267	0.904	390.101	359.614	12.722	388	357	12	6	6	3
157	40.660	87.917	247	150	8256497	33427.113	16216.826	30927.000	13463	65535	499.292	383.231	13.866	1.913	0.229	1.928	499.157	383.268	13.817	495	380	12	10	9	5
158	10.371	37.994	63	56	1297981	20602.873	4921.438	19878.000	13869	31605	377.841	403.175	13.413	1.082	0.295	1.066	377.828	403.177	13.403	375	400	12	7	7	4
159	14.651	47.511	89	66	2614462	29375.977	12840.807	27287.000	13581	65535	511.876	405.798	13.978	1.345	0.290	1.304	511.806	405.831	13.969	509	403	12	7	7	5
160	40.495	87.572	246	154	8322707	33832.141	17053.826	29996.500	13451	65535	460.699	436.224	13.894	1.921	0.276	1.936	460.724	436.080	13.870	456	432	12	10	10	5
161	73.418	163.804	446	264	14896127	33399.387	16250.761	29000.500	13735	65535	582.545	445.545	16.054	3.003	1.131	2.994	582.239	445.978	15.769	577	437	12	13	17	9
162	23.046	63.854	140	95	4688793	33491.379	17332.664	27786.500	13581	65535	350.771	481.514	13.943	1.677	0.396	1.768	350.607	481.544	13.901	347	479	12	9	6	5
163	45.598	94.606	277	166	10805326	39008.398	18430.635	35251.000	13528	65535	427.653	491.534	14.220	2.000	0.254	1.983	427.655	491.529	14.209	423	487	12	10	10	5
164	14.321	45.372	87	64	1918414	22050.736	6794.116	19085.000	13523	40451	854.943	508.598	13.391	1.329	0.276	1.345	854.939	508.540	13.391	852	506	12	7	7	4
165	16.297	50.820	99	78	2670001	26969.707	11059.499	24673.000	13457	57796	700.838	531.495	14.030	1.370	0.299	1.351	700.837	531.543	14.025	698	527	12	6	9	5
166	33.746	76.884	205	133	5953891	29043.371	10585.820	26813.000	13462	62135	765.254	550.224	14.561	1.772	0.240	1.743	765.285	550.217	14.532	762	546	12	8	10	6
167	44.281	96.952	269	153	10762957	40010.992	19298.652	35291.000	13461	65535	410.145	565.978	14.881	2.058	0.345	2.089	410.155	565.978	14.828	407	561	12	8	11	7
168	10.041	35.718	61	53	1273152	20871.344	5416.778	19805.000	13497	31314	508.115	646.590	12.787	1.108	0.233	1.112	508.152	646.612	12.775	506	643	12	6	8	3
169	3.951	22.618	24	23	388548	16189.500	2696.560	15267.000	13486	22619	811.375	771.708	12.667	0.791	0.242	0.793	811.429	771.724	12.689	810	769	12	4	6	3
170	10.371	36.856	63	53	1234988	19602.984	4699.014	18398.000	13805	31418	836.540	780.778	13.190	1.117	0.198	1.124	836.484	780.769	13.196	834	778	12	7	6	3
171	35.721	100.987	217	151	5733010	26419.400	9939.594	24762.000	13555	65535	562.747	268.484	17.664	2.002	0.671	1.869	562.868	268.366	17.548	559	265	13	10	8	8
172	23.211	60.611	141	96	3930514	27875.986	11713.405	23472.000	13470	57310	312.028	325.660	14.539	1.564	0.188	1.556	312.069	325.714	14.522	309	322	13	7	9	4
173	2.798	19.549	17	17	283405	16670.883	2565.013	16398.000	13594	22107	560.176	361.235	13.765	0.779	0.251	0.851	560.130	361.245	13.774	558	359	13	5	5	2
174	1.975	11.585	12	12	311738	25978.166	7719.475	26985.500	14236	39390	303.917	391.500	14.333	0.666	0.241	0.630	303.823	391.493	14.356	303	391	13	3	2	3
175	39.507	91.123	240	160	6384435	26601.812	10460.584	24118.000	13474	56066	429.179	435.658	14.525	1.825	0.267	1.837	429.116	435.618	14.571	425	431	13	10	10	5
176	41.318	92.020	251	165	7758440	30910.119	14473.083	27267.000	13454	65535	446.040	447.649	15.243	1.909	0.346	1.885	446.054	447.467	15.201	442	443	13	9	11	5
177	26.997	68.816	164	113	4608232	28098.977	11891.033	25764.000	13506	62311	632.165	470.634	14.287	1.638	0.315	1.663	632.210	470.613	14.223	627	468	13	11	7	4
178	9.712	37.408	59	54	1170531	19839.508	4585.716	19299.000	13485	32208	436.373	495.390	14.356	1.130	0.350	1.150	436.393	495.506	14.335	433	492	13	7	7	3
179	22.881	61.404	139	97	3755679	27019.273	10314.094	24788.000	13512	60185	945.453	547.612	14.295	1.573	0.302	1.596	945.376	547.636	14.256	942	543	13	7	10	4
180	13.663	45.683	83	63	2189895	26384.277	12130.693	23453.000	13620	64629	429.590	556.313	14.446	1.360	0.293	1.450	429.592	556.297	14.429	427	553	13	6	7	4
181	8.725	30.615	53	52	1049185	19795.943	4418.696	18681.000	13518	28398	909.057	554.830	14.434	0.970	0.246	1.001	909.063	554.811	14.437	906	552	13	6	7	3
182	26.009	66.919	158	120	3840752	24308.557	8939.331	21825.500	13595	55039	474.601	562.886	13.924	1.555	0.331	1.564	474.609	563.029	13.949	471	558	13	8	10	4
183	5.268	27.995	32	32	510048	15939.000	2355.940	14897.000	13562	21389	876.844	558.219	14.125	0.948	0.380	0.919	876.815	558.287	14.109	875	555	13	5	8	3
184	44.775	96.882	272	160	9508257	34956.828	16258.652	32274.500	13550	65535	581.445	595.669	15.107	1.999	0.258	2.021	581.396	595.624	15.099	577	591	13	10	10	6
185	14.486	42.200	88	70	2086821	23713.875	6796.842	23190.500	13854	40333	652.545	627.648	13.943	1.270	0.197	1.240	652.547	627.689	13.907	650	624	13	6	8	3
186	24.528	64.747	149	115	3762501	25251.684	8365.569	24166.000	13627	54668	713.564	627.443	14.960	1.511	0.268	1.496	713.626	627.465	14.920	709	624	13	10	8	5
187	8.231	28.203	50	44	910458	18209.160	3697.017	17303.500	13456	27416	899.320	628.480	13.840	1.058	0.230	1.072	899.308	628.478	13.818	898	626	13	4	6	3
188	44.281	119.810	269	176	6221657	23128.836	8879.894	20436.000	13469	51336	700.160	630.777	17.877	2.468	0.951	2.442	700.273	630.814	18.117	695	626	13	10	10	9
189	18.108	52.199	110	84	2739917	24908.336	8128.120	23563.000	13647	46776	562.627	639.000	14.182	1.405	0.278	1.405	562.583	639.045	14.163	559	636	13	9	6	4
190	15.145	50.924	92	70	1976614	21484.936	6606.312	19072.500	13455	38419	842.826	640.043	14.217	1.342	0.257	1.307	842.768	640.021	14.259	840	637	13	7	7	4
191	13.828	42.545	84	65	1829022	21774.072	6343.876	20359.000	13819	41150	795.905	670.869	14.000	1.257	0.184	1.287	795.959	670.851	13.988	793	668	13	7	7	3
192	19.754	80.816	120	110	2328151	19401.258	4724.485	18080.500	13514	30588	852.475	675.167	16.533	2.407	0.853	2.491	852.494	675.121	16.417	847	672	13	11	7	9
193	28.314	71.437	172	120	4266651	24806.111	8749.512	21790.500	13747	49253	773.849	743.558	14.320	1.655	0.269	1.658	773.792	743.448	14.310	770	739	13	10	9	4
194	11.194	39.235	68	59	1437797	21144.074	5771.926	20621.500	13471	35035	830.044	790.015	14.353	1.139	0.254	1.118	830.026	790.083	14.374	828	787	13	5	7	4
195	27.491	70.988	167	116	3345822	20034.861	4707.185	19338.000	13546	34769	987.192	809.473	14.425	1.641	0.250	1.630	987.133	809.509	14.424	984	805	13	8	10	4
196	8.231	31.719	50	42	976298	19525.961	5055.673	18787.500	13531	32744	586.420	295.360	14.980	1.081	0.206	1.118	586.353	295.330	14.998	584	293	14	6	6	3
197	25.021	68.853	152	102	4597476	30246.553	13982.136	26765.500	13564	64594	528.007	337.855	16.678	1.714	0.411	1.694	527.952	337.911	16.673	524	335	14	9	6	6
198	39.837	85.882	242	151	7883076	32574.693	12389.004	29478.500	13484	57839	447.256	385.103	15.529	1.867	0.238	1.853	447.170	385.109	15.494	443	381	14	10	10	5
199	24.034	66.507	146	102	4014155	27494.213	11087.071	25255.500	13468	56942	643.822	383.795	16.288	1.647	0.344	1.673	643.793	383.734	16.270	641	379	14	6	10	5
200	5.268	27.272	32	30	595459	18608.094	5265.343	16849.500	13483	32492	328.969	437.969	15.531	0.989	0.370	0.943	328.946	437.939	15.523	327	436	14	5	6	4
201	10.535	33.547	64	55	1454182	22721.594	5709.581	22358.000	13822	34674	710.703	485.797	14.812	1.127	0.200	1.163	710.697	485.794	14.756	708	484	14	6	5	3
202	12.181	42.063	74	57	1703712	23023.135	8513.891	19796.500	13475	48223	582.797	490.027	15.392	1.275	0.271	1.352	582.824	490.018	15.374	580	487	14	6	7	4
203	2.305	18.963	14	14	214441	15317.214	1327.391	15333.000	13613	17976	794.357	503.000	14.429	0.836	0.186	0.790	794.362	503.020	14.431	792	502	14	6	3	2
204	51.195	139.771	311	220	7050550	22670.578	7886.567	20521.000	13459	47344	705.061	510.733	17.556	2.773	1.103	2.756	705.179	510.918	17.624	697	502	14	14	19	7
205	37.367	111.020	227	168	5744490	25306.123	12972.504	19825.000	13459	65535	431.084	513.485	17.925	2.310	0.818	2.319	431.063	513.084	18.335	428	508	14	8	11	8
206	33.087	74.194	201	141	5306092	26398.467	9397.824	24477.000	13642	55805	622.831	539.323	15.751	1.689	0.309	1.750	622.720	539.150	15.739	619	535	14	9	10	4
207	26.503	67.508	161	102	5540370	34412.234	16849.527	28536.000	13678	65535	608.894	562.652	15.888	1.729	0.322	1.718	608.916	562.674	15.888	606	559	14	7	8	5
208	27.984	71.162	170	111	5577309	32807.699	14680.376	29594.000	13523	65455	601.094	568.529	15.588	1.700	0.272	1.710	601.073	568.522	15.551	597	565	14	9	8	5
209	38.026	108.497	231	202	4251290	18403.854	3767.304	17547.000	13539	37607	708.684	617.779	15.173	1.818	0.600	1.871	708.756	617.786	15.177	703	611	14	13	13	3
210	4.280	21.376	26	24	427584	16445.539	2318.232	15887.500	13703	23630	603.885	621.615	15.231	0.849	0.244	0.856	603.886	621.621	15.222	602	620	14	5	4	3
211	21.894	61.301	133	101	2655862	19968.887	4687.366	18880.000	13505	35136	617.030	637.917	15.481	1.517	0.336	1.520	616.993	637.875	15.477	614	634	14	8	8	4
212	53.170	133.771	323	221	9489433	29379.049	15703.227	22845.000	13460	65535	542.898	660.808	15.950	2.381	0.798	2.341	543.780	660.915	16.124	533	657	14	18	9	6
213	31.606	73.679	192	124	5535586	28831.178	11975.429	25931.500	13590	61367	618.922	671.797	15.641	1.779	0.291	1.769	618.927	671.806	15.620	616	668	14	7	9	5
214	32.100	78.230	195	121	5404574	27715.764	11850.426	24322.000	13503	58340	656.662	675.682	15.918	1.815	0.324	1.859	656.616	675.600	15.903	654	671	14	7	11	5
215	15.968	44.957	97	83	2164284	22312.207	6251.384	21292.000	13661	38612	826.732	696.175	14.814	1.298	0.271	1.295	826.840	696.195	14.793	823	693	14	8	7	3
216	46.750	112.331	284	173	11450124	40317.340	20241.680	34979.000	13450	65535	369.169	255.641	18.627	2.288	0.610	2.386	369.183	255.586	18.601	366	251	15	8	11	8
217	40.166	93.057	244	139	9598096	39336.461	18839.428	34513.000	13744	65535	470.570	285.279	18.033	2.078	0.471	2.061	470.553	285.338	17.990	466	282	15	10	8	7
218	27.161	75.024	165	106	5233886	31720.521	15730.452	26247.000	13511	65535	526.867	306.436	17.182	1.749	0.398	1.750	526.811	306.485	17.094	523	303	15	9	8	6
219	29.795	73.749	181	110	6277335	34681.410	17594.283	30586.000	13500	65535	498.989	353.409	17.464	1.823	0.415	1.762	498.989	353.348	17.394	495	351	15	9	6	6
220	13.498	44.338	82	64	1899326	23162.512	7145.288	22167.000	13555	43475	770.354	464.134	16.122	1.269	0.229	1.239	770.386	464.115	16.129	767	462	15	7	6	4
221	19.754	57.958	120	80	3790384	31586.533	15430.608	27789.000	13809	65535	553.017	474.017	16.975	1.560	0.334	1.506	553.008	474.041	16.990	550	471	15	7	7	5
222	28.478	74.023	173	112	4658703	26928.920	10759.229	24748.000	13526	55519	872.491	518.815	16.902	1.701	0.299	1.695	872.453	518.898	16.893	869	514	15	8	10	5
223	7.408	27.065	45	39	862704	19171.199	4699.005	18135.000	13505	31055	966.133	558.444	16.111	1.021	0.186	1.068	966.176	558.421	16.110	964	557	15	5	5	3
224	28.478	75.368	173	118	4348816	25137.664	8698.205	24484.000	13470	46347	496.942	630.156	17.029	1.743	0.380	1.795	496.917	630.315	16.989	493	626	15	9	10	5
225	46.257	95.814	281	161	10483070	37306.301	18358.887	32594.000	13471	65535	430.915	224.495	18.587	2.095	0.365	2.035	430.995	224.607	18.616	427	221	16	9	9	6
226	27.820	72.404	169	107	5179021	30645.094	14428.502	27087.000	13451	65535	411.988	274.178	18.101	1.747	0.336	1.777	411.964	274.180	18.055	408	271	16	9	8	5
227	20.248	55.716	123	92	3446919	28023.732	10547.672	26652.000	13490	57910	568.959	290.268	17.163	1.515	0.298	1.504	568.930	290.246	17.124	566	287	16	7	8	4
228	22.552	63.128	137	104	3205174	23395.430	7479.583	21637.000	13631	41371	493.350	305.095	17.161	1.608	0.420	1.615	493.411	304.878	17.158	490	301	16	7	10	4
229	38.190	86.779	232	143	6188778	26675.768	10180.381	25268.500	13460	53814	374.875	304.522	18.302	1.896	0.310	1.852	374.857	304.540	18.266	370	301	16	11	9	5
230	17.449	54.096	106	78	2962561	27948.689	12156.131	25401.500	13578	64848	419.887	307.057	17.906	1.450	0.344	1.369	419.889	307.031	17.849	417	304	16	7	7	5
231	30.618	76.851	186	121	4914658	26422.893	10882.357	22838.000	13541	59726	612.468	345.731	18.269	1.815	0.411	1.777	612.740	345.775	18.193	607	343	16	11	7	5
232	20.741	58.992	126	84	3342211	26525.484	12114.707	21684.500	13598	61800	538.929	355.595	17.754	1.583	0.323	1.578	538.884	355.597	17.742	535	353	16	9	6	5
233	21.235	57.991	129	87	3472699	26920.146	11904.978	22801.000	13545	65535	420.682	365.992	18.008	1.536	0.288	1.462	420.668	365.989	17.972	417	363	16	8	7	5
234	23.869	65.714	145	97	3373630	23266.414	6404.746	21802.000	13551	36883	587.855	361.607	18.331	1.658	0.342	1.672	587.838	361.620	18.348	585	357	16	7	10	5
235	22.058	64.165	134	91	5189116	38724.746	19677.611	33532.500	13744	65535	269.687	400.067	18.463	1.760	0.542	1.706	269.579	400.197	18.396	267	397	16	6	8	6
236	15.803	50.579	96	67	2594819	27029.365	11510.473	25278.000	13524	55495	594.333	411.417	17.792	1.464	0.352	1.394	594.314	411.559	17.761	591	408	16	7	7	5
237	35.063	94.469	213	152	5808694	27270.863	11531.652	25530.000	13527	65535	465.319	413.254	18.202	1.971	0.616	1.987	464.923	413.092	18.232	460	410	16	12	9	6
238	14.651	46.647	89	73	1988445	22342.078	6760.057	19766.000	13472	41873	552.236	426.472	17.124	1.288	0.240	1.285	552.182	426.390	17.147	549	423	16	8	8	3
239	39.343	92.398	239	168	6101980	25531.297	9024.866	23301.000	13523	49603	669.720	441.820	17.519	1.870	0.428	1.830	669.624	441.760	17.501	665	436	16	10	12	4
240	20.741	55.612	126	93	3186354	25288.523	9154.817	24207.000	13503	51336	369.889	452.262	17.143	1.455	0.235	1.442	369.857	452.245	17.144	367	448	16	7	9	4
241	56.792	118.980	345	207	9610417	27856.281	10866.041	25943.000	13461	52981	737.365	461.600	18.551	2.175	0.404	2.114	737.394	461.557	18.567	733	455	16	10	14	6
242	33.911	80.920	206	123	7374839	35800.188	17880.201	30774.000	13496	65535	423.422	466.335	18.466	1.890	0.370	1.829	423.419	466.331	18.429	420	463	16	8	8	6
243	16.132	61.508	98	84	1913480	19525.307	4724.698	19123.000	13450	33692	556.490	483.235	17.235	1.685	0.525	1.799	556.437	483.368	17.239	553	478	16	8	12	4
244	37.697	88.124	229	138	6430233	28079.619	12149.070	24949.000	13460	64193	482.939	490.192	17.742	1.891	0.290	1.878	482.829	490.142	17.717	479	486	16	9	10	5
245	42.964	92.056	261	150	9364711	35880.117	17929.729	32121.000	13463	65535	367.027	496.828	18.172	2.043	0.346	2.047	367.112	496.906	18.171	363	493	16	10	9	6
246	15.145	59.440	92	79	2311932	25129.695	10596.676	21947.000	13570	54857	452.576	493.554	17.924	1.517	0.475	1.504	452.863	493.713	17.876	448	490	16	10	8	4
247	35.227	84.437	214	125	7611619	35568.312	18053.297	30630.000	13498	65535	359.103	504.925	18.285	1.954	0.420	1.881	359.051	504.972	18.318	356	501	16	8	9	6
248	13.005	42.304	79	65	1771202	22420.279	5405.315	23174.000	13679	33643	399.051	519.760	17.734	1.202	0.224	1.244	399.050	519.713	17.675	396	517	16	7	7	4
249	23.046	62.750	140	92	4035933	28828.094	13129.474	26061.000	13493	65535	383.171	533.793	18.029	1.592	0.293	1.533	383.245	533.662	17.989	380	531	16	8	7	5
250	42.141	91.953	256	150	8566522	33462.977	16144.305	31185.000	13521	65535	440.145	538.531	18.469	2.002	0.337	1.968	440.099	538.565	18.438	436	534	16	9	10	6
251	6.749	29.444	41	36	765900	18680.488	4556.882	17402.000	13626	29105	720.219	580.244	16.683	0.997	0.239	0.975	720.237	580.253	16.667	717	578	16	6	6	3
252	20.412	59.818	124	92	2786410	22471.049	7636.730	20744.000	13461	39010	945.742	591.766	17.677	1.539	0.360	1.537	945.739	591.716	17.674	942	588	16	9	8	4
253	17.449	56.887	106	89	1915922	18074.736	3909.228	16807.500	13491	29921	764.528	625.566	16.896	1.413	0.404	1.384	764.556	625.705	16.908	761	620	16	7	11	3
254	9.054	33.650	55	46	1096649	19939.072	4837.072	18401.000	13587	34136	940.291	818.327	17.200	1.097	0.206	1.118	940.301	818.321	17.220	938	815	16	6	7	3
255	42.800	102.329	260	169	7755322	29828.162	12479.022	26493.000	13448	59893	383.669	221.919	18.600	2.003	0.481	2.063	383.736	221.940	18.607	378	217	17	12	11	5
256	26.503	68.783	161	114	4607047	28615.199	12196.391	24906.000	13612	62734	469.000	229.957	18.565	1.711	0.349	1.715	469.161	229.980	18.563	464	227	17	10	8	5
257	21.894	68.749	133	99	4085529	30718.264	14260.965	28122.000	13492	65535	348.970	253.564	18.632	1.688	0.456	1.705	348.972	253.558	18.712	345	248	17	8	11	5
258	40.166	86.609	244	148	9402723	38535.750	18034.307	34920.000	13473	65535	417.623	258.123	19.119	1.983	0.342	1.997	417.555	258.148	19.066	414	254	17	8	9	6
259	7.572	37.134	46	41	844112	18350.262	4013.153	17483.000	13687	28728	544.587	259.696	18.435	1.159	0.401	1.145	544.681	259.665	18.404	541	257	17	7	6	4
260	32.594	74.746	198	129	5238226	26455.688	9950.255	23671.000	13777	55685	437.141	264.116	18.429	1.735	0.198	1.739	437.103	264.139	18.425	433	260	17	10	9	4
261	11.523	37.960	70	55	1532745	21896.357	5487.050	20896.500	13761	32632	350.786	275.286	18.829	1.212	0.217	1.203	350.855	275.274	18.778	348	273	17	6	6	4
262	14.486	42.889	88	72	1893760	21520.000	5678.039	20161.500	13663	36187	433.818	321.636	17.920	1.273	0.241	1.276	433.768	321.555	17.925	431	318	17	6	8	3
263	26.338	79.297	160	128	3044295	19026.844	4224.872	17944.000	13471	30762	445.712	347.263	18.594	1.872	0.658	1.895	445.422	347.253	18.594	440	344	17	14	7	4
264	39.343	91.471	239	138	8827276	36934.211	18739.656	33724.000	13473	65535	342.619	351.967	19.536	2.022	0.409	2.010	342.545	351.914	19.559	338	349	17	11	7	6
265	14.651	49.371	89	73	1674404	18813.527	4146.523	17766.000	13454	28845	445.933	355.584	18.640	1.272	0.345	1.321	445.989	355.657	18.624	443	352	17	7	8	4
266	10.535	42.856	64	55	1328976	20765.250	5467.664	19044.000	13649	34974	472.156	367.422	18.188	1.162	0.297	1.140	472.178	367.484	18.200	469	364	17	7	8	4
267	33.417	79.230	203	126	6878026	33881.902	15674.718	29797.000	13625	65535	333.685	374.512	18.847	1.843	0.307	1.875	333.688	374.585	18.839	329	371	17	10	8	5
268	34.898	83.366	212	141	5443858	25678.576	9588.363	23526.500	13449	52599	264.160	376.670	18.703	1.809	0.313	1.802	264.191	376.595	18.700	259	373	17	11	9	5
269	57.450	107.121	349	194	12886058	36922.801	17879.205	30547.000	13465	65535	290.129	386.894	18.974	2.196	0.298	2.182	290.061	386.908	18.956	285	383	17	12	9	5
270	12.511	39.372	76	59	1487992	19578.842	5544.575	18109.500	13457	35541	627.868	389.513	17.947	1.210	0.155	1.209	627.907	389.432	17.953	625	387	17	7	7	3
271	3.786	21.721	23	23	378070	16437.826	2365.226	15671.000	13589	22122	578.826	393.391	17.826	0.774	0.265	0.816	578.819	393.375	17.837	577	391	17	5	6	3
272	53.993	109.122	328	183	12432741	37904.699	18686.148	34651.500	13562	65535	310.058	398.564	19.277	2.224	0.394	2.289	310.015	398.548	19.282	307	393	17	8	13	6
273	26.832	67.612	163	110	5255751	32243.871	15283.132	26718.000	13573	65535	426.110	412.405	19.166	1.772	0.419	1.855	426.106	412.350	19.169	424	408	17	5	10	5
274	39.837	87.539	242	143	8623745	35635.309	17219.371	30819.500	13452	65535	330.591	420.124	19.182	1.963	0.327	1.927	330.533	420.108	19.151	327	416	17	9	9	6
275	7.243	33.031	44	39	1515172	34435.727	16931.533	29755.500	13632	65535	328.591	494.705	19.432	1.212	0.424	1.110	328.469	494.814	19.460	327	493	17	4	5	5
276	13.498	43.545	82	64	1785543	21774.914	6331.491	20099.000	13498	36817	473.768	514.049	18.488	1.280	0.265	1.312	473.715	514.016	18.459	470	512	17	8	5	4
277	15.309	47.785	93	75	1853377	19928.785	5277.787	18915.000	13513	35636	749.667	521.108	17.914	1.317	0.273	1.305	749.686	521.150	17.896	747	517	17	7	9	3
278	9.054	37.408	55	49	1047131	19038.746	4194.722	17892.000	13580	28943	659.036	526.273	18.509	1.085	0.354	1.021	659.049	526.194	18.507	657	523	17	5	8	4
279	2.140	11.826	13	13	200625	15432.692	1479.402	15328.000	13563	18218	905.077	537.000	17.615	0.633	0.117	0.674	905.094	536.980	17.623	904	536	17	3	3	2
280	3.292	21.928	20	20	303498	15174.900	1083.099	15027.500	13854	17964	420.950	538.700	17.550	0.879	0.264	0.898	420.935	538.714	17.553	418	537	17	6	4	2
281	1.975	12.619	12	12	191701	15975.083	1425.332	15828.000	13473	18321	822.667	540.333	17.750	0.623	0.188	0.682	822.643	540.344	17.765	821	539	17	4	4	2
282	2.469	19.653	15	15	226476	15098.400	1390.829	14279.000	13452	17867	825.067	545.333	17.467	0.843	0.227	0.928	825.068	545.348	17.435	823	544	17	5	4	2
283	37.367	83.918	227	142	6296868	27739.506	10886.361	26563.000	13473	58097	571.696	548.084	19.066	1.844	0.252	1.876	571.659	548.080	19.059	568	544	17	9	9	5
284	7.901	32.753	48	41	902944	18811.334	4458.631	17595.000	13645	31591	818.958	552.583	18.229	1.075	0.303	1.078	819.044	552.501	18.238	816	550	17	6	7	4
285	8.395	30.030	51	46	941975	18470.098	3423.866	17784.000	13628	26568	540.784	559.176	18.314	1.005	0.233	1.006	540.800	559.098	18.313	539	557	17	5	6	3
286	12.017	39.925	73	64	1316479	18033.959	3384.677	17068.000	13579	26891	982.397	588.164	18.685	1.149	0.266	1.183	982.400	588.080	18.676	980	585	17	6	7	4
287	22.223	58.440	135	92	3567894	26428.844	9399.049	24966.000	13789	50269	475.296	597.111	18.548	1.568	0.251	1.553	475.298	597.036	18.534	472	594	17	8	7	5
288	15.474	47.752	94	71	2043725	21741.756	6539.552	19579.500	13563	36928	567.617	597.340	18.628	1.347	0.258	1.349	567.586	597.357	18.617	564	595	17	8	6	4
289	5.432	24.997	33	30	578467	17529.303	3194.059	16339.000	13461	23658	745.606	601.545	18.576	0.936	0.311	0.844	745.615	601.551	18.592	744	600	17	5	4	4
290	18.272	52.681	111	87	2584586	23284.559	7465.367	22358.000	13483	45325	630.631	614.000	17.937	1.386	0.270	1.370	630.632	613.977	17.918	627	610	17	7	10	4
291	9.383	34.099	57	47	1075352	18865.824	3727.291	18477.000	13600	30488	876.754	610.842	18.947	1.124	0.200	1.133	876.763	610.856	18.950	874	608	17	6	6	4
292	25.351	64.058	154	117	3362675	21835.553	5253.798	20999.000	13547	34370	533.597	614.045	18.903	1.517	0.277	1.548	533.636	614.082	18.883	530	610	17	9	9	4
293	20.412	57.991	124	89	2939288	23703.936	7917.928	21034.000	13825	43384	796.137	618.935	18.742	1.494	0.279	1.487	796.144	618.880	18.741	793	615	17	7	9	5
294	22.223	60.819	135	92	3383997	25066.645	10107.469	22138.000	13463	54621	941.696	639.163	18.815	1.553	0.265	1.534	941.671	639.145	18.827	938	636	17	8	7	5
295	18.601	55.371	113	82	2713345	24011.902	8399.890	22104.000	13459	48344	786.389	649.398	19.212	1.449	0.272	1.436	786.403	649.429	19.216	783	646	17	7	8	5
296	16.297	48.545	99	70	2518386	25438.242	10037.657	22614.000	13448	52902	897.404	660.071	18.303	1.401	0.222	1.374	897.464	660.028	18.237	894	657	17	7	7	4
297	16.461	50.820	100	76	2081695	20816.949	5658.947	19874.000	13503	36064	911.690	687.430	18.760	1.374	0.295	1.343	911.703	687.383	18.793	909	684	17	7	7	5
298	7.737	30.271	47	46	771766	16420.553	1882.847	16373.000	13594	20646	698.723	704.213	18.426	0.953	0.254	0.944	698.728	704.203	18.411	696	701	17	6	7	3
299	8.889	44.924	54	52	888064	16445.629	2658.849	15808.000	13496	25547	865.630	727.963	18.278	1.399	0.622	1.364	865.761	727.904	18.255	861	724	17	9	9	4
300	12.181	44.787	74	59	1408198	19029.703	4131.550	17942.500	13679	27922	847.270	790.581	18.432	1.229	0.301	1.207	847.295	790.581	18.426	844	788	17	7	6	4
301	5.926	22.755	36	36	609862	16940.611	2426.591	16530.500	13503	22017	884.444	806.417	17.500	0.850	0.203	0.827	884.431	806.425	17.486	882	805	17	6	4	2
302	10.206	35.685	62	44	1437583	23186.822	8488.378	20333.500	13569	42789	302.323	355.097	19.452	1.251	0.264	1.213	302.303	355.078	19.463	300	353	18	6	5	4
303	48.561	105.605	295	175	10588306	35892.562	18213.145	31614.000	13479	65535	364.705	421.610	20.098	2.180	0.454	2.187	364.764	421.523	20.053	361	415	18	8	13	6
304	1.646	11.481	10	10	156197	15619.700	1289.614	15597.500	14116	17817	693.000	464.700	18.300	0.614	0.160	0.646	692.989	464.702	18.280	692	463	18	3	4	2
305	2.634	14.757	16	15	339832	21239.500	7090.550	19158.500	14455	39054	444.750	497.250	19.125	0.820	0.291	0.898	444.723	497.224	19.116	444	496	18	3	3	3
306	27.491	69.506	167	113	4312871	25825.574	10443.650	23207.000	13489	57848	784.479	516.760	19.353	1.638	0.240	1.653	784.299	516.721	19.325	780	513	18	10	8	4
307	10.865	35.477	66	55	1455540	22053.637	6258.638	21150.000	13747	36676	684.712	525.273	18.955	1.168	0.202	1.168	684.686	525.182	18.937	683	522	18	5	7	3
308	19.754	54.130	120	86	2946064	24550.533	9017.358	22675.500	13536	49772	583.617	536.592	19.258	1.470	0.238	1.450	583.647	536.689	19.251	581	533	18	7	8	4
309	19.260	54.819	117	83	2588614	22124.906	6419.141	20834.000	13458	39695	865.171	541.769	19.214	1.462	0.244	1.430	865.220	541.773	19.230	862	539	18	8	7	4
310	5.268	26.375	32	28	539108	16847.125	3420.709	15932.500	13572	25319	742.062	544.188	18.906	0.944	0.248	0.941	742.032	544.203	18.912	740	542	18	6	5	3
311	7.737	29.340	47	41	869491	18499.809	3011.567	18660.000	13504	24418	532.064	562.936	18.723	1.003	0.209	0.977	532.042	562.976	18.693	530	560	18	5	6	3
312	2.798	16.240	17	15	303360	17844.705	3902.051	17751.000	13514	27480	592.000	571.412	19.059	0.824	0.268	0.932	592.006	571.358	19.068	591	570	18	3	4	3
313	30.618	68.472	186	123	5651540	30384.623	12214.436	26836.500	13448	53717	438.656	584.699	19.473	1.706	0.192	1.673	438.604	584.766	19.473	435	581	18	8	9	4
314	7.572	36.408	46	45	762847	16583.631	2358.459	16197.500	13476	21118	957.804	585.761	18.587	1.058	0.364	1.013	957.842	585.809	18.587	955	582	18	6	9	3
315	22.388	60.370	136	94	3264938	24006.896	8453.645	21844.000	13552	46528	497.147	591.493	19.426	1.570	0.266	1.578	497.080	591.496	19.396	494	587	18	7	9	4
316	17.284	53.336	105	81	1994013	18990.600	4491.053	17540.000	13448	29362	721.200	627.019	19.429	1.389	0.335	1.409	721.186	626.938	19.444	719	623	18	6	9	4
317	3.951	20.238	24	24	390224	16259.333	2088.196	15704.500	13720	22305	992.833	637.625	18.458	0.762	0.166	0.750	992.804	637.652	18.434	991	636	18	4	5	2
318	16.955	48.889	103	74	2411828	23415.807	7610.505	22103.000	13602	42872	873.495	658.864	19.340	1.428	0.258	1.424	873.410	658.872	19.309	871	656	18	7	7	4
319	8.889	35.477	54	46	939386	17396.037	3185.772	16660.000	13469	24926	958.148	658.574	18.889	1.140	0.299	1.151	958.110	658.569	18.906	954	657	18	9	4	3
320	17.284	52.406	105	76	2502576	23834.057	8669.195	21164.000	13540	50875	832.552	667.419	19.352	1.443	0.278	1.450	832.522	667.502	19.350	830	663	18	6	9	4
321	9.548	38.650	58	50	1009073	17397.811	3157.964	16688.000	13562	26134	883.121	677.397	18.931	1.188	0.310	1.154	883.113	677.377	18.937	880	675	18	7	7	3
322	11.194	43.786	68	58	1194249	17562.484	3491.022	16158.500	13769	27316	785.647	684.000	19.059	1.187	0.264	1.225	785.646	683.975	19.045	783	681	18	6	8	3
323	9.712	37.304	59	52	1033527	17517.406	3502.403	16462.000	13529	27252	688.831	689.475	18.712	1.105	0.295	1.126	688.837	689.478	18.697	687	686	18	5	8	3
324	10.206	37.960	62	49	1308326	21102.033	5564.468	20902.500	13593	33810	728.403	701.403	19.323	1.246	0.347	1.285	728.402	701.365	19.327	726	699	18	6	6	4
325	14.321	42.545	87	70	1922748	22100.551	6199.366	21131.000	14003	40104	778.655	715.368	18.966	1.261	0.198	1.230	778.596	715.369	18.943	776	713	18	8	6	3
326	22.388	60.334	136	113	2756670	20269.633	4697.199	19532.000	13607	33400	892.794	738.485	19.206	1.459	0.338	1.480	892.818	738.383	19.211	889	734	18	8	11	3
327	6.914	27.650	42	42	711951	16951.215	2103.490	16700.500	13579	22260	787.190	754.262	18.476	0.906	0.242	0.901	787.176	754.273	18.472	785	752	18	6	6	2
328	5.597	29.789	34	32	573052	16854.471	2319.214	16791.000	13533	22405	895.882	769.588	18.853	1.004	0.370	0.947	895.900	769.498	18.845	894	767	18	6	8	3
329	6.749	27.065	41	39	722323	17617.635	2673.338	16933.000	13510	23291	817.415	773.073	18.732	0.972	0.303	0.930	817.433	773.080	18.696	815	771	18	5	5	3
330	8.231	30.893	50	42	1274040	25480.801	9389.975	24077.000	13618	51963	1006.060	776.840	19.360	1.189	0.358	1.119	1006.180	776.789	19.288	1004	775	18	4	5	4
331	7.078	28.203	43	41	764174	17771.488	2975.085	17206.000	13464	24392	968.349	781.302	18.721	1.020	0.328	1.019	968.412	781.311	18.710	965	780	18	7	4	3
332	3.786	20.720	23	23	363095	15786.739	2045.648	15410.000	13456	18960	889.826	797.913	18.087	0.794	0.315	0.869	889.782	797.955	18.074	888	795	18	5	6	2
333	2.469	16.480	15	15	234587	15639.134	1720.087	15493.000	13881	19975	996.867	801.133	19.133	0.736	0.315	0.787	996.857	801.153	19.123	995	800	18	5	3	3
334	13.828	48.026	84	81	1488570	17721.072	2773.111	17652.500	13489	24553	610.905	370.429	19.595	1.227	0.410	1.223	610.813	370.514	19.596	608	366	19	7	9	3
335	3.622	18.204	22	22	358128	16278.546	1707.847	16217.500	13857	19815	990.045	631.773	19.273	0.781	0.256	0.793	990.074	631.753	19.269	989	629	19	3	6	2
336	8.889	30.030	54	48	1016948	18832.371	3860.743	18059.500	13536	25923	985.018	701.148	19.722	1.036	0.208	1.027	985.069	701.114	19.683	983	699	19	6	5	3
337	3.292	19.204	20	20	312434	15621.700	1727.145	15440.000	13480	20106	877.900	721.950	19.500	0.824	0.277	0.723	877.850	721.919	19.497	876	720	19	6	4	2
338	19.095	53.818	116	95	2338469	20159.215	4350.891	19517.000	13518	31945	953.060	723.750	19.940	1.399	0.290	1.378	953.066	723.728	19.916	949	720	19	9	9	3
339	2.140	13.067	13	13	216194	16630.309	2174.418	16029.000	13803	20178	824.692	727.385	19.385	0.641	0.129	0.674	824.680	727.356	19.405	823	726	19	4	4	2
340	3.951	23.755	24	24	353924	14746.833	1199.704	14267.000	13489	17699	860.917	802.083	20.292	0.813	0.281	0.813	860.926	802.060	20.269	859	800	19	5	6	3
