 	Volume (micron^3)	Surface (micron^2)	Nb of obj. voxels	Nb of surf. voxels	IntDen	Mean	StdDev	Median	Min	Max	X	Y	Z	Mean dist. to surf. (micron)	SD dist. to surf. (micron)	Median dist. to surf. (micron)	XM	YM	ZM	BX	BY	BZ	B-width	B-height	B-depth
1	46.092	105.087	280	179	6480701	23145.361	10471.940	22277.000	10105	50931	836.768	689.243	4.121	1.961	0.321	1.985	836.837	689.247	4.078	831	685	2	12	9	5
2	36.380	87.850	221	140	7070885	31994.955	19175.123	25736.000	10084	65535	481.774	407.158	5.353	1.932	0.384	1.916	481.685	407.176	5.342	476	404	3	12	7	6
3	35.557	80.987	216	139	5465107	25301.422	12142.794	22694.500	10086	53857	127.880	418.352	5.380	1.822	0.326	1.799	127.867	418.233	5.311	122	415	3	12	8	5
4	43.129	96.296	262	160	7708687	29422.469	16617.074	25450.500	10126	65535	521.546	453.053	5.275	2.007	0.423	2.007	521.602	453.114	5.269	516	449	3	12	8	6
5	23.704	65.025	144	96	3887011	26993.133	14514.810	24347.500	10244	65535	321.875	483.014	4.931	1.616	0.308	1.575	321.968	482.987	4.923	318	480	3	9	7	5
6	27.491	78.748	167	126	4889533	29278.641	16892.775	23354.000	10100	65535	511.102	502.240	5.539	1.872	0.582	1.885	511.368	502.158	5.535	505	500	3	13	6	6
7	32.100	75.368	195	121	5425069	27820.867	14792.312	24472.000	10128	65535	999.703	520.856	4.964	1.805	0.288	1.811	999.689	520.877	4.935	996	517	3	8	8	5
8	41.154	84.952	250	149	7697392	30789.568	16771.428	25897.500	10087	65535	534.856	528.028	4.960	1.932	0.213	1.948	534.860	527.976	4.928	531	524	3	9	9	5
9	9.383	33.650	57	49	932016	16351.158	5102.290	14703.000	10123	29298	899.175	536.561	4.772	1.147	0.282	1.189	899.154	536.553	4.697	896	535	3	7	4	4
10	24.034	64.818	146	100	3140936	21513.260	9347.611	18402.000	10188	42974	753.308	538.884	4.473	1.650	0.354	1.652	753.460	538.891	4.481	748	536	3	11	6	4
11	33.087	76.366	201	151	4434969	22064.521	8678.619	20865.000	10099	48432	480.806	548.443	4.925	1.749	0.442	1.687	480.835	548.492	4.918	475	545	3	13	8	4
12	15.474	47.544	94	76	1795459	19100.627	6210.875	17866.500	10137	36738	894.894	594.191	4.819	1.352	0.330	1.298	894.844	594.177	4.776	890	592	3	10	5	4
13	26.338	71.333	160	123	3004586	18778.662	6235.639	18121.500	10260	33010	836.050	630.969	4.531	1.570	0.330	1.586	836.079	631.036	4.521	832	627	3	9	9	4
14	43.458	92.916	264	158	7305028	27670.561	14927.395	23431.500	10150	65535	965.303	653.345	4.913	1.999	0.297	2.025	965.340	653.359	4.891	962	648	3	8	12	5
15	12.840	41.270	78	60	1501030	19243.975	6631.251	17915.000	10476	36677	879.218	667.577	4.231	1.247	0.223	1.238	879.224	667.557	4.239	876	665	3	7	6	4
16	31.277	81.161	190	126	4885275	25711.975	12663.309	22164.000	10209	56043	1007.611	668.579	4.826	1.822	0.418	1.821	1007.720	668.421	4.810	1003	664	3	9	10	5
17	20.248	59.922	123	91	2605373	21181.895	8477.010	20222.000	10304	43106	163.447	349.236	6.106	1.517	0.373	1.469	163.444	349.173	6.068	161	345	4	6	10	5
18	32.264	79.023	196	128	4720733	24085.373	11461.843	20765.500	10085	51271	208.648	378.291	5.878	1.798	0.364	1.848	208.597	378.265	5.859	204	375	4	11	7	5
19	37.861	85.642	230	146	6688405	29080.021	15527.648	22715.500	10527	63003	235.457	386.413	5.517	1.873	0.333	1.827	235.507	386.385	5.490	230	383	4	12	8	5
20	19.095	52.440	116	88	2538319	21882.061	8678.005	19415.000	10181	45425	428.483	407.828	5.879	1.426	0.272	1.399	428.490	407.872	5.836	425	405	4	8	7	4
21	26.503	67.301	161	104	4288088	26634.088	15180.962	22214.000	10157	65535	51.043	422.211	5.752	1.699	0.329	1.711	51.085	422.170	5.707	47	419	4	9	7	5
22	14.815	43.304	90	65	2277735	25308.166	13777.918	19798.500	10128	57182	327.700	432.644	5.589	1.374	0.239	1.362	327.716	432.568	5.541	325	430	4	6	6	4
23	23.869	62.301	145	98	3737122	25773.256	13818.031	21724.000	10190	60918	44.172	435.745	5.607	1.609	0.275	1.616	44.165	435.739	5.569	40	433	4	10	6	5
24	28.149	71.852	171	110	4520163	26433.701	14161.876	22521.000	10078	61300	705.427	444.304	5.801	1.698	0.251	1.679	705.417	444.342	5.770	702	440	4	8	9	5
25	10.700	38.994	65	52	1124155	17294.691	5442.586	16396.000	10344	29325	590.446	447.708	5.323	1.167	0.261	1.170	590.426	447.785	5.340	587	445	4	7	6	4
26	29.631	73.541	180	112	5058932	28105.178	15863.257	23704.500	10242	65535	605.678	447.700	5.956	1.806	0.324	1.885	605.617	447.673	5.949	602	444	4	9	8	5
27	17.614	48.474	107	86	1718991	16065.337	3888.644	15147.000	10205	26423	873.542	452.523	5.000	1.351	0.240	1.412	873.566	452.536	4.999	870	450	4	8	6	3
28	7.901	25.271	48	48	664915	13852.396	2101.886	13872.500	10159	17820	887.042	453.188	4.500	0.917	0.216	0.976	886.971	453.101	4.516	885	451	4	5	6	2
29	37.697	91.330	229	160	5200772	22710.795	9427.188	20169.000	10094	44760	35.598	454.205	5.389	2.005	0.609	1.977	35.581	454.182	5.389	29	451	4	15	7	4
30	23.046	66.404	140	104	2924684	20890.600	9135.630	18706.000	10121	48539	471.471	453.100	6.179	1.595	0.386	1.563	471.428	453.031	6.150	467	450	4	10	7	5
31	25.021	65.129	152	98	4014710	26412.566	14399.347	23880.000	10196	65535	348.559	455.638	5.993	1.682	0.331	1.732	348.560	455.644	5.943	345	453	4	9	7	5
32	29.466	73.541	179	110	5171316	28890.033	16676.416	22416.000	10228	65535	27.123	475.268	5.911	1.788	0.309	1.838	27.199	475.160	5.829	23	472	4	10	7	5
33	16.297	48.474	99	86	1563851	15796.475	4194.529	15128.000	10179	28729	816.374	477.778	4.899	1.394	0.388	1.351	816.550	477.747	4.882	812	475	4	10	6	3
34	19.095	55.060	116	91	2133491	18392.164	6960.452	16231.500	10301	37693	519.578	477.224	5.914	1.413	0.309	1.368	519.429	477.168	5.876	515	474	4	10	7	4
35	24.363	65.025	148	107	3330198	22501.338	10474.815	19456.500	10221	46530	296.243	483.014	6.264	1.668	0.406	1.711	296.152	483.006	6.220	291	481	4	11	5	5
36	7.078	30.615	43	42	576072	13397.023	2584.004	12751.000	10337	20924	599.442	487.093	5.233	1.007	0.351	1.032	599.461	487.084	5.201	595	485	4	8	5	3
37	22.881	60.474	139	98	3665414	26369.885	13049.843	21747.000	10177	56471	961.568	494.460	5.511	1.596	0.277	1.582	961.598	494.429	5.513	959	491	4	7	9	4
38	27.161	67.612	165	109	5126563	31070.078	16520.055	25477.000	10110	65535	707.842	496.630	5.752	1.799	0.398	1.806	707.724	496.627	5.700	704	494	4	9	6	5
39	24.363	63.610	148	114	2829077	19115.385	5928.833	18309.500	10128	33944	828.196	499.750	5.182	1.526	0.357	1.530	828.214	499.734	5.199	824	496	4	10	8	4
40	25.186	81.435	153	122	2830406	18499.385	7057.687	16437.000	10114	37721	604.810	503.072	5.386	1.940	0.683	1.962	605.341	502.976	5.401	597	500	4	15	7	4
41	8.889	34.581	54	50	817636	15141.407	4175.264	14291.000	10127	27854	265.370	503.574	5.259	1.129	0.321	1.144	265.256	503.551	5.279	262	502	4	9	4	3
42	18.931	54.749	115	90	1830735	15919.435	4512.517	15093.000	10084	30839	526.530	509.078	5.000	1.393	0.270	1.386	526.586	509.122	4.992	522	506	4	10	8	3
43	14.815	48.648	90	68	1825777	20286.410	7934.770	18470.500	10132	37828	1005.589	508.700	5.789	1.361	0.289	1.362	1005.682	508.646	5.800	1003	505	4	6	8	4
44	22.552	59.748	137	109	2337074	17058.934	5134.240	15811.000	10075	33696	663.599	525.547	4.971	1.538	0.393	1.484	663.617	525.584	4.981	658	523	4	12	6	3
45	31.441	81.539	191	136	4173283	21849.648	9152.319	19360.000	10191	45185	353.712	537.037	5.649	1.882	0.556	1.865	353.746	537.041	5.648	348	534	4	14	7	4
46	14.980	48.200	91	67	2225793	24459.264	11579.934	20928.000	10596	53759	479.077	539.187	5.286	1.399	0.304	1.397	479.041	539.159	5.249	475	537	4	9	5	4
47	10.371	38.650	63	52	1173242	18622.889	7891.592	16418.000	10141	40262	637.254	540.317	5.444	1.211	0.318	1.233	637.274	540.286	5.434	633	539	4	9	4	4
48	8.889	31.616	54	48	892512	16528.000	4736.759	15018.000	10110	31478	422.204	555.056	5.667	1.036	0.239	1.042	422.196	554.974	5.653	420	553	4	6	5	4
49	27.655	79.541	168	108	4256645	25337.172	13599.897	21270.500	10124	65535	1002.625	575.655	6.381	1.837	0.493	1.736	1002.420	575.760	6.265	999	572	4	9	9	6
50	3.786	22.618	23	23	280608	12200.348	1818.186	11889.000	10096	16773	512.130	576.652	4.652	0.878	0.287	0.857	512.199	576.612	4.672	509	575	4	7	4	2
51	49.549	108.604	301	189	7852394	26087.688	13071.183	21722.000	10095	63044	981.000	585.289	5.734	2.052	0.399	2.086	980.959	585.267	5.702	976	580	4	11	11	5
52	15.968	49.475	97	73	1889869	19483.186	6138.714	18792.000	10107	34748	678.691	611.505	5.845	1.343	0.231	1.323	678.731	611.484	5.801	675	608	4	8	8	4
53	1.646	13.412	10	10	112270	11227.000	862.643	11059.500	10150	12729	648.900	619.700	4.700	0.728	0.162	0.763	648.883	619.717	4.700	648	618	4	3	4	2
54	37.038	87.020	225	149	5147975	22879.889	10898.513	19777.000	10110	51371	529.916	627.564	5.560	1.896	0.429	1.812	530.006	627.540	5.563	524	624	4	13	8	4
55	13.005	37.649	79	65	1568734	19857.393	6372.155	18525.000	10345	36681	870.987	664.076	4.924	1.210	0.184	1.234	870.999	664.192	4.857	868	662	4	7	5	3
56	10.206	37.512	62	50	1118781	18044.855	6195.009	16315.000	10188	31297	776.581	686.000	5.774	1.155	0.256	1.138	776.523	686.077	5.706	774	684	4	7	5	4
57	8.066	35.822	49	41	670135	13676.225	3023.432	12541.000	10105	23713	944.306	704.959	5.061	1.086	0.222	1.109	944.324	704.974	5.044	941	702	4	7	6	3
58	26.009	67.301	158	104	4435226	28071.051	15296.286	22910.000	10206	65535	41.728	346.095	7.525	1.662	0.273	1.664	41.709	346.082	7.552	38	343	5	9	7	6
59	9.383	32.064	57	49	917471	16095.982	3947.753	16567.000	10399	25642	113.193	354.211	6.228	1.096	0.210	1.099	113.235	354.219	6.276	111	352	5	6	6	3
60	8.560	30.582	52	44	957902	18421.191	5966.900	16692.000	10097	33490	90.923	364.154	6.000	1.108	0.247	1.109	90.956	364.123	6.005	88	363	5	7	4	3
61	19.095	56.475	116	80	3159604	27237.965	14865.826	23130.000	10092	65535	184.440	371.922	7.224	1.561	0.364	1.552	184.337	371.818	7.215	181	369	5	8	6	5
62	33.581	73.023	204	137	4825221	23653.045	9796.334	20880.500	10139	44719	160.554	378.275	6.412	1.769	0.279	1.769	160.436	378.266	6.418	156	374	5	10	8	4
63	6.749	29.133	41	41	489396	11936.488	1605.130	11315.000	10095	15524	153.610	393.317	5.610	0.939	0.283	0.896	153.634	393.321	5.627	151	391	5	7	6	2
64	7.901	28.443	48	48	710732	14806.917	2724.592	14938.000	10080	19432	166.812	396.021	6.417	0.947	0.267	0.962	166.833	396.078	6.410	164	394	5	6	5	3
65	6.749	31.030	41	37	579859	14142.902	3087.814	14241.000	10281	23223	330.024	410.317	5.976	1.050	0.301	1.055	330.066	410.356	5.982	327	408	5	7	5	3
66	17.614	48.441	107	83	2496601	23332.719	9739.743	21407.000	10221	53054	336.327	420.150	6.150	1.393	0.268	1.384	336.293	420.163	6.089	333	418	5	8	5	4
67	41.647	93.228	253	157	7176285	28364.764	15362.993	23406.000	10091	65535	459.573	425.083	6.727	1.998	0.399	1.985	459.819	425.107	6.763	453	422	5	13	7	5
68	18.766	61.612	114	92	2367927	20771.289	7847.088	20497.000	10100	43585	531.553	429.272	6.789	1.539	0.447	1.499	531.553	429.327	6.828	526	427	5	12	6	4
69	12.675	43.512	77	56	2098116	27248.260	14378.837	22733.000	10180	65535	320.610	431.831	6.649	1.367	0.344	1.384	320.648	431.808	6.717	318	429	5	6	7	5
70	33.911	79.953	206	141	4397868	21348.873	8595.810	18312.500	10241	41677	376.252	433.675	6.534	1.877	0.458	1.804	376.063	433.587	6.540	370	431	5	14	6	4
71	12.675	47.855	77	63	1342560	17435.844	6118.899	15682.000	10094	34366	197.532	438.130	6.753	1.369	0.403	1.358	197.525	438.149	6.755	193	436	5	10	5	4
72	10.206	34.684	62	49	1082685	17462.662	5441.856	16507.000	10079	28704	584.468	442.903	5.919	1.149	0.163	1.148	584.495	442.976	5.847	582	440	5	6	7	3
73	11.688	37.649	71	61	1221748	17207.719	5499.896	16372.000	10075	30833	389.197	454.549	6.268	1.151	0.234	1.172	389.112	454.509	6.313	387	452	5	6	6	4
74	16.461	53.992	100	75	1956208	19562.080	7893.609	18172.500	10100	41667	155.220	456.430	7.080	1.468	0.399	1.462	155.271	456.456	7.107	152	453	5	8	7	5
75	30.454	71.266	185	122	5360014	28973.049	15608.510	25834.000	10189	65535	218.708	460.627	6.784	1.767	0.321	1.794	218.665	460.542	6.721	215	458	5	9	6	5
76	23.375	63.991	142	95	3761042	26486.211	14340.088	22417.000	10148	65535	374.718	461.887	7.246	1.666	0.403	1.715	374.687	461.893	7.295	372	458	5	7	9	5
77	6.585	31.823	40	37	559754	13993.850	3372.388	13365.000	10315	26584	736.525	472.500	5.775	1.285	0.512	1.300	736.435	472.471	5.788	733	471	5	10	4	3
78	9.712	35.718	59	54	770937	13066.729	2824.858	11920.000	10087	20995	900.593	474.763	5.678	1.072	0.300	1.075	900.499	474.727	5.717	897	473	5	8	5	3
79	6.749	27.409	41	38	608236	14835.024	3333.056	15113.000	10095	24219	412.122	477.463	6.268	0.958	0.268	0.941	412.117	477.453	6.285	410	475	5	6	6	3
80	13.169	45.613	80	68	1189238	14865.475	3569.301	13985.500	10193	25901	907.812	482.688	5.950	1.301	0.332	1.208	907.756	482.656	5.934	903	480	5	10	7	3
81	15.309	46.614	93	65	1831933	19698.205	7878.577	17944.000	10123	44868	632.344	482.882	6.366	1.377	0.253	1.392	632.334	482.888	6.348	629	480	5	8	6	4
82	16.626	56.301	101	85	1540528	15252.753	3969.496	14780.000	10136	24168	667.663	484.911	5.891	1.382	0.405	1.396	667.583	484.865	5.871	664	482	5	10	7	3
83	5.761	26.272	35	32	481902	13768.629	2771.006	13029.000	10468	21228	159.743	482.629	6.229	0.923	0.253	0.927	159.746	482.626	6.237	157	481	5	7	4	3
84	2.798	16.032	17	17	204033	12001.941	1929.805	11161.000	10165	16302	441.353	487.353	5.294	0.714	0.213	0.740	441.319	487.359	5.279	440	486	5	5	4	2
85	10.041	35.822	61	50	859541	14090.836	2979.649	13180.000	10167	22910	364.213	490.443	5.918	1.123	0.178	1.136	364.184	490.482	5.912	362	488	5	6	6	3
86	7.901	36.167	48	43	619247	12900.979	2809.280	12145.500	10077	23348	612.521	489.458	6.104	1.036	0.267	1.075	612.585	489.482	6.097	609	487	5	8	6	3
87	7.572	29.685	46	44	767765	16690.543	4489.086	16081.500	10370	25805	101.957	499.783	5.609	0.966	0.273	0.946	101.932	499.800	5.589	99	498	5	7	5	3
88	2.305	15.928	14	14	163504	11678.857	1295.901	11606.500	10103	14187	681.429	516.143	5.000	0.709	0.288	0.799	681.433	516.141	5.000	679	514	5	6	5	1
89	17.449	52.958	106	81	1885939	17791.877	4952.212	17335.500	10161	28354	928.170	517.726	7.462	1.529	0.429	1.551	928.139	517.708	7.449	925	515	5	8	6	5
90	14.321	44.613	87	81	1296257	14899.506	3191.348	14631.000	10184	22707	443.782	522.575	5.667	1.269	0.423	1.247	443.782	522.563	5.668	440	520	5	9	6	3
91	12.181	39.235	74	60	1203894	16268.838	4256.681	16502.000	10082	24964	889.230	531.459	5.851	1.204	0.212	1.228	889.196	531.446	5.769	886	529	5	7	6	3
92	10.371	38.753	63	49	1059526	16817.873	4939.896	16577.000	10188	29535	439.365	550.825	6.381	1.181	0.263	1.155	439.332	550.799	6.379	437	549	5	6	5	4
93	9.383	35.581	57	49	868112	15230.035	3935.649	14751.000	10073	25440	460.246	551.807	6.175	1.088	0.233	1.092	460.291	551.699	6.214	458	549	5	6	6	3
94	9.383	32.650	57	53	846557	14851.877	2853.638	14567.000	10125	23274	452.930	554.491	6.368	1.014	0.256	1.070	452.928	554.448	6.358	450	552	5	6	6	3
95	23.375	58.095	142	99	3608254	25410.240	11480.729	22221.000	10086	52801	925.859	567.782	6.542	1.589	0.226	1.578	925.983	567.802	6.517	922	565	5	8	7	4
96	8.231	33.202	50	45	726665	14533.300	3326.429	14055.500	10096	23385	904.160	580.840	5.740	1.016	0.227	0.994	904.204	580.851	5.725	901	579	5	7	5	3
97	8.725	31.719	53	44	797820	15053.208	3326.765	14182.000	10152	23677	920.453	583.717	6.038	1.103	0.184	1.102	920.483	583.689	6.073	918	582	5	6	5	3
98	28.807	70.403	175	115	3790503	21660.018	9467.138	19186.000	10116	45903	931.989	583.480	7.406	1.691	0.254	1.699	931.946	583.507	7.424	929	579	5	7	10	5
99	18.931	52.855	115	80	2797513	24326.199	11731.369	21305.000	10197	56256	1005.643	587.939	7.470	1.502	0.244	1.516	1005.655	587.915	7.511	1003	585	5	7	7	5
100	1.975	12.860	12	12	148616	12384.667	2017.715	11723.000	10257	16428	964.583	606.833	5.917	0.614	0.284	0.572	964.641	606.776	5.931	963	606	5	5	3	2
101	4.445	26.616	27	27	346642	12838.593	1924.897	12229.000	10563	18517	664.667	620.370	5.185	0.890	0.344	0.892	664.691	620.452	5.178	661	619	5	8	4	2
102	12.511	42.993	76	66	1156577	15218.118	3802.231	14883.500	10102	24624	760.184	681.592	6.289	1.185	0.323	1.214	760.163	681.606	6.322	757	679	5	8	6	4
103	7.901	30.374	48	47	727932	15165.250	4035.489	13996.000	10111	23853	49.000	332.062	7.438	0.974	0.274	0.997	48.977	332.038	7.450	46	330	6	7	5	3
104	10.700	36.167	65	57	1131891	17413.707	5878.779	16342.000	10122	32842	308.508	364.154	7.708	1.122	0.260	1.128	308.481	364.152	7.656	306	362	6	7	5	4
105	49.384	123.120	300	195	5991519	19971.730	8113.475	18309.000	10097	40268	362.603	377.313	9.743	2.503	0.922	2.636	362.464	377.188	9.814	357	373	6	13	9	8
106	1.646	11.826	10	10	118745	11874.500	1439.009	11580.500	10154	13925	550.700	426.500	6.100	0.571	0.216	0.614	550.665	426.484	6.089	549	425	6	4	4	2
107	28.807	75.576	175	109	4920633	28117.902	15212.845	23817.000	10135	65535	984.171	455.503	8.486	1.762	0.347	1.748	984.107	455.363	8.415	980	452	6	9	8	6
108	3.128	16.377	19	19	264037	13896.685	2929.038	12968.000	10269	20092	688.000	478.211	6.684	0.793	0.268	0.779	688.034	478.221	6.708	685	477	6	6	3	2
109	7.737	30.926	47	43	701949	14935.085	3733.466	14128.000	10168	24159	384.255	491.702	7.362	1.025	0.292	0.967	384.241	491.708	7.381	382	490	6	6	5	4
110	2.963	19.101	18	17	225521	12528.944	2409.515	11846.500	10203	18076	405.778	504.667	7.000	0.823	0.350	0.788	405.827	504.709	6.991	403	503	6	7	4	3
111	19.589	57.268	119	77	3268833	27469.186	15700.935	22705.000	10105	65535	960.050	522.193	8.076	1.579	0.342	1.528	959.974	522.193	8.064	957	519	6	7	7	5
112	3.292	21.376	20	20	242547	12127.350	1859.606	11914.500	10281	17848	923.000	537.250	6.300	0.860	0.271	0.908	923.018	537.301	6.293	921	535	6	6	5	2
113	2.798	19.653	17	17	195878	11522.235	1459.050	11059.000	10104	14877	944.412	546.353	6.588	0.784	0.183	0.813	944.362	546.268	6.582	943	545	6	5	4	2
114	19.918	56.542	121	93	2175619	17980.322	5906.700	16690.000	10112	33330	628.884	656.008	7.438	1.442	0.291	1.460	628.919	656.046	7.429	625	652	6	9	8	4
115	25.186	64.439	153	96	3896615	25468.072	13061.732	21665.000	10188	56381	680.654	671.693	8.516	1.702	0.367	1.633	680.659	671.684	8.447	677	669	6	8	6	6
116	17.778	48.130	108	88	1773189	16418.416	4708.091	15176.000	10189	30289	468.213	382.685	8.130	1.365	0.257	1.352	468.187	382.694	8.132	465	379	7	7	8	3
117	11.523	40.373	70	56	1020098	14572.828	3852.586	13401.000	10081	24986	974.743	477.914	8.000	1.187	0.178	1.188	974.747	477.930	7.974	972	475	7	6	7	3
118	19.589	57.613	119	82	2971427	24969.975	13641.786	21060.000	10090	61009	230.899	560.723	9.126	1.574	0.376	1.591	230.932	560.656	9.062	227	559	7	9	5	5
119	10.535	36.511	64	51	1110018	17344.031	5690.122	16327.000	10217	31279	380.406	585.125	7.906	1.172	0.202	1.148	380.291	585.069	7.867	377	583	7	8	5	3
120	36.544	84.919	222	133	5855096	26374.307	13748.716	23183.500	10079	65535	806.658	700.032	9.559	1.893	0.331	1.873	806.613	700.030	9.510	802	697	7	10	7	6
121	40.330	92.675	245	153	5722316	23356.393	10091.716	21491.000	10124	47737	1005.486	704.098	9.551	1.925	0.338	1.920	1005.557	703.940	9.550	1000	701	7	12	8	6
122	14.980	46.028	91	69	2071684	22765.758	9502.201	22100.000	10103	46538	543.484	403.275	9.901	1.347	0.286	1.289	543.526	403.270	9.911	541	401	8	6	6	5
123	38.026	89.399	231	158	4716850	20419.264	7516.613	19555.000	10080	39583	581.476	414.853	10.026	1.870	0.422	1.909	581.567	414.792	9.972	575	411	8	13	8	5
124	19.918	59.955	121	103	1861488	15384.198	3886.641	15061.000	10086	26544	818.364	435.198	9.686	1.428	0.407	1.466	818.441	435.122	9.647	813	433	8	11	6	4
125	38.520	103.052	234	164	4257285	18193.525	6697.267	16703.000	10110	37786	434.043	467.808	10.376	2.050	0.654	2.080	434.184	468.030	10.485	428	462	8	13	11	6
126	6.585	29.029	40	39	541142	13528.550	2479.464	12321.000	10301	18242	473.400	478.550	8.775	0.915	0.241	0.968	473.385	478.563	8.807	471	476	8	6	6	3
127	53.664	124.739	326	202	6247214	19163.232	7413.398	17653.500	10086	40567	726.506	550.077	10.896	2.232	0.578	2.227	726.005	550.122	10.975	720	546	8	14	10	7
128	32.100	80.886	195	114	6395936	32799.672	19445.354	27575.000	10089	65535	426.821	600.200	10.877	1.956	0.496	1.946	426.923	600.169	10.854	423	597	8	9	7	7
129	8.889	39.476	54	54	648682	12012.630	1195.946	12013.000	10117	14843	842.704	679.389	8.574	1.098	0.387	1.073	842.682	679.454	8.574	840	675	8	6	9	2
130	23.540	60.956	143	100	3085914	21579.818	8766.081	19369.000	10104	47460	63.853	327.958	10.357	1.580	0.268	1.602	63.919	327.943	10.339	60	324	9	9	8	4
131	20.412	58.543	124	88	2632787	21232.152	9255.597	19830.000	10078	45971	293.008	363.121	11.065	1.519	0.314	1.487	293.029	363.081	11.037	290	360	9	8	7	5
132	22.058	63.405	134	91	2872840	21439.104	9166.348	19353.000	10141	42561	191.799	370.164	11.448	1.607	0.367	1.600	191.836	370.061	11.450	189	366	9	6	9	6
133	23.869	68.646	145	104	3387330	23360.896	10330.306	20956.000	10094	53748	270.552	393.579	10.848	1.702	0.480	1.692	270.547	393.556	10.853	266	391	9	11	6	5
134	16.626	46.373	101	74	2387623	23639.832	10831.274	22099.000	10140	50701	551.743	406.931	10.406	1.429	0.252	1.444	551.671	406.935	10.354	549	404	9	7	6	4
135	9.712	34.684	59	50	935893	15862.593	3852.676	15123.000	10170	24912	191.390	417.153	10.695	1.086	0.221	1.098	191.397	417.055	10.663	189	415	9	6	6	4
136	7.901	31.582	48	42	996846	20767.625	7804.965	20119.000	10200	36146	6.958	426.479	10.708	1.102	0.323	1.075	6.899	426.500	10.682	6	424	9	4	6	4
137	34.240	77.644	208	125	5757204	27678.865	14754.099	23306.000	10076	64980	948.389	433.120	10.952	1.860	0.279	1.882	948.409	433.077	10.916	944	430	9	9	8	5
138	26.009	67.471	158	125	2868000	18151.898	5232.092	17407.000	10532	33399	666.867	435.019	10.892	1.541	0.310	1.556	666.789	435.008	10.864	663	431	9	9	9	4
139	27.655	72.715	168	110	4278367	25466.471	13271.729	21879.500	10165	60520	749.494	466.542	11.173	1.811	0.490	1.774	749.625	466.575	11.218	745	464	9	9	6	6
140	19.260	55.130	117	80	2477593	21176.008	8423.466	19796.000	10087	44721	743.393	472.744	10.402	1.487	0.213	1.523	743.459	472.715	10.330	740	470	9	8	7	4
141	23.869	62.853	145	97	3681217	25387.703	12536.504	22993.000	10129	58941	223.579	496.572	11.186	1.622	0.298	1.610	223.629	496.546	11.180	220	494	9	8	6	5
142	11.688	39.684	71	57	1192027	16789.113	5069.337	16237.000	10164	27026	466.183	497.662	10.789	1.193	0.217	1.214	466.172	497.686	10.717	463	495	9	7	6	4
143	14.486	46.718	88	65	1754867	19941.670	8074.745	17161.500	10144	40343	595.739	511.114	10.580	1.353	0.258	1.392	595.711	511.072	10.557	593	508	9	7	7	4
144	29.631	70.403	180	119	3983359	22129.771	8665.246	19816.500	10110	43471	770.383	519.383	11.372	1.716	0.276	1.710	770.409	519.405	11.349	766	516	9	10	7	5
145	27.655	80.609	168	125	2869196	17078.547	5209.949	15858.000	10095	29147	928.637	527.298	11.202	1.806	0.577	1.831	928.533	527.248	11.175	923	524	9	12	8	5
146	62.553	127.634	380	225	9261347	24371.965	10405.148	22729.000	10096	51678	491.668	527.211	11.413	2.205	0.372	2.239	491.738	527.281	11.406	486	521	9	13	12	6
147	35.227	83.229	214	141	5912651	27629.211	13349.587	24495.000	10105	62563	338.715	535.159	11.407	1.833	0.314	1.827	338.671	535.203	11.355	334	532	9	11	8	6
148	38.684	95.536	235	163	5405835	23003.553	9801.659	21156.000	10137	45870	623.757	558.809	11.174	1.940	0.483	1.955	623.763	558.840	11.128	617	556	9	14	7	5
149	21.894	68.887	133	100	2407744	18103.338	6360.116	16319.000	10087	32625	476.338	576.098	10.556	1.588	0.452	1.682	476.411	576.052	10.556	472	573	9	10	7	4
150	27.655	67.886	168	117	4132139	24596.066	12603.795	20389.500	10080	54488	722.583	575.708	10.500	1.728	0.366	1.716	722.549	575.668	10.470	717	573	9	12	6	4
151	31.441	69.954	191	124	4784087	25047.576	11597.072	21196.000	10232	54701	549.513	586.974	10.508	1.732	0.203	1.735	549.531	587.032	10.491	546	583	9	8	9	4
152	6.585	27.168	40	34	678651	16966.275	5165.113	15501.500	10343	29225	14.025	340.400	11.950	1.021	0.249	1.033	13.957	340.399	11.964	13	338	10	4	6	4
153	17.943	56.027	109	84	2075308	19039.523	8134.761	17131.000	10073	43274	63.147	375.688	11.789	1.520	0.361	1.536	63.184	375.701	11.819	59	373	10	9	6	5
154	29.631	72.022	180	125	3140103	17445.018	5488.147	15863.000	10111	32719	135.828	382.811	11.722	1.651	0.241	1.682	135.820	382.702	11.749	132	379	10	9	9	4
155	11.852	40.788	72	57	1538158	21363.305	9939.745	20381.000	10167	47135	93.764	392.611	11.569	1.304	0.323	1.395	93.678	392.645	11.527	91	390	10	7	6	4
156	9.054	33.098	55	49	806163	14657.509	3253.075	14875.000	10242	22877	168.909	392.945	11.291	1.051	0.235	1.043	168.932	392.911	11.298	166	390	10	7	6	3
157	21.071	64.336	128	90	2703509	21121.164	8991.350	18958.500	10101	45615	472.898	414.523	12.258	1.565	0.334	1.594	472.954	414.586	12.232	470	410	10	8	9	5
158	27.655	71.196	168	118	3147259	18733.684	6005.222	17461.000	10091	38030	308.738	416.536	11.929	1.653	0.334	1.652	308.812	416.482	11.944	304	414	10	11	7	5
159	31.606	77.092	192	133	4483910	23353.697	10605.041	20233.500	10077	50617	128.854	419.630	11.406	1.809	0.408	1.770	128.928	419.560	11.441	123	417	10	13	6	5
160	10.041	36.719	61	49	927327	15202.082	3791.644	14319.000	10468	23862	185.049	420.410	11.311	1.172	0.291	1.116	185.128	420.365	11.349	183	418	10	5	6	4
161	14.486	40.614	88	71	1683466	19130.295	6624.342	18193.000	10088	38363	861.318	422.955	10.966	1.259	0.212	1.273	861.332	423.017	10.928	858	420	10	8	6	3
162	12.840	46.958	78	68	1167538	14968.436	4011.112	13860.000	10088	24337	219.744	429.936	11.577	1.260	0.345	1.267	219.849	430.024	11.582	216	427	10	9	6	4
163	2.305	12.378	14	14	288133	20580.928	7580.090	20159.500	10397	34827	119.000	435.500	10.714	0.718	0.279	0.713	119.127	435.503	10.663	118	435	10	3	2	3
164	27.326	73.300	166	109	3501513	21093.451	9400.636	18291.500	10124	50478	1003.187	442.398	11.873	1.738	0.367	1.760	1003.107	442.347	11.915	999	439	10	9	7	5
165	3.622	20.446	22	21	333335	15151.591	4409.723	13246.000	10174	26322	188.909	440.545	11.455	0.888	0.301	0.882	188.812	440.558	11.469	187	439	10	6	4	3
166	27.161	69.094	165	105	3758406	22778.219	11198.196	19820.000	10143	54831	598.879	444.752	12.030	1.743	0.336	1.714	598.899	444.788	12.030	595	442	10	9	7	5
167	22.388	59.233	136	95	2876968	21154.176	8953.735	18658.000	10241	47980	487.801	452.654	11.419	1.569	0.272	1.595	487.762	452.523	11.351	484	450	10	9	6	4
168	18.931	51.888	115	89	1907216	16584.486	4277.315	15711.000	10114	27326	757.983	451.183	11.939	1.388	0.246	1.349	757.982	451.208	11.905	754	448	10	9	7	4
169	24.857	69.024	151	112	2561630	16964.438	5139.809	15645.000	10158	30244	17.801	453.629	11.748	1.626	0.425	1.662	17.676	453.501	11.725	13	451	10	11	6	4
170	11.852	39.202	72	55	1569876	21803.834	9245.251	19659.000	10422	45023	336.750	460.014	11.833	1.279	0.305	1.227	336.766	459.958	11.860	334	458	10	6	5	5
171	19.918	53.889	121	88	2388601	19740.504	7645.635	17614.000	10239	41455	401.066	462.190	11.455	1.517	0.275	1.541	401.008	462.180	11.453	398	460	10	8	6	5
172	12.675	38.650	77	63	1567132	20352.363	7426.538	19010.000	10122	39637	329.935	463.130	11.935	1.227	0.236	1.233	329.921	463.155	11.985	327	461	10	7	5	4
173	26.503	71.092	161	116	2877599	17873.285	5787.634	17009.000	10077	32441	589.789	472.224	11.776	1.616	0.327	1.615	589.767	472.235	11.784	584	469	10	11	8	4
174	32.594	78.678	198	129	4656954	23519.969	10125.275	20377.000	10273	46628	485.086	480.879	11.530	1.806	0.353	1.755	485.076	480.847	11.577	480	477	10	11	8	5
175	14.815	45.787	90	63	1937368	21526.311	9693.051	19729.000	10180	48707	345.144	494.411	11.933	1.442	0.397	1.364	345.151	494.353	11.914	342	492	10	7	5	5
176	13.334	40.339	81	62	1853567	22883.543	10885.469	21149.000	10170	50532	548.012	505.519	11.370	1.339	0.301	1.392	547.996	505.422	11.330	545	504	10	7	4	4
177	15.968	62.542	97	84	1291671	13316.196	2697.937	12335.000	10076	22020	63.412	508.082	10.969	1.410	0.445	1.355	63.388	508.183	10.979	59	504	10	10	8	3
178	11.029	35.133	67	55	1288903	19237.357	5831.855	18344.000	10332	32280	473.373	506.552	10.925	1.168	0.178	1.179	473.346	506.578	10.894	471	504	10	6	6	3
179	4.938	25.134	30	29	399115	13303.833	2082.873	12861.000	10751	17942	506.267	505.633	11.500	0.896	0.300	0.837	506.184	505.564	11.511	504	504	10	6	5	3
180	7.078	25.030	43	43	602625	14014.535	1768.750	14401.000	10532	16841	531.070	504.953	11.442	0.889	0.223	0.957	531.077	504.889	11.440	529	503	10	5	5	3
181	12.346	42.029	75	52	1840133	24535.107	13913.067	17886.000	10148	63911	557.147	509.920	12.160	1.373	0.386	1.265	557.189	509.859	12.111	555	508	10	6	5	5
182	26.667	65.922	162	104	3982983	24586.314	11365.090	21270.500	10323	53389	174.426	513.463	11.821	1.733	0.330	1.763	174.439	513.476	11.831	171	510	10	8	7	5
183	20.412	58.888	124	84	2495771	20127.186	7828.737	18256.000	10108	39439	349.524	512.839	12.306	1.521	0.266	1.549	349.450	512.760	12.280	346	509	10	8	8	5
184	31.277	78.367	190	138	3370434	17739.127	5623.270	16628.500	10105	32515	154.884	516.268	11.758	1.724	0.364	1.751	154.856	516.257	11.771	150	513	10	11	8	4
185	1.975	11.930	12	12	140640	11720.000	1419.396	11287.500	10135	14551	91.250	518.917	10.583	0.649	0.140	0.636	91.288	518.920	10.583	90	518	10	3	4	2
186	32.594	85.160	198	128	4095738	20685.545	8600.597	17931.500	10277	46794	825.657	519.374	12.202	1.756	0.307	1.752	825.804	519.503	12.202	821	515	10	10	9	5
187	6.749	30.237	41	38	572706	13968.439	2531.199	14544.000	10107	18465	148.439	534.244	10.707	0.988	0.279	1.018	148.525	534.247	10.687	146	532	10	6	5	3
188	10.041	33.547	61	50	881770	14455.246	2900.751	14128.000	10105	22756	227.508	533.885	11.098	1.133	0.171	1.131	227.501	533.839	11.111	225	532	10	6	5	3
189	11.194	42.960	68	57	1036252	15239.000	4125.572	13749.500	10127	24025	908.588	541.206	11.618	1.287	0.377	1.334	908.514	541.167	11.626	905	540	10	9	4	4
190	17.778	50.924	108	80	2674321	24762.232	11357.065	22248.000	10143	56858	514.157	543.074	11.296	1.472	0.290	1.490	514.094	543.038	11.225	511	540	10	8	7	4
191	22.223	63.265	135	112	2108700	15620.000	3849.181	15513.000	10082	28780	746.407	557.874	11.696	1.486	0.388	1.462	746.499	557.887	11.685	741	555	10	11	7	4
192	29.960	71.299	182	124	3673623	20184.742	8165.596	17231.000	10145	39683	594.264	561.368	11.401	1.737	0.314	1.729	594.324	561.353	11.372	590	558	10	11	7	4
193	15.145	51.958	92	73	1581266	17187.674	5580.283	15389.500	10115	30749	946.652	565.000	11.359	1.427	0.392	1.419	946.606	564.957	11.352	941	563	10	11	6	4
194	25.186	63.680	153	103	3014586	19703.176	7372.121	17067.000	10239	38921	763.118	580.209	11.418	1.593	0.194	1.595	763.080	580.203	11.450	760	577	10	8	8	4
195	7.078	29.789	43	40	622640	14480.000	3258.610	14035.000	10252	23617	910.512	583.558	10.767	0.994	0.283	0.989	910.620	583.561	10.743	907	582	10	7	4	3
196	28.807	76.299	175	117	3474496	19854.264	7450.374	18862.000	10078	38312	985.080	601.731	12.091	1.661	0.255	1.655	985.053	601.723	12.082	981	598	10	10	9	5
197	9.712	35.133	59	50	921380	15616.610	4790.693	14265.000	10163	28763	588.729	608.763	11.000	1.141	0.215	1.136	588.749	608.801	11.009	586	606	10	7	6	3
198	10.700	38.994	65	54	940642	14471.415	3188.507	13537.000	10118	22887	780.923	624.108	11.108	1.163	0.231	1.178	780.888	624.136	11.141	778	621	10	7	7	3
199	25.515	66.541	155	109	2771630	17881.484	5809.703	16757.000	10125	31903	706.406	629.084	11.697	1.601	0.282	1.624	706.330	629.045	11.710	702	626	10	10	8	4
200	33.417	71.885	203	135	4947989	24374.330	10393.151	22111.000	10135	49735	628.148	648.468	11.374	1.748	0.214	1.732	628.011	648.477	11.347	625	644	10	8	10	4
201	36.544	92.709	222	161	3834775	17273.762	5050.779	16160.000	10114	31694	684.162	656.180	11.734	1.747	0.346	1.779	684.191	656.225	11.736	679	652	10	11	9	4
202	41.483	93.087	252	179	4839282	19203.500	6602.007	17906.500	10153	35942	946.369	666.040	11.179	1.957	0.529	1.916	946.629	666.221	11.155	940	662	10	14	9	4
203	1.811	12.515	11	11	119999	10909.000	625.741	10813.000	10110	12280	777.818	689.273	10.000	0.735	0.356	0.721	777.810	689.288	10.000	775	688	10	6	4	1
204	3.128	18.411	19	19	240677	12667.211	2270.193	12272.000	10146	17780	184.526	367.526	11.684	0.750	0.235	0.717	184.563	367.520	11.718	183	365	11	4	5	3
205	21.071	64.403	128	107	2013000	15726.562	4106.035	14931.500	10111	27420	745.492	427.883	12.250	1.482	0.411	1.443	745.429	427.905	12.260	741	425	11	11	7	4
206	14.651	45.269	89	70	1649014	18528.248	6437.074	17992.000	10173	36860	803.315	444.337	12.034	1.299	0.235	1.292	803.327	444.328	12.051	800	441	11	8	7	4
207	13.828	45.131	84	66	1433031	17059.893	5394.176	16202.000	10107	29756	332.214	446.929	12.333	1.317	0.284	1.353	332.214	446.907	12.352	328	444	11	9	6	4
208	9.383	33.409	57	43	1066639	18712.965	6722.005	16233.000	10116	33913	505.000	448.316	12.404	1.191	0.277	1.116	505.012	448.350	12.399	503	446	11	5	5	4
209	17.614	51.784	107	87	1681924	15718.916	4169.053	14483.000	10230	26490	180.439	451.019	12.131	1.353	0.264	1.336	180.462	450.953	12.135	176	448	11	9	8	3
210	9.218	30.271	56	55	818619	14618.196	2789.289	14025.000	10338	19729	520.446	457.625	12.482	0.987	0.245	1.014	520.472	457.593	12.499	518	455	11	6	6	3
211	10.535	36.615	64	53	1028602	16071.906	4525.668	15948.000	10121	27238	364.297	460.047	12.141	1.158	0.212	1.166	364.335	460.069	12.183	362	457	11	6	6	4
212	24.528	66.815	149	125	2404870	16140.067	4204.279	15733.000	10078	24933	34.631	463.148	12.282	1.499	0.352	1.522	34.690	463.037	12.314	31	459	11	9	10	4
213	30.289	71.299	184	121	4085656	22204.652	9585.111	18558.500	10075	43957	967.011	463.386	12.571	1.727	0.249	1.724	966.996	463.307	12.579	963	460	11	9	8	5
214	23.046	69.402	140	116	2038785	14562.750	3440.291	13512.500	10139	23906	260.786	482.907	11.936	1.496	0.367	1.508	260.960	482.920	11.934	256	479	11	11	8	3
215	6.420	31.271	39	37	514422	13190.308	2238.957	13103.000	10449	18702	220.846	527.641	11.821	0.930	0.275	0.956	220.901	527.639	11.844	218	526	11	6	5	3
216	5.432	24.789	33	33	442603	13412.212	2543.800	13274.000	10364	18934	808.879	578.273	11.485	0.847	0.213	0.855	808.878	578.203	11.474	806	577	11	6	4	2
217	3.292	17.066	20	20	229656	11482.800	1005.512	11261.500	10477	14599	441.850	594.600	11.250	0.738	0.232	0.764	441.869	594.627	11.244	440	592	11	5	5	2
218	3.128	17.066	19	19	232559	12239.947	1226.592	12418.000	10104	14617	828.737	612.842	11.263	0.749	0.236	0.770	828.680	612.814	11.277	827	611	11	5	4	2
219	1.811	9.999	11	11	158811	14437.363	3199.485	12906.000	10455	20593	153.091	452.545	12.455	0.610	0.079	0.618	153.117	452.510	12.436	152	452	12	3	2	2
220	6.914	26.857	42	42	548990	13071.190	1939.464	12858.500	10225	18759	976.952	513.381	12.405	0.893	0.215	0.914	976.926	513.341	12.366	975	511	12	5	6	2
221	8.395	27.891	51	51	666752	13073.568	1762.582	12973.000	10082	17386	987.216	518.804	12.549	0.967	0.268	0.970	987.262	518.785	12.541	984	517	12	7	5	2
