 	Volume (micron^3)	Surface (micron^2)	Nb of obj. voxels	Nb of surf. voxels	IntDen	Mean	StdDev	Median	Min	Max	X	Y	Z	Mean dist. to surf. (micron)	SD dist. to surf. (micron)	Median dist. to surf. (micron)	XM	YM	ZM	BX	BY	BZ	B-width	B-height	B-depth
1	47.738	121.845	290	175	8283516	28563.848	18843.457	22577.000	8976	65535	876.255	445.590	5.621	2.242	0.609	2.239	875.819	445.216	5.567	870	441	3	15	11	6
2	43.294	87.261	263	163	6996966	26604.434	13663.602	21946.000	9019	60705	673.110	525.548	5.418	1.912	0.254	1.911	673.047	525.473	5.363	668	522	3	11	8	5
3	45.927	98.157	279	175	6650318	23836.266	11372.833	23059.000	9036	52004	684.129	535.412	5.079	1.960	0.252	1.978	684.033	535.353	5.052	680	530	3	9	11	5
4	21.564	62.750	131	95	2856528	21805.557	10764.011	19974.000	8957	55428	895.885	555.580	5.328	1.570	0.296	1.603	895.802	555.516	5.270	893	552	3	8	9	5
5	43.294	94.710	263	153	7140966	27151.963	16159.385	22233.000	8954	65535	994.894	600.882	5.529	1.983	0.295	1.908	994.796	600.915	5.502	991	596	3	9	10	6
6	25.186	64.784	153	101	3810188	24903.189	13019.191	21540.000	9180	58084	169.765	212.268	6.163	1.648	0.300	1.606	169.738	212.281	6.171	167	209	4	7	7	5
7	37.532	87.402	228	141	6491134	28469.887	17304.350	23089.000	8962	65535	286.083	223.434	6.785	1.949	0.369	1.944	286.094	223.412	6.737	283	219	4	8	10	6
8	40.495	86.572	246	156	5721665	23258.801	11621.574	20947.500	8956	55069	561.024	260.459	6.354	1.864	0.232	1.874	561.102	260.518	6.316	557	256	4	10	10	5
9	33.746	78.541	205	130	5571195	27176.561	15313.066	22990.000	8954	65535	912.995	284.049	6.673	1.845	0.303	1.824	912.977	283.956	6.652	909	281	4	9	8	6
10	39.178	87.057	238	145	7327413	30787.449	18410.248	26297.000	9028	65535	889.286	293.786	6.542	1.990	0.413	1.991	889.211	293.693	6.469	886	288	4	7	11	6
11	30.289	73.471	184	133	3957894	21510.293	9811.143	19302.500	8947	51205	877.130	304.380	6.201	1.695	0.362	1.705	877.088	304.230	6.196	874	300	4	8	10	5
12	46.586	96.674	283	173	7155896	25285.852	13357.975	23055.000	8976	56438	197.767	321.947	6.216	2.033	0.327	2.041	197.909	321.920	6.242	193	317	4	11	10	5
13	31.771	74.575	193	123	5048767	26159.414	14731.707	21926.000	9049	65535	973.658	322.503	6.119	1.829	0.334	1.892	973.627	322.401	6.109	969	320	4	11	6	5
14	22.388	60.819	136	96	3108632	22857.588	11013.250	20307.500	9000	53022	848.184	331.265	5.772	1.568	0.293	1.571	848.121	331.232	5.816	844	328	4	9	7	5
15	47.080	100.914	286	185	6493006	22702.818	10529.350	20751.500	8954	50660	910.094	348.706	5.671	2.014	0.409	1.987	910.084	348.769	5.703	906	342	4	10	13	5
16	22.388	60.026	136	94	3134715	23049.375	12213.547	19211.000	8947	60590	510.507	344.610	6.478	1.579	0.263	1.577	510.539	344.683	6.421	507	342	4	9	7	5
17	44.775	94.228	272	156	8599780	31616.838	19449.568	25393.000	9046	65535	430.625	367.099	6.261	2.054	0.305	2.037	430.651	367.116	6.262	426	363	4	10	9	6
18	34.404	81.057	209	127	5553020	26569.475	15972.215	21911.000	9000	65535	548.230	391.134	5.856	1.877	0.296	1.920	548.387	391.155	5.802	543	388	4	10	8	5
19	17.943	55.475	109	79	2154153	19762.871	9363.822	17032.000	8980	53261	980.376	392.174	6.376	1.497	0.323	1.525	980.508	392.175	6.316	977	389	4	8	7	5
20	44.610	96.744	271	160	7570688	27936.117	16857.637	22321.000	9105	65535	638.295	394.454	6.860	2.050	0.352	2.083	638.306	394.355	6.813	635	389	4	8	12	6
21	35.557	82.851	216	129	6727484	31145.760	19342.762	24866.000	9038	65535	451.741	398.843	6.731	1.939	0.387	1.906	451.745	398.780	6.695	448	395	4	9	8	6
22	67.821	151.011	412	258	10773580	26149.467	14723.787	22143.500	8961	65535	308.704	400.988	6.383	2.521	0.819	2.543	308.965	401.227	6.387	301	394	4	17	14	6
23	39.672	101.469	241	154	7055050	29274.066	18529.221	21931.000	9071	65535	743.938	413.734	6.187	2.037	0.557	2.143	744.089	413.814	6.171	738	409	4	12	10	6
24	22.058	64.680	134	91	2862228	21359.910	10322.579	17920.000	9002	55587	387.694	419.343	5.881	1.585	0.327	1.544	387.665	419.264	5.897	384	416	4	9	7	5
25	20.083	55.578	122	87	2745775	22506.352	10873.962	19485.500	9031	47513	212.975	422.959	6.369	1.518	0.284	1.558	213.033	422.911	6.378	209	421	4	9	5	5
26	22.388	64.647	136	92	3786759	27843.816	16200.852	23110.500	9260	65535	437.574	440.404	6.456	1.655	0.409	1.624	437.438	440.350	6.433	434	438	4	9	6	6
27	35.063	81.091	213	135	4858153	22808.230	11417.175	19900.000	9032	56628	924.202	449.587	6.319	1.795	0.255	1.781	923.980	449.373	6.312	920	446	4	10	8	5
28	50.537	114.430	307	206	6726344	21909.916	10593.818	19851.000	8955	57815	850.150	464.293	5.873	2.123	0.586	2.214	850.446	464.232	5.903	844	460	4	14	9	5
29	15.803	47.407	96	76	1855755	19330.781	7058.250	18726.000	8972	37304	908.531	472.688	5.990	1.343	0.280	1.356	908.631	472.776	5.972	905	470	4	8	6	5
30	31.606	79.437	192	121	5061344	26361.166	15826.673	22172.500	8990	65535	704.333	485.167	6.474	1.838	0.378	1.784	704.373	485.127	6.435	700	482	4	9	7	6
31	24.198	64.680	147	98	3260926	22183.170	10424.973	20158.000	9023	46006	905.054	504.136	6.272	1.597	0.248	1.562	905.027	504.088	6.231	902	501	4	7	8	5
32	17.449	52.647	106	80	2004636	18911.660	7944.606	17143.500	9020	45295	1010.774	518.859	6.038	1.375	0.259	1.347	1010.941	519.001	6.030	1008	515	4	7	8	5
33	27.491	78.022	167	135	2532736	15166.084	4414.822	14263.000	8966	27481	873.796	526.892	5.970	1.687	0.500	1.746	873.877	526.844	5.970	869	522	4	11	10	4
34	47.903	97.123	291	164	7772871	26710.896	14827.735	22193.000	9023	64237	585.316	539.522	6.175	2.038	0.225	2.039	585.257	539.382	6.136	581	535	4	10	10	5
35	39.837	83.711	242	148	6188727	25573.252	13791.300	21511.500	9062	60624	923.570	559.136	5.835	1.899	0.278	1.886	923.440	558.949	5.770	920	555	4	8	10	5
36	19.918	62.164	121	87	2541257	21002.123	10276.771	18743.000	8950	49464	887.091	560.157	5.818	1.546	0.364	1.513	886.963	560.170	5.811	884	557	4	8	8	5
37	16.461	61.990	100	88	1290199	12901.990	3577.087	11890.500	9051	25200	974.400	568.420	5.450	1.463	0.489	1.523	974.361	568.314	5.452	970	565	4	10	8	4
38	21.400	57.613	130	84	3235335	24887.191	14808.942	19675.000	8975	65535	100.269	51.731	7.138	1.621	0.337	1.575	100.207	51.656	7.178	98	49	5	6	7	5
39	35.886	84.504	218	141	4566593	20947.674	9932.108	18946.000	9156	45258	136.917	77.683	7.225	1.789	0.240	1.794	136.957	77.628	7.221	133	73	5	9	10	5
40	46.750	108.570	284	171	7261873	25569.975	15616.572	21078.000	9014	65535	104.345	101.475	7.539	2.129	0.455	2.115	104.194	101.265	7.591	100	96	5	11	12	6
41	30.289	75.024	184	118	4482812	24363.109	13921.928	19847.500	9154	65535	207.598	122.223	7.125	1.814	0.380	1.874	207.638	122.117	7.136	204	118	5	7	10	5
42	19.754	56.234	120	81	2965529	24712.742	14195.688	22031.500	9215	65257	153.808	203.650	6.975	1.586	0.362	1.480	153.861	203.673	6.992	151	201	5	7	6	5
43	38.520	88.539	234	141	6629822	28332.572	17676.002	21927.000	8960	65535	205.094	215.051	7.030	1.973	0.355	2.035	205.082	214.943	7.080	201	210	5	8	11	6
44	18.272	52.614	111	79	2603679	23456.568	12185.201	18961.000	9082	54768	160.198	221.234	6.541	1.497	0.274	1.522	160.224	221.205	6.549	158	218	5	6	8	5
45	26.997	69.921	164	107	3755225	22897.713	11085.442	20989.000	8949	50700	171.573	222.457	6.811	1.668	0.255	1.648	171.591	222.419	6.831	168	219	5	8	8	5
46	28.807	78.159	175	131	2833688	16192.503	5181.596	15054.000	8966	29328	229.029	241.154	6.749	1.759	0.489	1.738	228.864	241.024	6.774	224	237	5	11	10	4
47	20.412	59.129	124	91	2257037	18201.912	7311.521	16773.500	9079	43630	611.274	251.806	6.734	1.447	0.224	1.450	611.270	251.755	6.762	608	248	5	8	8	4
48	12.017	45.476	73	61	1267065	17357.055	6376.778	17069.000	9036	36130	304.767	253.315	7.342	1.304	0.477	1.269	304.820	253.211	7.321	303	249	5	5	10	5
49	34.075	86.297	207	145	5136693	24814.941	14130.130	19891.000	8970	64424	367.043	251.609	7.614	1.920	0.507	1.904	367.021	251.740	7.623	364	245	5	7	14	6
50	19.589	55.371	119	83	2195990	18453.697	8008.305	15687.000	9153	38457	603.655	255.260	6.655	1.502	0.255	1.533	603.724	255.249	6.698	600	252	5	8	7	4
51	35.392	86.920	215	126	6473237	30108.078	19029.814	24430.000	8999	65535	256.228	259.781	7.474	1.946	0.408	1.880	256.231	259.720	7.518	252	256	5	10	8	6
52	36.380	80.264	221	134	5843679	26441.986	16443.002	20281.000	9020	65535	425.914	263.701	7.122	1.890	0.278	1.893	425.934	263.695	7.136	422	260	5	9	8	5
53	40.989	84.608	249	151	6200115	24900.061	13304.487	21530.000	9031	65535	916.169	267.462	7.016	1.934	0.262	1.940	916.257	267.388	7.039	912	264	5	9	8	5
54	27.491	68.438	167	115	4358001	26095.814	12842.250	22323.000	8970	56781	510.671	271.192	6.455	1.716	0.318	1.704	510.804	271.141	6.447	506	268	5	10	8	4
55	18.272	60.611	111	90	1916273	17263.721	6689.877	15453.000	8980	39130	553.649	270.955	6.351	1.522	0.467	1.498	553.826	271.092	6.365	549	266	5	9	10	4
56	16.791	59.403	102	100	1217071	11932.068	2020.190	11703.500	8982	19398	581.441	275.216	5.569	1.402	0.539	1.297	581.440	275.246	5.588	576	271	5	11	9	3
57	19.095	53.199	116	79	2598911	22404.404	11306.242	17650.500	8973	47717	701.853	278.284	6.483	1.500	0.207	1.509	701.901	278.230	6.435	699	275	5	7	7	4
58	19.424	52.406	118	80	2616663	22175.109	10750.107	18373.500	9194	45275	708.966	288.915	6.449	1.500	0.198	1.494	708.968	288.921	6.458	706	286	5	7	7	4
59	33.911	83.333	206	130	5019188	24364.990	13845.956	20020.000	9066	65535	876.466	290.427	7.092	1.912	0.423	1.945	876.390	290.246	7.057	872	286	5	9	11	5
60	38.190	86.953	232	139	6484487	27950.375	17100.945	20728.000	8976	65535	814.685	301.815	7.168	1.944	0.307	1.943	814.667	301.591	7.180	811	298	5	8	10	6
61	13.828	46.062	84	74	1097508	13065.571	2982.969	12683.500	8977	22101	519.262	312.857	6.226	1.206	0.310	1.245	519.268	312.819	6.221	517	309	5	6	8	3
62	44.610	119.258	271	185	5642491	20821.000	10267.925	18397.000	8960	52235	304.908	314.613	7.122	2.316	0.842	2.360	305.051	314.903	7.130	299	306	5	11	17	5
63	29.301	76.332	178	127	3457544	19424.404	8566.313	17720.500	8973	43891	534.786	314.112	7.185	1.693	0.373	1.719	534.623	313.914	7.195	530	310	5	10	10	5
64	23.704	62.716	144	94	3952831	27450.215	17442.488	22460.000	8962	65535	414.951	318.465	7.396	1.675	0.361	1.678	415.015	318.436	7.423	412	316	5	7	6	6
65	58.438	161.080	355	254	6885395	19395.479	9744.792	16341.000	8946	54238	804.682	320.372	9.493	2.896	1.235	2.796	804.209	320.243	9.099	799	316	5	15	13	11
66	8.231	36.167	50	47	591596	11831.920	1809.772	11761.000	8980	16883	467.700	327.340	6.440	1.085	0.327	1.103	467.662	327.271	6.452	465	325	5	7	6	3
67	17.449	51.372	106	71	2619020	24707.736	13148.814	20434.500	9481	56483	566.924	327.434	7.311	1.481	0.286	1.457	566.923	327.407	7.341	564	324	5	7	7	5
68	27.491	68.920	167	114	3508978	21011.844	9735.014	17943.000	8994	48587	303.737	339.144	6.413	1.664	0.261	1.676	303.707	339.067	6.424	300	334	5	8	11	4
69	8.066	32.201	49	47	623594	12726.408	2291.862	13250.000	8952	16894	470.245	338.041	6.571	0.974	0.285	0.963	470.185	338.039	6.583	468	335	5	6	8	4
70	9.383	37.408	57	54	741476	13008.351	3122.607	12162.000	9083	20259	721.930	347.772	6.228	1.190	0.408	1.193	721.988	347.744	6.258	718	344	5	7	8	3
71	46.092	114.674	280	174	7438683	26566.725	18504.762	18549.000	8953	65535	776.654	351.596	7.664	2.260	0.617	2.279	776.036	351.661	7.581	772	345	5	13	11	7
72	29.631	74.816	180	116	4061089	22561.605	12433.218	18988.000	8963	64836	356.233	353.933	6.750	1.750	0.297	1.761	356.190	353.893	6.740	352	350	5	10	8	5
73	31.606	73.782	192	119	5186361	27012.297	16516.842	22505.500	9022	65535	393.073	356.057	6.875	1.806	0.278	1.791	393.024	356.091	6.814	390	352	5	7	9	5
74	18.931	61.371	115	79	2313527	20117.627	9819.878	17058.000	8973	48030	607.957	356.391	7.304	1.545	0.343	1.528	607.929	356.323	7.264	604	353	5	9	7	5
75	31.771	73.334	193	115	5176873	26823.176	15935.966	21083.000	9114	65535	999.471	359.492	7.207	1.817	0.269	1.806	999.426	359.409	7.230	996	356	5	8	8	5
76	35.392	84.263	215	138	4644892	21604.148	10821.023	20006.000	8961	51998	558.209	361.600	6.828	1.795	0.261	1.805	558.159	361.567	6.898	554	358	5	10	9	5
77	21.894	62.371	133	86	3557544	26748.451	17065.551	19624.000	8947	65535	344.647	365.376	7.053	1.662	0.378	1.643	344.655	365.315	7.075	341	362	5	8	7	5
78	16.626	49.545	101	72	2254323	22320.029	11484.150	19682.000	9314	54129	544.683	365.426	7.149	1.431	0.301	1.390	544.806	365.362	7.134	542	363	5	6	6	5
79	17.943	51.717	109	78	2299093	21092.596	9509.285	19630.000	9133	49281	537.303	370.321	7.174	1.438	0.272	1.391	537.342	370.203	7.151	534	368	5	7	6	5
80	24.857	65.681	151	99	4120210	27286.158	16772.475	22742.000	8985	65535	345.470	375.709	7.007	1.695	0.349	1.726	345.546	375.681	7.007	342	373	5	8	6	5
81	20.083	77.125	122	113	1601551	13127.467	3369.044	12091.500	9036	23001	404.582	377.426	6.967	1.569	0.526	1.596	404.607	377.440	6.964	400	373	5	11	10	4
82	31.771	71.092	193	126	4444922	23030.684	10493.283	19833.000	9366	54478	424.845	376.746	6.534	1.736	0.217	1.720	424.919	376.871	6.535	421	373	5	9	8	4
83	18.272	50.131	111	81	2388671	21519.559	9225.729	20112.000	9024	42446	820.360	377.261	6.351	1.471	0.280	1.503	820.340	377.264	6.271	816	375	5	9	5	4
84	14.651	44.546	89	66	1828424	20544.090	9434.032	16836.000	9062	39331	821.618	391.303	6.461	1.384	0.279	1.480	821.594	391.306	6.451	819	389	5	7	5	4
85	40.001	85.953	243	141	6676591	27475.684	16599.760	20262.000	9048	65535	394.333	395.823	7.041	1.974	0.292	2.011	394.279	395.752	7.077	390	392	5	9	9	5
86	42.470	93.780	258	154	6557427	25416.383	14646.604	21336.500	8999	65535	605.938	404.593	7.023	2.038	0.350	2.073	605.971	404.573	7.031	601	401	5	12	8	5
87	21.071	60.026	128	88	2612849	20412.883	8659.132	17932.000	9180	43121	204.891	406.648	6.617	1.554	0.292	1.564	205.001	406.678	6.613	201	404	5	9	6	5
88	10.371	36.200	63	63	773374	12275.777	2507.033	11602.000	9038	18118	907.810	412.619	5.540	1.057	0.320	1.057	907.824	412.621	5.541	905	410	5	7	7	2
89	16.626	46.958	101	71	1744531	17272.584	6339.695	14918.000	9322	33566	830.515	414.376	6.554	1.418	0.231	1.421	830.562	414.442	6.577	828	411	5	6	7	4
90	9.548	38.546	58	51	741791	12789.500	3057.291	11753.000	9006	22447	217.586	414.397	5.966	1.141	0.304	1.158	217.620	414.331	5.971	215	412	5	7	6	3
91	10.206	33.580	62	61	851588	13735.290	2271.620	13532.000	9234	18155	923.145	411.581	6.500	1.034	0.295	1.039	923.149	411.546	6.517	920	409	5	7	6	3
92	18.272	54.648	111	80	2708346	24399.514	13266.938	20936.000	8976	56583	567.532	416.009	6.748	1.550	0.401	1.578	567.619	415.938	6.783	564	414	5	8	5	5
93	16.626	48.786	101	76	1654259	16378.802	5741.522	15169.000	9112	31023	811.257	414.465	6.871	1.355	0.225	1.333	811.330	414.443	6.833	808	412	5	8	6	4
94	12.181	38.683	74	62	977007	13202.797	3078.121	12670.000	8958	20884	943.689	417.676	6.189	1.231	0.289	1.222	943.702	417.635	6.201	939	416	5	9	5	3
95	30.454	74.438	185	114	5367568	29013.881	17227.625	22900.000	9162	65535	452.173	431.265	6.919	1.824	0.337	1.896	452.159	431.239	6.895	448	428	5	9	8	5
96	19.260	53.303	117	82	2726591	23304.197	12451.875	19944.000	8982	53700	594.513	432.521	6.761	1.503	0.281	1.472	594.519	432.537	6.819	592	429	5	7	7	5
97	8.889	36.649	54	53	611639	11326.648	1766.125	11461.500	8990	15669	224.963	433.926	6.444	1.108	0.387	1.040	225.003	433.891	6.447	221	431	5	9	6	3
98	13.005	41.822	79	58	1430354	18105.746	7686.438	15985.000	8955	37674	784.443	439.532	6.430	1.312	0.252	1.290	784.529	439.608	6.416	782	437	5	6	6	4
99	26.667	66.852	162	105	3832724	23658.791	12634.055	21124.000	8951	59825	821.099	438.654	7.519	1.654	0.204	1.648	821.150	438.650	7.531	818	435	5	8	9	6
100	12.181	41.166	74	63	1069507	14452.797	4370.525	13399.000	9014	25793	653.257	442.297	6.257	1.299	0.386	1.283	653.353	442.352	6.308	648	441	5	10	4	4
101	20.412	61.853	124	89	2053345	16559.234	6755.244	14153.000	8959	32813	364.589	444.944	6.484	1.533	0.332	1.563	364.623	444.961	6.513	361	441	5	8	9	4
102	21.564	63.439	131	92	2460360	18781.375	8295.147	15983.000	8977	41289	644.649	447.458	6.443	1.565	0.282	1.590	644.644	447.366	6.451	640	444	5	10	8	4
103	28.972	72.300	176	114	3854686	21901.625	11581.113	19017.000	8966	59993	273.244	447.540	7.057	1.742	0.325	1.747	273.202	447.575	7.024	270	443	5	8	9	5
104	17.120	49.060	104	95	1519661	14612.125	4034.195	13667.500	8949	25556	450.798	449.962	6.337	1.291	0.343	1.323	450.789	450.174	6.381	447	446	5	8	8	3
105	24.692	63.405	150	97	4199763	27998.420	16144.636	22994.500	9207	65535	685.040	452.247	6.913	1.738	0.374	1.831	685.056	452.123	6.859	682	449	5	7	8	5
106	19.260	60.129	117	89	1985498	16970.068	5712.250	15325.000	9019	27615	457.479	454.556	6.291	1.488	0.355	1.516	457.474	454.500	6.300	453	452	5	10	6	4
107	31.606	87.469	192	138	3571761	18602.922	8479.649	15482.500	8971	43094	776.682	457.010	6.510	1.983	0.743	1.775	777.059	457.294	6.546	767	451	5	15	12	4
108	21.071	56.783	128	101	1985228	15509.594	4662.782	14300.000	9042	30338	973.523	452.742	6.961	1.445	0.298	1.433	973.591	452.811	6.923	969	450	5	10	7	4
109	36.874	95.503	224	151	4422498	19743.295	8648.179	17575.000	8963	43474	695.629	469.134	7.317	1.928	0.504	1.957	695.662	468.981	7.286	691	463	5	9	12	5
110	7.901	32.513	48	42	696278	14505.792	4916.446	13288.500	8999	29853	302.479	466.250	5.854	1.123	0.309	1.119	302.482	466.269	5.840	299	465	5	8	4	3
111	2.798	20.342	17	17	177204	10423.765	916.404	10457.000	9023	12274	874.765	473.824	5.588	0.881	0.271	0.904	874.764	473.852	5.585	872	472	5	7	4	2
112	20.577	53.096	125	87	2976767	23814.137	12627.741	21149.000	8946	56543	844.792	476.760	6.384	1.520	0.209	1.531	844.785	476.722	6.349	842	474	5	7	7	4
113	17.449	52.922	106	91	1575376	14862.038	4170.394	14199.500	8992	25418	394.443	481.764	5.755	1.478	0.483	1.382	394.481	481.752	5.709	388	480	5	13	5	3
114	8.560	30.960	52	52	738942	14210.423	2945.667	14100.500	9250	20907	357.769	486.096	5.442	1.003	0.307	0.989	357.799	486.112	5.440	355	483	5	7	7	2
115	33.252	75.024	202	127	5855637	28988.303	16849.342	23816.500	9187	65535	690.624	493.856	6.891	1.849	0.310	1.848	690.674	493.770	6.831	687	490	5	9	8	5
116	25.021	66.611	152	98	3679547	24207.547	13572.571	20255.500	8978	61035	739.441	493.336	6.757	1.674	0.312	1.660	739.559	493.432	6.728	736	490	5	8	8	5
117	15.803	52.992	96	79	1351673	14079.927	4376.616	12794.000	9026	26638	779.375	494.208	6.469	1.304	0.316	1.314	779.326	494.154	6.501	776	491	5	8	8	4
118	14.651	46.477	89	66	1710378	19217.730	7553.807	17337.000	9445	40151	951.730	496.348	6.360	1.402	0.281	1.414	951.760	496.384	6.385	949	493	5	6	7	4
119	19.589	52.406	119	82	3135270	26346.807	14058.108	21227.000	9207	65535	914.689	498.319	6.403	1.509	0.233	1.537	914.651	498.305	6.446	911	496	5	8	6	4
120	23.869	70.024	145	102	2924343	20167.883	10011.798	17179.000	9064	47607	584.703	502.228	6.979	1.746	0.513	1.804	584.759	502.200	7.008	579	500	5	12	6	5
121	3.786	19.342	23	22	260153	11311.000	1714.626	11103.000	8997	15579	620.783	507.870	5.826	0.805	0.251	0.819	620.766	507.866	5.849	619	506	5	5	5	3
122	13.005	41.166	79	64	1333683	16882.062	5299.668	15883.000	8965	30513	515.177	514.646	5.911	1.243	0.240	1.220	515.164	514.637	5.905	512	512	5	8	6	3
123	10.865	44.924	66	62	967627	14661.016	3753.522	13731.500	9116	22779	586.591	517.849	6.545	1.354	0.533	1.308	586.538	517.808	6.580	582	515	5	11	6	4
124	5.103	23.755	31	28	388166	12521.483	3340.835	12163.000	8951	21582	637.516	520.065	5.774	0.915	0.243	0.886	637.550	520.036	5.759	635	519	5	6	4	3
125	12.346	38.097	75	61	1378810	18384.133	6178.050	17000.000	9242	35276	529.453	524.373	5.987	1.219	0.228	1.190	529.493	524.346	5.937	526	522	5	8	5	3
126	32.594	75.024	198	121	5720006	28888.920	17603.189	23053.000	8954	65535	571.737	538.687	7.056	1.859	0.313	1.904	571.705	538.770	7.129	568	535	5	9	8	5
127	12.017	40.269	73	64	961153	13166.479	2861.236	13086.000	9007	20284	983.206	539.192	5.740	1.157	0.305	1.197	983.108	539.168	5.731	980	537	5	7	6	3
128	11.523	39.925	70	62	989267	14132.386	3609.010	14247.500	9033	24544	988.014	548.143	5.800	1.140	0.260	1.183	988.011	548.213	5.778	985	545	5	7	7	3
129	36.051	84.055	219	142	4237658	19350.037	8984.726	17450.000	8998	44409	748.201	549.699	6.945	1.836	0.321	1.867	748.352	549.697	6.962	743	546	5	11	8	5
130	5.761	34.099	35	33	376957	10770.200	1405.655	10334.000	9041	14413	777.743	549.029	5.886	1.028	0.360	0.997	777.742	549.002	5.877	775	546	5	6	8	3
131	25.186	63.335	153	106	3311021	21640.660	10185.224	18258.000	9097	54266	845.144	554.366	6.458	1.645	0.281	1.663	845.144	554.376	6.469	840	552	5	11	6	4
132	12.181	48.819	74	70	896066	12109.000	2090.980	11841.000	8964	17966	112.392	14.824	7.149	1.292	0.427	1.264	112.380	14.830	7.172	109	10	6	7	10	4
133	22.881	63.646	139	92	3327323	23937.576	13048.435	20566.000	8990	59953	103.532	63.914	8.115	1.596	0.292	1.546	103.521	63.862	8.102	100	60	6	8	8	5
134	27.326	70.921	166	118	4552152	27422.602	16038.563	22259.500	9100	65535	15.687	74.319	8.265	1.756	0.418	1.777	15.485	74.098	8.213	14	69	6	6	11	5
135	15.638	50.924	95	74	1795109	18895.885	8237.758	17186.000	9042	40014	182.863	76.747	7.821	1.347	0.277	1.334	182.850	76.780	7.863	181	73	6	5	9	4
136	23.540	68.301	143	92	3420404	23918.908	14158.137	18741.000	8950	63168	102.224	83.713	8.000	1.680	0.365	1.719	102.326	83.715	7.983	99	80	6	8	8	5
137	51.853	116.119	315	191	7411117	23527.355	12206.308	19654.000	8947	52897	167.168	104.876	8.584	2.183	0.523	2.191	167.182	104.798	8.537	162	99	6	12	13	6
138	17.120	48.545	104	73	1981924	19056.961	8253.428	15613.000	8975	37112	135.048	132.279	7.635	1.410	0.223	1.407	135.076	132.209	7.656	132	130	6	7	6	4
139	13.992	43.097	85	65	1476274	17367.930	6628.083	15504.000	9016	33948	112.953	132.800	7.612	1.279	0.224	1.301	112.933	132.753	7.621	110	130	6	7	6	4
140	36.051	91.745	219	143	5282031	24118.863	13553.369	20645.000	9114	65535	189.950	155.119	8.100	1.895	0.407	1.948	189.790	154.931	8.073	185	151	6	11	10	5
141	62.718	120.359	381	222	9016798	23666.137	12267.675	19991.000	8948	62851	14.706	203.659	7.782	2.218	0.383	2.217	14.751	203.597	7.775	10	197	6	11	13	5
142	34.075	86.194	207	137	4385930	21188.068	10012.148	19184.000	8970	50927	90.986	203.314	7.841	1.792	0.345	1.813	90.870	203.180	7.877	86	200	6	11	8	5
143	26.338	67.782	160	108	2944726	18404.537	8278.418	15413.500	8962	41257	247.925	215.994	7.406	1.659	0.275	1.641	247.966	216.061	7.428	244	212	6	8	10	4
144	21.729	61.130	132	87	3192389	24184.766	13622.198	19302.000	8985	60098	39.250	227.477	8.326	1.615	0.332	1.602	39.319	227.421	8.366	36	225	6	8	6	6
145	14.815	46.958	90	72	1622403	18026.699	6593.979	16567.000	9047	37685	694.767	249.633	7.789	1.294	0.248	1.292	694.758	249.657	7.781	692	247	6	7	6	4
146	8.066	32.201	49	47	622196	12697.878	2677.919	12617.000	9006	19302	352.939	260.143	6.673	1.005	0.322	1.004	352.901	260.139	6.712	349	258	6	7	6	3
147	20.741	54.852	126	97	2121700	16838.889	5393.625	15622.000	9242	29817	159.540	261.794	6.992	1.434	0.265	1.439	159.549	261.758	6.997	156	258	6	8	9	3
148	17.778	54.611	108	88	1460024	13518.741	3699.846	12617.500	9059	23215	682.130	267.796	7.074	1.377	0.305	1.340	682.130	267.809	7.066	678	264	6	9	8	3
149	14.321	43.201	87	65	1551992	17838.988	7069.144	16013.000	8982	33008	1011.184	269.713	7.448	1.330	0.248	1.316	1011.134	269.691	7.420	1009	267	6	6	6	4
150	20.906	56.542	127	97	2267950	17857.873	6800.953	15794.000	9105	36578	139.433	271.622	7.929	1.454	0.283	1.450	139.426	271.520	7.924	136	268	6	8	8	4
151	6.585	32.546	40	40	487867	12196.675	2240.239	11935.000	8956	17097	371.750	279.800	7.150	1.056	0.417	1.027	371.758	279.811	7.137	370	275	6	5	9	3
152	30.124	77.851	183	118	4773269	26083.438	15986.532	20254.000	8979	65535	821.754	281.246	8.077	1.813	0.361	1.880	821.709	281.211	8.102	817	278	6	11	7	5
153	38.520	98.846	234	163	4631508	19792.770	8040.093	18998.500	8959	40159	356.718	293.876	7.927	1.791	0.382	1.837	356.676	293.744	7.965	352	289	6	11	11	5
154	7.243	40.821	44	43	531963	12090.068	2545.528	11862.000	8993	19455	191.273	303.886	6.932	1.309	0.626	1.225	191.264	303.899	6.946	186	302	6	12	5	3
155	2.140	18.067	13	13	126031	9694.692	708.502	9377.000	8975	11038	721.000	310.462	6.692	0.898	0.271	0.909	720.967	310.483	6.686	718	309	6	6	4	2
156	11.029	39.684	67	56	995978	14865.344	3804.939	14710.000	9107	24182	475.582	313.433	7.269	1.127	0.269	1.161	475.530	313.429	7.294	473	311	6	6	6	4
157	33.252	84.126	202	126	5019562	24849.316	14676.591	20117.500	9003	65535	646.040	319.901	7.896	1.874	0.373	1.960	646.059	319.938	7.887	642	315	6	9	11	5
158	2.634	14.550	16	16	184521	11532.562	2479.922	10789.500	8955	16042	360.562	319.062	6.562	0.675	0.126	0.669	360.549	319.069	6.565	359	318	6	4	3	2
159	26.667	72.300	162	108	3851798	23776.531	13079.816	21501.500	9035	62603	423.383	328.111	7.975	1.661	0.298	1.638	423.379	328.049	8.012	420	324	6	8	9	5
160	12.346	44.820	75	65	997146	13295.280	3294.820	12004.000	9012	21162	505.893	328.853	6.827	1.250	0.352	1.213	505.891	328.831	6.841	502	326	6	9	7	3
161	6.749	29.099	41	35	549860	13411.220	3883.220	12362.000	9052	24788	248.415	334.098	7.073	1.047	0.259	1.063	248.430	334.107	7.050	247	331	6	4	7	3
162	18.766	49.682	114	80	2763149	24238.148	13513.926	20084.500	8954	56218	574.588	333.579	7.535	1.479	0.215	1.511	574.513	333.561	7.574	572	331	6	7	6	4
163	3.622	24.204	22	22	249161	11325.500	2696.878	10477.500	9068	19712	384.818	336.182	6.773	0.870	0.300	0.908	384.886	336.283	6.790	382	334	6	6	5	3
164	15.638	47.474	95	91	1384008	14568.505	3592.284	14662.000	8960	24011	626.158	347.147	6.579	1.233	0.352	1.298	626.057	347.090	6.588	622	344	6	9	8	3
165	19.095	60.578	116	83	2623716	22618.242	12607.921	19069.500	9010	59763	441.819	355.034	7.784	1.534	0.335	1.522	441.781	354.987	7.807	438	352	6	9	7	5
166	18.766	55.026	114	85	2235075	19605.922	9134.840	16793.000	9128	41538	171.386	355.649	7.456	1.471	0.276	1.521	171.392	355.595	7.431	168	352	6	8	7	4
167	18.601	52.751	113	79	2128228	18833.877	8725.564	15084.000	8960	38968	651.168	363.363	7.496	1.460	0.217	1.478	651.111	363.350	7.491	648	360	6	7	8	4
168	18.931	53.544	115	82	2088990	18165.131	7912.940	14893.000	8989	36351	665.052	368.574	7.539	1.495	0.276	1.516	665.015	368.528	7.539	662	365	6	7	8	4
169	6.255	27.513	38	35	504654	13280.368	3538.707	12910.500	8990	22220	812.079	368.342	6.684	0.921	0.214	0.895	812.095	368.267	6.691	810	366	6	5	6	3
170	13.334	45.131	81	62	1369975	16913.271	6407.464	15906.000	9077	30692	745.062	373.395	7.432	1.323	0.298	1.391	744.983	373.348	7.461	741	371	6	9	6	4
171	17.778	60.956	108	94	1532106	14186.167	3895.454	13591.000	8996	25280	792.204	389.593	7.019	1.692	0.604	1.652	792.206	389.598	6.997	787	384	6	11	11	3
172	17.614	50.131	107	75	2190103	20468.252	9596.047	17911.000	8975	43132	717.299	419.037	7.430	1.439	0.229	1.463	717.321	418.939	7.402	714	416	6	7	7	4
173	2.798	16.721	17	17	178871	10521.823	1300.683	10263.000	9000	12806	478.235	421.059	6.824	0.709	0.284	0.696	478.219	421.055	6.830	476	419	6	5	5	2
174	11.029	37.545	67	62	1023341	15273.746	5268.269	13527.000	9095	28464	766.090	420.433	7.567	1.111	0.277	1.130	766.196	420.470	7.558	763	418	6	7	6	4
175	20.083	57.061	122	86	2959616	24259.148	13433.287	20111.000	9160	58725	692.123	427.336	7.689	1.520	0.271	1.531	692.116	427.274	7.735	689	424	6	7	8	5
176	2.798	17.963	17	16	190744	11220.235	2165.593	10389.000	9131	17530	612.176	439.000	6.824	0.768	0.286	0.719	612.202	438.969	6.846	610	438	6	6	3	3
177	13.005	50.820	79	68	1213949	15366.443	4675.697	14023.000	9039	27048	346.013	449.291	7.532	1.318	0.463	1.353	345.969	449.288	7.528	342	445	6	9	9	4
178	11.029	38.097	67	55	971389	14498.344	4338.903	13475.000	9056	28741	762.672	449.716	6.866	1.154	0.178	1.143	762.766	449.646	6.849	760	447	6	6	6	3
179	17.778	55.026	108	82	1888676	17487.740	7248.083	14983.000	8962	37775	708.037	456.500	7.630	1.506	0.389	1.508	707.929	456.481	7.597	704	454	6	10	6	4
180	13.005	44.027	79	72	1195154	15128.531	4447.925	14205.000	8972	29004	515.899	464.089	7.430	1.155	0.282	1.217	515.864	463.976	7.444	512	461	6	8	7	4
181	19.918	62.405	121	90	2413585	19946.984	10992.089	16435.000	8947	54197	317.446	495.339	8.190	1.537	0.370	1.486	317.208	495.480	8.135	314	492	6	9	8	5
182	14.321	43.649	87	65	1698559	19523.666	8471.075	18730.000	8950	42239	329.540	501.103	7.322	1.343	0.250	1.330	329.552	501.122	7.273	327	499	6	7	6	4
183	15.145	45.476	92	65	1606246	17459.195	7394.642	15068.000	8950	33664	958.543	507.141	7.587	1.392	0.251	1.409	958.590	507.114	7.586	956	504	6	6	7	4
184	5.761	24.686	35	34	415925	11883.571	2526.088	11012.000	9057	19137	978.943	511.600	6.657	0.868	0.218	0.858	978.840	511.523	6.661	977	510	6	6	5	3
185	10.865	39.717	66	60	879121	13320.016	3608.554	12812.000	9044	26747	907.303	523.455	6.742	1.181	0.385	1.178	907.207	523.311	6.738	904	520	6	8	8	3
186	12.017	37.890	73	64	1137809	15586.425	4088.405	15958.000	8993	24167	517.151	537.110	6.822	1.175	0.254	1.190	517.186	537.052	6.765	514	535	6	8	5	3
187	22.223	67.956	135	98	2698621	19989.785	9428.653	17433.000	8967	49162	542.748	538.600	8.059	1.676	0.493	1.700	542.898	538.650	8.024	537	536	6	12	6	5
188	20.906	67.782	127	100	1868183	14710.103	4172.227	14222.000	8963	30709	970.969	580.543	7.307	1.500	0.410	1.490	970.986	580.479	7.320	966	577	6	10	9	4
189	9.218	32.650	56	53	779384	13917.571	3352.665	14072.500	9009	23235	62.571	14.518	8.500	1.006	0.265	1.025	62.673	14.553	8.522	60	12	7	6	6	4
190	9.383	37.649	57	53	734956	12893.965	3080.077	12048.000	8987	20171	19.368	42.246	8.281	1.189	0.387	1.184	19.365	42.175	8.265	18	37	7	4	11	3
191	32.923	101.192	200	154	3041549	15207.745	4852.262	13638.000	8975	29239	122.050	99.315	9.530	2.231	0.756	2.460	121.951	99.177	9.569	117	96	7	11	9	7
192	19.095	55.957	116	85	1928578	16625.672	6872.396	13949.500	9079	34688	176.388	138.491	8.543	1.482	0.298	1.524	176.349	138.292	8.537	174	135	7	6	10	4
193	34.569	75.951	210	158	3932957	18728.367	6361.812	17763.000	9185	36636	71.176	141.814	8.000	1.683	0.362	1.695	71.192	141.737	7.993	67	137	7	10	11	3
194	16.791	48.889	102	76	1907078	18696.844	7696.515	16363.500	9084	37634	155.059	157.725	8.196	1.368	0.214	1.351	155.052	157.755	8.199	152	155	7	7	7	4
195	44.940	100.124	273	156	7114258	26059.553	13388.241	23039.000	8981	57256	337.568	217.718	9.769	2.098	0.421	2.007	337.629	217.655	9.687	333	214	7	10	9	7
196	17.778	50.820	108	77	2276997	21083.305	10716.170	16796.500	9069	49567	516.028	260.056	8.324	1.422	0.208	1.398	516.032	259.972	8.320	513	257	7	7	7	4
197	4.280	21.721	26	26	308843	11878.577	2457.166	11258.000	9036	15833	246.269	267.500	7.385	0.826	0.223	0.825	246.317	267.527	7.330	244	265	7	5	6	2
198	5.268	30.133	32	32	355568	11111.500	2044.481	10297.000	9025	15800	746.938	304.406	7.656	0.920	0.243	0.957	747.045	304.410	7.675	744	302	7	6	6	2
199	8.231	38.546	50	50	604638	12092.760	2318.866	11441.500	9347	17934	488.820	316.200	7.500	1.018	0.285	1.025	488.896	316.117	7.453	486	313	7	7	7	2
200	7.243	28.306	44	40	613703	13947.796	3295.404	13860.000	9011	21252	834.932	318.295	7.682	0.967	0.233	0.955	834.963	318.352	7.669	833	316	7	5	5	3
201	29.137	69.954	177	120	3571562	20178.316	9328.926	18407.000	9003	50576	766.740	361.904	8.718	1.662	0.248	1.673	766.848	362.034	8.719	763	358	7	9	9	5
202	2.798	16.032	17	17	208756	12279.765	1878.359	12546.000	9117	16031	1015.059	369.824	7.706	0.721	0.229	0.686	1015.085	369.875	7.701	1013	368	7	4	5	2
203	4.445	18.308	27	27	362314	13419.037	3066.537	12373.000	9240	19095	692.296	383.407	7.481	0.760	0.148	0.776	692.221	383.283	7.454	690	382	7	5	4	2
204	19.589	53.474	119	95	1991420	16734.621	5294.403	16119.000	8988	31643	711.084	414.244	8.067	1.411	0.276	1.381	711.094	414.181	8.082	707	411	7	9	8	3
205	5.761	27.513	35	33	424605	12131.571	2388.696	11730.000	9074	17173	544.000	492.486	7.743	0.962	0.298	0.892	544.020	492.527	7.743	541	491	7	7	5	3
206	5.432	24.341	33	33	374250	11340.909	1599.110	11205.000	9091	15231	539.879	500.515	7.545	0.860	0.226	0.847	539.875	500.497	7.549	538	498	7	5	6	2
207	38.355	88.780	233	152	5990750	25711.373	13612.373	23130.000	9006	60118	380.888	515.536	9.489	1.935	0.403	1.958	380.965	515.622	9.428	376	512	7	11	7	6
208	13.334	47.062	81	66	1271316	15695.259	5309.405	14939.000	8954	30270	489.642	529.494	8.556	1.250	0.328	1.247	489.696	529.443	8.536	486	527	7	8	6	4
209	26.832	80.953	163	123	3280085	20123.221	8856.385	17510.000	8973	48971	654.509	552.055	8.239	1.796	0.547	1.871	654.728	552.083	8.222	649	549	7	12	7	4
210	5.761	22.065	35	35	431961	12341.743	2073.857	11765.000	9310	16717	1002.600	584.057	7.486	0.825	0.178	0.856	1002.646	584.028	7.471	1001	582	7	5	5	2
211	9.548	33.098	58	49	862302	14867.275	4162.080	13982.500	9645	26875	83.586	31.103	9.069	1.108	0.185	1.114	83.631	31.206	9.077	81	28	8	6	6	3
212	3.951	19.101	24	24	282096	11754.000	1913.747	11118.500	9118	17051	295.333	178.917	8.542	0.755	0.158	0.749	295.370	178.883	8.585	294	177	8	4	5	2
213	11.852	44.064	72	59	1490710	20704.305	11124.264	16926.000	9054	53938	3.875	180.111	10.361	1.349	0.404	1.385	3.697	180.045	10.316	2	177	8	5	7	5
214	61.895	161.254	376	238	6941049	18460.236	9556.086	15197.500	8948	49442	184.537	227.138	11.346	2.607	0.849	2.617	184.052	226.456	11.658	179	220	8	12	15	8
215	21.400	57.647	130	89	2375196	18270.738	7733.701	14652.000	8980	36559	42.846	241.777	9.415	1.538	0.224	1.557	42.784	241.751	9.425	39	238	8	8	8	4
216	19.260	52.510	117	81	2756806	23562.445	11481.107	20476.000	9036	55642	459.863	250.940	9.462	1.517	0.248	1.544	459.916	250.889	9.422	457	248	8	7	7	4
217	21.071	58.818	128	100	2100658	16411.391	6331.631	15425.000	8995	35380	438.922	271.758	9.914	1.515	0.383	1.481	439.062	271.866	9.894	436	267	8	7	10	4
218	6.749	27.065	41	37	584796	14263.317	4099.219	13341.000	8967	23705	513.756	301.024	8.707	0.938	0.210	0.940	513.672	300.985	8.711	512	299	8	5	5	3
219	31.935	91.849	194	141	3136769	16168.912	7467.088	13338.500	8946	37103	281.861	345.954	11.155	2.247	0.823	2.396	281.979	346.220	11.539	278	341	8	10	9	7
220	13.498	45.061	82	75	1121491	13676.720	3097.272	13540.500	9018	20659	250.744	351.500	8.671	1.168	0.316	1.203	250.758	351.523	8.683	247	348	8	8	7	3
221	26.174	72.819	159	105	4115370	25882.830	13964.966	21867.000	8989	64332	170.673	405.082	9.899	1.797	0.403	1.875	170.691	405.223	9.784	167	401	8	8	9	5
222	8.066	35.718	49	48	548119	11186.102	1642.427	10738.000	8977	15478	573.245	510.143	9.367	0.994	0.285	0.995	573.245	510.128	9.357	570	507	8	7	7	3
223	8.560	35.029	52	46	648952	12479.846	2967.171	11807.500	9050	23719	626.058	551.135	8.769	1.052	0.263	1.040	626.058	551.151	8.782	623	549	8	7	5	3
224	14.980	47.752	91	71	1561677	17161.285	6556.219	15460.000	9048	36439	205.659	86.604	10.956	1.321	0.256	1.282	205.677	86.634	10.979	202	84	9	8	6	4
225	43.129	107.536	262	170	6225737	23762.355	12748.008	20510.000	9002	58533	51.187	114.107	11.156	2.124	0.551	2.139	51.058	113.858	11.172	47	108	9	10	14	5
226	5.926	26.961	36	36	410222	11395.056	1462.086	11282.500	9175	14542	214.694	144.694	9.583	0.871	0.233	0.844	214.754	144.717	9.602	212	142	9	6	6	2
227	23.375	58.784	142	95	3194677	22497.725	10693.782	19205.500	9021	51726	266.986	181.254	11.359	1.582	0.216	1.561	266.979	181.274	11.353	264	177	9	7	8	5
228	34.569	83.540	210	136	5751191	27386.623	15892.383	21816.000	8978	65535	230.205	189.757	11.090	1.913	0.407	2.005	230.282	189.692	11.086	227	185	9	7	11	5
229	6.091	25.894	37	33	719244	19439.027	7839.903	17670.000	9185	39711	106.270	187.730	10.784	1.021	0.305	0.965	106.279	187.744	10.815	105	186	9	4	4	4
230	9.218	37.201	56	55	648616	11582.429	1674.834	11487.500	8986	15164	133.929	246.857	9.554	1.083	0.363	1.035	133.939	246.820	9.562	132	243	9	5	9	3
231	31.771	76.058	193	123	4446693	23039.859	11956.833	19643.000	9076	60030	296.653	265.508	11.192	1.759	0.244	1.745	296.737	265.498	11.167	293	262	9	8	9	5
232	11.523	40.651	70	53	1789580	25565.428	15142.863	21568.500	9321	63618	393.571	294.700	11.129	1.376	0.441	1.293	393.619	294.697	11.148	391	293	9	6	4	5
233	27.655	76.643	168	124	3010451	17919.352	6258.970	17142.000	8972	36607	500.405	303.244	11.327	1.707	0.467	1.704	500.365	303.257	11.297	496	300	9	11	8	5
234	57.944	144.807	352	219	8211564	23328.307	14780.682	18103.000	8949	65535	191.832	310.605	11.884	2.274	0.639	2.418	192.218	310.003	11.744	186	305	9	12	14	6
235	39.837	91.849	242	148	6156154	25438.652	14906.298	20888.500	8957	65535	666.616	328.368	11.248	1.963	0.407	1.927	666.649	328.488	11.252	663	323	9	8	11	6
236	34.404	84.678	209	131	4818371	23054.406	12540.032	18796.000	9121	58479	222.057	352.813	10.957	1.888	0.358	1.972	222.050	352.666	11.001	218	348	9	9	10	5
237	25.515	67.749	155	105	3572383	23047.633	10968.658	20523.000	8988	49910	658.787	404.865	11.303	1.662	0.311	1.690	658.731	404.874	11.271	655	402	9	9	7	6
238	25.351	68.060	154	105	4046033	26272.941	16136.284	19080.500	8971	65535	647.481	420.929	11.000	1.727	0.408	1.801	647.531	420.872	10.967	643	419	9	10	5	5
239	43.952	99.572	267	156	6873975	25745.225	14875.774	22064.000	8996	64523	397.888	424.573	11.341	2.047	0.368	2.053	397.961	424.499	11.319	394	419	9	9	11	6
240	30.618	78.437	186	124	3902563	20981.521	9591.965	18708.500	9040	47804	627.839	478.425	11.548	1.796	0.396	1.760	627.737	478.310	11.491	623	476	9	11	6	6
241	14.815	44.787	90	69	1722244	19136.045	7160.767	18610.500	9088	41353	982.400	527.678	10.833	1.322	0.253	1.288	982.385	527.609	10.844	980	525	9	6	6	5
242	2.469	15.239	15	15	162326	10821.733	1422.172	10531.000	8970	13352	882.667	528.733	9.800	0.727	0.293	0.726	882.606	528.778	9.806	881	527	9	5	4	2
243	35.557	80.505	216	134	5165323	23913.533	12420.845	20045.000	8948	52473	806.801	552.713	10.736	1.841	0.266	1.826	806.729	552.761	10.699	803	548	9	8	10	5
244	11.523	39.202	70	54	1138997	16271.386	6088.880	14125.000	8971	32146	704.429	553.343	10.643	1.298	0.305	1.331	704.411	553.419	10.664	702	551	9	6	5	4
245	7.737	31.857	47	46	573035	12192.234	2284.199	11796.000	9084	19478	853.277	556.723	9.489	0.971	0.293	0.916	853.303	556.747	9.503	851	553	9	5	8	3
246	32.264	80.471	196	120	4599639	23467.547	12354.301	19680.500	9042	54689	155.469	76.214	12.505	1.818	0.329	1.775	155.437	76.141	12.502	152	72	10	8	9	6
247	36.051	91.089	219	148	4029763	18400.744	7627.726	16681.000	9011	37976	92.055	89.397	11.438	1.940	0.487	1.891	92.102	89.410	11.408	88	84	10	10	12	4
248	40.495	94.676	246	149	5662737	23019.256	12392.412	19191.000	8986	57115	27.114	106.549	12.102	2.027	0.414	2.065	27.086	106.488	12.139	23	102	10	10	9	6
249	37.367	84.263	227	143	4737382	20869.523	10297.653	17724.000	8982	53401	235.705	154.300	12.018	1.909	0.339	1.920	235.652	154.363	11.962	232	149	10	9	11	5
250	2.798	15.791	17	16	287279	16898.766	5645.069	15661.000	9741	26815	108.176	174.824	10.647	0.747	0.201	0.739	108.173	174.780	10.631	107	173	10	4	4	3
251	14.980	46.303	91	79	1310273	14398.604	3552.289	14362.000	9033	22938	251.835	194.099	11.308	1.238	0.283	1.296	251.736	194.074	11.373	248	191	10	8	7	3
252	23.211	61.716	141	98	3553629	25203.043	14552.667	21339.000	9032	63428	136.057	197.014	11.574	1.654	0.375	1.674	136.114	197.030	11.532	132	195	10	9	5	5
253	23.869	62.750	145	92	3036200	20939.311	10618.552	17277.000	9014	53548	203.469	201.352	12.090	1.643	0.301	1.557	203.533	201.330	12.071	200	198	10	8	7	5
254	15.309	46.269	93	65	1511440	16252.043	6027.230	14595.000	9093	27973	257.280	206.860	11.484	1.381	0.217	1.415	257.267	206.869	11.483	255	204	10	6	7	4
255	25.680	68.405	156	95	3954394	25348.680	14527.418	21125.000	9108	62167	229.205	212.167	12.429	1.736	0.357	1.676	229.247	212.112	12.423	226	209	10	8	8	6
256	35.227	81.954	214	130	5017770	23447.523	12685.850	19591.500	8946	60087	303.879	216.009	12.724	1.896	0.388	1.839	304.010	215.975	12.722	299	213	10	11	7	6
257	15.309	47.096	93	76	1436922	15450.774	4903.104	15202.000	9004	31409	500.548	249.129	11.043	1.283	0.229	1.283	500.531	249.029	11.051	497	246	10	8	7	3
258	23.375	64.784	142	91	2632603	18539.457	8820.338	15389.000	8949	42861	776.437	250.415	12.063	1.640	0.329	1.549	776.473	250.244	12.044	772	247	10	9	7	5
259	22.717	65.611	138	97	2322127	16827.008	6718.696	14682.500	8953	37637	759.188	251.333	12.225	1.549	0.300	1.532	759.169	251.263	12.177	755	248	10	9	7	5
260	57.286	134.805	348	241	5996292	17230.725	6616.023	15489.500	8975	38999	838.448	251.629	12.325	2.407	0.863	2.196	838.686	251.802	12.304	831	245	10	18	13	5
261	30.454	80.093	185	111	4854456	26240.303	16162.203	20600.000	8988	65535	891.249	258.508	12.984	1.894	0.481	1.940	891.247	258.504	12.979	887	256	10	10	6	7
262	63.376	151.289	385	238	9276112	24093.797	14245.446	19796.000	9035	65535	462.761	265.977	11.974	2.618	0.810	2.529	462.565	265.678	12.064	457	259	10	15	16	6
263	20.248	59.681	123	86	2101415	17084.674	6772.114	15643.000	9043	37919	785.715	267.772	11.878	1.500	0.292	1.444	785.658	267.770	11.880	782	265	10	8	7	5
264	13.828	44.546	84	63	1578744	18794.572	7733.775	16496.000	9016	36408	476.274	269.988	11.512	1.366	0.274	1.453	476.292	270.058	11.468	474	267	10	6	7	4
265	7.408	27.513	45	40	650708	14460.178	3974.765	14502.000	9043	24073	398.133	273.289	10.800	1.005	0.209	1.017	398.126	273.342	10.763	396	271	10	5	5	3
266	3.457	18.308	21	21	222935	10615.952	1103.896	10485.000	9180	13913	453.238	279.952	10.571	0.750	0.172	0.745	453.253	279.950	10.587	452	278	10	4	5	2
267	45.104	115.604	274	181	6332232	23110.336	12509.244	19518.000	8975	61109	547.854	292.296	11.945	2.205	0.643	2.143	547.760	292.342	12.013	543	286	10	12	14	5
268	26.997	73.853	164	110	3907371	23825.434	14677.372	18531.500	9013	65535	332.189	297.805	12.372	1.800	0.484	1.782	332.272	297.766	12.366	327	296	10	11	5	6
269	34.734	86.987	211	133	4014228	19024.777	8115.239	17204.000	9012	41317	314.701	302.104	11.739	1.789	0.297	1.806	314.793	302.117	11.743	310	298	10	10	9	5
270	2.798	19.997	17	17	164524	9677.883	580.543	9706.000	8970	11084	453.824	313.588	10.412	0.822	0.247	0.784	453.840	313.556	10.404	453	311	10	3	6	2
271	6.749	30.133	41	38	522153	12735.439	2940.606	11882.000	8964	19662	472.805	321.659	11.220	0.964	0.275	0.973	472.815	321.622	11.209	470	319	10	6	6	3
272	38.684	98.090	235	149	5874209	24996.635	13914.271	21067.000	9014	65535	586.094	327.549	11.864	2.053	0.506	2.071	586.350	327.435	11.827	580	323	10	13	10	6
273	17.614	52.062	107	78	2022937	18905.953	7824.156	17724.000	9000	41657	391.813	329.897	11.813	1.466	0.316	1.443	391.947	329.888	11.845	388	328	10	8	5	5
274	17.943	52.784	109	86	1680407	15416.578	4872.409	13858.000	9162	28179	293.101	346.266	11.872	1.427	0.331	1.362	293.058	346.218	11.837	289	344	10	10	6	4
275	29.137	76.369	177	116	4162074	23514.543	12499.577	19294.000	9062	54796	391.401	345.740	12.638	1.790	0.400	1.810	391.411	345.692	12.633	387	343	10	10	6	6
276	53.170	111.016	323	200	6889501	21329.725	9052.060	19605.000	8970	42302	552.628	350.610	12.437	2.109	0.402	2.092	552.637	350.501	12.438	549	345	10	10	13	6
277	11.029	38.201	67	54	1152174	17196.627	6424.271	15724.000	8968	35834	409.687	353.164	11.672	1.182	0.275	1.159	409.652	353.208	11.720	407	350	10	7	6	4
278	45.927	99.053	279	166	6031808	21619.383	10126.984	19510.000	9017	48957	189.943	357.097	12.265	2.054	0.383	2.058	189.972	357.050	12.267	185	352	10	11	10	6
279	12.675	44.201	77	57	1434025	18623.701	8072.044	16354.000	8968	38116	448.766	371.338	12.143	1.337	0.332	1.322	448.788	371.308	12.107	446	369	10	7	5	5
280	8.231	33.650	50	42	692170	13843.400	3465.103	13475.000	8962	22054	975.980	376.640	11.660	1.083	0.297	1.053	975.957	376.607	11.650	973	375	10	7	5	4
281	8.725	32.305	53	48	654347	12346.170	2574.081	12039.000	9141	19413	228.585	378.736	10.736	1.056	0.259	1.048	228.606	378.739	10.722	226	376	10	6	6	3
282	5.761	30.133	35	33	405843	11595.515	2110.141	10973.000	9028	18288	397.743	377.429	11.714	0.954	0.324	0.955	397.709	377.415	11.720	395	375	10	6	6	4
283	22.552	60.026	137	94	2941779	21472.840	10004.772	18809.000	9017	49406	702.686	379.971	12.394	1.584	0.237	1.590	702.658	379.976	12.377	700	376	10	7	8	5
284	25.351	72.404	154	106	2480271	16105.656	6254.321	14447.000	8975	35289	198.351	392.636	12.195	1.662	0.346	1.659	198.408	392.618	12.185	195	388	10	9	9	5
285	31.277	77.195	190	126	3827437	20144.404	8569.092	17542.500	9054	44313	691.837	395.979	12.300	1.749	0.291	1.747	691.818	395.944	12.292	687	392	10	11	8	5
286	35.721	82.091	217	137	4314131	19880.787	9084.197	16969.000	8965	50129	733.654	398.263	12.309	1.890	0.370	1.867	733.799	398.326	12.311	728	395	10	11	7	6
287	16.791	50.924	102	74	1836730	18007.156	7389.945	15985.500	8954	40405	223.314	408.775	11.431	1.438	0.277	1.481	223.299	408.786	11.406	220	406	10	8	6	4
288	4.115	28.651	25	25	270070	10802.800	1934.573	10307.000	8974	15680	509.880	416.440	10.840	1.165	0.314	1.213	509.976	416.517	10.847	506	413	10	8	6	2
289	20.741	59.440	126	84	2549552	20234.539	10199.465	16412.500	8958	51358	733.063	428.357	12.238	1.583	0.340	1.572	733.077	428.345	12.185	729	426	10	9	6	5
290	24.034	68.472	146	107	2400042	16438.645	5833.258	15008.000	8947	35206	680.870	428.897	11.925	1.565	0.335	1.564	680.820	428.914	11.938	676	425	10	11	8	5
291	38.190	90.263	232	143	4993240	21522.586	9961.905	19835.000	9106	52940	805.047	432.224	12.659	1.881	0.297	1.851	805.062	432.246	12.638	802	427	10	8	11	6
292	9.054	31.408	55	54	701491	12754.382	2294.105	12286.000	9258	17872	512.745	433.527	11.455	0.977	0.242	1.007	512.663	433.512	11.464	510	431	10	7	6	3
293	16.461	47.648	100	71	1677153	16771.529	5758.824	16722.500	9047	29083	467.780	442.050	11.530	1.416	0.258	1.476	467.848	441.989	11.564	464	440	10	9	5	4
294	13.498	44.338	82	61	1434277	17491.184	6567.168	16194.500	8957	35857	456.610	451.902	12.073	1.303	0.282	1.262	456.617	451.765	12.048	454	449	10	7	6	5
295	22.223	60.233	135	96	2793498	20692.578	10514.995	18166.000	8978	49135	419.089	457.956	12.333	1.636	0.410	1.598	419.120	457.915	12.319	415	456	10	9	5	6
296	21.729	58.336	132	100	2544249	19274.613	7805.563	18416.000	8971	38528	810.651	465.386	11.144	1.502	0.319	1.487	810.649	465.397	11.121	806	463	10	10	6	4
297	23.375	84.367	142	117	2044745	14399.612	4661.906	13087.500	8965	30684	916.514	496.092	12.254	1.800	0.574	1.841	916.825	496.342	12.218	911	490	10	11	12	5
298	18.931	56.027	115	82	1933761	16815.312	6899.346	14762.000	9195	36910	560.478	504.817	12.096	1.543	0.369	1.505	560.502	504.794	12.083	556	503	10	9	5	5
299	33.746	77.885	205	130	4389375	21411.586	8982.680	18737.000	9023	40303	764.527	517.288	12.620	1.800	0.272	1.760	764.515	517.247	12.597	761	513	10	8	9	6
300	17.284	52.614	105	73	1847854	17598.609	6798.294	15571.000	9039	34353	1006.048	523.857	11.714	1.465	0.302	1.450	1006.049	523.850	11.716	1004	520	10	6	8	5
301	24.692	65.370	150	99	2885948	19239.654	8629.981	17603.000	8947	44750	899.660	539.220	11.913	1.625	0.284	1.576	899.729	539.276	11.919	896	536	10	9	7	5
302	38.849	94.469	236	143	4460125	18898.834	8381.465	16826.500	8952	42600	957.742	590.686	12.195	1.923	0.325	1.903	957.792	590.607	12.203	953	587	10	10	9	6
303	32.100	81.024	195	113	4468095	22913.309	12398.315	18811.000	8981	58256	1001.369	599.262	12.985	1.884	0.354	1.917	1001.314	599.190	12.952	998	595	10	8	9	7
304	14.651	48.304	89	71	1399909	15729.314	5907.738	13558.000	9103	29924	29.281	12.135	12.506	1.396	0.346	1.465	29.298	11.930	12.505	26	10	11	7	7	4
305	33.087	86.987	201	139	3873334	19270.318	8062.961	17030.000	9056	39735	30.582	33.731	12.607	1.890	0.528	1.897	30.641	33.751	12.636	26	28	11	10	12	4
306	32.429	75.298	197	130	3780320	19189.441	8159.334	16690.000	9137	46297	139.127	46.437	13.472	1.758	0.270	1.735	139.147	46.568	13.420	136	42	11	8	11	5
307	12.181	41.200	74	72	951979	12864.581	2371.543	12782.500	8974	20016	111.703	73.297	12.392	1.203	0.441	1.156	111.687	73.318	12.366	108	69	11	8	9	3
308	26.832	72.989	163	111	3233205	19835.613	9257.501	17002.000	8993	48041	158.859	108.521	12.307	1.710	0.363	1.699	158.903	108.520	12.268	154	104	11	10	10	4
309	26.503	68.990	161	107	3270878	20316.012	9655.258	18435.000	8974	47653	103.907	107.534	12.944	1.685	0.332	1.686	104.005	107.476	12.908	100	105	11	9	6	5
310	9.383	33.409	57	46	938064	16457.264	5920.474	15408.000	9177	30233	84.526	120.930	12.368	1.166	0.284	1.118	84.534	120.943	12.359	83	118	11	4	6	4
311	18.931	62.542	115	89	1691342	14707.321	4395.244	13661.000	8971	24651	167.591	122.087	12.757	1.570	0.442	1.612	167.606	122.099	12.711	164	118	11	9	10	4
312	26.503	64.266	161	106	3146266	19542.025	7966.349	16900.000	9019	39582	152.733	133.149	12.553	1.627	0.195	1.634	152.749	133.128	12.564	149	130	11	9	7	4
313	36.380	88.847	221	158	3925574	17762.777	6616.767	16768.000	9083	39121	170.416	137.647	13.154	1.810	0.442	1.792	170.270	137.556	13.145	165	134	11	13	8	5
314	17.778	54.785	108	78	1952858	18082.018	7196.937	15979.500	8947	36725	145.731	161.222	12.509	1.511	0.323	1.541	145.729	161.176	12.517	143	158	11	7	8	4
315	26.174	67.956	159	99	3756876	23628.150	13200.013	18601.000	8965	60701	31.019	166.025	12.868	1.752	0.336	1.830	31.077	166.021	12.878	27	163	11	9	7	5
316	15.803	60.233	96	77	1347700	14038.542	4087.261	12847.000	9080	25669	53.740	167.969	13.260	1.492	0.477	1.460	53.831	168.113	13.254	51	163	11	7	10	5
317	26.009	67.508	158	99	3428707	21700.678	11013.587	18284.000	8966	54562	206.165	172.633	13.025	1.700	0.311	1.662	206.182	172.665	13.001	203	169	11	8	8	5
318	25.021	68.094	152	101	3303082	21730.803	10450.294	18669.000	9026	49646	303.092	194.480	12.651	1.680	0.354	1.671	303.089	194.345	12.637	300	190	11	7	10	5
319	4.445	20.101	27	25	553954	20516.814	9374.562	18190.000	9094	47629	101.889	194.074	12.148	0.911	0.327	0.936	101.890	194.126	12.115	101	193	11	3	4	4
320	19.918	57.613	121	81	2311239	19101.148	7834.562	17398.000	8954	39647	195.388	196.479	12.851	1.571	0.365	1.495	195.425	196.514	12.870	193	193	11	6	8	5
321	22.881	62.957	139	95	2987371	21491.877	11119.413	16757.000	8974	56342	290.813	198.597	13.201	1.670	0.398	1.728	290.893	198.570	13.186	287	196	11	9	6	5
322	3.786	22.618	23	23	247222	10748.782	1397.916	10397.000	8975	14189	313.783	209.783	11.565	0.812	0.213	0.827	313.794	209.795	11.557	312	207	11	5	6	2
323	22.388	58.336	136	96	2489004	18301.500	7465.365	16036.000	9000	34833	235.206	249.007	12.684	1.535	0.226	1.542	235.194	248.962	12.676	231	246	11	9	7	4
324	15.968	49.441	97	72	2093153	21578.896	9580.705	20343.000	9137	46990	122.866	249.330	13.041	1.381	0.306	1.326	122.883	249.324	13.027	120	246	11	7	7	5
325	43.458	96.744	264	160	6285416	23808.395	13149.447	19164.000	9011	64816	679.905	263.371	13.292	2.065	0.456	2.086	680.036	263.404	13.197	675	259	11	12	8	6
326	36.544	92.123	222	149	3966730	17868.152	6807.406	17263.000	8991	35571	981.802	267.216	13.090	1.830	0.381	1.883	981.783	267.086	13.050	976	263	11	12	10	5
327	11.194	36.615	68	57	989449	14550.721	4142.858	13476.000	8967	23571	299.868	277.676	11.971	1.183	0.224	1.198	299.841	277.617	11.965	297	276	11	7	5	3
328	13.828	45.821	84	65	1330927	15844.369	5320.891	14793.500	8963	30570	799.143	278.536	12.071	1.309	0.272	1.281	799.191	278.488	12.052	796	276	11	7	7	4
329	20.577	54.096	125	89	2779587	22236.695	10706.729	18632.000	9163	46634	718.272	280.016	12.616	1.544	0.299	1.573	718.222	279.969	12.598	715	278	11	8	5	5
330	10.041	38.338	61	59	781363	12809.229	2519.133	12942.000	8980	19638	91.951	309.377	12.410	1.104	0.364	1.062	92.021	309.449	12.399	89	306	11	7	8	3
331	19.260	55.475	117	85	2208407	18875.273	7864.343	16922.000	8997	39898	359.265	318.427	12.342	1.514	0.309	1.585	359.313	318.400	12.272	355	316	11	9	6	4
332	35.557	94.503	216	154	3613744	16730.297	5847.727	15835.000	8994	33581	854.111	326.657	13.134	1.885	0.526	1.948	854.030	326.661	13.114	849	322	11	13	9	5
333	13.005	40.959	79	64	1091774	13819.924	3582.679	12963.000	8987	24226	110.177	326.266	12.152	1.222	0.226	1.219	110.217	326.290	12.169	108	323	11	6	7	4
334	33.417	84.022	203	132	3923903	19329.572	7871.949	17403.000	9054	39463	125.463	329.099	12.650	1.835	0.378	1.845	125.540	329.091	12.678	121	325	11	10	9	5
335	2.963	22.618	18	18	179459	9969.944	706.713	9900.500	9034	12012	232.944	334.444	11.556	0.947	0.307	0.938	232.911	334.401	11.549	231	332	11	6	6	2
336	26.503	70.610	161	107	3188802	19806.223	8514.739	18385.000	8966	39658	980.205	344.453	12.758	1.639	0.259	1.640	980.213	344.444	12.754	977	340	11	8	9	5
337	1.811	12.170	11	11	112084	10189.454	1068.999	9962.000	8998	12115	940.182	354.091	11.909	0.577	0.266	0.515	940.202	354.110	11.917	938	353	11	5	3	2
338	4.280	21.513	26	26	277199	10661.500	1510.807	10305.000	8977	14665	355.346	362.731	11.192	0.925	0.382	0.941	355.381	362.726	11.174	351	361	11	8	4	2
339	10.041	38.891	61	54	798700	13093.442	3566.784	11923.000	8985	21168	449.508	363.689	12.721	1.212	0.385	1.246	449.393	363.794	12.678	446	361	11	8	6	4
340	7.243	30.133	44	43	518159	11776.341	2143.010	11595.000	8959	17966	994.068	364.818	11.705	0.943	0.266	0.944	994.104	364.771	11.702	992	362	11	5	6	3
341	13.828	43.545	84	61	1429339	17015.941	6422.053	14714.000	9543	33809	458.798	370.524	12.357	1.339	0.249	1.352	458.867	370.560	12.295	456	368	11	7	6	4
342	8.560	34.788	52	45	663501	12759.635	2918.733	12410.000	9075	20513	961.423	383.000	12.385	1.047	0.295	1.045	961.427	383.034	12.373	959	381	11	6	5	4
343	36.709	86.883	223	151	3561912	15972.699	5121.374	14928.000	8958	28294	831.063	388.408	13.381	1.856	0.385	1.864	831.136	388.448	13.349	827	383	11	10	10	5
344	41.812	102.363	254	173	4713866	18558.527	6972.933	18036.500	8961	37926	327.177	397.677	13.083	1.963	0.489	1.915	327.062	397.635	13.044	321	394	11	15	8	5
345	5.103	23.411	31	29	405222	13071.678	3710.224	12151.000	9269	22953	1015.452	403.258	12.000	0.953	0.277	1.021	1015.512	403.351	12.007	1014	400	11	3	7	3
346	28.314	68.127	172	117	3160827	18376.900	7081.684	16002.000	9089	33599	902.285	405.663	12.593	1.693	0.276	1.670	902.337	405.655	12.579	897	403	11	11	7	4
347	10.535	38.201	64	52	993781	15527.828	4770.814	14511.500	9117	24302	854.062	418.234	12.234	1.166	0.264	1.176	854.083	418.236	12.263	851	416	11	7	6	4
348	28.478	77.781	173	130	2981530	17234.277	6501.349	16020.000	8971	34260	528.855	423.116	13.017	1.785	0.530	1.785	528.634	423.114	13.019	524	420	11	13	6	5
349	8.889	32.409	54	47	734081	13594.093	3195.577	13898.500	8987	19303	870.315	428.574	11.796	1.092	0.233	1.142	870.333	428.548	11.764	867	427	11	7	4	3
350	38.684	95.055	235	156	4241502	18048.945	7241.879	16771.000	8976	39244	265.251	435.626	12.911	1.868	0.347	1.897	265.301	435.793	12.860	261	431	11	11	9	5
351	46.257	96.570	281	178	5930432	21104.740	9173.530	18832.000	8965	45621	409.797	436.943	12.715	2.000	0.361	1.997	409.875	436.950	12.686	404	433	11	13	8	5
352	23.869	71.748	145	105	2361815	16288.379	5497.094	15386.000	8958	28670	577.607	442.055	12.283	1.635	0.410	1.649	577.693	442.040	12.276	574	437	11	8	11	4
353	35.557	83.192	216	158	3383086	15662.436	4414.272	15345.500	8988	27577	223.412	442.088	12.870	1.747	0.362	1.751	223.330	442.102	12.870	218	438	11	12	9	4
354	29.301	67.334	178	116	3610971	20286.354	8535.714	17914.500	8980	40119	951.478	466.494	12.579	1.685	0.196	1.646	951.461	466.492	12.571	948	463	11	8	8	5
355	15.638	49.371	95	76	1343481	14141.905	3767.161	13641.000	9225	22569	737.158	467.347	12.674	1.305	0.259	1.332	737.154	467.332	12.629	734	464	11	8	7	4
356	17.449	52.062	106	79	1961377	18503.557	6977.656	17472.000	8952	35782	550.189	481.094	12.840	1.422	0.309	1.411	550.104	481.078	12.819	547	478	11	8	6	5
357	23.704	77.677	144	118	1883067	13076.854	3074.964	12165.000	8982	22848	707.340	486.118	12.576	1.659	0.554	1.678	707.389	486.161	12.562	702	482	11	12	9	4
358	6.914	28.788	42	40	506931	12069.786	2492.802	11403.500	8977	19693	964.643	489.357	12.405	0.957	0.284	0.900	964.639	489.348	12.410	962	487	11	6	6	3
359	6.420	27.995	39	36	455727	11685.308	2298.471	10838.000	9022	17416	407.179	500.641	12.128	0.953	0.289	0.984	407.200	500.641	12.108	405	498	11	6	7	3
360	9.712	36.960	59	50	746195	12647.373	2554.502	12154.000	9042	18389	981.610	506.169	12.068	1.129	0.228	1.111	981.628	506.145	12.099	979	503	11	6	7	3
361	42.964	120.915	261	179	5678586	21757.035	11177.882	18606.000	8995	55225	408.368	507.529	12.939	2.354	0.864	2.423	408.236	507.457	12.929	401	504	11	18	8	5
362	34.898	79.401	212	139	3640804	17173.604	5848.772	16395.500	8950	34918	718.500	513.193	12.415	1.798	0.293	1.775	718.528	513.213	12.363	714	509	11	10	9	4
363	4.280	21.721	26	23	295026	11347.154	2473.631	10631.500	8981	17893	908.615	573.231	11.885	0.855	0.207	0.865	908.687	573.200	11.886	906	572	11	6	4	3
364	11.358	37.408	69	56	1028627	14907.638	4497.798	14471.000	9111	27605	118.058	10.580	13.014	1.179	0.168	1.164	118.117	10.628	13.027	116	8	12	6	6	3
365	8.231	31.960	50	45	688429	13768.580	3562.594	13059.500	9192	23142	178.080	85.540	13.240	1.112	0.314	1.114	178.045	85.419	13.245	176	82	12	5	8	3
366	2.305	15.928	14	14	153085	10934.643	1225.889	10711.000	9098	13460	259.714	166.857	12.929	0.791	0.375	0.791	259.714	166.797	12.931	258	164	12	4	7	2
367	21.235	69.335	129	99	2295564	17795.070	6904.243	15957.000	8980	35221	76.558	217.969	13.760	1.617	0.486	1.591	76.492	217.911	13.733	72	214	12	11	9	4
368	24.034	61.060	146	101	2683959	18383.281	7666.035	16138.000	8978	36539	89.144	235.863	13.466	1.601	0.271	1.639	89.167	235.909	13.457	86	232	12	7	9	4
369	12.181	39.613	74	73	918477	12411.852	2266.841	11808.000	9206	19413	317.865	237.419	12.527	1.199	0.429	1.156	317.770	237.377	12.513	314	235	12	9	6	3
370	7.243	30.133	44	37	563405	12804.659	3055.556	11983.000	9095	20032	219.591	261.136	13.068	1.037	0.199	1.051	219.595	261.154	13.053	217	258	12	6	6	3
371	15.638	44.787	95	69	1985484	20899.832	9523.919	17579.000	9017	46166	129.916	267.937	13.495	1.400	0.250	1.438	129.958	267.925	13.457	128	265	12	5	7	4
372	18.108	50.924	110	78	2287197	20792.699	9248.816	17984.000	8983	41700	746.827	274.091	13.627	1.475	0.267	1.516	746.955	274.094	13.631	743	272	12	9	5	4
373	5.268	32.513	32	31	349010	10906.562	1878.493	10479.500	8977	16200	312.844	278.125	12.875	1.307	0.747	1.226	312.731	278.072	12.912	309	276	12	12	5	3
374	10.700	41.614	65	59	840458	12930.123	2771.120	12996.000	9114	22017	870.446	280.877	13.569	1.103	0.317	1.097	870.438	280.873	13.552	867	278	12	7	7	4
375	11.194	55.371	68	63	741988	10911.588	1410.812	10756.000	8960	15233	162.868	312.235	13.015	1.491	0.666	1.391	162.919	312.322	13.003	159	307	12	8	11	3
376	16.626	48.545	101	75	1678585	16619.654	6153.091	15372.000	8985	33681	867.168	326.574	13.238	1.377	0.253	1.353	867.303	326.564	13.233	864	324	12	7	6	4
377	14.321	51.509	87	74	1163616	13374.896	3556.135	12885.000	8971	22431	266.149	344.897	13.138	1.420	0.438	1.374	265.974	344.879	13.187	262	343	12	11	5	4
378	16.626	54.337	101	77	1599992	15841.505	4867.438	15409.000	9073	28495	861.594	345.683	13.624	1.441	0.360	1.466	861.517	345.640	13.597	857	344	12	10	5	4
379	3.292	20.479	20	20	222305	11115.250	1850.999	10563.000	9004	16319	161.200	359.000	12.900	0.767	0.277	0.840	161.126	359.020	12.917	159	357	12	6	5	2
380	5.761	28.755	35	32	406608	11617.371	2328.098	10780.000	9054	17634	509.314	360.686	12.886	0.976	0.283	1.012	509.258	360.727	12.870	507	359	12	6	4	3
381	9.383	32.857	57	48	827209	14512.438	3715.625	14131.000	9038	23146	950.211	407.649	12.807	1.112	0.228	1.150	950.299	407.640	12.765	947	406	12	7	4	3
382	11.852	37.649	72	59	928726	12898.973	2801.422	12273.500	9063	20172	237.625	419.569	12.986	1.198	0.201	1.172	237.568	419.529	12.982	234	417	12	8	6	3
383	12.181	39.925	74	61	1017774	13753.703	3335.810	13436.000	8961	22614	268.041	422.635	12.865	1.187	0.207	1.189	268.045	422.581	12.836	265	420	12	7	6	3
384	19.095	53.889	116	82	2305214	19872.535	8489.038	17547.000	9040	40837	414.440	451.250	13.422	1.483	0.230	1.525	414.437	451.191	13.402	411	448	12	8	7	4
385	24.692	61.920	150	117	2287231	15248.207	4339.729	14267.500	8985	26848	799.727	498.753	12.980	1.517	0.316	1.508	799.785	498.645	12.938	796	494	12	8	10	3
386	17.614	51.439	107	84	1585911	14821.598	4619.805	13423.000	8971	32534	624.635	515.897	13.103	1.346	0.233	1.344	624.558	515.778	13.094	621	512	12	8	9	3
387	2.798	16.825	17	17	182042	10708.353	1130.188	10894.000	8947	12914	892.882	516.529	12.647	0.769	0.211	0.788	892.901	516.510	12.643	892	515	12	3	5	2
388	9.712	36.615	59	51	719893	12201.576	2346.849	11579.000	9177	18882	541.017	526.102	13.017	1.116	0.220	1.140	541.049	526.084	13.005	538	524	12	7	5	3
389	6.749	29.444	41	37	481237	11737.488	2161.222	11242.000	8971	17826	553.073	526.024	12.878	0.972	0.282	0.950	553.109	526.058	12.893	551	524	12	5	5	3
390	2.305	17.274	14	14	141151	10082.214	1056.392	9764.500	9018	12894	902.786	562.643	12.357	0.785	0.246	0.776	902.764	562.653	12.334	901	561	12	5	5	2
391	1.975	13.653	12	12	119110	9925.833	778.428	9548.000	9188	11487	43.167	227.250	13.000	0.685	0.226	0.720	43.181	227.293	13.000	42	225	13	4	5	1
392	2.305	12.274	14	14	169084	12077.429	2983.104	10606.500	8948	17786	489.000	328.857	13.500	0.644	0.088	0.636	488.930	328.850	13.453	488	328	13	3	3	2
393	2.798	19.997	17	17	176683	10393.117	982.925	9996.000	9062	12189	168.882	352.588	13.471	0.791	0.166	0.799	168.888	352.622	13.479	167	351	13	4	4	2
