 	Volume (micron^3)	Surface (micron^2)	Nb of obj. voxels	Nb of surf. voxels	IntDen	Mean	StdDev	Median	Min	Max	X	Y	Z	Mean dist. to surf. (micron)	SD dist. to surf. (micron)	Median dist. to surf. (micron)	XM	YM	ZM	BX	BY	BZ	B-width	B-height	B-depth
1	27.326	72.025	166	105	4113492	24780.072	16099.969	19123.500	7967	65535	245.102	621.976	4.789	1.773	0.411	1.749	245.085	621.923	4.758	243	618	2	6	9	6
2	46.915	99.572	285	159	7720512	27089.516	17549.381	20820.000	7881	65535	213.102	674.579	5.288	2.126	0.414	2.136	213.211	674.500	5.226	208	671	2	11	8	7
3	39.507	94.884	240	145	6361371	26505.713	17228.602	21038.000	7881	65535	300.404	719.292	4.304	1.996	0.417	2.014	300.439	719.275	4.307	297	714	2	7	12	6
4	53.170	134.223	323	207	7240516	22416.459	12907.451	18718.000	7868	59704	161.622	728.873	4.709	2.328	0.714	2.442	161.655	728.807	4.729	157	721	2	9	16	6
5	38.520	88.195	234	133	6204720	26515.896	17729.080	20569.000	7942	65535	151.308	727.987	4.739	2.005	0.400	1.918	151.309	727.865	4.725	148	724	2	8	9	6
6	57.286	115.741	348	200	8251946	23712.488	14556.104	18114.000	7879	65535	77.796	787.152	5.138	2.226	0.407	2.237	77.922	787.205	5.120	74	781	2	8	14	7
7	19.918	55.923	121	83	2337671	19319.596	10018.017	15944.000	7880	47154	67.132	850.116	4.388	1.521	0.262	1.537	67.171	850.064	4.337	64	847	2	7	7	5
8	13.828	49.441	84	67	1242980	14797.381	5194.419	14592.000	8020	28856	247.310	857.917	3.726	1.372	0.352	1.333	247.328	857.976	3.744	245	854	2	6	8	4
9	17.614	54.304	107	76	1935253	18086.477	9221.826	15358.000	7914	43010	154.953	886.131	4.402	1.518	0.341	1.549	155.019	886.151	4.366	152	883	2	7	7	5
10	16.132	50.097	98	68	1953167	19930.275	10237.127	16994.000	7976	45066	183.439	902.816	4.602	1.482	0.363	1.494	183.516	902.755	4.592	181	900	2	6	6	6
11	39.014	91.815	237	137	6463813	27273.473	17492.158	20961.000	7888	65535	36.359	974.139	5.127	2.021	0.415	2.041	36.410	974.102	5.104	32	970	2	10	9	7
12	33.087	89.229	201	136	4031520	20057.312	9898.168	18439.000	7897	43759	241.507	181.090	5.095	1.872	0.451	1.902	241.470	181.088	5.078	236	177	3	12	10	5
13	76.052	152.667	462	254	12451769	26951.881	16884.650	21549.500	7870	65535	225.883	278.515	6.489	2.632	0.708	2.631	225.910	278.587	6.490	223	270	3	7	17	8
14	48.726	102.811	296	184	7032286	23757.723	14769.577	19115.500	7894	65535	288.091	289.679	5.490	2.055	0.357	2.015	288.367	289.370	5.470	283	286	3	11	10	6
15	20.083	58.061	122	83	3027398	24814.738	14856.124	19330.500	7925	62238	253.795	296.689	5.451	1.555	0.314	1.571	253.847	296.617	5.436	251	294	3	7	7	6
16	34.075	84.574	207	133	5139264	24827.363	14206.937	20352.000	7873	57927	617.005	364.758	5.507	1.846	0.361	1.872	617.143	364.662	5.459	612	361	3	11	8	6
17	59.755	149.325	363	220	9059593	24957.557	17209.963	18692.000	7866	65535	196.336	373.405	7.848	3.148	1.343	3.173	196.772	372.932	7.190	191	368	3	12	12	11
18	40.330	91.367	245	139	6565455	26797.775	18790.896	19062.000	7884	65535	258.902	376.151	5.584	2.026	0.388	1.997	258.948	376.083	5.539	256	371	3	7	11	6
19	36.051	80.850	219	137	4908742	22414.348	12483.644	19476.000	7894	57986	788.804	418.566	5.703	1.830	0.266	1.820	788.688	418.581	5.676	784	414	3	10	9	6
20	69.796	130.810	424	215	11593112	27342.246	16743.990	22324.500	7886	65535	274.849	423.920	6.066	2.483	0.463	2.463	274.775	423.726	6.052	270	419	3	11	11	7
21	22.881	63.094	139	93	2768434	19916.791	10121.506	16961.000	7979	47836	754.065	424.029	5.381	1.615	0.279	1.613	754.081	423.992	5.319	751	420	3	8	9	5
22	20.412	60.578	124	87	2618249	21114.912	11635.945	17948.000	7874	52784	762.040	431.718	4.879	1.532	0.318	1.505	762.049	431.715	4.888	759	428	3	7	8	5
23	29.137	72.404	177	114	4088452	23098.600	14444.737	17340.000	8022	65535	220.102	455.910	5.164	1.796	0.363	1.811	220.102	455.768	5.157	217	452	3	7	9	5
24	33.746	85.230	205	129	4823953	23531.479	14460.187	18153.000	7918	64203	743.693	457.283	5.195	1.920	0.429	1.972	743.770	457.283	5.155	739	453	3	10	9	5
25	26.338	73.819	160	102	4426888	27668.051	19378.420	18529.500	7880	65535	314.737	479.181	5.406	1.822	0.480	1.785	314.781	479.141	5.346	312	475	3	7	9	6
26	22.717	69.713	138	108	1839282	13328.131	4544.702	11816.500	7888	25767	906.043	491.384	4.870	1.548	0.405	1.529	906.035	491.465	4.791	903	486	3	9	11	5
27	41.154	93.194	250	150	6948450	27793.801	18408.523	21060.500	7867	65535	271.084	501.352	5.824	2.040	0.416	2.102	271.075	501.312	5.763	268	496	3	7	11	6
28	38.684	89.366	235	146	5130336	21831.217	11689.129	18984.000	7901	50849	318.604	623.132	5.234	1.909	0.305	1.932	318.714	623.075	5.196	314	619	3	10	9	5
29	26.338	69.335	160	106	3412646	21329.037	12602.137	16547.000	7916	65535	308.350	636.019	4.931	1.697	0.327	1.729	308.652	635.946	4.892	304	633	3	9	7	5
30	37.532	83.125	228	139	4797957	21043.672	11250.387	16848.500	7894	55302	299.421	647.241	4.816	1.879	0.264	1.870	299.594	647.297	4.805	295	643	3	9	9	5
31	45.763	98.779	278	161	6819095	24529.119	15032.938	19644.500	7893	62473	176.187	677.004	5.716	2.062	0.323	2.087	176.266	676.897	5.643	173	672	3	8	11	6
32	15.968	55.716	97	80	1304821	13451.763	3661.396	13891.000	7877	20795	279.144	686.979	4.474	1.297	0.319	1.354	279.149	687.003	4.469	276	683	3	7	8	4
33	14.321	45.198	87	84	1058903	12171.299	2555.584	12122.000	7881	17548	275.184	695.264	4.402	1.204	0.383	1.197	275.251	695.202	4.370	271	692	3	9	8	3
34	22.881	65.059	139	101	2327243	16742.756	7090.353	15549.000	7866	38582	253.317	697.604	5.065	1.513	0.301	1.503	253.485	697.668	5.050	250	693	3	8	10	5
35	43.458	90.504	264	154	6247366	23664.266	13258.499	19228.000	7920	58176	266.883	723.417	4.924	1.995	0.263	1.993	266.957	723.407	4.942	263	719	3	9	9	6
36	46.092	102.055	280	171	7169186	25604.236	16919.119	19387.500	7894	65535	283.318	727.921	5.707	2.171	0.534	2.227	283.460	727.700	5.649	281	722	3	6	13	6
37	51.853	125.017	315	195	6242853	19818.580	11357.971	16237.000	7965	65535	88.222	780.502	6.381	2.433	0.827	2.501	88.528	780.462	6.139	83	776	3	11	10	8
38	30.454	77.851	185	122	3806210	20574.107	11811.278	16833.000	7887	57102	124.659	834.011	4.859	1.832	0.396	1.907	124.659	833.958	4.863	122	829	3	7	11	5
39	31.112	79.645	189	117	4610249	24392.852	15311.589	19932.000	7904	65535	247.646	831.709	5.582	1.891	0.452	1.872	247.659	831.682	5.562	245	827	3	6	10	6
40	15.803	49.649	96	66	2210045	23021.303	14561.196	18120.500	8048	65535	218.917	839.490	5.260	1.502	0.404	1.422	218.945	839.431	5.256	216	837	3	7	6	6
41	49.549	117.053	301	187	7330934	24355.262	14461.125	20136.000	7886	63369	189.967	846.276	5.226	2.263	0.577	2.294	190.006	846.265	5.229	186	840	3	9	14	6
42	26.338	74.920	160	115	2708940	16930.875	7794.309	14453.000	7912	43371	91.713	842.888	5.131	1.710	0.427	1.689	91.889	842.823	5.091	85	839	3	12	8	5
43	22.058	64.647	134	86	3284281	24509.561	14329.139	19651.500	7924	57037	214.873	846.590	5.507	1.644	0.366	1.603	214.938	846.525	5.445	212	843	3	7	8	6
44	49.220	104.468	299	171	7033786	23524.367	13311.857	19736.000	7966	57461	125.819	875.819	5.334	2.084	0.315	2.042	125.894	875.797	5.301	122	871	3	9	10	6
45	3.128	16.688	19	19	281189	14799.421	5673.032	13390.000	8760	30053	15.368	894.421	4.000	0.828	0.325	0.997	15.319	894.447	3.994	15	893	3	2	4	3
46	19.754	54.233	120	82	1960680	16339.000	6863.776	13704.500	7879	30801	143.917	896.267	4.558	1.528	0.253	1.548	143.870	896.287	4.522	141	893	3	7	8	4
47	16.626	49.441	101	75	1727565	17104.604	7993.971	14525.000	7888	39560	61.752	895.208	5.366	1.439	0.321	1.491	61.787	895.143	5.326	60	892	3	5	8	5
48	19.589	57.991	119	88	1778487	14945.269	5519.981	13530.000	7960	29020	81.832	900.781	4.429	1.479	0.287	1.527	81.864	900.698	4.384	78	898	3	9	7	4
49	15.309	44.890	93	68	1868425	20090.592	9809.965	17589.000	7926	44394	174.914	907.419	4.710	1.406	0.287	1.382	174.945	907.404	4.693	172	905	3	6	6	5
50	52.512	108.985	319	174	7695448	24123.662	13622.979	19425.000	7867	65535	120.602	914.589	6.583	2.243	0.411	2.244	120.655	914.699	6.471	116	910	3	10	10	8
51	26.338	68.816	160	117	2126567	13291.044	4158.779	12743.500	8045	26207	150.538	927.438	5.150	1.634	0.315	1.583	150.611	927.556	5.059	147	924	3	9	8	5
52	51.689	128.949	314	197	7274747	23167.984	15102.949	18285.000	7870	65535	41.140	944.280	7.309	2.691	1.082	2.681	40.901	944.002	7.074	36	940	3	12	10	10
53	46.750	130.639	284	189	6247058	21996.684	13184.794	17980.500	7879	58180	50.504	940.042	7.761	2.878	1.187	2.911	50.695	940.012	7.646	44	936	3	14	9	11
54	39.672	99.365	241	164	4583382	19018.182	9047.867	16517.000	7879	43277	85.527	953.651	5.303	2.103	0.645	2.006	85.640	953.616	5.263	78	950	3	15	8	5
55	27.984	70.128	170	109	3568088	20988.754	11073.864	17601.000	7895	50045	268.676	140.641	5.935	1.757	0.342	1.804	268.630	140.618	5.910	264	138	4	11	6	5
56	19.589	55.819	119	83	2142201	18001.689	8704.394	15970.000	7902	42409	466.378	144.513	6.235	1.493	0.278	1.449	466.486	144.519	6.188	463	142	4	8	6	5
57	14.815	47.440	90	73	1076653	11962.812	3403.669	11288.500	7876	23760	263.911	219.356	5.056	1.296	0.250	1.292	263.905	219.341	5.073	261	216	4	8	8	3
58	39.837	92.297	242	153	5667741	23420.418	12463.947	20055.500	8014	57325	181.264	267.236	6.653	1.929	0.356	1.871	181.374	267.367	6.622	178	262	4	8	10	6
59	12.840	43.545	78	59	1065011	13653.987	5576.565	12022.500	7890	32593	520.833	282.885	5.641	1.292	0.280	1.344	520.955	283.003	5.596	517	280	4	8	7	4
60	39.014	93.709	237	157	4935936	20826.734	10918.524	18111.000	7875	52983	485.928	280.937	6.722	2.021	0.562	1.940	485.930	280.731	6.697	483	275	4	7	14	6
61	21.894	56.957	133	93	2685581	20192.338	10547.617	17572.000	7892	51786	198.617	291.647	5.436	1.564	0.255	1.591	198.671	291.539	5.369	196	288	4	6	9	4
62	37.697	91.675	229	156	4063688	17745.363	7673.485	16216.000	7888	39890	482.502	309.358	5.664	1.891	0.438	1.850	482.526	309.288	5.664	478	304	4	10	12	5
63	29.301	72.059	178	113	4019732	22582.764	13032.875	19136.500	7894	58672	762.534	327.522	5.843	1.807	0.362	1.808	762.545	327.476	5.760	759	324	4	8	8	5
64	55.804	139.497	339	224	7206306	21257.539	12024.500	17515.000	7868	65535	252.805	330.855	6.454	2.283	0.658	2.333	253.083	330.847	6.441	246	324	4	15	13	6
65	29.795	75.127	181	120	4282588	23660.707	13686.320	19265.000	7908	64184	332.823	335.961	6.387	1.768	0.320	1.766	332.843	335.839	6.382	329	333	4	9	8	6
66	19.095	55.060	116	90	1997308	17218.172	6761.389	15986.000	8013	35826	753.086	355.172	6.009	1.472	0.371	1.371	753.142	355.210	5.981	750	350	4	8	10	4
67	32.264	79.849	196	134	3572169	18225.352	9377.064	15156.000	7890	47654	672.087	365.801	5.597	1.807	0.397	1.788	672.201	365.787	5.558	666	362	4	13	8	4
68	15.968	51.854	97	76	1389049	14320.093	5252.589	12690.000	7916	28075	180.289	369.340	5.309	1.379	0.320	1.373	180.366	369.273	5.341	178	365	4	6	10	4
69	26.667	66.507	162	105	3585423	22132.240	12034.998	18570.500	7922	49322	859.253	404.580	5.593	1.667	0.228	1.635	859.177	404.523	5.558	856	401	4	8	8	5
70	33.746	80.368	205	131	4868756	23750.029	13723.833	20499.000	7874	59965	700.424	409.059	6.702	1.831	0.293	1.808	700.411	409.095	6.638	697	405	4	8	9	6
71	24.198	64.680	147	99	2700721	18372.252	9518.419	16148.000	7934	47165	286.061	414.605	6.088	1.625	0.301	1.607	286.050	414.604	6.055	283	411	4	7	8	5
72	13.498	40.684	82	60	1517322	18503.928	7750.595	16287.000	8256	36527	706.537	443.098	5.573	1.337	0.255	1.324	706.638	443.043	5.601	704	441	4	6	5	4
73	19.095	53.544	116	79	2229470	19219.568	9651.177	16037.500	7932	41128	799.345	444.983	5.362	1.490	0.221	1.516	799.402	445.024	5.332	796	442	4	8	7	4
74	20.083	56.268	122	89	2343630	19210.082	8799.750	18023.500	7957	44055	813.984	449.779	6.066	1.471	0.291	1.433	813.884	449.724	6.012	811	447	4	8	6	5
75	29.960	74.646	182	119	4711457	25887.127	16626.293	20127.500	8063	65535	302.198	473.951	5.896	1.850	0.398	1.928	302.174	473.911	5.906	299	470	4	8	9	5
76	56.133	136.224	341	206	6885149	20191.053	12382.340	15904.000	7890	64699	245.050	477.021	9.138	2.632	0.924	2.560	244.977	477.182	9.497	242	472	4	8	11	10
77	13.663	45.372	83	67	1138468	13716.481	4911.529	12451.000	7879	26807	260.867	487.602	5.699	1.267	0.254	1.287	260.919	487.615	5.665	259	484	4	6	8	4
78	52.347	106.502	318	172	9139438	28740.371	18454.723	23926.000	7946	65535	312.720	495.000	6.648	2.190	0.326	2.174	312.762	494.961	6.641	308	490	4	10	10	6
79	33.417	83.781	203	138	4218924	20782.877	11091.499	19036.000	7986	58043	219.217	509.251	6.222	1.915	0.510	1.945	219.172	509.027	6.190	216	504	4	7	12	5
80	19.918	56.027	121	84	2659102	21976.049	10624.233	18512.000	8038	48462	333.289	525.240	6.364	1.529	0.264	1.511	333.281	525.175	6.344	330	522	4	7	7	5
81	37.532	87.264	228	132	6363272	27909.088	18745.959	22042.500	7951	65535	860.346	528.566	6.382	2.008	0.419	1.955	860.417	528.570	6.349	856	525	4	9	8	6
82	42.306	92.642	257	153	6659466	25912.318	16243.940	19153.000	7871	65535	207.580	533.183	6.023	2.012	0.355	2.057	207.541	533.085	5.987	204	528	4	8	11	6
83	22.881	60.474	139	95	2848726	20494.432	10534.977	17131.000	7880	48652	344.043	530.540	6.403	1.591	0.245	1.597	344.130	530.445	6.373	341	527	4	7	8	5
84	22.058	59.785	134	90	2661107	19859.008	10258.590	17403.000	7875	47285	943.537	532.746	6.067	1.579	0.303	1.543	943.613	532.713	6.042	941	529	4	6	9	5
85	17.614	49.786	107	77	1987640	18576.074	8744.165	16072.000	8114	40534	229.869	548.430	5.664	1.450	0.270	1.484	229.889	548.538	5.638	228	545	4	5	8	4
86	20.412	57.165	124	85	2404453	19390.750	9716.229	16506.500	8050	48608	269.766	570.145	5.782	1.568	0.358	1.529	269.805	570.188	5.764	267	567	4	7	7	5
87	18.108	53.062	110	76	2392933	21753.936	12160.180	17931.500	7944	53994	277.209	574.291	6.527	1.504	0.308	1.516	277.236	574.304	6.562	274	572	4	7	6	6
88	57.944	134.086	352	210	6194502	17598.018	8473.118	15178.000	7938	49523	352.560	581.244	6.648	2.436	0.735	2.444	352.394	581.227	6.462	346	577	4	13	9	8
89	26.832	72.678	163	123	2611343	16020.509	6242.941	15162.000	7891	33720	161.417	585.699	5.939	1.666	0.419	1.647	161.309	585.599	5.947	159	581	4	7	11	5
90	33.087	73.197	201	123	5567606	27699.533	17456.008	21190.000	7988	65535	330.507	598.030	6.045	1.861	0.300	1.920	330.488	597.962	6.035	327	594	4	8	8	5
91	32.264	77.748	196	118	4544454	23185.990	13976.823	18726.000	7882	64646	257.867	605.974	6.010	1.851	0.312	1.951	257.914	605.816	5.972	254	602	4	9	9	5
92	31.771	78.300	193	119	4446451	23038.605	12672.724	19703.000	8109	56913	209.793	626.368	6.513	1.812	0.322	1.731	209.840	626.284	6.508	206	623	4	8	8	6
93	30.124	68.127	183	120	3440663	18801.438	7830.789	16222.000	8004	38423	144.230	633.880	5.492	1.701	0.197	1.695	144.221	633.771	5.493	141	630	4	8	9	4
94	15.145	48.304	92	71	1581949	17195.098	6400.067	16976.500	7891	33597	171.446	632.359	6.000	1.336	0.288	1.283	171.456	632.356	5.963	169	629	4	6	7	5
95	32.264	80.575	196	121	4744376	24206.000	15159.292	20254.500	8025	65535	218.872	640.878	6.337	1.872	0.415	1.852	218.848	640.667	6.366	216	637	4	7	10	6
96	35.721	84.885	217	131	5363732	24717.658	15632.602	19423.000	7932	65535	341.461	641.553	6.590	1.965	0.449	1.940	341.537	641.478	6.568	339	637	4	7	10	6
97	27.326	73.608	166	128	2301468	13864.265	4470.508	13172.500	7947	26803	902.669	662.916	5.849	1.647	0.437	1.632	902.768	662.874	5.811	899	657	4	8	12	4
98	11.688	42.786	71	69	797658	11234.620	2223.903	10786.000	7932	16251	315.394	685.085	4.577	1.161	0.383	1.138	315.266	685.103	4.597	311	682	4	9	7	3
99	13.334	42.648	81	67	1099185	13570.186	4684.489	13011.000	7895	29645	195.852	690.148	4.877	1.265	0.285	1.226	195.867	690.145	4.838	194	686	4	5	9	3
100	16.955	53.992	103	78	1712983	16630.902	6740.271	15353.000	8001	34381	870.039	712.262	6.097	1.421	0.312	1.407	870.014	712.239	6.077	867	708	4	7	9	5
101	18.601	55.819	113	82	1824631	16147.177	6728.907	14389.000	7934	35349	952.248	723.681	5.761	1.437	0.280	1.409	952.208	723.722	5.744	949	720	4	7	8	5
102	9.383	36.341	57	48	1219473	21394.264	11871.076	18694.000	7869	51535	9.158	778.544	5.895	1.255	0.436	1.173	9.007	778.453	5.833	8	776	4	5	6	5
103	9.218	33.202	56	47	694668	12404.786	3771.598	11361.000	7906	23849	136.286	813.482	5.125	1.090	0.176	1.099	136.338	813.492	5.144	134	811	4	6	6	3
104	20.577	63.439	125	90	1845273	14762.184	5801.638	13059.000	7986	29567	164.408	824.080	5.688	1.556	0.356	1.598	164.413	824.108	5.692	161	819	4	8	10	4
105	70.784	146.634	430	234	9689197	22533.016	13368.124	18546.000	7887	65535	38.877	831.342	6.749	2.452	0.456	2.494	39.145	831.304	6.711	32	825	4	13	13	7
106	19.095	57.061	116	79	2088602	18005.189	9039.299	15268.000	7902	43159	33.888	867.345	5.940	1.525	0.339	1.452	33.925	867.284	5.929	31	864	4	7	8	5
107	22.552	59.681	137	96	2522956	18415.736	9201.617	15422.000	8025	46777	52.526	927.810	5.394	1.597	0.280	1.625	52.604	927.792	5.343	49	924	4	8	8	4
108	12.346	42.304	75	61	918412	12245.493	3181.756	12058.000	7981	21341	94.293	935.107	4.880	1.222	0.253	1.201	94.291	935.098	4.871	91	932	4	7	7	4
109	15.968	51.372	97	74	1569687	16182.340	6113.580	15718.000	7886	31341	130.928	936.629	5.340	1.426	0.331	1.439	130.951	936.561	5.320	127	934	4	8	6	4
110	10.700	43.097	65	61	778521	11977.246	3052.517	11179.000	7939	19290	49.215	964.923	5.492	1.279	0.497	1.248	49.305	964.915	5.497	44	963	4	11	5	4
111	26.832	67.990	163	109	3108708	19071.828	8310.752	19115.000	7880	41320	353.675	112.577	6.969	1.655	0.313	1.671	353.689	112.568	6.969	349	110	5	10	6	5
112	17.284	50.475	105	76	1978319	18841.133	8424.421	17694.000	7943	42691	420.562	134.848	6.829	1.426	0.270	1.371	420.539	134.834	6.884	417	132	5	8	7	5
113	6.585	26.272	40	40	422327	10558.175	2296.646	10177.500	7909	17649	413.225	159.450	5.525	0.885	0.230	0.881	413.242	159.448	5.543	410	157	5	7	5	2
114	23.540	66.922	143	93	2805595	19619.545	10907.862	15715.000	7897	49503	299.343	166.755	6.993	1.684	0.356	1.704	299.307	166.765	7.011	296	163	5	8	8	5
115	46.915	102.018	285	174	6637917	23290.938	13885.754	19054.000	7883	65535	416.632	179.786	6.884	2.107	0.408	2.105	416.670	179.830	6.878	411	175	5	13	10	5
116	16.791	48.200	102	74	1713700	16800.980	7389.656	14412.000	7976	34260	327.716	181.990	6.363	1.418	0.249	1.466	327.733	181.960	6.343	324	180	5	8	5	4
117	45.763	102.708	278	176	4903144	17637.209	8823.730	16116.500	7876	46927	320.112	196.698	7.004	1.977	0.332	1.990	320.359	196.722	6.992	315	192	5	12	10	5
118	39.837	97.193	242	155	4941770	20420.537	11309.891	16467.500	7884	55826	356.289	201.240	7.186	2.010	0.465	2.038	356.400	201.341	7.189	351	197	5	12	9	5
119	23.375	64.680	142	97	2631120	18529.014	9070.295	15654.000	7899	40037	555.225	230.817	6.697	1.601	0.269	1.621	555.283	230.787	6.718	551	228	5	9	7	5
120	26.174	67.990	159	108	3143469	19770.246	10226.815	16841.000	7878	49334	258.843	238.358	7.264	1.623	0.259	1.632	258.990	238.456	7.301	256	234	5	8	9	5
121	26.503	70.680	161	106	4045658	25128.311	15600.878	19878.000	8050	65535	498.360	252.248	7.913	1.762	0.417	1.855	498.434	252.318	7.883	494	250	5	10	6	6
122	78.686	181.489	478	317	10149195	21232.625	12194.410	17346.500	7866	65535	382.467	259.203	7.609	2.830	1.003	2.742	382.748	259.346	7.687	376	248	5	13	24	6
123	9.877	46.510	60	58	615428	10257.134	1992.414	9716.000	7866	15847	300.667	257.217	5.933	1.237	0.430	1.284	300.674	257.266	5.951	296	255	5	9	6	3
124	12.181	46.718	74	63	1019214	13773.162	4634.815	12805.500	7971	28202	290.622	276.892	6.135	1.367	0.410	1.357	290.693	276.840	6.136	287	273	5	8	8	3
125	30.289	79.919	184	124	3378518	18361.512	9556.952	16230.000	7870	47274	613.272	284.891	6.929	1.777	0.404	1.817	613.405	284.962	6.926	608	281	5	11	8	5
126	23.211	61.783	141	106	2063405	14634.078	4932.172	13803.000	7983	27691	750.589	293.837	7.007	1.523	0.339	1.472	750.560	293.816	6.994	746	290	5	10	9	4
127	19.260	57.854	117	86	2051699	17535.889	8130.217	16506.000	7877	45088	680.385	295.752	6.889	1.472	0.325	1.434	680.418	295.710	6.941	677	293	5	9	6	5
128	18.931	56.820	115	81	2552071	22191.922	13404.006	17749.000	7980	63714	250.322	305.548	6.852	1.560	0.400	1.529	250.389	305.456	6.845	248	302	5	6	8	5
129	3.951	27.272	24	24	221389	9224.542	1223.824	9027.500	7871	12412	727.250	303.417	6.083	0.853	0.306	0.946	727.222	303.415	6.074	725	301	5	6	5	3
130	22.058	66.300	134	102	1971682	14714.045	5725.933	13280.500	7876	30173	286.634	325.784	6.261	1.614	0.416	1.578	286.676	325.566	6.154	284	321	5	7	11	4
131	11.852	37.960	72	56	1035895	14387.431	5386.028	13604.500	7875	29966	650.819	329.083	6.917	1.246	0.263	1.231	650.829	329.023	6.945	648	327	5	6	5	4
132	28.478	67.438	173	113	3424381	19794.109	9679.620	16721.000	7884	48951	776.936	335.399	6.468	1.701	0.269	1.678	777.007	335.399	6.417	774	331	5	7	10	4
133	21.235	59.818	129	99	2171880	16836.279	6201.707	16234.000	7882	34176	361.434	348.674	6.930	1.514	0.375	1.464	361.427	348.626	6.940	357	345	5	10	8	4
134	20.906	65.233	127	91	2054120	16174.173	7569.233	13471.000	7939	36661	370.953	354.449	7.220	1.593	0.392	1.597	371.182	354.281	7.199	368	351	5	7	9	5
135	22.058	63.576	134	108	2255834	16834.582	6934.045	15824.500	7909	37425	690.157	364.052	6.948	1.633	0.513	1.573	690.169	363.891	6.964	687	359	5	6	12	4
136	20.083	56.509	122	84	2357430	19323.197	9500.162	16714.500	7944	46324	668.828	376.254	6.803	1.488	0.271	1.459	668.934	376.251	6.863	665	373	5	8	7	5
137	24.363	73.575	148	122	2175839	14701.615	4915.704	13465.500	7871	30931	704.115	384.412	5.926	1.810	0.613	1.873	704.081	384.373	5.883	699	379	5	12	12	3
138	13.005	42.615	79	58	1266234	16028.278	5955.798	15508.000	7940	28963	322.759	387.722	6.316	1.341	0.271	1.366	322.757	387.699	6.318	320	385	5	6	7	4
139	14.651	45.821	89	69	1274262	14317.551	4924.856	12646.000	7866	25440	185.506	399.685	6.753	1.334	0.284	1.342	185.477	399.687	6.753	183	396	5	6	8	4
140	37.532	85.608	228	138	4892256	21457.264	12483.928	17248.000	7873	57706	733.632	410.333	7.009	1.915	0.277	1.944	733.805	410.314	6.992	728	407	5	11	8	5
141	22.881	66.541	139	111	1941837	13970.051	4799.786	12948.000	7899	27989	774.201	419.281	6.482	1.580	0.428	1.592	774.345	419.485	6.437	770	414	5	9	10	4
142	3.622	19.101	22	22	232423	10564.682	2199.448	10098.000	7885	15326	355.500	434.273	5.591	0.774	0.213	0.769	355.542	434.277	5.614	353	432	5	5	5	2
143	21.729	57.750	132	92	2948700	22338.637	11979.503	18636.000	7887	53327	342.591	445.856	6.545	1.567	0.254	1.580	342.587	445.810	6.536	340	442	5	7	8	5
144	25.186	69.128	153	106	2956021	19320.398	9717.096	15970.000	7953	43821	349.301	469.235	7.386	1.672	0.352	1.696	349.360	469.158	7.354	347	464	5	6	11	5
145	30.124	92.642	183	134	3199594	17484.121	10551.442	12843.000	7928	54816	154.667	510.071	8.087	2.327	0.917	2.274	154.054	509.652	7.719	150	506	5	12	11	7
146	16.461	51.165	100	73	1581866	15818.660	5912.899	15262.500	7906	30434	933.930	545.920	6.870	1.368	0.245	1.336	933.942	545.952	6.905	931	543	5	7	7	5
147	14.321	45.717	87	67	1178333	13544.058	4220.386	12623.000	7920	25493	335.977	552.678	6.782	1.291	0.237	1.285	335.956	552.720	6.749	333	550	5	7	6	4
148	7.408	29.340	45	43	480574	10679.422	1807.651	10360.000	7941	14797	868.911	577.311	6.400	0.942	0.268	0.926	868.959	577.323	6.387	866	575	5	7	5	3
149	49.384	104.086	300	188	5873160	19577.199	9074.330	16816.000	7875	44549	338.617	588.430	6.620	2.036	0.376	1.998	338.663	588.266	6.626	334	582	5	10	13	5
150	6.420	25.823	39	38	429514	11013.180	2180.594	10683.000	8078	15000	855.564	587.641	5.615	0.878	0.206	0.883	855.571	587.558	5.605	853	585	5	6	6	3
151	15.474	51.028	94	72	1379895	14679.734	5515.958	13779.000	7946	27645	956.851	592.096	6.500	1.415	0.354	1.482	956.871	592.129	6.515	953	590	5	9	5	4
152	38.190	110.053	232	167	3415187	14720.634	5042.668	14046.000	7895	28176	134.703	624.603	7.099	1.994	0.659	2.116	134.674	624.707	7.098	129	619	5	12	12	6
153	1.975	11.033	12	12	117420	9785.000	1507.012	9544.000	7890	12880	877.083	629.083	5.750	0.587	0.165	0.612	877.086	629.081	5.753	876	628	5	3	3	2
154	17.614	49.441	107	78	1882475	17593.225	7873.550	15749.000	8337	37601	173.972	650.150	6.346	1.463	0.272	1.493	173.971	650.175	6.315	172	646	5	5	8	4
155	32.429	101.399	197	155	2384102	12102.041	3133.986	11689.000	7868	22115	966.832	660.893	9.543	2.182	0.828	2.264	966.805	660.888	9.438	963	657	5	9	9	8
156	25.844	73.126	157	118	2164201	13784.720	4134.475	13697.000	7879	22625	891.248	681.223	6.682	1.554	0.315	1.573	891.184	681.195	6.644	888	677	5	9	9	4
157	18.931	58.610	115	101	1493173	12984.113	3610.073	12398.000	7868	21442	939.948	682.156	5.713	1.343	0.353	1.382	939.823	682.246	5.666	936	678	5	8	9	3
158	20.412	62.231	124	104	1474618	11892.081	3068.168	11535.500	7885	18715	977.952	722.258	6.565	1.422	0.422	1.476	977.913	722.201	6.553	974	719	5	10	7	4
159	16.297	48.993	99	75	1436883	14513.970	5506.262	12453.000	7882	27889	129.101	736.929	6.384	1.392	0.300	1.399	129.175	736.979	6.411	127	733	5	6	8	4
160	13.169	44.338	80	61	1010772	12634.650	3689.739	11440.500	7888	22144	970.325	778.213	6.725	1.279	0.235	1.275	970.326	778.234	6.694	967	775	5	7	7	4
161	12.840	41.718	78	59	1037378	13299.718	4450.819	11742.500	7902	27673	277.474	830.590	6.423	1.288	0.272	1.303	277.473	830.528	6.432	275	828	5	6	6	4
162	15.145	50.268	92	73	1100570	11962.718	3511.586	11217.000	7903	22456	182.228	941.652	6.109	1.313	0.275	1.297	182.271	941.595	6.108	179	939	5	8	7	4
163	15.145	46.062	92	74	1325367	14406.163	4955.062	13337.500	7876	25999	384.554	97.076	7.239	1.316	0.275	1.316	384.580	97.098	7.271	381	95	6	9	5	4
164	5.103	33.306	31	30	291414	9400.451	1107.870	9260.000	7911	11408	272.484	130.161	6.903	0.983	0.340	1.037	272.472	130.099	6.899	269	128	6	7	6	3
165	26.667	70.128	162	110	3322504	20509.283	10955.063	17847.000	7876	53183	477.809	170.506	7.833	1.696	0.337	1.744	477.765	170.445	7.863	474	168	6	10	6	5
166	5.268	25.271	32	31	322989	10093.406	2420.504	9115.500	7889	17105	245.250	172.188	7.156	0.907	0.322	0.926	245.102	172.199	7.133	242	170	6	7	5	3
167	2.469	13.412	15	15	162054	10803.600	1804.070	10648.000	8814	14477	303.067	191.867	6.533	0.671	0.124	0.649	303.043	191.876	6.542	302	191	6	4	3	2
168	15.309	50.131	93	67	1417581	15242.807	6419.436	13685.000	8052	33044	436.935	196.387	7.376	1.364	0.245	1.380	437.014	196.384	7.418	434	193	6	7	8	4
169	14.815	46.303	90	72	1107363	12304.033	3866.024	10644.000	7894	24140	198.811	206.856	7.089	1.313	0.265	1.293	198.827	206.826	7.136	196	203	6	7	9	3
170	25.351	67.093	154	106	2382822	15472.870	6014.226	13759.500	7984	27803	432.162	206.136	7.383	1.618	0.285	1.629	432.138	206.152	7.415	428	203	6	9	7	4
171	11.523	42.304	70	61	828447	11834.957	3112.604	11081.500	7888	19469	212.729	210.271	7.129	1.196	0.302	1.191	212.731	210.295	7.161	211	206	6	5	9	3
172	25.351	79.056	154	128	2035199	13215.578	4170.189	12228.500	7914	25090	417.935	233.974	7.610	1.625	0.476	1.739	417.815	233.985	7.648	414	229	6	9	11	5
173	15.145	48.923	92	74	1152449	12526.619	3744.694	12321.500	7874	22149	330.913	235.880	7.000	1.312	0.280	1.297	330.952	235.902	7.042	326	233	6	9	7	3
174	18.108	54.441	110	80	2213923	20126.572	11181.377	17412.000	7934	52610	446.573	236.409	7.927	1.488	0.337	1.461	446.651	236.394	7.907	443	234	6	8	6	5
175	11.194	41.407	68	61	813395	11961.691	3205.515	10808.500	7985	21219	498.603	236.676	7.221	1.180	0.326	1.158	498.674	236.679	7.214	495	234	6	8	7	3
176	13.663	44.097	83	60	1412539	17018.543	8531.960	13780.000	7883	37166	641.024	250.482	7.470	1.356	0.260	1.419	640.983	250.373	7.508	638	248	6	7	6	4
177	13.334	41.718	81	64	1480072	18272.494	8370.551	17395.000	7981	42549	646.395	260.025	7.926	1.270	0.257	1.246	646.379	259.982	7.973	643	258	6	8	5	4
178	20.577	55.026	125	88	2328931	18631.447	9790.708	14961.000	7868	46213	548.040	271.864	7.336	1.512	0.235	1.515	547.994	271.753	7.313	545	269	6	7	7	4
179	26.009	65.507	158	110	2520077	15949.854	6647.682	13714.500	7914	32534	732.646	280.722	7.418	1.625	0.266	1.628	732.578	280.783	7.409	728	278	6	10	7	4
180	17.943	53.129	109	86	1620527	14867.220	5268.498	13620.000	8022	29679	631.761	287.688	7.853	1.394	0.317	1.359	631.840	287.663	7.815	628	284	6	8	9	4
181	24.198	63.543	147	100	2782367	18927.666	8202.166	15985.000	8136	36234	168.109	304.565	8.463	1.613	0.252	1.586	168.136	304.588	8.454	165	301	6	8	8	6
182	5.926	30.237	36	34	401583	11155.083	2787.812	10110.000	7880	17270	544.083	309.028	7.000	0.989	0.332	0.996	543.994	309.093	7.056	542	306	6	7	6	3
183	10.206	35.477	62	53	783907	12643.661	3615.824	12431.500	7910	20972	613.387	320.452	7.177	1.148	0.234	1.159	613.366	320.456	7.210	611	318	6	6	6	3
184	15.638	49.267	95	78	1195515	12584.368	3760.410	11722.000	7899	23280	672.968	327.979	6.842	1.314	0.272	1.287	672.989	327.943	6.828	670	325	6	7	9	3
185	20.412	57.543	124	89	2006406	16180.693	8019.172	13167.000	7877	38682	304.298	332.177	7.597	1.523	0.275	1.549	304.446	332.293	7.571	299	329	6	10	7	4
186	8.725	31.616	53	45	673997	12716.925	3921.904	11681.000	7899	21313	298.925	347.302	7.038	1.090	0.197	1.067	298.886	347.283	7.048	297	345	6	5	6	3
187	13.169	43.304	80	62	1177730	14721.625	5344.758	13247.000	7904	25553	219.488	351.275	7.700	1.303	0.298	1.323	219.481	351.193	7.684	218	348	6	5	8	4
188	14.980	46.855	91	70	1375062	15110.571	5923.330	13971.000	7965	29034	581.033	355.407	7.879	1.308	0.225	1.300	580.969	355.424	7.825	578	352	6	7	7	4
189	8.395	33.202	51	44	566459	11107.039	2930.503	10229.000	7897	19522	660.471	366.333	7.078	1.107	0.256	1.089	660.527	366.392	7.066	657	364	6	7	6	3
190	16.791	48.304	102	73	1986401	19474.520	10172.695	16559.500	7888	43315	659.627	373.265	7.412	1.424	0.229	1.455	659.636	373.274	7.420	657	371	6	7	6	4
191	18.766	60.059	114	97	1428461	12530.359	3193.045	11975.500	7888	20958	307.079	407.219	7.079	1.377	0.299	1.350	306.985	407.325	7.065	303	403	6	9	9	3
192	13.334	40.269	81	65	1272297	15707.370	5718.142	14522.000	8013	35512	841.074	414.049	7.062	1.252	0.227	1.268	841.025	413.860	7.090	839	411	6	5	8	3
193	34.075	85.089	207	154	3606514	17422.773	6744.877	16321.000	7879	36957	884.039	430.300	7.585	1.863	0.529	1.837	883.947	430.408	7.620	879	426	6	12	10	5
194	23.704	66.196	144	105	2241058	15562.902	5817.368	14462.000	8022	31600	719.924	453.965	7.958	1.565	0.364	1.532	719.966	454.001	7.940	717	449	6	7	11	5
195	9.877	36.374	60	49	772590	12876.500	4148.275	12352.500	7908	24085	953.450	482.883	7.967	1.156	0.234	1.156	953.433	482.865	7.988	950	481	6	8	5	4
196	7.408	28.651	45	39	550064	12223.645	3841.015	10837.000	7872	20653	871.644	535.556	7.333	1.012	0.256	0.962	871.594	535.561	7.355	869	534	6	6	4	4
197	16.791	45.958	102	82	1517081	14873.343	4723.679	14988.500	7950	24786	949.490	579.510	6.990	1.351	0.267	1.306	949.524	579.494	6.975	947	575	6	6	9	3
198	2.798	16.825	17	17	162605	9565.000	1477.816	9314.000	7985	12607	872.882	673.412	6.294	0.790	0.274	0.799	872.854	673.416	6.274	871	671	6	4	6	2
199	3.951	23.307	24	24	226503	9437.625	1189.603	9115.500	7900	11997	275.958	676.792	6.542	0.824	0.210	0.809	275.976	676.804	6.570	273	675	6	6	5	2
200	25.680	68.576	156	109	2500310	16027.628	6643.318	14282.000	7881	33014	980.731	684.590	7.244	1.663	0.338	1.684	980.706	684.564	7.228	976	681	6	10	9	4
201	17.943	50.854	109	88	1349908	12384.478	3364.465	11634.000	7935	22738	876.972	756.578	6.991	1.376	0.276	1.391	876.938	756.518	7.017	874	753	6	7	9	3
202	5.761	25.927	35	35	368938	10541.086	2183.757	9885.000	7924	16227	943.314	829.457	7.400	0.893	0.260	0.869	943.271	829.425	7.371	942	826	6	4	7	3
203	47.903	121.845	291	184	4651460	15984.398	7060.216	14158.000	7913	43384	76.141	875.320	8.969	2.256	0.743	2.153	75.993	875.170	9.121	71	871	6	12	10	8
204	4.115	20.824	25	25	238317	9532.680	1555.836	8833.000	7975	13817	517.800	204.000	8.160	0.845	0.326	0.868	517.700	204.010	8.137	515	203	7	7	3	3
205	12.017	40.821	73	61	1035024	14178.411	4976.869	13109.000	8011	31037	411.863	213.438	7.945	1.286	0.324	1.225	411.818	213.401	7.932	409	211	7	8	6	3
206	21.071	55.301	128	97	1834798	14334.359	4372.450	13223.000	8046	25427	654.562	217.094	8.055	1.438	0.255	1.428	654.590	217.117	8.104	651	214	7	9	7	4
207	8.395	36.719	51	45	541193	10611.628	2336.844	10080.000	7916	18077	286.706	227.765	8.098	1.052	0.261	1.131	286.712	227.738	8.115	284	226	7	6	5	3
208	12.840	45.476	78	64	983965	12614.936	4011.219	11699.500	7936	23551	577.974	228.551	7.910	1.326	0.358	1.282	578.072	228.597	7.852	574	225	7	9	7	3
209	11.852	38.097	72	61	999793	13886.014	4745.444	12537.000	7936	25515	344.542	230.153	8.167	1.182	0.208	1.184	344.527	230.119	8.203	341	228	7	8	5	3
210	1.646	11.585	10	10	110535	11053.500	2837.118	10270.500	7971	15395	442.300	244.400	8.200	0.635	0.281	0.651	442.311	244.436	8.175	441	243	7	3	3	3
211	8.395	35.477	51	46	614398	12047.020	3429.871	11727.000	7930	19801	351.098	329.333	7.824	1.049	0.263	1.058	351.031	329.344	7.777	348	327	7	8	6	3
212	50.866	108.088	309	178	6931894	22433.314	12948.118	18869.000	7912	60328	163.262	418.476	9.346	2.200	0.439	2.299	163.307	418.619	9.328	160	413	7	8	12	6
213	16.132	46.199	98	83	1301855	13284.234	3544.774	12855.000	7879	22965	704.531	435.020	8.204	1.295	0.294	1.328	704.544	435.056	8.243	701	432	7	9	7	3
214	19.424	52.958	118	83	2019664	17115.797	7920.765	13944.000	7904	37176	158.483	499.110	9.432	1.527	0.280	1.545	158.520	499.093	9.379	156	496	7	6	7	5
215	22.552	69.402	137	111	1670002	12189.796	2957.611	11738.000	7874	21943	780.080	520.854	8.467	1.751	0.689	1.720	780.089	520.830	8.461	778	515	7	6	15	4
216	16.626	57.921	101	93	1044905	10345.594	1793.278	9837.000	7955	15877	293.772	582.574	7.673	1.292	0.370	1.302	293.837	582.593	7.685	290	579	7	8	9	3
217	25.844	67.508	157	102	2982536	18997.045	9469.485	16854.000	7870	46211	839.440	615.873	9.331	1.685	0.298	1.662	839.384	615.815	9.308	836	612	7	8	8	6
218	30.783	83.403	187	118	4037505	21590.936	12459.916	17978.000	7878	58262	288.492	696.112	9.476	1.853	0.420	1.855	288.543	696.065	9.440	285	692	7	8	9	6
219	36.215	85.471	220	133	4575370	20797.137	10577.618	17783.500	7928	49091	238.236	698.273	9.827	1.902	0.322	1.907	238.344	698.225	9.816	235	694	7	8	9	6
220	3.622	21.480	22	21	223261	10148.228	1825.005	10047.000	7912	13825	863.455	745.955	8.091	0.821	0.284	0.889	863.477	745.984	8.092	861	744	7	5	5	3
221	35.557	84.574	216	129	4877570	22581.342	12750.907	18545.000	7867	60615	291.597	811.574	9.139	1.931	0.328	1.968	291.686	811.521	9.129	287	807	7	10	10	5
222	49.220	101.744	299	164	6497587	21731.061	11828.090	18467.000	7927	52810	121.274	813.756	9.860	2.110	0.299	2.091	121.261	813.774	9.804	117	809	7	10	10	6
223	17.614	56.301	107	85	1404677	13127.822	4218.296	12125.000	7871	24619	416.075	95.822	8.953	1.420	0.361	1.325	416.174	95.789	8.965	410	93	8	12	6	3
224	48.890	106.365	297	169	5269141	17741.215	7378.198	15750.000	8076	36799	263.380	295.488	10.542	2.291	0.615	2.340	263.357	295.446	10.486	260	291	8	9	10	7
225	29.795	75.576	181	118	3840331	21217.299	11237.291	18145.000	7969	51686	305.917	417.376	10.674	1.805	0.386	1.799	305.952	417.484	10.616	303	413	8	7	9	6
226	29.466	80.850	179	132	2651550	14813.129	5668.567	13606.000	7866	34099	765.240	464.531	10.140	1.867	0.600	1.873	765.501	464.380	10.113	759	460	8	13	9	5
227	12.840	46.269	78	64	986016	12641.230	3524.140	12237.500	7968	22931	740.923	468.615	9.526	1.221	0.288	1.197	740.972	468.640	9.486	738	466	8	7	6	4
228	32.264	78.815	196	131	3299471	16834.035	7216.581	14304.000	8164	36418	939.791	496.679	9.485	1.807	0.359	1.787	939.759	496.567	9.442	936	491	8	9	11	4
229	14.651	48.545	89	69	1165872	13099.686	4570.808	11650.000	7917	26458	194.629	508.921	9.247	1.385	0.348	1.382	194.702	508.853	9.224	191	507	8	9	5	4
230	21.729	56.750	132	92	1975066	14962.621	5732.614	13008.500	7920	30939	972.432	560.485	9.583	1.532	0.226	1.545	972.478	560.447	9.576	969	557	8	8	7	4
231	38.849	90.263	236	141	4816358	20408.297	10353.571	17706.500	7871	47739	242.068	592.678	10.720	1.945	0.330	1.956	242.006	592.664	10.668	239	587	8	7	11	6
232	19.918	57.198	121	88	1833705	15154.587	5660.390	14431.000	7983	28463	929.182	640.744	10.190	1.466	0.252	1.435	929.197	640.795	10.174	926	636	8	7	9	5
233	40.989	88.780	249	147	5741269	23057.305	13189.478	19108.000	7884	65014	301.859	676.847	10.008	1.986	0.289	2.007	301.979	676.641	10.024	298	673	8	9	9	5
234	26.832	74.749	163	110	3725441	22855.467	14035.834	17539.000	7943	64981	219.767	683.049	10.785	1.811	0.476	1.836	219.831	683.014	10.777	218	678	8	5	11	6
235	32.594	82.369	198	121	5197136	26248.162	16678.215	21538.000	7873	65535	264.975	698.540	10.439	1.961	0.488	1.962	265.075	698.367	10.429	262	694	8	7	10	6
236	23.375	63.061	142	94	3098736	21822.084	11754.966	19478.500	7867	50238	310.063	699.380	10.648	1.657	0.353	1.642	310.116	699.403	10.618	307	696	8	7	7	6
237	13.169	49.545	80	64	1038154	12976.925	4392.049	11619.500	7934	24113	144.587	708.612	9.375	1.408	0.422	1.457	144.573	708.596	9.421	141	706	8	10	6	4
238	40.001	94.988	243	146	6272399	25812.342	16078.997	20056.000	7891	65535	233.938	723.589	10.918	2.102	0.567	2.093	234.037	723.582	10.933	231	718	8	7	11	7
239	31.935	77.266	194	117	4376089	22557.160	12673.767	18649.500	7906	59735	95.897	749.082	11.170	1.867	0.405	1.787	95.950	749.067	11.122	92	746	8	9	7	7
240	5.432	26.272	33	33	321300	9736.363	1564.507	9366.000	7938	14463	303.667	793.515	8.394	0.877	0.254	0.866	303.706	793.576	8.353	302	790	8	4	7	2
241	27.655	74.612	168	108	4547400	27067.857	17729.949	21278.500	7957	65535	273.536	795.137	11.637	1.963	0.591	1.892	273.515	795.110	11.500	270	792	8	8	7	8
242	10.206	35.581	62	52	793300	12795.161	3126.985	12214.000	8076	19847	121.887	804.855	9.710	1.144	0.272	1.123	121.939	804.808	9.658	119	803	8	6	5	4
243	55.146	115.741	335	196	6350896	18957.898	9441.528	16919.000	7877	51508	202.418	865.218	10.821	2.172	0.357	2.193	202.568	865.340	10.780	197	861	8	12	9	6
244	2.305	15.584	14	14	129530	9252.143	980.768	9217.000	7915	11068	86.071	899.143	8.929	0.776	0.377	0.834	86.100	899.077	8.930	85	897	8	3	6	2
245	39.343	94.606	239	156	3999854	16735.791	7465.440	15558.000	7885	36442	107.017	928.025	10.808	1.927	0.388	1.920	107.078	927.741	10.784	103	922	8	8	12	6
246	33.087	85.712	201	124	3627875	18049.129	8527.953	15358.000	7889	46839	98.100	973.667	11.114	1.888	0.394	1.910	98.081	973.628	11.021	93	970	8	11	8	7
247	28.478	72.574	173	127	2624260	15169.133	5065.215	14633.000	7866	29721	222.012	163.329	10.139	1.607	0.293	1.613	221.959	163.285	10.109	217	160	9	10	9	4
248	16.297	49.371	99	82	1244876	12574.505	3823.049	11545.000	7871	25169	359.687	166.697	10.121	1.344	0.309	1.313	359.832	166.666	10.156	356	164	9	9	6	3
249	23.540	62.301	143	98	2544247	17791.938	8023.862	15845.000	7867	38162	523.385	188.378	10.650	1.594	0.268	1.632	523.460	188.367	10.683	520	185	9	8	8	5
250	30.124	74.575	183	122	3490699	19074.857	8668.244	16921.000	7868	40512	273.940	189.410	11.421	1.749	0.315	1.718	273.998	189.369	11.420	271	185	9	8	10	6
251	21.400	69.094	130	96	2065839	15891.069	6825.898	14250.500	7924	38289	517.746	195.462	10.931	1.652	0.450	1.624	517.702	195.387	10.906	513	191	9	10	10	5
252	7.078	34.236	43	43	420466	9778.279	1740.988	9302.000	7875	14456	659.860	198.419	9.558	0.981	0.310	0.918	659.874	198.416	9.550	657	196	9	7	7	2
253	29.960	80.368	182	122	3385565	18602.006	9072.764	16210.000	7876	42017	536.791	207.055	11.027	1.785	0.409	1.858	536.694	207.028	11.038	532	204	9	12	7	5
254	16.132	45.958	98	79	1279479	13055.908	3772.106	12382.500	8183	25421	363.459	216.551	9.929	1.304	0.217	1.333	363.421	216.518	9.937	361	213	9	6	8	3
255	46.257	113.258	281	188	5115426	18204.363	9215.271	14646.000	7948	48101	377.164	238.972	11.221	2.235	0.739	2.157	377.247	238.597	11.184	375	231	9	6	18	5
256	18.108	54.819	110	84	1518395	13803.591	4066.223	12924.500	7949	22792	708.973	245.000	10.136	1.369	0.238	1.367	708.954	244.928	10.104	705	242	9	9	7	4
257	25.844	66.956	157	106	2956354	18830.279	9041.979	17100.000	7916	41296	268.611	258.433	11.248	1.661	0.311	1.681	268.707	258.371	11.198	266	254	9	6	10	5
258	16.955	65.611	103	85	1283452	12460.699	4332.157	10809.000	7885	23767	403.320	268.097	10.806	1.584	0.593	1.427	403.396	267.809	10.715	400	263	9	7	13	5
259	33.087	85.608	201	135	3402633	16928.521	7605.514	15041.000	7918	41367	173.423	282.343	11.010	1.849	0.426	1.921	173.497	282.488	10.979	170	277	9	7	12	5
260	38.520	89.607	234	149	4717075	20158.439	10789.547	17092.500	7867	55094	350.872	298.363	11.453	1.919	0.388	1.920	350.831	298.410	11.426	348	293	9	7	12	6
261	28.643	73.264	174	130	2508782	14418.287	4579.748	13535.000	7919	27299	649.483	308.121	11.023	1.599	0.311	1.625	649.500	308.124	10.995	645	304	9	9	10	5
262	39.014	89.918	237	143	4801197	20258.215	10150.873	18062.000	7970	46264	332.983	326.574	11.523	1.954	0.359	1.952	333.108	326.545	11.507	330	322	9	8	10	6
263	14.321	47.373	87	68	1482707	17042.609	7438.325	14994.000	8132	38885	212.517	351.655	11.310	1.412	0.377	1.470	212.681	351.618	11.291	209	349	9	8	6	5
264	4.280	27.306	26	26	234654	9025.154	816.751	8926.000	7924	10484	708.346	371.577	9.077	0.940	0.360	0.999	708.350	371.590	9.069	705	369	9	7	7	2
265	23.046	63.302	140	93	2886671	20619.078	10254.641	18445.000	7941	47486	790.907	376.700	11.414	1.626	0.327	1.593	790.885	376.682	11.345	788	373	9	7	8	6
266	14.815	48.200	90	70	1251003	13900.033	4343.663	13260.500	7910	24549	364.033	380.522	10.989	1.320	0.270	1.282	364.052	380.470	11.002	361	378	9	7	6	5
267	6.585	28.996	40	38	438807	10970.175	2543.597	10279.500	7899	17717	637.275	381.675	9.725	0.979	0.321	0.925	637.216	381.597	9.708	635	380	9	6	6	3
268	5.926	26.064	36	36	350903	9747.306	1427.832	9454.500	8107	13701	813.861	383.139	9.722	0.893	0.271	0.901	813.896	383.127	9.740	812	380	9	5	6	3
269	10.700	37.512	65	50	903369	13897.984	5024.281	12057.000	7989	25910	852.400	384.923	10.462	1.224	0.284	1.253	852.376	384.984	10.433	850	382	9	5	7	4
270	11.523	39.028	70	66	770971	11013.871	2399.215	10801.500	7943	17999	207.843	392.100	10.571	1.099	0.309	1.081	207.862	392.058	10.562	205	389	9	7	7	4
271	43.952	110.535	267	194	4400521	16481.352	7147.900	14798.000	7938	40506	687.434	410.483	10.775	2.198	0.713	2.231	687.365	409.802	10.758	684	404	9	8	16	5
272	11.029	44.027	67	62	756926	11297.403	2426.782	10608.000	7913	16878	668.179	420.597	9.657	1.237	0.449	1.238	668.220	420.669	9.620	666	416	9	6	10	3
273	36.874	85.815	224	138	5151637	22998.379	12808.601	19025.000	7940	59843	178.772	426.656	11.232	1.892	0.294	1.861	178.833	426.567	11.229	175	422	9	9	10	6
274	19.095	55.475	116	84	1897738	16359.811	6422.118	15172.000	7933	32315	772.690	433.414	10.793	1.471	0.282	1.456	772.693	433.343	10.815	769	430	9	7	8	5
275	23.540	68.679	143	106	2285987	15985.923	6308.645	14442.000	7924	33697	881.238	454.154	10.734	1.699	0.494	1.667	881.197	454.131	10.731	876	450	9	12	8	4
276	20.906	62.509	127	93	2077004	16354.362	6412.848	14478.000	7886	33373	895.780	457.898	10.882	1.500	0.307	1.469	895.747	457.926	10.852	893	454	9	7	8	5
277	13.992	41.855	85	68	1262997	14858.788	4823.278	13828.000	7935	27833	738.776	480.929	9.941	1.261	0.207	1.247	738.771	481.019	9.953	736	477	9	6	8	3
278	21.894	62.405	133	92	2007720	15095.639	5480.841	13796.000	7889	27501	934.722	480.925	10.624	1.565	0.279	1.578	934.690	481.009	10.616	931	477	9	8	8	5
279	20.412	63.991	124	91	1999787	16127.314	6411.667	15577.000	7909	34956	862.887	484.323	11.145	1.549	0.418	1.544	862.823	484.181	11.085	860	480	9	7	10	5
280	11.852	37.753	72	58	1047561	14549.458	4577.767	13702.500	7891	25613	882.194	485.847	10.194	1.205	0.222	1.211	882.215	485.783	10.199	879	484	9	7	5	4
281	7.572	30.685	46	39	615876	13388.608	3645.864	12996.000	8051	20226	891.543	494.261	11.022	1.061	0.233	1.095	891.478	494.271	11.001	889	492	9	5	6	4
282	34.898	104.434	212	154	4065893	19178.740	10664.138	15965.500	7915	55359	358.920	507.542	10.703	1.977	0.584	2.059	358.862	507.928	10.692	355	501	9	9	13	5
283	28.314	71.403	172	114	3204604	18631.418	8511.262	15722.000	7902	42189	851.163	512.488	11.390	1.700	0.274	1.691	851.206	512.509	11.352	848	508	9	7	10	5
284	22.058	63.543	134	94	2108661	15736.276	6051.391	14639.000	7909	30068	933.351	522.306	10.672	1.598	0.332	1.625	933.385	522.308	10.670	929	519	9	9	8	4
285	22.881	61.267	139	98	2456104	17669.812	8101.472	14979.000	7877	37252	820.957	539.734	10.561	1.641	0.347	1.642	820.953	539.708	10.570	818	536	9	7	9	4
286	18.272	59.785	111	80	1626812	14655.964	5659.340	13256.000	7890	30450	949.550	540.649	11.297	1.523	0.402	1.533	949.540	540.644	11.273	946	537	9	8	8	5
287	16.297	51.784	99	87	1214496	12267.637	3367.522	11772.000	7892	21139	904.798	544.838	10.657	1.302	0.430	1.267	904.760	544.946	10.629	901	541	9	8	9	4
288	22.881	63.646	139	91	2138747	15386.669	6129.908	13676.000	7950	31228	834.640	551.748	10.921	1.615	0.330	1.580	834.663	551.650	10.881	832	548	9	6	9	5
289	12.346	39.443	75	55	1134348	15124.640	5565.225	13368.000	8038	27423	893.933	559.120	10.587	1.283	0.238	1.316	893.864	559.124	10.574	892	557	9	6	6	4
290	18.931	55.475	115	80	2000227	17393.277	7622.585	15943.000	7872	37846	323.217	559.983	11.261	1.503	0.291	1.467	323.182	560.006	11.213	320	556	9	7	8	5
291	13.498	42.304	82	68	1103464	13456.878	3834.388	12883.500	8008	21255	175.159	587.939	10.780	1.252	0.272	1.243	175.126	587.923	10.729	172	585	9	7	6	4
292	18.766	55.234	114	80	1864642	16356.509	6841.117	13894.000	7944	35385	943.035	592.439	11.307	1.493	0.284	1.499	943.033	592.507	11.263	940	589	9	7	8	5
293	20.083	65.059	122	102	1459223	11960.845	3153.697	11218.000	7873	20791	986.303	601.590	10.180	1.596	0.502	1.524	986.275	601.605	10.181	980	599	9	13	6	4
294	22.223	57.991	135	89	2370612	17560.090	7752.149	15573.000	7962	36544	971.370	604.859	10.556	1.551	0.198	1.566	971.360	604.882	10.569	968	601	9	8	8	4
295	20.906	62.301	127	97	2050345	16144.449	7064.793	14240.000	7909	35098	251.496	642.724	10.890	1.512	0.349	1.519	251.576	642.774	10.893	249	638	9	6	10	5
296	41.977	94.917	255	153	5124254	20095.113	10185.824	17271.000	7876	48373	143.733	674.165	11.231	1.997	0.357	2.036	143.799	674.227	11.198	140	669	9	8	11	6
297	21.729	60.956	132	100	1846218	13986.500	4694.375	12957.000	7954	27783	909.651	686.386	10.742	1.495	0.333	1.482	909.566	686.181	10.742	907	682	9	6	10	4
298	12.346	49.890	75	66	949658	12662.106	3626.081	12134.000	7888	23173	232.533	686.533	10.973	1.366	0.449	1.204	232.562	686.655	10.965	231	681	9	4	11	5
299	12.017	42.856	73	57	913999	12520.534	3720.282	11876.000	7893	22361	994.616	699.384	10.863	1.281	0.310	1.239	994.485	699.247	10.838	992	697	9	7	6	4
300	2.963	14.446	18	18	175314	9739.667	1065.402	9368.000	8110	11765	182.944	703.667	9.333	0.689	0.162	0.722	182.954	703.677	9.306	182	702	9	3	4	2
301	38.355	91.675	233	155	3565787	15303.807	5519.867	14248.000	7870	28235	322.970	712.708	10.579	1.837	0.408	1.859	323.038	712.585	10.595	320	707	9	8	12	4
302	14.486	54.682	88	72	1041108	11830.772	3210.502	10814.000	7873	20084	275.864	736.432	10.568	1.408	0.439	1.454	275.938	736.367	10.546	272	733	9	9	9	4
303	12.346	38.338	75	60	916808	12224.106	2993.652	11286.000	8044	19260	153.747	755.160	10.080	1.205	0.197	1.208	153.775	755.168	10.087	150	753	9	8	5	3
304	14.321	43.512	87	64	1612043	18529.230	8814.662	15506.000	7874	42722	232.885	762.356	10.632	1.398	0.300	1.418	232.925	762.289	10.623	231	760	9	5	6	5
305	4.445	20.928	27	27	283150	10487.037	1963.938	10510.000	7877	15408	214.333	765.518	9.481	0.814	0.208	0.814	214.322	765.510	9.446	213	763	9	4	6	2
306	14.815	47.718	90	64	1593285	17703.166	7907.441	15457.000	7883	39732	234.233	774.744	11.144	1.401	0.336	1.331	234.212	774.811	11.136	232	772	9	6	6	5
307	24.528	60.026	149	99	2950079	19799.188	10403.454	16733.000	8167	47697	130.658	798.181	10.631	1.643	0.292	1.610	130.711	798.096	10.578	128	795	9	7	7	5
308	15.309	46.510	93	73	1496417	16090.506	6219.663	15131.000	8141	34914	26.753	798.495	10.968	1.305	0.227	1.277	26.762	798.493	10.944	24	796	9	7	6	5
309	30.947	81.472	188	121	3859598	20529.777	10589.926	17383.500	8146	47971	162.511	820.319	10.867	1.881	0.417	1.926	162.508	820.367	10.835	159	816	9	9	10	5
310	3.292	22.169	20	20	174295	8714.750	594.178	8690.500	7991	9792	251.150	823.450	9.500	0.849	0.276	0.787	251.142	823.436	9.503	250	820	9	3	7	2
311	44.117	102.192	268	163	5632968	21018.537	11008.762	18594.500	7866	48809	143.881	841.250	11.328	2.030	0.380	2.009	143.968	841.187	11.325	141	835	9	7	13	6
312	31.277	75.576	190	121	3995308	21027.938	11649.479	16937.000	7867	53860	32.542	847.079	11.132	1.824	0.346	1.852	32.629	847.016	11.111	29	844	9	9	7	6
313	11.194	39.339	68	56	817678	12024.677	2872.182	11388.500	8036	18768	104.838	864.029	10.868	1.205	0.264	1.185	104.825	864.031	10.857	102	862	9	8	5	4
314	13.498	42.511	82	63	1037277	12649.720	3446.080	11831.000	7916	22235	121.902	873.110	10.963	1.287	0.273	1.268	121.948	873.060	10.960	120	870	9	5	7	5
315	7.078	30.237	43	37	470016	10930.604	2172.101	10718.000	7918	15835	140.279	914.698	10.605	1.050	0.341	0.972	140.290	914.708	10.572	138	913	9	5	5	4
316	25.021	75.127	152	112	2570335	16910.100	7914.207	14792.000	7881	39583	42.033	963.638	10.618	1.773	0.513	1.769	42.207	963.657	10.617	36	961	9	13	6	5
317	1.975	13.860	12	12	106014	8834.500	769.583	8808.000	7914	10360	388.417	121.667	10.583	0.690	0.170	0.685	388.406	121.678	10.601	387	121	10	4	3	2
318	15.309	46.855	93	75	1181747	12706.957	3405.384	11925.000	8015	22211	377.753	135.269	11.742	1.286	0.262	1.287	377.802	135.282	11.741	375	132	10	7	7	4
319	13.663	44.372	83	70	972548	11717.445	2398.706	11347.000	8071	17308	337.819	141.590	11.831	1.251	0.291	1.243	337.822	141.637	11.808	334	139	10	8	6	4
320	34.734	83.677	211	135	3628154	17195.043	7377.282	16440.000	7895	36699	269.929	147.659	11.773	1.844	0.323	1.864	269.903	147.677	11.785	266	143	10	9	10	5
321	19.589	60.956	119	91	1499876	12604.000	3502.914	12059.000	7899	20071	569.790	148.025	11.605	1.454	0.298	1.453	569.769	148.038	11.617	566	145	10	9	7	4
322	26.832	74.575	163	115	2280611	13991.479	4767.999	12402.000	8015	26877	427.890	157.736	11.558	1.771	0.463	1.730	427.844	157.718	11.538	423	154	10	12	8	4
323	26.338	68.335	160	103	2191634	13697.713	4514.159	12353.000	7894	25325	238.375	159.231	12.131	1.670	0.300	1.659	238.461	159.210	12.149	235	155	10	8	9	5
324	4.938	22.962	30	28	312872	10429.066	1847.932	9935.000	7928	13857	355.900	189.400	11.367	0.863	0.227	0.839	355.979	189.371	11.349	354	188	10	5	4	3
325	19.754	63.750	120	87	2151194	17926.617	8621.850	15972.500	7875	42890	262.317	196.592	12.050	1.568	0.396	1.549	262.338	196.639	12.078	260	192	10	6	10	5
326	8.066	29.685	49	45	578308	11802.204	2401.254	11583.000	7956	17126	376.898	199.571	11.327	0.991	0.231	0.989	376.890	199.503	11.356	375	197	10	5	6	3
327	28.643	70.577	174	105	3448301	19817.822	10387.703	16064.500	7941	49728	316.868	202.977	12.092	1.803	0.332	1.792	316.939	202.949	12.097	314	199	10	8	8	6
328	8.725	30.478	53	44	570550	10765.095	2207.281	10050.000	8113	16642	660.717	212.679	10.868	1.108	0.227	1.128	660.711	212.684	10.847	658	211	10	7	4	3
329	28.314	75.402	172	133	2702657	15713.122	5445.630	15055.500	7906	30438	466.000	229.244	11.116	1.735	0.498	1.770	466.011	229.032	11.134	463	224	10	8	12	4
330	10.700	38.305	65	58	877980	13507.385	3958.260	12692.000	7895	23117	477.092	238.292	11.215	1.249	0.409	1.241	477.086	238.222	11.218	475	235	10	5	8	4
331	18.931	55.579	115	77	1919309	16689.643	6596.401	14340.000	7871	34616	580.035	239.287	12.348	1.523	0.264	1.524	580.022	239.229	12.367	577	236	10	7	7	5
332	6.091	24.341	37	36	427337	11549.648	2190.684	11155.000	8227	16430	598.973	240.892	11.459	0.878	0.228	0.915	598.911	240.868	11.468	597	239	10	5	5	3
333	21.564	63.784	131	99	2062411	15743.596	6667.443	13899.000	7906	35612	623.344	252.489	11.893	1.608	0.439	1.541	623.384	252.429	11.866	619	250	10	10	7	5
334	47.409	117.672	288	187	5262230	18271.633	9300.773	16005.500	7873	47406	302.788	263.448	12.924	2.123	0.542	2.172	302.734	263.107	12.879	299	257	10	9	15	6
335	10.700	37.857	65	52	826383	12713.585	3730.313	11866.000	8015	22918	633.800	268.231	11.892	1.176	0.208	1.173	633.762	268.192	11.891	631	266	10	7	6	4
336	3.786	24.548	23	23	205965	8955.000	767.482	8685.000	8113	10257	283.696	272.261	10.609	0.848	0.222	0.841	283.708	272.240	10.619	282	270	10	4	6	2
337	5.432	24.548	33	31	332951	10089.424	2099.445	9416.000	7938	14444	555.818	271.303	11.212	0.900	0.249	0.907	555.816	271.313	11.188	554	270	10	5	4	3
338	23.046	60.749	140	99	1946513	13903.664	5535.865	11985.500	7883	29411	488.029	285.229	11.593	1.527	0.216	1.534	488.041	285.211	11.581	485	281	10	7	9	4
339	3.951	23.652	24	24	233888	9745.333	1635.565	9085.500	7972	14426	279.208	285.750	10.375	0.844	0.228	0.836	279.221	285.817	10.366	277	283	10	5	6	2
340	32.594	83.333	198	134	3173684	16028.707	6609.357	14151.000	8003	33788	327.005	283.030	12.470	1.825	0.405	1.756	326.984	283.185	12.467	322	278	10	10	9	5
341	20.741	59.440	126	86	1926590	15290.396	5646.212	13702.500	7942	30584	729.849	295.151	12.056	1.578	0.358	1.553	729.840	295.205	12.060	727	292	10	7	7	5
342	16.626	50.683	101	69	1636880	16206.732	7466.334	13348.000	7943	37995	572.020	306.941	11.881	1.466	0.358	1.399	571.993	306.901	11.861	569	304	10	7	6	5
343	24.528	64.921	149	107	2312673	15521.295	6028.973	13919.000	7912	32391	226.644	311.148	11.577	1.653	0.408	1.660	226.671	311.103	11.620	224	306	10	6	11	4
344	26.338	72.196	160	109	2474272	15464.200	6376.269	13499.000	7878	34771	555.787	313.487	11.994	1.665	0.394	1.677	555.853	313.401	11.997	553	309	10	7	11	5
345	8.560	32.650	52	49	551256	10601.077	1930.530	10284.000	7875	15774	697.865	315.154	11.365	1.000	0.291	0.985	697.841	315.094	11.390	695	313	10	7	6	3
346	8.395	29.548	51	43	813448	15949.961	6386.192	14807.000	7879	31240	661.098	329.725	10.922	1.080	0.175	1.102	661.036	329.704	10.886	659	328	10	5	5	3
347	53.170	139.841	323	218	4336618	13426.062	4158.869	12756.000	7903	25490	263.056	335.628	12.186	2.289	0.696	2.394	262.997	335.646	12.193	258	328	10	11	17	6
348	16.297	48.993	99	68	1366415	13802.172	4830.354	12249.000	8054	26407	215.535	338.687	11.444	1.421	0.216	1.472	215.536	338.692	11.442	213	335	10	6	8	4
349	7.078	29.203	43	37	490883	11415.884	2978.374	10406.000	8044	18941	228.419	342.953	11.465	1.021	0.318	0.941	228.383	342.936	11.453	227	341	10	4	5	4
350	34.734	93.987	211	136	4068115	19280.166	10591.530	15975.000	7868	53908	243.502	358.137	11.867	1.927	0.476	2.033	243.605	358.276	11.825	240	353	10	8	11	5
351	14.651	47.062	89	66	1171995	13168.483	3750.201	12394.000	7869	22263	263.607	389.831	11.562	1.368	0.298	1.428	263.596	389.921	11.533	262	386	10	5	8	4
352	12.840	37.994	78	64	919476	11788.154	2465.584	11246.500	8098	19208	866.731	392.244	11.026	1.204	0.159	1.190	866.791	392.280	11.023	864	390	10	6	6	3
353	12.675	46.165	77	63	913838	11868.026	3138.899	10928.000	7885	18870	319.000	400.156	11.468	1.245	0.340	1.300	318.959	400.074	11.498	317	397	10	6	8	4
354	29.960	82.058	182	124	2854871	15686.104	5974.112	14762.000	7880	29588	237.742	400.665	12.291	1.788	0.410	1.800	237.816	400.620	12.283	233	398	10	10	7	6
355	9.054	35.133	55	44	702179	12766.891	4022.875	11854.000	7880	23651	761.127	399.473	11.873	1.142	0.231	1.126	761.168	399.485	11.826	759	397	10	6	6	4
356	12.511	40.580	76	57	1104164	14528.474	4637.367	13003.000	8086	25229	845.579	401.197	11.658	1.288	0.281	1.285	845.560	401.189	11.667	843	399	10	7	5	4
357	44.446	107.503	270	159	5524681	20461.781	11234.225	17400.000	7869	54335	181.967	402.793	12.593	2.130	0.512	2.204	182.044	402.945	12.574	178	397	10	9	13	6
358	9.712	34.202	59	49	870298	14750.813	5063.101	13792.000	7877	27352	848.492	407.424	11.847	1.165	0.275	1.145	848.500	407.378	11.907	847	405	10	4	6	4
359	19.589	57.302	119	90	1558863	13099.689	4077.292	12428.000	7889	23701	657.740	411.050	11.571	1.476	0.323	1.480	657.699	411.076	11.578	655	407	10	8	8	5
360	40.660	94.573	247	151	4663682	18881.303	9245.034	16638.000	7877	43009	725.676	411.883	12.393	1.993	0.429	1.936	725.687	411.866	12.351	722	407	10	8	11	6
361	49.384	100.191	300	170	6138389	20461.297	10791.450	16919.500	7871	51326	263.130	429.463	12.003	2.085	0.271	2.114	263.252	429.486	11.976	259	424	10	9	12	5
362	36.709	85.575	223	134	4732616	21222.494	11184.899	18556.000	7890	52497	250.942	448.816	12.350	1.966	0.408	1.953	250.901	448.863	12.351	248	444	10	7	10	6
363	43.458	97.986	264	157	4476373	16955.959	7316.912	15797.000	7890	36954	279.485	453.708	12.246	2.030	0.375	1.989	279.535	453.710	12.285	276	449	10	8	11	6
364	6.914	32.513	42	38	438942	10451.000	2133.530	9898.500	7974	15624	206.714	458.333	11.024	1.074	0.345	1.122	206.715	458.339	11.027	205	455	10	4	8	3
365	4.445	18.997	27	27	282582	10466.000	1762.972	10122.000	7924	14965	789.407	459.926	10.407	0.782	0.183	0.768	789.399	459.952	10.370	788	458	10	4	5	2
366	14.321	46.477	87	64	1074383	12349.229	3809.494	10944.000	7993	21374	223.046	468.471	11.448	1.385	0.278	1.481	223.064	468.405	11.449	221	465	10	5	8	4
367	20.741	60.200	126	83	2657142	21088.428	10720.746	18557.000	7945	48532	325.040	483.294	12.508	1.696	0.516	1.624	325.085	483.235	12.514	322	481	10	8	5	6
368	26.338	69.439	160	104	2801498	17509.363	8283.938	15246.500	7903	42077	316.000	484.206	12.113	1.716	0.356	1.766	316.012	484.217	12.117	313	480	10	7	9	5
369	22.881	61.957	139	99	2337781	16818.568	7988.210	14265.000	7868	38137	278.820	490.633	11.626	1.632	0.374	1.641	278.852	490.644	11.632	277	485	10	5	11	5
370	20.741	61.026	126	87	2081345	16518.611	6894.777	15674.000	7898	36265	921.810	496.548	11.841	1.624	0.430	1.566	921.789	496.536	11.781	918	494	10	9	6	5
371	13.334	43.994	81	63	1072095	13235.741	3733.330	12786.000	7967	21368	779.432	497.160	11.210	1.288	0.268	1.308	779.486	497.102	11.180	777	494	10	6	7	4
372	14.980	47.544	91	73	1087735	11953.132	2866.485	11269.000	8026	18882	775.088	509.077	11.780	1.332	0.329	1.304	775.076	509.003	11.756	773	505	10	6	9	4
373	7.737	28.410	47	41	571301	12155.341	3214.522	11526.000	7996	21230	880.064	538.638	11.021	1.054	0.200	1.081	880.079	538.678	11.002	878	536	10	5	5	3
374	22.717	58.888	138	96	2410549	17467.746	7233.610	15931.000	8033	37082	211.326	553.283	11.399	1.584	0.252	1.596	211.382	553.170	11.335	208	550	10	8	8	4
375	8.560	30.237	52	45	670513	12894.480	3427.045	12603.000	8131	23357	935.115	561.769	11.019	1.099	0.230	1.093	935.137	561.803	11.015	933	560	10	6	4	3
376	5.597	25.238	34	30	365177	10740.500	2441.922	9937.500	7950	16102	165.294	561.441	11.118	0.946	0.209	0.971	165.228	561.376	11.133	163	560	10	6	4	3
377	8.395	32.513	51	44	637872	12507.294	3429.539	11938.000	7893	20426	936.412	569.451	10.843	1.058	0.207	1.058	936.393	569.377	10.809	934	567	10	5	6	3
378	24.363	59.577	148	104	2845068	19223.432	8828.478	16574.500	7885	41689	868.196	575.095	11.446	1.609	0.252	1.621	868.176	575.042	11.377	866	571	10	6	9	4
379	50.701	120.225	308	186	6371007	20685.088	11141.795	17314.500	7926	55784	263.419	579.078	12.237	2.196	0.565	2.318	263.541	579.170	12.255	260	573	10	8	13	6
380	47.244	98.950	287	170	4568540	15918.258	5963.947	15537.000	7898	32965	223.247	591.415	12.035	2.025	0.281	2.015	223.261	591.523	12.036	219	587	10	10	10	5
381	15.309	51.302	93	82	1012382	10885.828	2132.594	10913.000	7988	16093	941.645	613.237	10.753	1.302	0.368	1.311	941.627	613.228	10.726	939	609	10	7	9	3
382	20.741	66.026	126	93	1664757	13212.357	4081.864	11910.000	7964	25611	176.000	625.246	11.984	1.588	0.385	1.581	175.889	625.212	11.939	173	622	10	8	8	5
383	14.651	43.234	89	71	1081917	12156.371	3254.075	11539.000	7989	21243	262.528	638.809	10.876	1.280	0.227	1.291	262.591	638.787	10.869	259	636	10	8	6	3
384	25.351	67.404	154	103	2453157	15929.591	6021.440	15137.500	7867	29131	293.649	669.351	11.961	1.674	0.332	1.616	293.640	669.269	11.952	291	666	10	7	8	5
385	8.066	32.720	49	41	594085	12124.184	3102.403	11205.000	7946	19937	162.673	673.796	11.306	1.128	0.322	1.138	162.649	673.834	11.305	161	671	10	4	6	4
386	40.660	112.398	247	170	4712960	19080.811	9569.172	16009.000	7868	48306	227.081	733.992	12.202	2.125	0.665	2.254	227.143	733.944	12.206	220	731	10	14	8	5
387	6.585	34.788	40	39	366153	9153.825	1025.474	9046.000	7875	12115	887.500	752.400	11.300	1.138	0.480	1.057	887.469	752.430	11.303	884	748	10	7	9	3
388	9.054	39.684	55	50	551770	10032.182	1738.771	9363.000	8060	15568	137.836	754.582	11.036	1.097	0.279	1.115	137.892	754.590	11.014	135	752	10	6	7	3
389	3.128	21.135	19	18	182507	9605.632	1451.162	9202.000	7875	12809	54.053	785.053	11.053	0.865	0.356	0.880	53.989	785.049	11.038	52	784	10	6	3	3
390	12.840	44.787	78	64	1071759	13740.500	4108.830	13005.500	7875	25210	217.795	819.385	11.128	1.320	0.323	1.316	217.807	819.354	11.139	215	816	10	7	7	4
391	26.832	67.749	163	102	2809837	17238.264	7090.909	15644.000	7894	34788	183.325	827.871	12.104	1.728	0.316	1.687	183.360	827.799	12.100	180	825	10	8	7	5
392	12.181	38.891	74	65	917751	12402.041	3058.317	12140.500	7910	21005	128.270	859.703	11.095	1.243	0.290	1.235	128.317	859.757	11.132	126	856	10	5	8	3
393	23.540	64.506	143	110	2055803	14376.245	4857.978	13443.000	7909	27701	25.273	862.350	11.986	1.515	0.344	1.487	25.345	862.311	11.994	21	859	10	10	7	5
394	52.677	116.534	320	196	5182695	16195.922	6701.517	14898.000	7934	34686	175.556	872.734	12.144	2.077	0.340	2.069	175.619	872.688	12.149	171	868	10	10	11	5
395	6.091	24.341	37	35	400373	10820.892	2529.213	9755.000	8030	17409	20.568	881.973	10.649	0.878	0.222	0.899	20.516	881.930	10.651	19	880	10	5	5	3
396	6.914	29.789	42	39	466365	11103.929	3085.126	9846.500	7907	18720	317.595	135.548	12.286	0.961	0.258	0.943	317.641	135.633	12.269	316	133	11	5	6	3
397	19.918	59.922	121	89	1861950	15388.017	6091.973	14108.000	7955	33980	525.901	163.248	12.215	1.522	0.365	1.496	525.900	163.242	12.180	521	161	11	11	5	4
398	21.564	67.645	131	94	1896190	14474.732	5413.130	12312.000	7870	28761	512.221	216.992	12.466	1.651	0.421	1.657	512.269	217.077	12.449	508	212	11	9	10	4
399	6.091	28.203	37	33	383022	10351.946	1856.209	9917.000	7871	15219	606.081	247.270	12.135	0.931	0.226	0.959	606.123	247.309	12.127	604	245	11	5	5	3
400	3.292	22.169	20	20	197757	9887.850	1796.662	9460.000	7986	13778	391.000	253.700	11.900	0.776	0.277	0.835	390.930	253.697	11.916	389	252	11	5	5	3
401	10.206	37.857	62	51	690415	11135.726	2771.009	10429.000	7871	19958	532.258	279.274	12.129	1.185	0.267	1.151	532.260	279.280	12.146	529	277	11	8	6	3
402	7.572	36.823	46	44	497461	10814.369	2600.437	10006.500	7890	18927	549.500	286.326	12.196	1.425	0.580	1.387	549.454	286.061	12.129	548	282	11	4	10	4
403	35.227	82.540	214	128	4380802	20471.037	10771.185	17451.000	7880	47612	342.477	324.383	12.874	1.871	0.282	1.855	342.525	324.437	12.824	339	320	11	8	10	5
404	10.206	37.408	62	54	767326	12376.226	3115.690	12165.500	7869	20437	676.484	331.984	12.548	1.123	0.303	1.129	676.420	331.959	12.520	674	329	11	6	7	4
405	16.955	54.682	103	80	1361505	13218.495	3958.185	11727.000	7910	22455	557.058	338.165	12.437	1.411	0.357	1.451	557.086	338.194	12.411	554	335	11	7	8	4
406	7.078	27.513	43	37	504024	11721.488	3325.591	10315.000	8245	19903	668.186	339.605	12.116	1.003	0.194	1.027	668.161	339.626	12.102	666	337	11	5	5	3
407	13.828	44.890	84	65	1393041	16583.822	7095.766	14901.000	7880	36044	257.726	346.786	12.500	1.390	0.347	1.449	257.721	346.791	12.490	256	344	11	5	7	5
408	18.272	51.509	111	79	1692881	15251.181	5688.906	12790.000	7890	28571	743.739	358.649	12.405	1.444	0.230	1.469	743.697	358.628	12.402	741	355	11	7	8	4
409	16.626	51.372	101	76	1517763	15027.356	6155.524	13490.000	7873	32462	252.941	358.683	12.743	1.442	0.334	1.455	252.972	358.675	12.715	251	355	11	5	8	5
410	20.412	59.025	124	90	1560429	12584.104	3667.028	11633.500	7900	23769	334.306	361.258	12.452	1.539	0.345	1.543	334.303	361.325	12.428	332	357	11	6	10	4
411	2.305	14.550	14	14	130565	9326.071	1359.988	9051.000	8006	12273	618.357	369.357	11.500	0.707	0.175	0.681	618.359	369.353	11.488	617	367	11	3	5	2
412	13.334	43.753	81	60	1042596	12871.556	4008.114	12124.000	7902	24551	268.593	371.494	12.457	1.329	0.281	1.328	268.559	371.443	12.418	266	369	11	6	6	4
413	11.852	41.718	72	58	952006	13222.306	4765.204	12033.000	7936	27632	712.028	410.222	12.986	1.222	0.256	1.220	712.039	410.257	12.999	710	407	11	5	7	5
414	21.071	58.888	128	91	1892484	14785.031	5100.058	13217.500	7871	26088	212.844	473.625	12.492	1.513	0.246	1.526	212.884	473.569	12.494	210	470	11	7	9	4
415	27.161	71.748	165	112	2244679	13604.115	4622.552	12247.000	7885	25231	258.103	548.727	12.491	1.717	0.351	1.674	258.155	548.732	12.468	255	543	11	7	12	4
416	19.754	60.923	120	83	1663219	13860.158	4357.744	12826.500	7900	23220	261.600	560.983	12.583	1.500	0.260	1.526	261.640	560.987	12.568	259	557	11	7	9	4
417	2.798	21.480	17	17	149424	8789.647	637.434	8631.000	7955	10701	321.706	593.176	11.706	0.793	0.268	0.811	321.704	593.170	11.717	320	590	11	4	6	2
418	15.145	48.096	92	72	1278817	13900.185	4062.538	13180.500	7937	21781	334.522	635.609	12.685	1.315	0.273	1.298	334.492	635.558	12.652	332	633	11	6	7	4
419	21.235	60.715	129	95	1970879	15278.132	5966.825	13102.000	7920	29006	296.767	650.760	12.318	1.573	0.356	1.580	296.813	650.744	12.316	295	645	11	5	12	4
420	5.926	28.996	36	36	366900	10191.667	1522.013	10168.000	7911	14206	239.972	671.611	11.528	1.035	0.382	0.921	239.961	671.605	11.514	239	668	11	3	9	3
421	9.383	38.787	57	54	640810	11242.280	2473.358	11216.000	7957	15511	113.175	781.912	12.193	1.067	0.301	1.111	113.223	781.896	12.164	110	780	11	7	6	3
422	24.034	65.852	146	107	1790232	12261.863	3067.101	11781.000	7887	20518	430.164	123.137	13.534	1.554	0.305	1.575	430.270	123.081	13.529	426	120	12	9	7	4
423	1.811	13.067	11	11	95622	8692.909	814.954	8346.000	7968	10639	451.182	122.727	12.727	0.699	0.267	0.708	451.180	122.739	12.740	449	122	12	6	2	2
424	13.828	43.545	84	70	1376385	16385.535	5937.322	15732.000	8028	31796	558.250	167.119	13.000	1.296	0.299	1.272	558.235	167.108	12.982	555	164	12	7	7	3
425	15.145	46.062	92	74	1059346	11514.631	2647.497	11301.500	7923	19285	618.587	187.359	12.967	1.289	0.208	1.256	618.571	187.372	12.957	615	185	12	8	6	3
426	6.749	31.616	41	40	413024	10073.756	1810.772	9574.000	7894	15669	382.146	187.146	13.488	1.004	0.341	0.967	382.167	187.117	13.476	379	185	12	7	6	3
427	2.634	15.687	16	16	145061	9066.312	792.276	8995.000	8002	10811	339.750	201.312	12.312	0.712	0.201	0.731	339.745	201.337	12.311	339	199	12	3	5	2
428	16.791	49.234	102	75	1561980	15313.529	5784.279	14293.000	7906	33385	265.745	217.118	13.304	1.391	0.251	1.365	265.789	217.021	13.238	263	214	12	6	8	4
429	25.515	73.608	155	127	1959691	12643.168	3381.258	11759.000	7867	22210	601.723	230.877	13.084	1.756	0.589	1.720	601.824	230.959	13.115	596	226	12	12	10	3
430	4.609	21.376	28	27	295170	10541.786	1797.447	10459.000	8247	14821	244.107	241.071	12.571	0.830	0.235	0.796	244.130	241.134	12.560	242	239	12	5	5	3
431	24.363	63.887	148	101	2689031	18169.129	8528.262	16391.500	7948	42139	534.263	253.453	13.446	1.629	0.272	1.640	534.203	253.424	13.376	530	251	12	9	7	5
432	8.395	33.995	51	44	590070	11570.000	2827.943	11111.000	7883	17696	450.647	266.941	12.784	1.074	0.273	1.098	450.660	267.000	12.743	449	264	12	4	7	3
433	3.622	20.446	22	20	231896	10540.728	2214.473	10031.500	8023	17686	349.136	288.227	12.864	0.843	0.256	0.896	349.138	288.186	12.830	348	286	12	3	5	3
434	2.634	15.343	16	16	145348	9084.250	878.223	9126.000	7885	11164	347.125	317.812	12.625	0.698	0.179	0.691	347.176	317.865	12.624	346	316	12	4	4	2
435	28.149	82.643	171	125	2950739	17255.783	7673.420	15552.000	7942	39138	824.409	455.749	13.257	1.825	0.554	1.893	824.434	455.733	13.202	821	450	12	8	12	4
436	6.255	26.272	38	38	412183	10846.921	1856.037	10570.500	8059	14924	325.474	462.658	12.526	0.930	0.316	0.849	325.479	462.622	12.531	323	460	12	7	6	2
437	2.963	17.755	18	18	167435	9301.944	1244.408	8882.500	8066	12823	828.222	507.889	12.056	0.743	0.321	0.784	828.208	507.873	12.048	825	506	12	7	5	2
438	7.243	29.099	44	37	473559	10762.704	2100.971	10115.000	7927	16467	170.432	574.091	12.955	1.034	0.209	1.053	170.454	574.118	12.936	168	572	12	6	5	3
439	2.140	14.205	13	13	124843	9603.308	771.847	9706.000	8233	10740	576.769	178.769	13.462	0.693	0.144	0.682	576.746	178.754	13.450	575	177	13	4	4	2
440	10.535	39.269	64	63	678208	10597.000	1992.180	10182.500	7879	16870	601.125	192.219	13.562	1.152	0.386	1.099	601.006	192.120	13.552	597	189	13	8	8	3
441	3.622	21.135	22	22	208525	9478.409	912.888	9482.500	8004	10952	679.591	244.682	13.545	0.847	0.278	0.820	679.571	244.684	13.570	677	243	13	7	4	2
442	2.469	17.618	15	15	141183	9412.200	968.317	9380.000	7883	11865	715.200	333.800	13.200	0.713	0.300	0.628	715.191	333.800	13.190	714	331	13	4	6	2
