 	Volume (micron^3)	Surface (micron^2)	Nb of obj. voxels	Nb of surf. voxels	IntDen	Mean	StdDev	Median	Min	Max	X	Y	Z	Mean dist. to surf. (micron)	SD dist. to surf. (micron)	Median dist. to surf. (micron)	XM	YM	ZM	BX	BY	BZ	B-width	B-height	B-depth
1	33.581	75.713	204	121	8098420	39698.137	19706.254	34342.000	13282	65535	367.049	129.627	7.074	1.865	0.280	1.897	367.155	129.609	7.088	363	126	5	9	9	5
2	22.388	64.543	136	99	5120994	37654.367	18430.242	34285.500	13208	65535	354.625	137.772	7.485	1.651	0.359	1.644	354.761	137.718	7.498	349	134	5	10	8	5
3	66.504	138.084	404	223	16292993	40329.191	20157.238	38852.500	13214	65535	186.483	153.186	7.856	2.464	0.579	2.516	186.548	153.229	7.847	181	146	5	11	14	7
4	29.631	76.369	180	113	6765052	37583.621	19287.918	31381.000	13234	65535	259.917	155.428	7.067	1.816	0.340	1.900	259.959	155.469	7.088	256	152	5	9	8	5
5	47.409	115.085	288	194	9505692	33005.875	16397.768	27353.000	13225	65535	581.674	181.507	7.392	2.120	0.591	2.080	581.270	181.819	7.347	576	175	5	14	13	5
6	15.474	48.063	94	66	3379107	35947.945	18592.051	33938.000	13268	65535	437.191	186.351	6.968	1.449	0.358	1.371	437.154	186.346	7.018	435	184	5	6	6	5
7	16.955	51.131	103	73	3503600	34015.535	17241.219	29528.000	13244	65535	439.437	196.534	6.874	1.444	0.313	1.385	439.380	196.490	6.923	436	194	5	7	6	5
8	37.697	109.708	229	168	7716890	33698.211	19251.246	25386.000	13243	65535	616.013	220.764	7.576	2.324	0.797	2.443	616.652	220.189	7.499	606	217	5	17	12	6
9	27.655	68.990	168	114	6794989	40446.363	18340.414	37520.000	13321	65535	231.946	223.399	7.571	1.691	0.291	1.712	231.915	223.369	7.602	228	221	5	9	6	6
10	28.643	70.817	174	110	6398566	36773.367	18493.686	31880.000	13327	65535	499.299	260.012	7.115	1.735	0.281	1.725	499.420	260.094	7.149	496	256	5	7	9	5
11	24.198	63.094	147	99	4897605	33317.039	16633.281	28601.000	13262	65535	754.701	321.707	7.075	1.628	0.307	1.612	754.720	321.765	7.082	751	319	5	9	6	5
12	35.886	81.746	218	132	8582305	39368.371	19024.527	36146.000	13248	65535	406.844	345.720	7.211	1.876	0.276	1.879	406.864	345.704	7.227	403	342	5	9	9	5
13	42.635	108.018	259	175	9301689	35913.855	19054.957	29238.000	13224	65535	316.363	355.591	7.417	2.046	0.576	2.118	316.435	355.679	7.396	312	349	5	10	14	5
14	29.466	72.541	179	113	6504037	36335.402	18198.238	32988.000	13211	65535	659.419	381.050	7.218	1.726	0.259	1.728	659.406	380.996	7.213	656	377	5	8	9	5
15	37.367	81.332	227	142	8576829	37783.387	18314.645	31038.000	13206	65535	178.088	403.427	7.511	1.823	0.217	1.809	178.148	403.523	7.497	174	399	5	9	10	5
16	28.149	67.990	171	116	5808259	33966.426	16313.098	32998.000	13263	65535	736.164	431.509	7.251	1.672	0.263	1.658	736.231	431.565	7.216	733	428	5	7	8	5
17	67.492	146.457	410	268	12925078	31524.580	15920.554	25629.000	13227	65535	735.673	443.927	7.332	2.332	0.583	2.312	736.093	444.044	7.365	727	437	5	16	13	5
18	56.133	120.222	341	210	12630322	37039.066	18444.688	32085.000	13232	65535	353.716	109.252	8.440	2.151	0.470	2.090	353.796	109.203	8.395	347	105	6	15	10	6
19	22.388	58.818	136	99	3906452	28723.912	12254.130	26491.000	13493	65535	483.449	111.221	7.449	1.500	0.268	1.529	483.437	111.128	7.397	480	108	6	8	8	4
20	58.438	172.390	355	264	10529755	29661.281	15236.854	24439.000	13245	65535	231.518	112.268	12.028	3.210	1.353	3.130	231.742	112.076	11.518	223	109	6	15	10	12
21	5.432	27.962	33	32	584739	17719.363	4347.375	16300.000	13287	30704	501.242	117.485	7.121	1.036	0.420	1.031	501.304	117.439	7.134	499	115	6	6	7	3
22	9.877	36.063	60	57	1326137	22102.283	4959.790	22352.500	13229	31047	215.333	126.017	7.383	1.073	0.313	1.050	215.260	126.004	7.386	213	123	6	6	8	3
23	61.401	147.698	373	268	10855947	29104.416	12621.901	27246.000	13255	65535	280.260	134.236	7.901	2.501	0.967	2.370	280.501	133.910	7.737	274	127	6	14	17	7
24	5.597	25.479	34	34	615727	18109.617	3578.474	17577.000	13307	26936	123.735	129.647	7.324	0.921	0.297	0.912	123.644	129.693	7.283	121	128	6	7	4	3
25	21.235	61.783	129	107	2853859	22122.938	6639.867	20618.000	13224	40116	466.597	136.496	7.016	1.595	0.483	1.561	466.505	136.469	7.043	462	133	6	11	7	3
26	13.005	57.439	79	75	1512753	19148.771	5373.409	17486.000	13264	35654	114.747	141.684	7.291	1.319	0.473	1.245	114.707	141.764	7.305	110	137	6	11	9	3
27	16.626	49.579	101	73	2915145	28862.822	13741.601	23263.000	13254	60888	223.218	150.644	7.416	1.418	0.276	1.455	223.293	150.717	7.441	219	148	6	9	6	4
28	21.729	55.819	132	95	4802060	36379.242	17684.893	31843.000	13286	65535	467.583	153.833	7.508	1.551	0.274	1.584	467.576	153.908	7.514	463	151	6	9	6	4
29	23.540	64.610	143	103	3799720	26571.469	11528.599	22971.000	13355	58208	621.231	165.937	7.231	1.541	0.273	1.555	621.198	166.041	7.233	617	162	6	9	8	4
30	19.260	53.681	117	88	3715543	31756.777	14883.843	28894.000	13245	65535	642.128	164.889	7.162	1.413	0.218	1.417	642.110	164.913	7.142	639	162	6	8	7	4
31	15.145	46.821	92	66	3011338	32731.936	16688.830	28071.500	13363	65535	459.793	165.848	7.467	1.386	0.239	1.434	459.760	165.906	7.461	457	163	6	7	6	4
32	40.495	106.572	246	164	9408160	38244.555	20314.869	31512.000	13223	65535	213.870	169.012	8.146	2.069	0.636	2.233	213.787	169.029	8.124	209	164	6	11	11	6
33	16.955	50.716	103	81	3231625	31375.000	14842.486	27233.000	13289	65535	186.990	168.282	7.961	1.349	0.245	1.319	186.913	168.376	7.963	184	165	6	8	7	5
34	18.272	47.752	111	75	4011542	36140.020	17838.764	29258.000	13263	65535	634.982	172.676	7.468	1.475	0.199	1.487	635.022	172.659	7.448	632	170	6	7	6	4
35	34.898	84.952	212	144	7534618	35540.652	16941.035	33180.000	13242	65535	49.811	178.104	8.061	1.782	0.339	1.781	49.790	178.118	8.061	46	173	6	9	10	5
36	46.421	108.848	282	168	9525026	33776.688	15970.442	31691.000	13209	65535	176.947	176.206	9.674	2.328	0.714	2.333	176.972	176.246	9.567	172	172	6	10	9	8
37	33.581	76.228	204	136	6921438	33928.617	15848.800	29327.000	13401	65535	431.809	178.819	7.676	1.733	0.224	1.745	431.784	178.862	7.691	428	174	6	9	11	4
38	38.190	87.331	232	145	8812338	37984.215	18952.541	34968.500	13275	65535	311.897	183.750	8.267	1.899	0.315	1.883	311.901	183.775	8.245	307	180	6	11	8	6
39	27.655	71.644	168	115	5500107	32738.732	16393.826	26053.000	13209	65535	765.173	184.774	7.839	1.694	0.340	1.709	765.138	184.619	7.792	761	182	6	10	8	5
40	41.647	103.949	253	178	8380623	33124.992	15455.084	29519.000	13238	65535	75.545	194.115	7.787	2.001	0.535	2.082	75.621	194.275	7.812	72	188	6	8	13	5
41	22.552	62.716	137	86	5402145	39431.715	20158.604	34621.000	13230	65535	158.453	203.956	7.905	1.694	0.363	1.686	158.527	203.976	7.837	155	201	6	8	7	5
42	27.491	67.542	167	113	5803807	34753.336	17652.227	28457.000	13224	65535	466.970	209.689	7.473	1.686	0.296	1.677	466.827	209.732	7.446	462	207	6	11	6	4
43	17.284	48.993	105	77	3903338	37174.648	19007.600	32509.000	13203	65535	118.219	213.810	7.629	1.451	0.268	1.462	118.295	213.855	7.700	116	211	6	6	7	4
44	22.223	61.301	135	104	4345117	32186.053	14106.800	30157.000	13274	65535	39.104	220.259	7.926	1.530	0.359	1.510	39.052	220.201	7.988	35	217	6	9	8	5
45	24.198	64.543	147	95	5357011	36442.250	18645.062	31754.000	13285	65535	109.306	220.136	8.646	1.674	0.340	1.664	109.407	220.173	8.564	107	216	6	6	9	6
46	32.264	86.642	196	146	6502789	33177.496	15073.252	32421.500	13225	65535	136.643	222.321	8.015	1.796	0.505	1.833	136.636	222.364	8.004	131	218	6	12	10	5
47	24.198	74.816	147	111	3980916	27081.061	10662.349	25012.000	13271	60675	97.088	227.306	7.660	1.648	0.516	1.766	97.129	227.320	7.662	93	225	6	11	7	4
48	11.194	39.995	68	55	2201392	32373.412	14540.164	31177.000	13261	65535	276.147	227.750	8.088	1.239	0.305	1.215	276.165	227.816	8.121	273	226	6	7	5	5
49	20.412	56.268	124	85	4183367	33736.832	16356.302	29422.500	13253	65535	699.782	230.790	7.444	1.526	0.237	1.525	699.806	230.839	7.471	696	228	6	8	7	5
50	23.211	63.439	141	97	5014897	35566.645	18015.172	32470.000	13219	65535	216.333	231.617	8.241	1.577	0.270	1.570	216.300	231.665	8.215	212	229	6	9	7	5
51	37.861	99.606	230	160	7542674	32794.234	15621.852	28902.500	13293	65535	200.870	235.387	8.378	1.949	0.590	1.883	200.783	235.351	8.391	196	231	6	12	10	6
52	29.960	91.434	182	140	4925830	27065.000	11353.227	24287.000	13256	65535	355.577	240.368	7.857	2.031	0.706	2.060	355.653	240.413	7.901	348	237	6	16	7	5
53	31.441	76.988	191	126	7042486	36871.656	18006.936	36221.000	13285	65535	469.246	251.178	8.157	1.725	0.249	1.751	469.254	251.165	8.133	465	247	6	9	9	5
54	33.746	82.228	205	144	6773592	33041.914	16105.104	29535.000	13204	65535	50.932	257.624	8.190	1.747	0.301	1.789	50.930	257.661	8.160	47	254	6	10	9	5
55	32.264	79.575	196	129	7702841	39300.211	19350.768	34222.000	13241	65535	241.286	261.903	8.281	1.801	0.352	1.829	241.209	261.938	8.287	236	259	6	11	7	5
56	22.223	57.647	135	94	5112353	37869.281	18135.074	33945.000	13435	65535	684.296	263.444	7.644	1.546	0.212	1.543	684.397	263.493	7.650	681	260	6	8	8	4
57	13.005	44.064	79	62	3039877	38479.457	19373.875	35349.000	13749	65535	29.557	262.975	8.025	1.394	0.418	1.272	29.414	262.953	8.026	28	260	6	5	6	5
58	30.289	71.644	184	122	6874401	37360.875	18262.955	34123.000	13204	65535	68.397	262.304	8.315	1.721	0.253	1.710	68.475	262.355	8.309	64	259	6	10	7	5
59	31.606	76.610	192	120	7052952	36734.125	18588.895	31857.500	13313	65535	244.630	275.698	8.719	1.818	0.345	1.816	244.690	275.738	8.638	240	272	6	10	7	6
60	40.166	89.470	244	148	9279282	38029.844	19396.656	34619.000	13209	65535	102.963	279.693	8.590	1.956	0.367	1.944	102.964	279.628	8.538	98	276	6	11	8	6
61	12.017	40.821	73	61	1679684	23009.369	7156.504	20444.000	13296	40069	752.123	278.616	7.836	1.247	0.312	1.233	752.242	278.618	7.779	748	277	6	9	5	4
62	47.573	128.671	289	190	9477626	32794.555	18430.051	24989.000	13205	65535	30.291	293.723	8.522	2.491	0.992	2.434	31.026	293.027	8.513	22	288	6	15	16	6
63	27.161	68.887	165	104	6271573	38009.535	20038.283	31872.000	13204	65535	59.273	299.600	7.873	1.719	0.288	1.676	59.271	299.611	7.871	56	296	6	8	8	5
64	21.235	58.543	129	92	4645469	36011.387	17473.570	31802.000	13451	65535	777.612	298.070	8.302	1.546	0.302	1.582	777.730	297.986	8.283	774	296	6	9	6	5
65	18.272	52.129	111	88	2325765	20952.838	6585.615	18920.000	13223	41170	894.640	304.775	7.009	1.362	0.245	1.363	894.571	304.805	7.001	891	301	6	8	9	3
66	11.523	40.269	70	63	1436900	20527.143	5525.522	19289.500	13268	37540	790.143	303.986	7.329	1.183	0.355	1.156	790.278	304.021	7.335	786	302	6	9	5	3
67	21.235	60.785	129	91	4844721	37555.977	19046.350	34591.000	13325	65535	614.403	304.984	8.543	1.619	0.397	1.626	614.420	305.054	8.487	611	303	6	9	5	6
68	16.955	49.130	103	73	3248664	31540.428	14804.945	27916.000	13207	65535	773.553	308.961	7.845	1.391	0.240	1.357	773.492	309.018	7.887	770	306	6	8	7	4
69	22.223	56.301	135	94	4041992	29940.682	14095.672	24711.000	13293	65402	322.859	312.748	7.296	1.524	0.248	1.547	322.804	312.803	7.302	319	310	6	9	7	4
70	49.055	116.913	298	197	7955871	26697.553	11041.337	23052.000	13458	65535	482.614	316.983	8.500	2.257	0.681	2.358	482.473	317.142	8.522	477	311	6	13	13	6
71	37.203	83.470	226	142	8219009	36367.297	17854.559	32541.500	13219	65535	891.761	319.425	7.792	1.869	0.278	1.880	891.776	319.398	7.813	887	316	6	10	9	5
72	21.235	55.267	129	93	4480523	34732.738	17605.350	30153.000	13444	65535	50.132	323.744	7.752	1.496	0.237	1.489	50.148	323.634	7.809	47	321	6	7	7	4
73	29.631	71.162	180	111	6921494	38452.746	19502.676	32132.500	13502	65535	403.078	324.967	7.811	1.787	0.311	1.803	403.058	324.981	7.795	399	322	6	9	7	5
74	8.889	33.202	54	48	1289389	23877.574	7029.040	23467.500	13230	38045	584.389	331.630	7.630	1.066	0.311	1.040	584.515	331.548	7.578	581	330	6	7	4	4
75	24.528	65.266	149	100	5124013	34389.348	17450.547	28721.000	13242	65535	244.503	333.517	7.658	1.596	0.225	1.603	244.678	333.491	7.680	241	330	6	8	8	5
76	27.655	67.886	168	114	6002445	35728.840	18134.734	29436.000	13277	65535	877.131	332.750	8.435	1.689	0.276	1.706	877.088	332.691	8.414	873	330	6	9	7	6
77	35.557	81.850	216	133	8351844	38665.945	19987.518	34770.500	13253	65535	299.431	335.542	8.051	1.863	0.285	1.877	299.339	335.454	8.010	296	331	6	8	10	5
78	29.631	76.369	180	112	6935313	38529.516	19365.646	32154.000	13304	65535	903.567	337.189	8.117	1.844	0.409	1.842	903.639	337.141	8.076	899	334	6	10	8	6
79	32.100	75.298	195	130	6929146	35534.082	17400.873	34935.000	13208	65535	23.887	342.000	7.656	1.737	0.255	1.762	23.756	342.037	7.727	20	338	6	9	9	5
80	9.548	33.202	58	47	1353454	23335.414	8074.635	22225.000	13240	41910	571.672	342.310	7.155	1.106	0.175	1.119	571.612	342.270	7.225	569	340	6	6	6	3
81	25.186	68.646	153	105	5979682	39082.891	19163.629	38105.000	13295	65535	592.810	343.183	7.739	1.671	0.331	1.697	592.754	343.157	7.774	588	340	6	10	7	5
82	31.112	68.368	189	121	6769488	35817.398	18326.494	29097.000	13254	65535	108.376	346.899	7.566	1.710	0.173	1.711	108.356	346.945	7.609	105	343	6	8	9	4
83	5.432	23.755	33	29	649293	19675.545	5930.630	17790.000	13567	39090	877.182	345.364	7.212	0.920	0.203	0.911	877.206	345.311	7.212	875	344	6	5	4	3
84	31.112	88.814	189	136	5438268	28773.904	13048.098	23216.000	13272	63430	775.672	349.614	7.439	1.870	0.551	1.978	775.650	349.604	7.453	771	345	6	12	10	4
85	40.001	85.745	243	147	9473313	38984.828	19799.699	34345.000	13245	65535	226.634	348.477	8.012	1.916	0.260	1.938	226.540	348.387	8.025	222	345	6	10	8	5
86	32.100	75.609	195	125	7298877	37430.137	19173.457	31621.000	13295	65535	529.672	350.421	7.815	1.794	0.282	1.816	529.658	350.392	7.848	525	347	6	10	8	5
87	8.395	31.271	51	44	1046432	20518.275	5346.377	18903.000	13310	35226	572.882	349.824	7.020	1.062	0.191	1.072	572.874	349.779	7.061	570	348	6	6	5	3
88	31.606	84.126	192	129	6816024	35500.125	19925.170	28398.000	13293	65535	556.740	352.115	8.047	1.883	0.466	1.947	557.218	352.136	8.069	550	350	6	13	6	6
89	17.943	52.510	109	77	3806904	34925.727	17538.520	27771.000	13285	65535	104.853	356.202	7.495	1.488	0.256	1.509	104.854	356.232	7.477	102	353	6	7	7	4
90	35.721	84.574	217	135	8007882	36902.684	18507.732	32275.000	13279	65535	793.175	356.369	8.668	1.869	0.295	1.851	793.198	356.391	8.589	789	352	6	9	10	6
91	45.927	95.433	279	174	10935157	39194.109	19594.164	34699.000	13270	65535	243.616	361.720	7.713	2.015	0.370	2.005	243.611	361.778	7.717	240	355	6	8	13	5
92	19.424	54.474	118	83	3564926	30211.236	14189.668	24794.500	13408	62239	102.068	364.542	7.373	1.468	0.210	1.486	102.026	364.552	7.367	99	361	6	7	8	4
93	32.923	73.264	200	130	7341419	36707.094	18238.785	29099.000	13219	65535	161.215	369.635	7.545	1.752	0.215	1.746	161.235	369.544	7.553	158	365	6	8	10	4
94	20.577	58.473	125	100	3312250	26498.000	9561.553	26248.000	13268	44892	257.016	367.184	7.464	1.418	0.284	1.464	257.050	367.165	7.466	254	363	6	7	9	4
95	19.754	51.991	120	95	3717973	30983.107	13200.708	29681.000	13217	65535	699.608	368.658	7.983	1.419	0.282	1.397	699.637	368.621	7.972	697	365	6	6	9	4
96	20.906	55.301	127	99	3634089	28614.873	11084.225	26421.000	13231	58981	506.669	367.472	7.929	1.436	0.289	1.429	506.690	367.482	7.876	504	363	6	6	10	4
97	22.223	63.954	135	113	3310791	24524.377	6760.760	25474.000	13212	37034	249.378	374.748	7.741	1.460	0.362	1.459	249.448	374.725	7.671	246	370	6	8	10	4
98	14.980	48.889	91	72	2464981	27087.703	11238.604	23826.000	13238	52793	494.527	373.033	7.780	1.346	0.314	1.329	494.576	373.068	7.706	490	370	6	9	7	4
99	41.154	90.504	250	147	9866891	39467.562	19772.977	34806.500	13204	65535	278.656	377.664	8.252	1.952	0.280	1.945	278.601	377.808	8.235	274	374	6	10	8	6
100	39.672	92.331	241	152	9035968	37493.645	18682.822	34859.000	13252	65535	589.440	387.693	7.855	1.925	0.356	1.911	589.466	387.578	7.881	585	383	6	10	12	5
101	25.186	64.369	153	109	5314856	34737.621	17333.105	30337.000	13223	65535	551.869	389.431	7.425	1.636	0.305	1.633	551.906	389.411	7.421	549	385	6	7	10	4
102	43.294	109.708	263	180	8529408	32431.209	16840.420	27612.000	13263	65535	455.894	394.722	8.943	2.027	0.614	2.035	456.315	394.700	8.798	450	390	6	12	9	7
103	14.321	42.822	87	62	3037739	34916.539	18577.139	31583.000	13318	65535	715.920	403.885	7.885	1.442	0.409	1.374	715.852	403.861	7.896	714	402	6	5	5	5
104	45.598	105.639	277	179	9641590	34807.184	17264.363	31126.000	13241	65535	823.986	407.967	7.578	2.087	0.537	2.126	823.748	408.163	7.559	818	402	6	13	11	5
105	59.920	146.527	364	258	10807633	29691.299	13838.290	24837.500	13234	65018	133.324	418.585	7.615	2.273	0.658	2.306	133.402	418.483	7.598	127	410	6	13	17	4
106	2.469	19.516	15	15	371313	24754.199	9871.507	20355.000	14735	44649	926.333	423.400	7.200	0.869	0.345	0.885	926.424	423.401	7.188	925	422	6	4	4	3
107	34.075	81.402	207	131	7619969	36811.445	18766.916	32262.000	13249	65535	804.734	429.000	7.705	1.832	0.350	1.835	804.534	429.026	7.667	800	426	6	11	7	5
108	73.747	170.008	448	294	15769165	35199.027	18012.348	28521.500	13300	65535	655.594	434.185	9.038	2.967	0.964	3.174	655.195	434.318	9.117	648	426	6	17	16	8
109	11.194	38.546	68	54	1729974	25440.795	8251.563	24437.500	13916	46844	814.735	435.206	7.897	1.215	0.271	1.183	814.744	435.266	7.866	811	433	6	8	5	4
110	24.198	62.957	147	98	5679934	38639.008	19298.453	36589.000	13320	65535	807.088	442.694	8.354	1.655	0.328	1.632	807.118	442.688	8.347	804	440	6	7	7	6
111	29.301	70.851	178	120	5658873	31791.422	14994.135	27698.500	13214	65535	711.955	452.354	7.500	1.713	0.271	1.679	711.932	452.217	7.540	709	448	6	7	10	5
112	51.689	137.221	314	215	10506882	33461.406	17044.971	29064.000	13243	65535	747.280	458.691	8.210	2.325	0.684	2.336	747.506	458.696	8.192	739	452	6	16	13	5
113	78.521	193.245	477	335	15126945	31712.674	16492.373	25778.000	13204	65535	747.495	498.023	7.730	2.892	1.013	2.787	747.834	498.413	7.683	738	486	6	17	23	5
114	10.371	35.581	63	51	1610328	25560.762	9304.482	23580.000	13575	47409	766.635	505.841	7.190	1.175	0.242	1.169	766.671	505.944	7.261	764	504	6	7	5	4
115	27.326	68.231	166	115	5816622	35039.891	17259.928	29293.000	13243	65535	428.428	109.217	8.410	1.666	0.288	1.656	428.391	109.185	8.374	425	105	7	8	10	4
116	27.984	92.645	170	138	6750720	39710.117	20033.055	36068.500	13243	65535	191.759	110.482	10.441	2.082	0.737	2.104	191.697	110.414	10.395	185	108	7	14	6	8
117	15.145	48.233	92	74	2485237	27013.445	10980.163	26112.000	13349	59272	323.837	111.315	8.826	1.305	0.257	1.272	323.839	111.342	8.792	320	108	7	8	8	4
118	30.454	77.574	185	129	5959689	32214.535	16203.230	27960.000	13279	65535	529.292	119.227	8.584	1.748	0.330	1.747	529.237	119.050	8.584	526	114	7	8	12	5
119	11.194	35.822	68	57	1762399	25917.633	9134.833	23287.500	13292	48448	236.559	117.647	8.015	1.173	0.193	1.159	236.671	117.655	8.087	234	115	7	6	6	3
120	11.029	35.511	67	66	1574542	23500.627	5564.889	23864.000	13314	34388	242.269	121.970	7.522	1.077	0.301	1.070	242.301	121.906	7.544	239	119	7	7	7	3
121	10.535	50.646	64	64	1036456	16194.625	2326.312	15533.500	13319	22049	574.500	136.031	7.266	1.447	0.588	1.475	574.579	135.998	7.249	569	132	7	11	10	2
122	11.688	38.579	71	68	1476435	20794.859	4432.273	21348.000	13409	32171	209.324	140.310	7.577	1.140	0.342	1.130	209.358	140.230	7.564	207	137	7	6	8	3
123	10.371	35.822	63	52	1367719	21709.826	7152.739	19792.000	13239	40174	335.048	141.063	8.175	1.143	0.212	1.189	335.092	141.065	8.188	331	139	7	8	5	3
124	1.975	13.757	12	12	184856	15404.667	2010.011	14563.000	13236	20755	638.000	140.083	7.833	0.833	0.424	0.861	637.981	140.132	7.853	637	137	7	4	6	2
125	4.938	27.962	30	30	480634	16021.134	1910.084	15686.000	13475	20079	641.267	145.267	7.367	0.921	0.253	0.902	641.265	145.220	7.353	640	143	7	5	6	2
126	7.901	30.511	48	48	860648	17930.166	3566.708	17100.500	13215	26262	169.292	167.229	7.375	0.974	0.283	0.979	169.251	167.240	7.354	166	165	7	7	6	2
127	9.054	32.064	55	45	1263319	22969.436	7821.738	20533.000	13711	46770	141.545	168.164	8.018	1.098	0.173	1.109	141.500	168.094	8.023	140	166	7	5	6	3
128	24.198	64.473	147	98	4472919	30428.020	14603.787	26609.000	13347	65535	547.707	169.592	9.265	1.621	0.283	1.649	547.711	169.624	9.210	545	165	7	7	10	5
129	7.408	27.650	45	45	785074	17446.090	3301.730	16781.000	13206	25748	239.422	174.156	7.511	0.978	0.324	0.925	239.381	174.150	7.540	235	173	7	9	4	2
130	25.680	64.369	156	108	5216866	33441.449	16891.271	28031.500	13293	65535	416.654	178.513	8.397	1.621	0.231	1.628	416.743	178.322	8.388	413	175	7	8	9	4
131	12.511	48.130	76	72	1315458	17308.658	3405.597	16662.500	13385	26413	227.671	180.197	8.289	1.249	0.410	1.250	227.677	180.168	8.257	224	177	7	9	8	3
132	2.469	14.998	15	13	265665	17711.000	3997.757	16899.000	13580	25290	529.267	184.133	8.133	0.747	0.242	0.733	529.237	184.171	8.100	528	183	7	4	3	3
133	11.688	39.132	71	58	1736936	24463.887	9800.476	20880.000	13529	52499	285.634	188.338	8.789	1.170	0.238	1.172	285.688	188.273	8.779	283	185	7	6	7	4
134	38.684	84.022	235	141	8135713	34620.055	18008.404	27210.000	13207	65535	192.800	188.881	9.149	1.928	0.298	1.956	192.902	188.904	9.129	188	186	7	11	7	5
135	37.203	84.263	226	137	7526530	33303.230	17521.709	27033.500	13264	65535	350.159	189.372	8.916	1.878	0.261	1.901	350.300	189.559	8.861	345	186	7	11	8	5
136	8.725	33.202	53	47	1001337	18893.150	5139.851	17197.000	13288	35666	491.000	190.642	7.849	1.062	0.258	1.073	491.002	190.777	7.874	489	188	7	5	6	3
137	5.926	25.616	36	36	626624	17406.223	3200.370	16615.500	13362	26719	483.833	192.639	7.361	0.906	0.262	0.889	483.838	192.745	7.371	482	190	7	5	6	2
138	8.889	30.237	54	45	1237229	22911.648	7583.049	22266.500	13265	47484	670.852	199.944	8.093	1.093	0.168	1.102	670.815	200.010	8.119	669	198	7	5	5	3
139	12.511	42.752	76	62	1988786	26168.236	10228.069	23746.500	13214	46371	362.684	202.039	8.342	1.233	0.285	1.233	362.694	202.027	8.388	359	200	7	8	5	4
140	16.297	47.303	99	69	2832740	28613.535	14351.601	22449.000	13217	65482	546.616	203.707	8.545	1.401	0.207	1.443	546.518	203.801	8.555	543	201	7	8	6	4
141	22.223	58.128	135	97	3771609	27937.844	12578.863	22322.000	13294	60704	525.556	207.644	8.556	1.517	0.239	1.543	525.655	207.579	8.572	522	205	7	8	8	4
142	12.346	37.753	75	61	2466032	32880.426	14208.797	28442.000	14037	65535	456.413	208.680	8.160	1.209	0.196	1.214	456.409	208.683	8.170	454	206	7	6	6	4
143	35.392	84.229	215	130	7550949	35120.691	18466.400	29323.000	13294	65535	283.977	218.098	9.070	1.910	0.346	2.005	284.020	218.105	9.070	281	213	7	7	11	5
144	4.938	24.445	30	30	505241	16841.367	2901.050	15656.500	13291	24186	297.600	217.733	7.600	0.885	0.297	0.838	297.543	217.734	7.628	294	216	7	8	4	2
145	18.766	58.336	114	98	2549484	22363.895	6284.418	21187.000	13305	40755	355.439	218.711	8.044	1.579	0.510	1.605	355.334	218.782	8.037	351	216	7	11	7	3
146	8.066	39.684	49	49	805801	16444.918	2707.021	16160.000	13262	25649	518.367	222.449	7.469	1.192	0.456	1.160	518.396	222.578	7.492	516	217	7	7	10	2
147	32.594	78.367	198	129	6127481	30946.873	14698.179	27173.000	13274	65535	735.828	223.338	8.657	1.776	0.314	1.746	735.909	223.460	8.628	732	219	7	9	9	5
148	6.749	24.789	41	37	822510	20061.219	4512.496	19735.000	13250	29371	419.512	220.683	8.366	0.945	0.210	0.910	419.506	220.638	8.371	418	218	7	4	6	3
149	29.795	73.920	181	116	5446434	30090.795	14772.445	25210.000	13341	65535	724.050	225.685	8.867	1.715	0.266	1.728	724.077	225.642	8.854	720	222	7	9	9	5
150	25.351	73.505	154	128	3888706	25251.338	8596.426	24325.500	13209	47696	389.545	222.883	8.623	1.613	0.492	1.704	389.532	222.990	8.620	386	218	7	8	11	4
151	5.761	26.375	35	31	679377	19410.771	4401.711	18986.000	13372	28628	416.886	227.257	8.171	0.927	0.221	0.926	416.882	227.309	8.181	414	226	7	6	4	3
152	19.424	54.578	118	87	3534415	29952.670	14417.291	27021.000	13212	65535	154.754	231.839	8.686	1.490	0.289	1.500	154.746	231.853	8.746	152	229	7	7	8	4
153	48.561	115.052	295	184	8457537	28669.617	15318.833	22574.000	13227	65535	316.508	232.749	10.027	2.269	0.637	2.257	316.738	232.525	9.715	312	229	7	11	11	7
154	37.038	83.503	225	150	6452070	28675.867	12654.645	25518.000	13281	57403	838.716	232.929	8.542	1.815	0.270	1.792	838.755	233.020	8.570	835	228	7	9	11	5
155	11.358	38.994	69	52	1901552	27558.725	11285.181	24482.000	13221	59712	348.551	233.580	8.826	1.219	0.216	1.197	348.515	233.610	8.826	346	231	7	6	6	4
156	27.326	66.886	166	117	5262378	31701.072	14355.535	28889.000	13245	65535	655.681	237.873	8.331	1.627	0.255	1.646	655.708	237.843	8.300	652	234	7	9	8	4
157	13.663	44.305	83	60	2610076	31446.699	17079.613	24863.000	13341	65535	191.386	244.867	9.000	1.364	0.345	1.285	191.404	244.891	8.964	189	243	7	6	5	5
158	10.371	38.064	63	47	1896224	30098.793	15309.929	26796.000	13308	65535	390.825	246.730	8.937	1.253	0.360	1.195	390.831	246.726	8.946	388	245	7	6	5	5
159	28.314	80.920	172	118	5538060	32198.023	16892.211	27444.000	13207	65535	86.355	252.180	9.035	1.821	0.462	1.913	86.329	252.025	8.960	82	247	7	9	12	5
160	11.852	41.029	72	56	2056277	28559.402	13579.282	24467.500	13438	63855	284.861	250.806	8.389	1.272	0.300	1.328	284.826	250.770	8.400	282	249	7	7	5	4
161	6.420	25.686	39	35	855445	21934.486	7254.448	20659.000	13707	42238	223.205	252.154	8.231	0.975	0.230	0.956	223.202	252.162	8.224	221	250	7	5	5	3
162	39.014	106.328	237	176	6040393	25486.891	10593.624	22983.000	13309	62038	518.873	252.363	9.764	2.294	0.815	2.365	518.649	252.526	9.616	514	246	7	11	13	7
163	22.058	65.437	134	117	2853691	21296.201	5922.376	20117.000	13265	37135	139.709	257.373	8.373	1.454	0.451	1.504	139.713	257.468	8.382	136	253	7	9	10	4
164	16.297	50.338	99	65	3360610	33945.555	17368.584	28299.000	13438	65535	609.091	257.495	8.788	1.484	0.328	1.390	609.099	257.476	8.757	606	255	7	7	6	5
165	23.211	63.198	141	91	4719024	33468.254	17763.393	27519.000	13365	65535	206.021	261.426	9.007	1.654	0.345	1.661	206.106	261.460	8.977	202	259	7	9	6	5
166	16.626	64.265	101	91	1910743	18918.248	4591.637	17829.000	13229	34509	445.158	263.396	8.198	1.654	0.543	1.723	444.913	263.510	8.193	440	259	7	12	9	3
167	27.326	70.369	166	106	5252675	31642.621	16492.977	25570.500	13228	65535	330.825	264.139	9.169	1.716	0.306	1.703	330.839	263.910	9.069	328	260	7	7	9	5
168	19.754	57.198	120	91	3086169	25718.074	10514.576	23033.500	13220	54478	804.267	265.625	8.425	1.479	0.326	1.535	804.168	265.528	8.405	800	263	7	9	7	4
169	31.112	81.020	189	146	4772285	25250.186	9135.712	24306.000	13299	48846	521.212	272.413	8.127	1.755	0.543	1.692	521.290	272.533	8.161	516	267	7	11	11	4
170	4.445	21.617	27	27	427825	15845.370	2086.890	15480.000	13245	21531	110.926	268.963	8.222	0.847	0.300	0.867	110.967	268.958	8.213	108	267	7	6	5	3
171	13.992	47.648	85	73	1894887	22292.789	7245.838	19869.000	13301	40872	456.918	277.565	7.976	1.382	0.424	1.376	456.941	277.451	7.954	454	274	7	7	10	3
172	1.811	13.067	11	11	174114	15828.546	2680.030	14777.000	13471	22580	557.727	278.455	7.727	0.663	0.203	0.724	557.729	278.512	7.758	556	277	7	4	4	2
173	23.869	62.094	145	101	4545399	31347.580	15649.373	26249.000	13216	65535	502.621	282.552	8.579	1.597	0.300	1.595	502.825	282.532	8.574	497	280	7	11	6	4
174	38.684	88.124	235	143	8342789	35501.230	18169.662	31011.000	13254	65535	419.034	290.132	8.830	1.913	0.290	1.911	419.072	290.078	8.788	415	285	7	8	11	5
175	10.700	34.236	65	52	1493371	22974.938	7692.772	21992.000	13254	46544	798.462	289.785	8.077	1.155	0.158	1.152	798.456	289.768	8.104	796	287	7	6	6	3
176	10.041	33.339	61	57	1251246	20512.230	4508.292	20477.000	13222	28988	576.689	292.656	7.623	1.029	0.273	1.060	576.647	292.767	7.599	574	290	7	6	6	3
177	9.548	30.511	58	58	1210466	20870.104	4356.994	20568.000	13231	30998	585.621	292.534	7.483	1.005	0.274	1.025	585.475	292.614	7.464	583	290	7	7	6	2
178	2.634	15.480	16	16	242117	15132.312	1476.182	14980.500	13206	19056	706.438	288.688	7.938	0.717	0.277	0.688	706.426	288.682	7.941	704	287	7	6	4	2
179	12.840	39.580	78	65	1879903	24101.320	8813.147	21533.000	13278	50052	146.218	294.051	8.154	1.203	0.195	1.218	146.247	294.131	8.168	144	291	7	6	7	3
180	30.618	78.815	186	121	5852784	31466.580	16402.740	25956.000	13380	65535	239.403	294.887	8.651	1.816	0.400	1.757	239.536	295.071	8.638	235	289	7	9	12	5
181	11.523	39.098	70	54	2076550	29665.000	13754.488	24079.500	13324	63998	363.371	294.200	8.729	1.220	0.247	1.217	363.322	294.282	8.690	361	292	7	6	5	4
182	28.314	70.473	172	108	6111331	35530.996	18549.938	29151.500	13357	65535	444.512	301.291	8.837	1.735	0.280	1.700	444.574	301.224	8.798	441	298	7	8	8	5
183	13.663	43.234	83	69	2045683	24646.783	8610.280	21846.000	13308	49019	629.542	296.614	8.855	1.248	0.261	1.236	629.487	296.540	8.839	627	293	7	6	8	4
184	12.346	46.406	75	68	1432240	19096.533	5729.100	16958.000	13216	39886	412.867	305.533	7.653	1.215	0.374	1.190	412.893	305.508	7.647	408	303	7	11	6	3
185	26.503	75.057	161	120	4457477	27686.193	11283.359	24712.000	13323	56530	634.354	304.652	8.211	1.729	0.515	1.794	634.144	304.690	8.245	629	302	7	13	6	4
186	15.309	48.200	93	74	2706517	29102.334	14780.940	25083.000	13369	65535	555.742	307.699	8.290	1.380	0.301	1.369	555.727	307.642	8.266	553	305	7	7	8	4
187	15.145	47.819	92	90	1847450	20080.979	4066.745	19714.500	13231	31862	863.163	313.457	7.565	1.271	0.416	1.275	863.365	313.321	7.544	858	310	7	10	8	3
188	5.597	24.237	34	34	563014	16559.234	2037.876	16592.000	13258	19750	114.824	314.794	7.382	0.867	0.256	0.839	114.821	314.848	7.381	113	312	7	5	7	2
189	26.338	69.335	160	112	5938473	37115.457	18583.053	32425.000	13233	65535	303.987	315.206	8.650	1.713	0.391	1.714	303.922	315.259	8.606	299	313	7	12	5	5
190	8.889	32.201	54	54	953413	17655.797	3747.669	16665.000	13637	29023	108.685	321.352	7.500	0.990	0.268	1.007	108.786	321.448	7.501	106	318	7	6	7	2
191	22.223	59.889	135	87	4757515	35240.852	18314.588	29711.000	13371	65535	743.163	319.696	8.874	1.640	0.340	1.606	743.150	319.662	8.803	740	317	7	7	7	5
192	2.798	16.377	17	17	284861	16756.529	3294.923	15846.000	13345	24947	162.118	324.706	7.882	0.689	0.263	0.719	162.150	324.694	7.903	160	323	7	5	4	3
193	14.815	59.025	90	82	1850449	20560.545	5264.946	20000.000	13343	32889	481.711	327.978	8.622	1.518	0.543	1.603	481.522	328.031	8.631	476	325	7	12	7	4
194	26.338	72.507	160	105	5602483	35015.520	16960.250	30181.000	13218	65535	502.606	333.881	9.163	1.740	0.370	1.782	502.667	333.813	9.175	499	330	7	8	9	5
195	24.692	60.611	150	101	5062380	33749.199	16800.871	30193.000	13244	65535	739.220	340.967	8.413	1.599	0.187	1.598	739.082	341.079	8.384	736	338	7	8	7	4
196	14.157	43.649	86	66	2704571	31448.500	15698.313	25638.000	13548	65535	625.733	341.581	8.593	1.337	0.279	1.315	625.767	341.587	8.608	623	339	7	6	6	4
197	11.029	34.236	67	53	1695775	25310.074	8419.306	23213.000	14609	43976	643.507	344.403	8.134	1.167	0.161	1.181	643.525	344.473	8.188	641	342	7	6	6	3
198	14.157	45.958	86	70	1848675	21496.221	6090.097	19750.000	13499	35540	653.477	348.035	7.872	1.289	0.286	1.284	653.532	348.012	7.834	649	346	7	9	6	3
199	18.931	58.440	115	83	3123655	27162.217	11705.026	24094.000	13220	61682	997.165	347.678	8.913	1.463	0.289	1.415	997.178	347.719	8.904	994	344	7	7	8	5
200	21.071	67.368	128	108	2594419	20268.898	5925.682	18277.500	13232	38174	391.055	353.406	7.961	1.438	0.339	1.428	391.084	353.327	7.950	386	350	7	11	8	3
201	27.161	68.405	165	106	6072825	36805.000	18480.100	31103.000	13262	65535	899.127	356.945	9.127	1.777	0.378	1.819	899.081	356.936	9.195	897	353	7	6	9	6
202	2.963	15.791	18	17	383945	21330.277	6939.798	19055.500	13840	37050	347.722	356.889	7.944	0.788	0.281	0.911	347.696	356.897	7.930	347	355	7	3	4	3
203	18.601	54.923	113	83	2948314	26091.273	12306.679	22814.000	13448	65535	845.708	360.903	8.965	1.439	0.313	1.401	845.603	360.959	8.982	842	358	7	8	7	5
204	3.457	16.825	21	21	345318	16443.715	2240.884	16202.000	13341	21127	560.857	364.429	7.476	0.727	0.160	0.712	560.851	364.402	7.456	559	363	7	4	5	2
205	27.820	68.542	169	106	5722890	33863.254	17046.893	29669.000	13252	65535	723.101	364.710	9.260	1.739	0.294	1.701	723.090	364.755	9.300	720	361	7	7	8	5
206	39.507	86.261	240	157	7097162	29571.508	13983.562	24281.500	13270	65535	425.417	371.271	8.579	1.832	0.236	1.837	425.479	371.302	8.551	420	367	7	11	10	4
207	3.786	18.756	23	22	395412	17191.826	3403.021	15415.000	13380	25241	892.043	369.783	7.826	0.795	0.266	0.844	892.006	369.791	7.848	891	368	7	4	4	3
208	8.889	32.753	54	47	1151998	21333.297	7046.042	19067.500	13538	41597	58.963	372.630	7.889	1.063	0.192	1.088	58.924	372.709	7.921	57	370	7	6	6	3
209	6.914	27.202	42	42	704513	16774.119	2585.304	16498.500	13239	22947	649.381	373.786	7.452	0.936	0.279	0.904	649.371	373.719	7.451	647	370	7	5	8	2
210	39.178	91.882	238	160	8328379	34993.188	18207.615	28733.000	13371	65535	331.626	381.996	8.475	1.963	0.502	1.995	331.651	381.988	8.478	328	376	7	8	13	4
211	4.115	25.686	25	24	428333	17133.320	3557.540	15420.000	13226	23993	475.560	378.120	8.000	0.970	0.398	1.031	475.533	378.172	7.998	474	375	7	5	7	3
212	2.305	13.549	14	14	220586	15756.143	1752.574	15632.500	13349	18910	653.929	386.643	7.000	0.710	0.349	0.683	653.902	386.619	7.000	653	384	7	3	7	1
213	22.881	75.365	139	139	2412400	17355.396	2431.815	16889.000	13241	25379	95.324	393.957	7.518	1.936	0.798	1.851	95.361	393.916	7.534	92	385	7	8	18	2
214	38.684	85.297	235	142	7885177	33553.945	16952.510	29468.000	13223	65535	740.987	389.804	8.740	1.888	0.257	1.870	741.005	389.775	8.749	737	386	7	9	10	5
215	12.511	45.821	76	64	1589385	20912.961	7538.598	18969.000	13241	46118	154.750	389.382	8.132	1.284	0.354	1.293	154.930	389.183	8.169	151	386	7	8	8	3
216	27.655	68.783	168	108	5316672	31646.857	15703.119	26161.500	13219	65535	868.506	394.333	9.304	1.693	0.244	1.658	868.513	394.368	9.301	865	391	7	8	8	5
217	1.811	15.999	11	11	236168	21469.818	7714.468	19013.000	13331	37033	45.091	404.818	7.636	0.865	0.343	0.868	44.975	404.650	7.687	44	403	7	3	5	3
218	74.406	161.629	452	294	14101106	31197.137	14388.976	27674.500	13237	65535	184.327	421.150	10.150	2.697	0.887	2.685	184.804	421.043	10.288	175	414	7	18	14	8
219	11.688	38.097	71	56	1755484	24725.127	8572.938	23445.000	13256	45600	822.803	429.662	8.085	1.209	0.221	1.191	822.850	429.714	8.151	820	427	7	7	6	4
220	1.811	11.826	11	11	189280	17207.273	2768.098	16674.000	13507	22279	747.636	445.000	7.818	0.570	0.205	0.522	747.644	445.000	7.853	746	444	7	4	3	2
221	32.758	80.401	199	128	5857146	29432.895	14181.305	26164.000	13293	65535	710.015	474.136	9.191	1.807	0.332	1.823	710.026	474.104	9.154	707	469	7	7	12	5
222	16.791	50.372	102	76	2809320	27542.354	11961.383	22623.000	13219	53594	776.520	499.902	8.529	1.399	0.274	1.429	776.589	500.086	8.525	774	496	7	6	8	4
223	37.038	98.260	225	163	6962648	30945.102	14180.950	28882.000	13379	65535	401.987	100.636	9.978	1.937	0.578	2.012	402.039	100.628	9.975	397	95	8	11	12	5
224	57.450	128.290	349	219	11285302	32336.109	15599.450	28265.000	13217	65535	445.347	103.341	11.026	2.291	0.675	2.252	445.551	103.425	11.085	439	98	8	13	11	7
225	19.260	56.405	117	85	3008507	25713.734	10355.255	23032.000	13267	50480	492.641	113.778	9.556	1.462	0.248	1.496	492.598	113.842	9.559	489	110	8	8	8	4
226	24.692	67.230	150	113	3871468	25809.787	9846.376	24061.500	13596	64631	616.233	135.033	9.133	1.559	0.325	1.591	616.273	135.012	9.113	613	131	8	8	10	4
227	2.798	18.308	17	17	246941	14525.941	1354.226	14084.000	13213	18278	577.000	147.882	8.647	0.796	0.249	0.718	576.960	147.924	8.660	575	146	8	4	5	2
228	8.395	27.891	51	51	1192837	23388.961	5280.059	24056.000	13313	33232	261.451	195.647	8.549	0.954	0.249	0.956	261.503	195.592	8.557	259	193	8	6	6	2
229	8.066	30.615	49	46	970372	19803.510	5472.852	18136.000	13292	36402	250.429	207.592	8.714	0.979	0.251	0.977	250.465	207.717	8.761	248	205	8	6	6	3
230	5.926	24.341	36	34	693198	19255.500	4176.801	18034.500	13730	29818	656.861	211.194	9.278	0.907	0.243	0.892	656.839	211.180	9.259	655	209	8	5	5	3
231	13.498	44.131	82	67	1868792	22790.146	7816.616	20899.500	13261	43326	547.073	223.890	9.049	1.229	0.207	1.266	547.036	223.863	9.065	544	221	8	7	7	3
232	3.292	17.514	20	19	372453	18622.650	4565.494	16706.000	13290	30407	80.200	230.500	8.800	0.769	0.241	0.796	80.140	230.571	8.837	78	229	8	5	4	3
233	75.723	190.420	460	304	15163771	32964.719	16845.117	26974.000	13255	65535	391.611	256.363	14.485	3.083	1.287	2.823	391.653	255.965	14.561	385	250	8	13	18	11
234	2.634	18.308	16	16	241494	15093.375	1616.499	14656.000	13235	18092	123.562	263.500	8.125	0.805	0.355	0.691	123.536	263.561	8.112	121	262	8	7	4	2
235	31.441	73.849	191	145	4523717	23684.383	7760.506	22818.000	13262	46576	917.047	282.147	9.785	1.747	0.459	1.714	917.144	281.960	9.760	914	277	8	7	12	4
236	13.169	41.477	80	63	2732968	34162.102	17379.744	28210.000	13416	65535	355.362	294.587	9.488	1.361	0.323	1.466	355.367	294.630	9.459	353	292	8	5	7	4
237	15.474	52.406	94	76	2769181	29459.373	12709.213	26723.500	13208	65535	531.468	295.564	9.043	1.438	0.427	1.399	531.511	295.521	9.029	527	293	8	11	6	4
238	35.557	82.469	216	145	6217892	28786.537	12668.535	24453.500	13213	59535	542.403	302.722	9.606	1.831	0.351	1.764	542.420	302.679	9.600	537	299	8	12	9	4
239	23.375	66.233	142	94	5356276	37720.254	18427.279	33233.000	13248	65535	969.261	309.092	10.768	1.695	0.379	1.697	969.403	308.956	10.716	966	306	8	8	7	6
240	5.103	22.755	31	30	534762	17250.387	3231.080	16181.000	13475	25400	786.290	321.935	8.710	0.823	0.225	0.857	786.272	321.913	8.734	784	320	8	5	5	3
241	24.528	86.160	149	113	3495255	23458.088	9202.935	19895.000	13299	50064	983.779	324.604	11.832	1.908	0.754	1.829	983.863	324.809	11.950	980	319	8	9	11	7
242	15.638	49.682	95	73	2467309	25971.674	10393.771	23395.000	13242	57120	674.600	355.958	9.095	1.376	0.301	1.369	674.513	355.948	9.085	671	353	8	8	7	4
243	20.741	58.440	126	87	4052815	32165.199	16704.635	25413.000	13431	65535	301.881	376.278	9.460	1.568	0.312	1.606	301.865	376.247	9.433	299	372	8	7	10	4
244	21.235	60.645	129	97	3051074	23651.736	9310.377	20994.000	13360	51262	416.310	380.140	9.186	1.512	0.342	1.521	416.248	380.021	9.199	413	375	8	8	10	4
245	16.461	50.475	100	74	2624713	26247.131	10651.124	22463.000	13505	53645	569.360	399.790	9.620	1.425	0.311	1.444	569.307	399.806	9.598	566	396	8	7	8	4
246	22.388	65.229	136	112	2968840	21829.705	7706.885	20163.000	13559	48835	635.500	414.162	8.949	1.571	0.446	1.489	635.404	413.867	8.975	632	409	8	8	12	3
247	26.174	66.404	159	103	5046877	31741.365	15274.657	27580.000	13217	65535	837.057	425.396	10.214	1.658	0.255	1.645	836.932	425.315	10.195	834	422	8	8	8	5
248	52.841	183.396	321	261	10738606	33453.602	17756.406	26599.000	13310	65535	147.754	435.371	15.305	3.341	1.479	3.382	147.757	435.437	15.453	137	433	8	23	5	12
249	24.857	66.956	151	101	5014483	33208.496	16169.170	28544.000	13205	65535	778.172	482.159	9.762	1.654	0.315	1.703	778.150	482.253	9.753	775	478	8	7	9	5
250	18.601	60.886	113	103	2545137	22523.336	6701.549	22055.000	13308	40336	305.310	129.593	10.345	1.451	0.471	1.473	305.255	129.529	10.347	302	125	9	9	11	3
251	36.380	84.574	221	136	8322273	37657.344	18867.270	33437.000	13427	65535	543.380	133.502	11.561	1.868	0.282	1.830	543.395	133.506	11.480	539	130	9	10	8	6
252	3.786	18.204	23	23	376708	16378.608	2351.102	15809.000	13775	24453	129.435	137.261	9.696	0.757	0.206	0.769	129.415	137.259	9.715	127	136	9	5	4	2
253	29.631	80.846	180	156	3638197	20212.205	4820.941	20814.000	13204	33403	115.039	156.839	9.767	1.642	0.459	1.609	115.061	156.851	9.736	109	153	9	13	8	3
254	29.466	77.229	179	125	6047746	33786.289	16204.588	29292.000	13272	65535	108.827	240.682	10.905	1.671	0.336	1.668	108.873	240.926	10.868	105	235	9	9	11	5
255	22.223	64.058	135	108	3496208	25897.838	10520.939	22728.000	13305	54444	152.215	356.637	10.741	1.505	0.325	1.485	152.215	356.781	10.714	148	352	9	9	10	4
256	70.455	151.633	428	257	14904827	34824.363	18214.840	29003.000	13206	65535	361.329	393.091	13.133	2.849	1.043	2.991	361.365	392.810	12.912	358	386	9	8	15	9
257	28.643	71.092	174	122	5638191	32403.396	15467.468	28062.000	13488	65535	249.460	393.086	10.408	1.661	0.278	1.683	249.526	393.040	10.378	245	389	9	9	10	4
258	48.726	99.294	296	172	10977156	37084.988	18270.902	34783.000	13349	65535	314.020	392.088	11.054	2.033	0.276	2.043	314.118	392.285	11.038	309	387	9	11	11	5
259	38.026	89.918	231	157	7959123	34455.078	16735.225	28551.000	13275	65535	372.515	396.437	11.229	1.922	0.413	1.900	372.308	396.773	11.193	367	391	9	12	9	5
260	7.243	35.548	44	42	1119442	25441.863	9803.890	23429.000	13388	49137	489.250	398.705	10.000	1.222	0.501	1.160	489.126	398.773	9.992	486	397	9	10	4	3
261	6.420	31.100	39	38	1209772	31019.795	15271.895	27663.000	13622	65535	275.538	403.615	11.051	1.159	0.480	1.085	275.430	403.670	11.037	273	402	9	6	3	5
262	8.066	32.753	49	41	958896	19569.307	5493.921	17322.000	13215	32371	721.143	449.898	9.898	1.087	0.202	1.118	721.108	449.880	9.925	719	447	9	5	7	3
263	3.786	18.997	23	23	363347	15797.695	2179.097	15988.000	13251	22176	782.130	465.043	9.696	0.799	0.254	0.814	782.081	465.033	9.715	781	463	9	4	6	2
264	24.198	65.955	147	102	4178053	28422.129	13015.210	23552.000	13208	59497	713.837	489.837	10.463	1.624	0.281	1.603	713.762	489.816	10.466	710	486	9	8	10	4
265	24.363	64.921	148	101	4612176	31163.352	14294.484	27438.000	13219	65535	369.189	100.142	11.676	1.624	0.279	1.638	369.228	100.108	11.699	366	96	10	8	9	5
266	19.589	61.026	119	90	3795516	31895.092	16060.678	26187.000	13263	65535	205.227	111.832	12.269	1.575	0.394	1.604	205.230	111.765	12.279	200	109	10	11	6	5
267	24.363	71.504	148	129	2653840	17931.352	3624.924	17505.500	13214	27502	416.905	137.865	10.764	1.509	0.383	1.517	416.892	137.887	10.769	412	133	10	10	10	3
268	30.124	74.023	183	116	5752810	31436.121	14559.297	26709.000	13343	65535	596.749	153.973	11.601	1.744	0.278	1.700	596.793	153.969	11.633	593	150	10	8	9	5
269	7.243	31.201	44	44	696737	15834.932	2151.058	15177.000	13369	22935	435.818	157.932	10.750	0.985	0.331	0.962	435.807	157.865	10.766	433	155	10	6	8	2
270	18.108	52.369	110	103	2373519	21577.445	5335.056	21229.500	13257	34963	402.827	166.418	11.518	1.290	0.350	1.391	402.782	166.417	11.540	399	163	10	9	8	4
271	14.651	41.578	89	89	1698357	19082.662	3216.017	19043.000	13431	26441	121.180	169.764	10.494	1.202	0.368	1.247	121.179	169.733	10.488	117	167	10	9	7	2
272	65.846	152.530	400	248	12955467	32388.668	17795.484	25023.000	13317	65535	296.195	185.023	13.458	2.864	1.003	2.983	295.722	185.368	13.999	291	178	10	12	13	9
273	32.923	78.159	200	132	5830075	29150.375	13783.589	24879.000	13270	65535	165.645	189.265	11.495	1.754	0.253	1.740	165.596	189.337	11.469	160	186	10	12	8	4
274	12.840	40.028	78	64	2056730	26368.334	9084.596	25680.000	13667	54213	787.423	194.218	11.013	1.246	0.263	1.226	787.384	194.241	10.987	785	190	10	5	9	3
275	13.498	44.820	82	70	1762134	21489.439	7287.420	18875.000	13307	42767	606.610	191.866	11.744	1.234	0.256	1.252	606.589	191.841	11.737	603	188	10	7	9	4
276	21.894	57.784	133	96	3577215	26896.354	11203.133	23704.000	13221	55159	48.556	226.624	11.248	1.479	0.206	1.499	48.624	226.613	11.254	45	223	10	8	8	4
277	19.260	53.611	117	96	2401237	20523.393	5727.239	19288.000	13407	38276	398.077	244.906	11.179	1.373	0.256	1.379	398.034	244.926	11.180	395	241	10	8	9	3
278	33.417	76.402	203	123	6398244	31518.443	15478.572	26095.000	13305	65535	885.414	252.537	12.113	1.845	0.271	1.842	885.335	252.550	12.149	881	249	10	9	8	5
279	7.572	28.410	46	39	1192671	25927.631	9595.196	24730.000	14680	51193	440.826	254.652	11.935	1.063	0.241	1.083	440.809	254.672	11.920	438	253	10	6	4	4
280	26.338	70.403	160	111	4747406	29671.287	15265.163	23971.500	13220	65535	227.369	280.994	11.581	1.640	0.274	1.667	227.538	281.051	11.567	223	277	10	9	9	4
281	45.434	94.295	276	165	9599909	34782.277	17083.303	29762.500	13635	65535	447.018	319.149	12.134	2.001	0.304	2.018	446.927	319.068	12.108	443	314	10	9	11	5
282	12.017	40.855	73	59	1423202	19495.918	4966.799	17938.000	13288	33215	466.288	359.507	11.014	1.193	0.204	1.169	466.305	359.491	11.046	463	357	10	7	8	3
283	11.523	47.337	70	65	1207907	17255.814	3454.084	16430.500	13241	29456	493.971	360.214	11.243	1.196	0.332	1.237	493.914	360.166	11.220	491	356	10	7	9	3
284	30.783	75.472	187	118	6934597	37083.406	18841.695	31775.000	13246	65535	424.241	391.005	12.326	1.788	0.323	1.784	424.218	390.985	12.396	421	387	10	7	10	6
285	36.215	97.916	220	152	5675352	25797.055	11463.967	22008.500	13293	65535	484.995	391.391	12.032	1.897	0.503	1.883	484.927	391.435	12.002	479	387	10	13	11	5
286	16.132	55.612	98	87	2215359	22605.703	7550.073	22350.000	13490	52659	470.133	394.908	10.796	1.311	0.358	1.347	470.065	395.035	10.747	467	391	10	7	8	3
287	29.960	75.472	182	122	6567671	36086.105	17512.939	33696.000	13459	65535	392.824	395.060	12.951	1.764	0.387	1.717	392.930	395.220	12.870	389	391	10	9	8	6
288	21.400	61.163	130	92	4081967	31399.746	14948.697	27098.000	13226	65535	611.792	408.323	11.769	1.577	0.377	1.556	611.812	408.352	11.807	609	404	10	7	9	5
289	2.140	14.412	13	13	382125	29394.230	13377.326	28057.000	14224	56341	215.462	107.077	12.000	0.813	0.352	0.975	215.481	107.050	12.028	214	107	11	4	2	3
290	12.346	39.580	75	62	1796703	23956.039	9220.908	21434.000	13227	53294	512.987	113.973	12.093	1.194	0.191	1.202	512.983	114.043	12.132	510	111	11	7	6	3
291	31.277	82.744	190	158	4859452	25576.062	8234.973	24876.500	13244	49457	152.095	124.637	12.237	1.654	0.471	1.664	152.113	124.495	12.275	148	120	11	9	11	4
292	14.157	49.130	86	77	1983340	23062.094	8218.191	21113.500	13280	47160	625.442	130.826	12.314	1.439	0.494	1.366	625.474	130.546	12.299	623	125	11	5	12	4
293	41.318	92.987	251	150	9762001	38892.434	19151.760	36571.000	13266	65535	158.649	132.570	13.311	1.996	0.336	1.979	158.705	132.587	13.288	155	127	11	8	11	6
294	11.194	39.476	68	61	1425657	20965.545	5929.490	19203.000	13241	33873	412.574	163.750	11.706	1.123	0.243	1.166	412.586	163.762	11.679	409	160	11	7	8	3
295	3.951	21.376	24	24	388720	16196.667	2012.739	15886.000	13664	21513	576.417	164.917	11.417	0.789	0.210	0.763	576.393	164.888	11.401	574	163	11	6	5	2
296	21.894	75.747	133	111	2522137	18963.436	5963.633	17143.000	13204	42388	707.165	204.218	12.887	1.845	0.703	1.820	707.487	204.425	13.054	701	200	11	12	9	5
297	32.594	79.230	198	121	7397414	37360.676	19071.332	31741.000	13210	65535	512.323	236.424	13.525	1.834	0.339	1.767	512.330	236.419	13.469	508	233	11	9	8	6
298	14.486	42.752	88	70	2729974	31022.432	14208.124	29437.500	13257	65535	216.011	241.443	12.920	1.278	0.228	1.286	215.993	241.466	12.907	214	238	11	5	8	4
299	29.960	74.816	182	117	5787942	31801.879	15865.676	27432.000	13332	65535	858.357	242.709	12.973	1.726	0.302	1.752	858.344	242.675	12.935	855	238	11	8	10	5
300	13.005	43.786	79	65	2007109	25406.443	9889.512	23995.000	13371	45530	215.127	253.747	12.658	1.230	0.252	1.241	215.138	253.807	12.597	212	251	11	7	7	4
301	22.717	66.815	138	118	3080399	22321.732	7139.596	20927.000	13290	46454	260.275	257.536	11.790	1.484	0.414	1.488	260.414	257.632	11.802	256	253	11	9	10	3
302	20.248	60.196	123	109	2709983	22032.383	6590.881	20629.000	13231	40083	192.081	262.594	12.699	1.421	0.402	1.410	192.107	262.516	12.655	188	260	11	10	7	4
303	8.725	34.477	53	53	818936	15451.623	1723.753	15117.000	13242	20244	313.830	283.792	11.472	1.059	0.369	1.022	313.853	283.789	11.471	310	281	11	8	7	2
304	3.786	23.548	23	23	377035	16392.826	1874.302	16007.000	13948	20912	138.261	282.435	11.870	0.849	0.328	0.904	138.265	282.510	11.878	136	279	11	5	7	2
305	53.829	143.251	327	256	9243615	28267.936	14532.445	23095.000	13221	65535	395.804	283.868	13.254	2.723	0.821	2.795	394.697	283.598	13.514	388	279	11	19	11	6
306	11.523	39.131	70	65	1650880	23584.000	6627.182	22835.500	13207	40555	408.657	293.157	12.486	1.104	0.286	1.133	408.721	293.266	12.462	406	290	11	6	7	4
307	3.128	16.618	19	19	302957	15945.105	2328.009	15375.000	13415	22095	264.526	316.684	11.158	0.712	0.246	0.742	264.529	316.701	11.134	263	314	11	4	6	2
308	25.515	68.127	155	110	4150451	26777.104	11812.204	22666.000	13211	55143	177.174	317.039	12.458	1.602	0.298	1.594	177.218	317.009	12.449	173	314	11	10	8	4
309	6.091	28.547	37	36	645913	17457.107	3556.747	16137.000	13220	25680	750.541	336.027	11.676	0.918	0.281	0.910	750.627	336.041	11.701	748	333	11	6	7	3
310	41.483	113.084	252	196	5825363	23116.520	8847.883	20936.500	13217	53568	837.159	364.960	13.754	2.022	0.813	1.882	837.133	365.565	13.928	833	357	11	9	15	6
311	14.157	48.441	86	67	1866321	21701.406	7611.208	19410.500	13238	41501	595.814	398.570	12.547	1.330	0.307	1.402	595.758	398.657	12.524	593	396	11	7	7	4
312	20.083	68.335	122	100	3081201	25255.746	10174.836	22730.500	13242	53625	90.738	438.057	12.516	1.607	0.582	1.613	90.590	437.928	12.480	87	434	11	13	9	4
313	41.977	92.883	255	156	9695485	38021.512	18940.271	33837.000	13351	65535	254.047	114.176	14.122	2.020	0.358	2.052	254.053	114.075	14.102	250	109	12	9	11	6
314	20.577	62.060	125	90	3655120	29240.961	13896.594	25185.000	13212	65535	166.560	123.416	13.704	1.567	0.426	1.558	166.406	123.259	13.725	163	120	12	8	8	5
315	42.800	97.916	260	162	8635171	33212.195	16392.590	28887.000	13446	65535	207.742	127.827	14.638	2.011	0.404	2.024	207.763	128.095	14.604	204	122	12	9	12	6
316	11.029	36.063	67	58	1452015	21671.865	6296.925	19974.000	13795	38453	126.955	141.373	13.239	1.144	0.264	1.138	126.922	141.405	13.273	125	138	12	5	8	3
317	40.001	95.088	243	157	7340909	30209.502	14160.232	27357.000	13238	65535	401.531	143.494	14.210	1.853	0.289	1.872	401.666	143.732	14.149	397	138	12	10	11	5
318	46.586	117.672	283	180	9655368	34117.906	20088.098	25499.000	13209	65535	240.975	153.527	14.124	2.314	0.673	2.264	240.665	154.088	14.423	236	146	12	13	13	6
319	48.397	115.326	294	193	7022971	23887.656	7688.676	22693.500	13221	41809	694.187	156.082	14.435	2.164	0.600	2.210	694.209	156.148	14.472	689	150	12	11	13	6
320	14.157	48.233	86	76	1788261	20793.732	5385.228	21184.000	13273	32481	723.326	170.140	12.709	1.194	0.303	1.256	723.345	170.056	12.670	720	167	12	7	8	3
321	12.346	40.718	75	63	1705587	22741.160	6673.893	20846.000	13362	39974	735.213	169.667	12.813	1.184	0.230	1.203	735.295	169.760	12.758	732	167	12	7	6	3
322	34.569	86.712	210	130	8123392	38682.820	19362.066	34086.500	13379	65535	147.262	169.224	14.667	1.939	0.446	1.894	147.326	169.229	14.670	144	165	12	7	10	6
323	44.775	95.848	272	167	10161972	37360.191	18271.654	33310.000	13279	65535	260.798	171.375	14.331	2.029	0.386	1.979	260.874	171.296	14.290	257	166	12	8	11	6
324	26.667	67.956	162	105	5401072	33339.949	17481.227	28651.500	13215	65535	398.222	183.370	14.019	1.729	0.331	1.734	398.242	183.271	13.990	395	180	12	7	8	5
325	34.734	85.471	211	127	7563553	35846.223	17924.918	32361.000	13208	65535	498.900	191.649	14.351	1.892	0.353	1.849	498.885	191.755	14.342	495	188	12	10	8	6
326	24.692	63.439	150	101	5035461	33569.738	16564.527	29754.000	13271	65535	391.673	209.800	14.373	1.630	0.263	1.651	391.636	209.816	14.363	388	206	12	8	8	5
327	41.483	109.086	252	179	6792725	26955.258	14080.839	21754.500	13208	65535	323.020	211.052	13.988	1.996	0.597	2.007	323.116	211.465	13.898	319	205	12	9	14	5
328	14.815	46.958	90	66	2515008	27944.533	12267.711	22987.000	13328	50693	314.000	216.022	13.578	1.343	0.242	1.379	314.046	216.099	13.549	311	213	12	7	7	4
329	39.507	93.606	240	162	7277944	30324.768	13995.888	28486.500	13217	65535	539.138	232.971	14.017	1.878	0.394	1.969	539.200	233.112	13.990	535	228	12	8	12	5
330	34.734	80.127	211	128	8546026	40502.492	19456.213	34719.000	13283	65535	231.194	230.128	14.787	1.905	0.343	1.923	231.252	230.096	14.786	228	226	12	7	10	6
331	68.315	147.220	415	258	15887889	38284.070	18857.150	32491.000	13230	65535	406.241	232.145	14.747	2.589	0.809	2.681	406.219	232.065	14.732	400	225	12	14	16	6
332	1.975	11.274	12	12	191677	15973.083	1754.778	16323.000	13263	19190	746.000	244.250	12.000	0.569	0.241	0.519	745.980	244.291	12.000	745	242	12	4	5	1
333	69.138	187.693	420	318	11334833	26987.697	11534.011	24537.500	13249	65535	366.660	240.379	14.633	3.384	1.305	3.317	367.246	240.988	14.503	356	230	12	23	20	6
334	8.066	34.169	49	43	1694435	34580.305	18380.998	27077.000	13613	65535	31.735	246.408	14.184	1.234	0.462	1.183	31.607	246.461	14.144	31	244	12	3	6	5
335	6.255	27.065	38	37	700368	18430.736	3369.736	17602.000	13918	28742	680.026	245.658	13.500	0.929	0.297	0.930	679.897	245.691	13.489	677	244	12	8	4	3
336	27.820	73.163	169	113	6087223	36019.070	18621.818	30200.000	13361	65535	468.633	250.781	14.663	1.802	0.439	1.841	468.535	250.824	14.656	464	249	12	11	5	6
337	57.450	127.497	349	229	12021902	34446.711	19184.543	26581.000	13252	65535	206.564	271.458	14.885	2.370	0.602	2.340	207.007	272.105	14.825	200	263	12	12	15	6
338	1.646	10.688	10	10	165778	16577.801	1954.542	16697.000	13693	19066	152.700	274.000	13.000	0.560	0.294	0.507	152.747	273.983	12.995	152	273	12	3	3	3
339	42.306	92.953	257	147	10096803	39287.172	19970.969	35064.000	13246	65535	533.031	281.790	14.591	2.086	0.435	2.093	533.022	281.796	14.581	528	279	12	11	7	6
340	6.749	27.202	41	41	785712	19163.707	4248.865	18547.000	13534	29514	606.000	299.000	12.366	0.979	0.337	0.992	605.959	299.033	12.345	604	296	12	5	8	2
341	6.420	29.685	39	39	611719	15685.103	2021.478	15040.000	13293	20956	77.077	303.462	12.564	0.927	0.258	0.928	77.058	303.431	12.570	75	301	12	5	7	2
342	21.235	59.992	129	85	4998894	38751.117	19275.342	36108.000	13276	65535	257.984	304.527	14.310	1.618	0.347	1.629	258.004	304.550	14.322	255	302	12	7	7	6
343	4.115	24.686	25	25	421150	16846.000	2545.411	16044.000	13603	22268	139.040	314.320	12.160	0.876	0.348	0.871	138.949	314.337	12.140	137	312	12	6	6	2
344	37.038	93.020	225	143	6377843	28345.969	12147.471	24850.000	13264	65535	949.187	326.013	14.018	1.844	0.366	1.897	949.126	325.917	13.992	945	321	12	9	12	5
345	25.351	72.852	154	113	3733295	24242.176	8741.454	22121.500	13259	48130	52.312	340.273	13.773	1.838	0.562	1.856	52.430	340.381	13.541	50	336	12	6	10	6
346	21.729	56.094	132	103	3540911	26825.084	10309.295	23883.000	13203	56576	182.939	354.311	13.932	1.443	0.264	1.430	183.057	354.346	13.908	180	351	12	7	9	4
347	19.424	53.096	118	81	3988990	33805.000	17525.510	27414.500	13275	65535	396.432	385.932	13.441	1.507	0.240	1.550	396.494	385.939	13.460	393	383	12	8	7	4
348	34.240	80.471	208	130	7234076	34779.211	17137.545	31006.000	13214	65535	854.452	387.495	14.832	1.893	0.392	1.846	854.432	387.569	14.806	851	384	12	8	8	7
349	57.286	147.494	348	239	9840125	28276.221	14990.105	22428.000	13323	65535	787.997	422.905	14.368	2.244	0.588	2.308	788.413	422.490	14.256	780	417	12	15	15	5
350	27.326	71.851	166	115	5121076	30849.855	14918.062	26368.500	13212	65535	778.120	446.313	14.416	1.727	0.401	1.707	778.047	446.168	14.424	775	442	12	7	11	5
351	25.844	65.922	157	99	5472497	34856.668	17979.742	29124.000	13253	65535	742.025	466.803	13.752	1.689	0.276	1.675	742.013	466.836	13.697	739	463	12	7	8	5
352	5.103	23.411	31	29	683455	22046.936	7062.581	20157.000	14041	37250	714.806	499.129	13.323	0.877	0.246	0.839	714.786	499.315	13.308	712	497	12	5	5	3
353	18.601	53.440	113	83	2960050	26195.133	11579.312	23189.000	13270	55950	743.655	506.920	13.735	1.439	0.253	1.441	743.693	506.936	13.744	741	503	12	6	9	4
354	20.083	56.335	122	103	2705855	22179.139	6728.898	20521.500	13312	43234	391.016	110.475	14.189	1.393	0.292	1.370	391.050	110.306	14.196	387	107	13	9	8	3
355	16.791	49.923	102	75	2949954	28921.117	12254.520	26565.000	13561	62167	452.559	122.784	14.167	1.394	0.245	1.358	452.550	122.922	14.119	450	119	13	6	8	4
356	23.869	63.921	145	103	3632226	25049.834	10179.658	21015.000	13256	50150	325.090	124.248	14.372	1.591	0.299	1.610	325.044	124.210	14.385	321	121	13	9	8	4
357	32.594	76.781	198	134	5852667	29558.924	13206.412	26926.500	13217	65535	506.763	126.086	15.020	1.719	0.250	1.718	506.908	126.055	15.005	503	122	13	9	9	5
358	26.667	71.299	162	110	4846023	29913.723	13450.175	26931.000	13290	65535	470.957	132.593	15.006	1.653	0.364	1.658	471.036	132.552	15.016	467	129	13	9	8	5
359	39.507	87.194	240	138	8894845	37061.855	18734.543	33331.000	13332	65535	268.846	140.275	15.375	1.985	0.363	1.941	268.853	140.312	15.373	265	136	13	8	10	6
360	8.395	36.582	51	43	1076752	21112.785	6379.834	18087.000	13268	33980	375.235	144.392	14.353	1.153	0.317	1.192	375.218	144.340	14.357	373	142	13	6	6	4
361	42.964	96.022	261	148	10444521	40017.320	19866.264	37123.000	13225	65535	147.329	146.299	15.364	2.108	0.420	2.133	147.382	146.320	15.346	143	142	13	9	9	6
362	80.332	204.555	488	307	16381691	33569.039	17735.906	27355.000	13209	65535	173.814	140.395	16.033	2.741	0.778	2.875	173.899	141.003	16.022	166	131	13	15	19	7
363	9.548	34.684	58	50	1159699	19994.811	5071.677	18987.500	13352	34665	381.948	145.603	14.190	1.095	0.218	1.099	381.939	145.719	14.196	380	143	13	5	7	3
364	12.675	43.338	77	66	1588866	20634.623	5712.194	19624.000	13362	34742	226.831	145.208	14.286	1.188	0.286	1.216	226.866	145.223	14.281	224	142	13	7	7	4
365	59.426	121.015	361	215	12672573	35104.082	17384.080	31119.000	13250	65535	134.044	152.584	15.089	2.236	0.443	2.236	134.049	152.692	15.116	130	146	13	10	15	5
366	46.586	105.020	283	170	10789679	38126.074	19922.908	33673.000	13204	65535	153.191	156.219	15.021	2.104	0.434	2.121	153.173	156.225	15.037	148	152	13	11	10	6
367	33.581	80.850	204	133	6499544	31860.510	15642.158	27890.000	13254	65535	507.490	157.725	14.858	1.807	0.327	1.812	507.474	157.800	14.853	504	153	13	8	10	5
368	15.968	49.994	97	73	3092273	31879.104	16230.149	27391.000	13368	65535	535.577	158.691	15.433	1.441	0.337	1.523	535.573	158.666	15.386	532	156	13	8	6	5
369	26.503	70.436	161	116	3608043	22410.205	7863.045	19914.000	13210	42296	621.006	163.894	14.205	1.609	0.283	1.650	621.027	163.972	14.229	616	160	13	10	9	4
370	48.726	97.123	296	172	10929351	36923.484	18957.117	32595.500	13238	65535	181.186	163.250	15.821	2.057	0.269	2.077	181.207	163.269	15.776	176	159	13	11	9	6
371	21.071	57.887	128	92	3455254	26994.172	12037.177	23871.500	13562	60696	307.664	164.336	14.344	1.526	0.254	1.571	307.659	164.296	14.341	304	161	13	8	7	4
372	33.581	75.368	204	126	7744937	37965.379	18731.039	32656.000	13500	65535	272.245	166.373	14.931	1.871	0.321	1.890	272.227	166.392	14.926	269	163	13	8	8	5
373	29.960	74.816	182	120	5402362	29683.309	12592.607	24456.000	13241	60877	219.126	174.214	14.495	1.752	0.330	1.774	219.222	174.197	14.502	215	170	13	9	10	4
374	34.734	82.402	211	131	7856966	37236.805	19247.334	32133.000	13319	65535	289.118	176.289	14.924	1.910	0.345	2.001	289.130	176.285	14.890	286	171	13	7	12	5
375	27.326	70.817	166	105	5832273	35134.176	18156.887	31690.000	13263	65535	242.614	179.380	15.482	1.714	0.308	1.671	242.594	179.406	15.471	239	176	13	8	8	6
376	21.729	61.990	132	93	3103069	23508.098	8152.856	21076.000	13270	46211	366.000	180.295	14.758	1.552	0.326	1.545	366.198	180.257	14.730	362	177	13	9	8	4
377	36.874	84.196	224	130	9017096	40254.895	19691.258	37151.500	13228	65535	266.054	182.223	15.201	1.976	0.395	1.974	266.088	182.216	15.205	262	178	13	9	9	6
378	32.429	75.265	197	120	7367020	37396.039	18563.492	30962.000	13359	65535	192.173	183.914	15.193	1.831	0.286	1.803	192.214	183.846	15.251	189	180	13	8	9	5
379	23.375	66.334	142	111	3010982	21204.098	6082.556	20201.500	13276	41460	773.380	190.204	14.085	1.489	0.283	1.493	773.441	190.166	14.074	769	186	13	10	9	4
380	58.767	137.425	357	245	9574552	26819.473	10685.896	24996.000	13241	60195	753.042	194.171	14.866	2.419	0.855	2.383	752.727	194.423	14.879	745	186	13	17	15	5
381	19.589	54.856	119	80	4669906	39242.906	19370.461	36835.000	13261	65535	67.899	191.403	15.412	1.665	0.535	1.673	67.892	191.432	15.389	66	189	13	5	6	6
382	29.631	74.816	180	120	5957963	33099.793	16614.711	27017.500	13291	65535	279.106	193.444	15.450	1.730	0.303	1.715	279.100	193.370	15.411	275	190	13	10	8	5
383	22.552	63.509	137	92	5037317	36768.738	18692.068	33678.000	13611	65535	181.679	195.109	15.708	1.682	0.410	1.649	181.743	195.128	15.691	179	192	13	7	7	6
384	30.947	75.542	188	112	7500301	39895.219	20108.615	34280.000	13381	65535	70.144	211.032	15.516	1.937	0.477	1.894	70.191	211.020	15.562	67	208	13	8	7	6
385	25.186	63.921	153	109	4185947	27359.131	11696.260	24845.000	13320	60258	583.261	211.092	14.745	1.587	0.295	1.589	583.231	211.288	14.782	580	207	13	7	9	4
386	14.157	46.477	86	60	2412879	28056.732	13328.994	26251.000	13262	65535	345.116	214.547	14.988	1.397	0.371	1.294	345.116	214.650	14.988	343	212	13	6	6	5
387	28.478	73.749	173	111	6517295	37672.227	18905.434	35852.000	13288	65535	564.312	214.462	15.329	1.773	0.372	1.723	564.290	214.417	15.376	560	212	13	9	7	6
388	38.190	92.538	232	146	7930374	34182.648	17057.504	29607.000	13235	65535	538.767	217.698	15.543	1.929	0.410	1.863	538.752	217.778	15.545	534	213	13	11	10	6
389	15.309	47.062	93	69	2495729	26835.795	11062.271	25449.000	13251	54280	733.796	216.591	14.656	1.402	0.285	1.413	733.853	216.565	14.735	731	214	13	7	7	4
390	19.918	53.751	121	88	4726736	39063.934	17631.713	38490.000	13235	65535	361.959	217.496	14.545	1.551	0.360	1.602	362.031	217.558	14.530	358	215	13	9	5	5
391	13.992	44.131	85	67	1997937	23505.141	9613.929	21079.000	13226	55688	499.341	217.024	14.929	1.257	0.180	1.246	499.283	217.060	14.916	496	214	13	8	7	4
392	31.606	74.920	192	116	7266078	37844.156	18918.041	31484.500	13228	65535	222.047	223.224	14.917	1.818	0.275	1.802	222.051	223.222	14.886	219	219	13	8	9	5
393	40.001	86.849	243	145	8920846	36711.301	19056.404	31205.000	13472	65535	141.523	225.387	15.202	1.970	0.340	1.949	141.548	225.279	15.231	138	222	13	9	8	6
394	15.968	46.718	97	70	2551315	26302.217	11671.680	21505.000	13212	55081	481.814	229.701	14.588	1.416	0.267	1.448	481.710	229.683	14.582	479	227	13	7	6	4
395	25.021	61.853	152	105	4887949	32157.559	15616.973	27559.000	13334	65535	431.664	231.474	14.375	1.618	0.237	1.644	431.693	231.490	14.353	428	228	13	9	8	4
396	23.375	62.646	142	99	4740847	33386.246	16348.544	27297.500	13405	65535	174.141	232.408	15.486	1.591	0.296	1.591	174.042	232.357	15.454	171	230	13	9	7	5
397	26.667	72.645	162	113	5511393	34020.945	15724.716	30202.000	13288	65535	553.327	234.086	14.432	1.724	0.375	1.710	553.298	233.964	14.412	549	230	13	9	10	5
398	33.746	79.230	205	126	7458602	36383.426	18900.117	32433.000	13224	65535	260.220	234.302	15.517	1.840	0.328	1.804	260.233	234.292	15.524	256	231	13	9	8	6
399	69.467	133.119	422	220	17395460	41221.469	20247.699	38785.500	13215	65535	139.709	238.929	15.713	2.401	0.378	2.389	139.696	238.916	15.704	135	234	13	11	11	7
400	28.478	72.059	173	108	6135076	35462.867	17965.988	30071.000	13239	65535	98.306	247.145	14.896	1.758	0.299	1.774	98.325	247.109	14.865	94	244	13	10	7	5
401	21.564	59.577	131	98	3648739	27852.969	11085.570	24591.000	13279	57920	770.672	248.023	14.664	1.607	0.409	1.619	770.645	247.995	14.680	766	246	13	11	5	4
402	22.223	59.199	135	86	5122822	37946.828	19840.926	31920.000	13384	65535	49.844	250.363	15.044	1.681	0.368	1.668	49.860	250.383	15.086	47	247	13	7	7	5
403	33.087	94.158	201	147	4654986	23159.135	8146.368	21410.000	13273	44213	413.423	259.348	14.284	1.883	0.586	1.942	413.337	259.398	14.278	407	256	13	14	8	4
404	53.170	133.326	323	216	11354818	35154.234	18173.402	29408.000	13297	65535	324.851	263.755	14.932	2.426	0.805	2.388	324.997	263.956	14.902	317	257	13	16	14	5
405	13.169	42.200	80	64	1859151	23239.387	8507.320	21525.500	13401	50075	307.125	278.075	13.913	1.221	0.177	1.233	307.126	278.172	13.876	304	275	13	7	7	3
406	62.389	127.637	379	206	14639975	38627.902	19927.174	34687.000	13230	65535	274.303	280.000	15.802	2.353	0.524	2.278	274.471	279.953	15.822	268	276	13	13	9	7
407	28.643	70.714	174	104	5821997	33459.754	16364.055	27701.500	13251	65535	823.506	279.534	15.201	1.749	0.256	1.669	823.453	279.549	15.214	820	276	13	8	8	5
408	32.100	76.024	195	114	7475137	38334.035	19931.955	32091.000	13312	65535	288.641	287.651	15.051	1.866	0.318	1.879	288.699	287.709	15.095	285	284	13	8	8	6
409	16.955	49.994	103	71	3051450	29625.729	15597.301	22858.000	13404	65535	752.165	289.058	15.184	1.501	0.372	1.450	752.063	288.917	15.167	750	286	13	5	7	5
410	29.301	69.302	178	112	7217163	40545.859	19561.469	35694.000	14083	65535	303.421	293.281	15.051	1.850	0.432	1.875	303.469	293.262	15.097	300	291	13	8	6	6
411	26.338	67.471	160	121	4407666	27547.912	10281.446	26231.500	13217	60771	636.825	295.288	15.056	1.551	0.309	1.552	636.789	295.229	15.054	632	292	13	11	8	5
412	12.511	54.682	76	72	1400866	18432.447	3937.712	18097.000	13443	29745	242.461	299.408	14.237	1.627	0.639	1.623	242.545	299.402	14.213	236	298	13	13	4	4
413	32.923	80.438	200	119	7683662	38418.309	19404.424	35528.000	13291	65535	454.330	303.160	15.440	1.930	0.441	1.861	454.291	303.165	15.472	451	299	13	7	9	6
414	16.461	50.338	100	69	3274140	32741.400	16034.135	29001.500	13205	65535	305.410	305.050	14.790	1.466	0.331	1.421	305.438	305.118	14.809	302	303	13	8	5	5
415	34.240	85.300	208	123	8309991	39951.879	20335.621	36677.000	13265	65535	85.582	308.764	16.062	2.022	0.562	2.030	85.648	308.812	16.008	83	305	13	7	8	7
416	48.397	102.400	294	164	11350226	38606.211	19524.588	33096.000	13245	65535	255.184	315.830	16.422	2.163	0.442	2.195	255.337	315.778	16.303	251	311	13	8	11	7
417	8.889	42.648	54	51	899851	16663.908	3245.912	15751.500	13206	25767	261.611	334.722	14.611	1.229	0.464	1.216	261.530	334.773	14.631	258	332	13	10	6	4
418	47.573	128.394	289	191	9465124	32751.295	17968.312	25295.000	13233	65535	277.993	342.301	15.339	2.364	0.804	2.327	278.219	343.249	15.414	273	331	13	10	20	6
419	14.980	44.509	91	87	1971960	21669.891	4812.958	21498.000	13612	34433	133.264	347.044	13.582	1.212	0.332	1.265	133.327	347.078	13.589	129	344	13	9	7	3
420	4.938	23.926	30	30	493099	16436.633	2374.807	16084.000	13211	22402	618.433	353.833	13.933	0.926	0.363	0.968	618.414	353.839	13.942	616	351	13	6	7	2
421	25.844	71.025	157	103	5238737	33367.750	17885.391	27141.000	13268	65535	746.822	353.318	15.051	1.743	0.377	1.868	746.846	353.365	15.068	743	349	13	8	9	5
422	38.849	87.917	236	149	7579423	32116.199	15537.759	28614.000	13321	65535	569.987	369.907	14.822	1.894	0.306	1.897	569.931	369.865	14.801	566	365	13	9	11	5
423	40.824	90.882	248	163	7787151	31399.803	14073.799	29517.000	13291	65535	587.778	374.141	15.000	1.881	0.311	1.938	587.818	374.203	14.983	584	369	13	8	11	5
424	22.552	63.646	137	93	4499719	32844.664	17265.316	25935.000	13413	65535	367.212	378.314	15.241	1.663	0.417	1.707	367.208	378.453	15.208	365	374	13	6	10	5
425	40.495	88.747	246	148	9501078	38622.270	19135.268	34943.500	13415	65535	327.215	394.679	15.260	2.064	0.460	2.110	327.162	394.677	15.263	325	390	13	6	11	6
426	33.087	78.126	201	132	5901335	29359.875	12384.725	24967.000	13280	64453	825.149	396.368	14.473	1.792	0.296	1.801	824.927	396.461	14.419	820	393	13	11	9	4
427	7.901	39.272	48	48	1473517	30698.271	16717.910	25387.500	13481	65535	342.917	399.792	14.917	1.258	0.502	1.222	343.153	399.773	14.853	339	399	13	8	3	5
428	35.721	87.780	217	142	6470044	29815.871	13136.402	26681.000	13238	65535	626.991	404.912	15.309	1.889	0.400	1.858	626.853	404.809	15.279	623	399	13	10	11	5
429	36.380	83.229	221	140	6970279	31539.725	14469.107	27697.000	13263	65535	874.063	421.367	15.321	1.831	0.241	1.813	874.006	421.448	15.331	870	417	13	9	9	5
430	27.491	70.299	167	126	4409118	26401.904	10264.986	24715.000	13317	62535	847.790	447.719	14.976	1.601	0.345	1.577	847.813	447.704	14.981	845	442	13	7	12	5
431	7.078	33.891	43	43	709880	16508.838	2519.377	16092.000	13365	23562	395.302	121.767	14.465	0.998	0.307	1.014	395.342	121.777	14.453	392	119	14	7	7	2
432	3.292	22.688	20	20	574433	28721.650	14237.074	27942.000	13684	65535	102.000	134.650	15.650	1.060	0.437	0.991	101.984	134.597	15.659	100	134	14	5	2	4
433	9.054	41.614	55	51	965446	17553.564	3402.891	16900.000	13204	24867	316.200	136.473	14.818	1.105	0.357	1.099	316.183	136.481	14.820	314	133	14	6	8	3
434	10.865	42.167	66	54	1450982	21984.576	7241.500	20682.000	13312	41649	277.591	138.409	15.212	1.228	0.351	1.258	277.612	138.189	15.258	276	135	14	4	8	4
435	10.535	36.649	64	60	1185101	18517.203	4152.193	17155.000	13276	30137	634.188	135.953	15.344	1.061	0.293	1.075	634.100	135.877	15.358	632	133	14	6	7	3
436	5.103	27.513	31	30	525108	16938.967	3691.344	15557.000	13378	29524	420.258	138.613	14.903	1.024	0.389	1.032	420.232	138.748	14.902	418	134	14	6	8	3
437	6.091	25.375	37	36	668719	18073.486	3509.531	17432.000	13673	28322	428.297	145.405	14.649	0.884	0.245	0.861	428.259	145.374	14.651	426	143	14	6	5	3
438	13.005	39.925	79	64	1719606	21767.164	6483.909	19468.000	13296	38543	670.203	156.532	15.051	1.221	0.183	1.193	670.194	156.548	15.055	667	154	14	7	6	3
439	34.569	86.435	210	148	6258516	29802.457	12290.969	27887.500	13212	65535	87.167	156.281	16.043	1.782	0.357	1.860	87.184	156.285	16.003	83	151	14	9	11	5
440	38.026	86.642	231	146	6953754	30102.832	12713.300	29752.000	13421	59332	539.030	165.701	15.797	1.877	0.303	1.896	539.045	165.727	15.813	535	161	14	9	10	5
441	34.898	83.092	212	130	7734979	36485.750	18000.816	29846.500	13204	65535	74.519	169.104	16.660	1.870	0.310	1.830	74.550	169.123	16.618	71	165	14	9	9	6
442	53.006	114.533	322	202	10970881	34071.059	17208.018	27778.000	13320	65535	77.736	191.155	15.739	2.149	0.524	2.205	77.729	191.181	15.717	73	185	14	10	14	5
443	29.631	66.645	180	121	5969620	33164.555	15941.729	26932.000	13270	65535	543.000	190.522	15.567	1.692	0.205	1.704	543.016	190.445	15.542	540	187	14	8	8	4
444	17.449	49.304	106	77	3729897	35187.707	17820.295	30796.500	13297	65535	87.811	190.783	16.292	1.495	0.340	1.489	87.856	190.765	16.269	85	189	14	7	5	5
445	1.646	11.585	10	10	150040	15004.000	830.327	15175.500	13424	15866	473.900	204.700	14.600	0.648	0.162	0.626	473.912	204.713	14.604	473	204	14	4	3	2
446	8.231	30.237	50	43	1169691	23393.820	8139.356	22135.000	13235	48343	157.220	212.840	15.060	1.080	0.205	1.075	157.300	212.827	15.098	154	211	14	7	5	3
447	40.660	88.225	247	175	6140473	24860.215	8068.955	23320.000	13403	48004	791.583	216.053	15.227	1.834	0.435	1.823	791.564	215.987	15.246	788	211	14	9	12	4
448	31.112	74.057	189	135	4942374	26150.127	9570.965	23776.000	13273	53368	711.540	221.111	15.746	1.692	0.297	1.710	711.591	221.219	15.720	707	218	14	10	8	4
449	17.778	52.647	108	81	2802292	25947.148	9976.475	23412.000	13600	50392	373.907	223.796	15.269	1.418	0.293	1.428	373.961	223.815	15.289	370	220	14	8	8	4
450	8.231	35.029	50	47	882748	17654.961	3116.781	17678.000	13212	25396	788.600	234.220	15.280	1.016	0.275	1.029	788.630	234.298	15.262	786	231	14	6	7	3
451	7.901	30.374	48	47	978441	20384.188	3615.525	21436.500	13578	26802	778.062	235.250	15.417	0.958	0.284	0.950	778.033	235.279	15.409	775	233	14	7	6	3
452	13.005	42.167	79	64	1793849	22706.949	6921.564	20771.000	13408	38780	484.899	239.620	15.494	1.304	0.349	1.312	484.886	239.713	15.492	483	237	14	5	7	4
453	27.984	69.128	170	108	5679717	33410.102	16528.490	27662.000	13237	65535	57.871	240.088	16.429	1.703	0.271	1.686	57.921	240.109	16.391	54	237	14	9	7	6
454	5.926	23.548	36	36	582686	16185.723	1930.134	16136.500	13237	21574	692.333	240.417	14.528	0.891	0.246	0.852	692.329	240.429	14.537	690	239	14	6	4	2
455	19.095	55.026	116	84	3044873	26248.904	10703.636	23041.000	13246	53777	749.845	252.086	15.621	1.468	0.235	1.471	749.821	252.024	15.612	746	249	14	8	7	4
456	23.704	64.403	144	115	3583677	24886.646	7375.488	24551.500	13223	50205	292.160	251.611	15.896	1.550	0.363	1.567	292.162	251.621	15.829	288	247	14	9	10	4
457	10.535	38.994	64	54	1368359	21380.609	6420.085	21932.000	13251	34245	673.922	258.828	15.391	1.155	0.278	1.098	673.928	258.896	15.399	671	257	14	7	5	4
458	33.417	80.920	203	124	7528397	37085.699	19571.572	31327.000	13215	65535	44.759	265.054	16.448	1.908	0.433	1.846	44.861	265.104	16.417	42	261	14	7	10	6
459	8.725	31.030	53	45	1345217	25381.453	10193.606	22285.000	13328	52230	452.321	276.453	15.264	1.093	0.257	1.076	452.315	276.547	15.256	450	275	14	6	4	4
460	3.128	15.584	19	19	325927	17154.053	3741.946	15868.000	13319	25650	254.579	280.053	14.368	0.703	0.155	0.741	254.586	280.074	14.344	253	279	14	4	4	2
461	10.535	33.891	64	54	1406338	21974.031	7070.084	20502.000	13438	48617	432.188	282.016	14.828	1.129	0.188	1.167	432.039	281.997	14.832	430	279	14	6	6	3
462	11.688	37.857	71	52	1754700	24714.084	10738.147	20652.000	13215	60269	333.845	283.620	15.507	1.259	0.245	1.198	333.910	283.682	15.462	331	281	14	6	6	4
463	18.601	52.855	113	85	3580786	31688.371	15042.878	28500.000	13257	65535	373.876	285.991	15.504	1.506	0.299	1.540	374.011	285.920	15.461	370	284	14	9	5	4
464	25.351	64.369	154	105	4953763	32167.293	15300.438	27342.000	13396	65535	540.247	289.286	15.351	1.621	0.248	1.611	540.220	289.267	15.343	536	286	14	10	7	4
465	27.326	78.230	166	119	4225914	25457.312	10211.336	23311.500	13218	53017	715.669	288.898	15.470	1.808	0.561	1.854	715.388	288.789	15.454	710	286	14	13	7	4
466	37.861	83.781	230	139	8674365	37714.629	19390.242	32055.500	13245	65535	48.387	289.448	15.865	1.937	0.331	1.980	48.464	289.458	15.840	44	286	14	10	8	5
467	16.297	50.442	99	73	3555556	35914.707	17702.709	32356.000	13257	65535	360.263	290.303	15.596	1.475	0.353	1.534	360.315	290.313	15.583	357	288	14	8	5	5
468	9.383	36.856	57	52	1082844	18997.264	4012.536	18708.000	13300	27572	917.070	287.439	15.439	1.104	0.364	1.139	917.087	287.402	15.423	915	284	14	5	8	4
469	22.552	75.814	137	134	2482969	18123.861	5098.583	16832.000	13258	44440	389.927	295.810	15.015	1.810	0.694	1.766	389.490	295.778	15.061	383	292	14	16	9	3
470	13.169	40.028	80	62	1858595	23232.438	9684.022	19713.500	13205	54711	82.575	296.212	15.363	1.258	0.224	1.262	82.568	296.181	15.340	80	294	14	6	6	4
471	6.585	27.409	40	39	721990	18049.750	3773.198	17507.500	13243	28328	587.450	301.200	14.575	0.902	0.245	0.881	587.496	301.208	14.574	585	299	14	6	6	3
472	14.157	45.165	86	69	1803851	20975.012	6003.728	19752.000	13207	40095	562.709	303.186	14.965	1.269	0.216	1.263	562.706	303.233	14.938	560	299	14	7	8	3
473	13.334	44.820	81	65	1616208	19953.186	5178.021	18908.000	13283	37892	843.383	303.037	15.012	1.250	0.233	1.243	843.350	303.016	15.015	840	300	14	8	7	3
474	5.432	24.100	33	29	590519	17894.516	4056.567	16777.000	13385	28914	503.939	316.545	14.727	0.917	0.208	0.876	503.944	316.583	14.720	502	315	14	5	4	3
475	4.280	21.272	26	26	430677	16564.500	2107.941	15891.000	13940	21395	654.269	317.154	14.423	0.812	0.215	0.771	654.236	317.109	14.420	652	315	14	5	5	2
476	11.688	40.028	71	58	1713923	24139.760	9039.566	22103.000	13238	51816	489.310	319.141	15.225	1.207	0.244	1.210	489.403	319.164	15.236	486	317	14	7	6	4
477	11.194	35.477	68	58	1561207	22958.926	7601.007	21993.000	13589	42953	759.471	319.353	14.912	1.182	0.238	1.200	759.548	319.341	14.933	756	317	14	7	6	3
478	48.067	96.985	292	166	11055266	37860.500	19283.209	31844.000	13583	65535	42.158	322.363	16.140	2.093	0.347	2.104	42.147	322.347	16.094	38	318	14	9	10	6
479	29.137	72.748	177	116	6152636	34760.656	17641.875	28550.000	13261	65535	136.712	321.045	15.723	1.777	0.356	1.759	136.750	321.103	15.697	132	318	14	10	7	5
480	12.840	39.821	78	66	1609623	20636.191	5483.601	19680.500	13797	34682	166.359	320.179	15.218	1.196	0.229	1.211	166.464	320.194	15.237	163	317	14	7	7	3
481	13.334	44.820	81	75	1845931	22789.271	6002.346	22189.000	13295	35796	397.877	320.025	15.309	1.172	0.309	1.183	397.845	319.977	15.340	395	317	14	8	7	3
482	26.997	65.748	164	111	4695789	28632.859	12543.322	25274.000	13225	65535	626.951	321.421	15.335	1.657	0.257	1.666	627.017	321.440	15.296	622	318	14	11	7	4
483	35.063	79.642	213	143	6023248	28278.160	11758.142	24852.000	13241	59406	683.066	334.573	15.423	1.783	0.301	1.784	683.116	334.630	15.397	679	330	14	9	10	4
484	44.610	93.157	271	166	9684016	35734.375	17510.381	30472.000	13354	65535	196.494	337.210	15.738	1.992	0.353	1.986	196.468	337.311	15.738	193	332	14	8	12	5
485	2.634	14.342	16	16	248590	15536.875	1670.395	15156.500	13461	19241	418.562	334.438	14.125	0.682	0.262	0.684	418.582	334.481	14.123	417	332	14	4	5	2
486	12.346	42.856	75	60	1852154	24695.387	8812.710	23818.000	13356	51334	818.533	339.720	15.307	1.283	0.318	1.288	818.574	339.669	15.315	815	338	14	8	5	4
487	10.865	41.477	66	57	1552570	23523.787	8594.217	21554.000	13492	52297	930.697	342.045	15.197	1.259	0.357	1.226	930.647	342.148	15.181	927	339	14	8	6	4
488	67.327	159.976	409	271	14135522	34561.180	17392.906	29957.000	13214	65535	241.235	349.567	16.306	2.401	0.674	2.490	241.135	349.496	16.281	234	344	14	15	14	6
489	46.915	99.676	285	159	10907615	38272.332	19082.701	34887.000	13279	65535	319.368	350.698	16.432	2.143	0.396	2.151	319.363	350.708	16.393	316	346	14	8	11	6
490	29.960	70.955	182	115	6042638	33201.309	16099.194	27948.000	13308	65535	787.390	352.319	15.720	1.730	0.231	1.686	787.315	352.368	15.713	784	349	14	8	8	5
491	12.181	44.476	74	62	1449134	19582.893	5024.342	18103.000	13236	32223	207.203	356.946	15.149	1.191	0.250	1.224	207.134	356.954	15.155	204	354	14	7	7	3
492	25.186	65.403	153	113	3972378	25963.256	9422.271	24155.000	13275	54412	810.235	361.830	15.830	1.643	0.408	1.701	810.181	362.038	15.816	807	356	14	7	11	4
493	12.840	45.028	78	66	1743568	22353.436	6515.722	20755.000	13219	39273	884.744	360.141	15.218	1.295	0.372	1.241	884.715	360.096	15.208	881	358	14	8	7	4
494	36.215	84.022	220	140	7170668	32593.945	17391.465	26568.500	13236	65535	752.127	362.759	15.809	1.906	0.343	1.946	751.857	362.925	15.762	748	358	14	10	10	5
495	53.993	125.014	328	222	10371638	31620.848	15233.836	25845.500	13334	65535	182.268	367.649	15.979	2.383	0.845	2.404	182.233	367.698	15.979	178	360	14	10	18	5
496	1.811	11.377	11	11	177454	16132.182	2490.825	14684.000	13397	19657	270.273	371.273	14.091	0.541	0.206	0.547	270.270	371.310	14.078	269	370	14	4	4	2
497	9.548	36.615	58	54	1112684	19184.207	4073.229	18582.500	13347	27744	883.069	386.828	15.586	1.105	0.356	1.060	883.058	386.815	15.577	881	384	14	5	7	4
498	35.886	87.054	218	156	5815230	26675.367	10571.762	25073.500	13235	57592	303.674	386.206	16.138	1.811	0.444	1.777	303.729	386.218	16.106	300	380	14	8	13	5
499	14.980	52.577	91	85	1677176	18430.506	3887.023	18029.000	13225	29296	378.637	389.231	15.308	1.233	0.352	1.283	378.731	389.269	15.306	375	385	14	8	9	3
500	44.940	98.745	273	154	10229296	37469.949	19748.031	30580.000	13240	65535	263.982	401.608	16.634	2.132	0.430	2.101	264.003	401.901	16.626	260	396	14	9	10	7
501	27.984	85.401	170	128	4147395	24396.441	8495.128	22556.000	13293	47529	861.041	412.035	15.335	1.812	0.550	1.873	861.008	412.053	15.337	857	406	14	9	13	4
502	3.128	16.273	19	19	313128	16480.422	2872.529	15526.000	13239	23497	355.316	152.947	15.211	0.695	0.208	0.728	355.294	152.935	15.196	354	151	15	4	5	2
503	27.984	78.541	170	113	5311529	31244.289	15907.894	25485.000	13267	65535	106.559	163.918	16.665	1.788	0.410	1.775	106.569	163.920	16.656	101	160	15	12	8	5
504	11.688	38.442	71	59	1400489	19725.197	5510.965	18509.000	13346	36784	544.521	175.183	15.831	1.172	0.197	1.167	544.528	175.169	15.791	542	173	15	6	7	3
505	5.103	24.789	31	31	547951	17675.838	2713.055	17041.000	13415	23978	77.129	260.258	15.387	0.912	0.290	0.932	77.110	260.385	15.404	75	257	15	5	7	2
506	3.457	21.169	21	21	342764	16322.096	1987.134	15756.000	13565	20280	69.667	266.905	15.048	0.823	0.335	0.882	69.655	266.944	15.040	67	264	15	6	6	2
507	7.901	28.306	48	40	1150379	23966.229	8882.425	20408.000	13748	47515	98.896	265.917	15.833	1.049	0.174	1.008	98.843	265.951	15.772	97	264	15	5	5	3
508	2.469	16.825	15	15	222988	14865.866	1511.647	14166.000	13367	18242	879.867	271.000	15.267	0.720	0.274	0.703	879.839	270.961	15.260	878	269	15	4	6	2
509	2.634	17.859	16	16	237256	14828.500	1428.747	14416.500	13402	18294	228.500	275.688	15.938	0.831	0.308	0.884	228.558	275.735	15.944	226	274	15	6	5	2
510	2.140	12.723	13	12	300351	23103.924	7708.624	21319.000	14614	42371	292.692	294.077	16.385	0.706	0.218	0.656	292.695	294.060	16.381	292	293	15	3	3	3
511	2.140	13.757	13	13	211940	16303.077	2666.116	15123.000	13707	20876	442.462	307.231	15.231	0.640	0.202	0.682	442.477	307.235	15.200	441	306	15	4	4	2
512	9.383	33.098	57	52	1228286	21548.877	5142.620	21149.000	13311	32573	798.035	315.930	15.684	1.046	0.245	1.040	797.996	315.937	15.662	796	313	15	5	7	3
513	13.005	39.925	79	65	1790253	22661.430	6777.601	21041.000	13363	41858	806.279	316.810	15.987	1.220	0.181	1.209	806.211	316.908	15.951	803	314	15	7	6	3
514	9.548	35.822	58	49	1177650	20304.311	5993.715	20141.500	13410	35533	708.690	317.897	15.793	1.127	0.237	1.129	708.734	317.916	15.764	705	316	15	8	5	3
515	2.634	12.619	16	16	334863	20928.938	4769.594	21166.000	13324	28939	163.000	328.000	15.500	0.660	0.093	0.633	162.991	328.063	15.486	162	327	15	3	3	2
516	22.388	65.300	136	110	3310690	24343.309	9457.095	21488.000	13308	58288	110.691	341.250	16.015	1.567	0.429	1.488	110.525	341.459	15.983	105	336	15	11	10	3
517	19.260	64.506	117	97	2586155	22103.889	7455.487	20776.000	13255	42085	63.051	365.333	16.419	1.388	0.350	1.430	62.984	365.407	16.417	60	361	15	8	9	4
518	26.009	72.882	158	139	3177891	20113.234	5792.134	18748.500	13352	42181	159.627	368.481	16.247	1.579	0.452	1.554	159.510	368.499	16.249	155	364	15	11	11	3
519	37.038	79.986	225	146	6111893	27163.969	11003.068	22074.000	13234	56864	683.191	374.676	16.440	1.848	0.311	1.825	683.258	374.578	16.423	680	369	15	7	12	4
520	39.507	90.019	240	170	6681558	27839.824	11112.530	24759.500	13204	61274	100.417	366.587	17.142	1.873	0.473	1.824	100.392	366.504	17.099	97	360	15	8	14	5
521	52.677	110.638	320	188	11031055	34472.047	17531.141	29003.000	13239	65535	77.500	385.634	16.978	2.203	0.450	2.203	77.496	385.502	16.975	73	380	15	10	13	5
522	19.754	55.819	120	87	3067620	25563.500	9869.289	23957.500	13367	51501	275.892	401.642	17.067	1.474	0.292	1.414	275.875	401.784	17.052	273	398	15	7	7	5
523	4.609	24.237	28	28	453281	16188.607	2207.764	15449.500	13360	22017	643.393	407.679	15.250	0.927	0.382	0.881	643.337	407.758	15.239	642	403	15	5	9	2
524	18.766	55.234	114	89	3243136	28448.561	12351.250	24295.000	13460	59427	240.360	407.360	16.570	1.500	0.344	1.521	240.335	407.576	16.556	238	403	15	6	9	4
525	8.725	30.926	53	46	1099083	20737.416	5218.190	20057.000	13324	33322	704.208	409.491	15.736	1.064	0.219	1.064	704.246	409.476	15.727	702	407	15	5	6	3
526	4.609	32.857	28	28	416742	14883.643	1629.598	14228.000	13369	19536	709.536	413.857	15.821	1.043	0.351	1.081	709.513	413.790	15.833	707	411	15	7	7	2
527	54.817	121.049	333	212	10727140	32213.633	15642.030	27611.000	13262	65535	112.871	416.120	16.949	2.267	0.674	2.130	112.414	415.997	16.931	106	412	15	19	9	5
528	33.746	78.126	205	129	6649161	32434.932	16198.512	27772.000	13212	65535	151.195	418.966	17.312	1.801	0.251	1.788	151.287	419.023	17.307	147	415	15	10	9	5
529	11.194	39.858	68	54	2303901	33880.898	17516.115	28316.000	13277	65535	191.868	421.735	16.647	1.325	0.391	1.371	192.021	421.792	16.661	190	420	15	5	5	5
530	72.924	156.251	443	262	15315635	34572.539	17339.439	30091.000	13205	65535	74.023	428.061	17.077	2.575	0.800	2.659	73.993	427.934	17.081	67	421	15	16	16	5
531	23.211	61.230	141	111	2859928	20283.178	5172.054	18551.000	13319	32597	707.262	430.511	16.035	1.504	0.329	1.477	707.382	430.418	16.027	703	426	15	9	10	3
532	20.412	57.232	124	103	2903106	23412.145	7872.648	21948.000	13317	49090	831.984	447.000	15.887	1.486	0.427	1.444	832.027	447.072	15.871	829	442	15	7	11	3
533	3.457	18.204	21	21	336191	16009.096	2358.245	15310.000	13230	23301	709.048	444.429	15.667	0.777	0.249	0.770	709.084	444.394	15.683	706	443	15	6	4	2
534	4.445	22.273	27	27	477393	17681.223	2199.993	17843.000	13351	22525	222.370	261.889	16.519	0.851	0.186	0.840	222.335	261.798	16.543	221	260	16	4	5	2
535	3.622	18.756	22	22	373268	16966.727	3309.824	16036.500	13357	26690	359.636	337.773	16.455	0.758	0.190	0.760	359.559	337.808	16.431	358	335	16	4	6	2
536	8.231	35.407	50	50	904767	18095.340	3264.798	17705.000	13255	24994	147.620	369.920	16.960	1.105	0.405	1.124	147.637	369.875	16.966	144	367	16	8	7	3
537	7.243	30.615	44	42	802890	18247.500	3582.624	18075.000	13203	25839	154.318	377.273	16.750	0.970	0.267	1.002	154.338	377.287	16.784	152	374	16	6	7	3
538	24.528	67.023	149	105	3583906	24053.061	9888.693	20815.000	13277	52826	47.644	387.443	17.309	1.572	0.249	1.597	47.742	387.400	17.277	44	382	16	8	11	4
539	40.330	93.121	245	179	5952314	24295.160	8536.267	22140.000	13258	55938	101.253	390.539	17.045	1.827	0.439	1.851	101.347	390.603	17.028	96	385	16	12	11	4
540	8.066	37.338	49	47	859645	17543.775	3476.372	16655.000	13229	25383	189.347	386.592	17.041	1.055	0.333	1.101	189.324	386.613	17.037	187	383	16	6	8	3
541	2.798	16.377	17	17	262917	15465.706	1972.783	14662.000	13498	20698	244.765	389.118	16.235	0.691	0.206	0.739	244.760	389.118	16.223	243	387	16	5	5	2
542	1.811	11.481	11	11	180491	16408.273	2733.020	15543.000	13356	21682	333.636	400.636	16.727	0.638	0.213	0.727	333.641	400.682	16.751	332	400	16	5	2	2
543	17.449	57.232	106	87	2164012	20415.207	6132.273	18407.000	13269	44106	182.047	408.472	17.009	1.375	0.312	1.351	182.136	408.515	16.980	179	404	16	7	10	3
544	12.675	50.646	77	75	1461782	18984.182	4694.059	17290.000	13227	32035	127.675	407.727	17.299	1.321	0.496	1.213	127.773	407.688	17.272	122	405	16	12	6	3
545	3.786	18.411	23	21	500448	21758.609	9072.751	16709.000	13232	43293	194.609	411.174	16.609	0.807	0.217	0.769	194.630	411.183	16.605	193	410	16	4	4	3
546	7.408	31.201	45	45	835007	18555.711	4137.464	17847.000	13586	29143	182.356	381.822	17.267	1.010	0.313	1.036	182.333	381.741	17.231	179	379	17	7	7	2
