 	Volume (micron^3)	Surface (micron^2)	Nb of obj. voxels	Nb of surf. voxels	IntDen	Mean	StdDev	Median	Min	Max	X	Y	Z	Mean dist. to surf. (micron)	SD dist. to surf. (micron)	Median dist. to surf. (micron)	XM	YM	ZM	BX	BY	BZ	B-width	B-height	B-depth
1	19.589	56.301	119	92	2906812	24426.992	9458.392	22062.000	11909	48053	1018.403	525.765	3.857	1.494	0.370	1.462	1018.431	525.844	3.847	1016	521	2	5	11	4
2	19.918	62.576	121	100	2611871	21585.711	7187.013	20596.000	12037	39997	995.099	537.901	3.364	1.402	0.339	1.424	995.131	537.833	3.384	991	535	2	10	8	4
3	24.528	65.818	149	96	4265949	28630.529	14505.406	25394.000	11914	65535	963.523	542.940	3.953	1.670	0.332	1.648	963.504	542.936	3.908	960	539	2	8	9	5
4	63.047	125.944	383	239	12533708	32725.086	16727.021	27202.000	11949	65535	703.888	579.648	4.407	2.218	0.480	2.253	703.942	579.548	4.397	698	573	2	13	14	5
5	67.327	153.046	409	248	11409197	27895.348	16026.324	21207.000	12059	65535	680.279	582.856	6.086	2.672	0.807	2.731	680.001	582.244	5.575	675	578	2	11	15	8
6	30.289	81.161	184	121	5514394	29969.533	15432.530	25786.500	11979	65535	854.989	600.799	3.957	1.785	0.377	1.871	855.052	600.928	3.919	851	596	2	8	10	5
7	42.964	103.531	261	213	5449431	20879.047	7235.818	19160.000	11983	45772	980.797	604.034	4.096	2.102	0.738	2.008	980.617	603.790	4.037	973	599	2	16	12	4
8	48.561	117.050	295	208	6803579	23062.980	8772.599	21986.000	12038	52445	1000.047	631.264	4.461	2.238	0.709	2.201	1000.182	631.202	4.414	993	626	2	15	12	5
9	80.167	163.456	487	288	14829181	30450.064	15935.915	26409.000	12004	65535	947.587	645.082	4.308	2.421	0.448	2.393	947.570	644.734	4.361	942	638	2	13	15	6
10	26.174	72.678	159	117	3669431	23078.182	8685.303	20918.000	11962	46998	1009.874	648.365	3.233	1.665	0.420	1.683	1009.866	648.324	3.278	1004	646	2	12	7	4
11	22.388	60.749	136	104	3220172	23677.734	9197.509	22219.000	11970	50908	960.824	480.537	5.000	1.470	0.259	1.462	960.805	480.569	5.001	957	477	3	8	9	5
12	9.383	36.304	57	56	1002769	17592.439	3813.181	16940.000	12110	25663	1014.579	492.105	3.596	1.100	0.342	1.082	1014.565	492.081	3.646	1012	488	3	6	9	3
13	36.051	80.194	219	142	6742909	30789.539	14225.199	27820.000	11920	65535	925.196	496.315	5.320	1.793	0.244	1.793	925.039	496.251	5.309	921	492	3	9	9	5
14	44.775	94.432	272	176	8031696	29528.295	12923.976	29197.500	12007	65535	751.287	522.713	5.048	1.937	0.352	1.979	751.268	522.658	5.024	747	518	3	10	11	5
15	16.461	57.817	100	96	1871386	18713.859	5142.044	17987.500	12038	34134	974.910	538.170	3.590	1.512	0.610	1.492	974.927	538.141	3.598	971	533	3	9	12	3
16	38.026	85.678	231	135	9192506	39794.398	19892.576	37800.000	11969	65535	631.117	560.974	5.532	1.980	0.387	1.930	631.132	560.924	5.519	627	558	3	9	7	6
17	14.980	50.131	91	68	1904069	20923.836	6651.652	21266.000	12018	34356	960.363	564.132	4.308	1.333	0.279	1.342	960.319	564.132	4.320	957	561	3	7	7	4
18	15.638	45.165	95	75	1899469	19994.410	6671.794	17905.000	11988	40478	951.737	574.211	4.042	1.293	0.186	1.290	951.682	574.332	4.030	948	571	3	8	7	3
19	28.149	76.573	171	137	3340871	19537.258	5270.777	19168.000	11920	35491	981.825	578.462	4.848	1.681	0.523	1.619	981.808	578.570	4.796	976	574	3	12	10	4
20	22.058	63.472	134	100	2878791	21483.516	8369.847	18667.500	12102	46113	996.836	583.746	4.388	1.569	0.337	1.549	996.903	583.879	4.351	993	579	3	9	9	4
21	13.663	56.646	83	76	1288939	15529.386	2998.517	14692.000	11913	24055	954.880	592.024	3.904	1.313	0.395	1.249	954.893	592.012	3.911	951	588	3	8	11	3
22	35.886	85.401	218	139	6642561	30470.463	15137.652	26297.000	11973	65535	897.569	597.106	5.193	1.860	0.321	1.881	897.591	597.068	5.173	893	593	3	10	9	5
23	33.252	89.158	202	150	4593385	22739.529	8426.352	20531.000	11924	47528	934.777	599.079	4.965	1.945	0.616	2.015	934.931	599.077	4.926	929	594	3	12	11	5
24	21.894	57.921	133	106	2681090	20158.572	5391.357	19368.000	11971	34001	883.632	637.474	3.962	1.464	0.298	1.451	883.691	637.426	3.966	879	634	3	10	7	4
25	20.906	56.475	127	84	4290905	33786.652	18608.338	27795.000	12075	65535	968.252	638.606	5.291	1.579	0.308	1.550	968.158	638.623	5.300	965	636	3	7	6	5
26	13.498	41.166	82	66	1836382	22394.902	7491.767	20603.500	12532	45460	933.049	640.951	4.988	1.239	0.201	1.264	932.971	641.011	4.976	930	638	3	7	6	4
27	33.417	79.953	203	133	7212300	35528.570	18280.463	31299.000	12164	65535	436.232	651.724	5.473	1.806	0.321	1.767	436.226	651.759	5.438	430	648	3	12	8	6
28	22.881	64.299	139	114	2786271	20045.115	6049.017	18631.000	11935	41437	904.058	662.928	4.079	1.491	0.331	1.504	904.110	662.881	4.075	900	659	3	10	9	3
29	35.886	98.398	218	161	4696298	21542.652	7859.757	19779.000	11933	46053	998.440	665.385	4.775	2.052	0.745	1.904	998.359	665.284	4.764	994	659	3	10	16	4
30	39.507	89.122	240	169	5732271	23884.463	9853.196	20945.000	11912	53128	659.008	682.692	4.338	1.826	0.338	1.816	658.972	682.595	4.331	653	679	3	13	9	4
31	26.832	68.057	163	125	3586697	22004.275	6823.250	21306.000	11971	41421	808.386	701.718	4.988	1.557	0.316	1.543	808.342	701.694	4.981	804	697	3	10	10	5
32	22.881	70.884	139	115	3460522	24895.842	11428.318	21604.000	12073	65535	331.360	726.029	4.964	1.595	0.494	1.459	331.727	726.489	4.965	326	721	3	12	10	4
33	13.498	46.028	82	62	1927424	23505.170	7965.573	22134.000	12201	41781	956.781	469.512	5.695	1.303	0.270	1.291	956.749	469.530	5.695	954	466	4	6	7	4
34	27.326	66.093	166	113	4902053	29530.439	14516.547	27278.500	11974	65535	833.994	480.012	5.416	1.644	0.222	1.637	833.966	479.941	5.344	830	476	4	9	9	4
35	6.091	26.616	37	36	581052	15704.108	2583.475	15628.000	12037	22315	966.405	488.108	5.378	0.936	0.335	0.860	966.408	488.125	5.364	965	484	4	4	8	3
36	33.417	89.466	203	167	3890800	19166.502	5510.355	17954.000	11919	38533	764.374	505.305	5.079	1.739	0.494	1.727	764.418	505.154	5.098	760	499	4	10	13	3
37	16.132	46.062	98	79	2615484	26688.611	10457.031	25261.500	12199	55315	913.939	503.184	5.939	1.313	0.225	1.301	913.965	503.252	5.935	911	500	4	7	7	4
38	18.766	56.920	114	103	2046930	17955.525	4194.158	17379.500	11914	27791	769.711	517.026	4.693	1.348	0.355	1.397	769.697	516.942	4.664	766	513	4	9	9	3
39	49.549	99.776	301	188	9067711	30125.285	12506.400	30001.000	11958	59342	853.090	516.990	6.312	2.027	0.318	2.010	853.024	517.065	6.261	847	513	4	13	9	5
40	5.103	24.341	31	31	425807	13735.710	1073.277	13628.000	12353	16291	931.935	521.968	4.645	0.848	0.229	0.872	931.956	521.975	4.643	929	520	4	6	6	2
41	3.128	16.514	19	19	267651	14086.895	1598.783	13940.000	11967	16381	605.158	522.421	4.947	0.727	0.309	0.745	605.171	522.412	4.954	602	521	4	7	4	2
42	35.886	80.950	218	169	4819343	22107.078	7086.042	20742.000	11944	45302	714.913	530.771	4.968	1.796	0.511	1.725	714.871	530.699	4.958	710	526	4	10	12	3
43	37.203	93.502	226	156	5864984	25951.256	9963.114	25374.500	11921	51082	789.726	529.845	5.942	1.842	0.400	1.885	789.651	529.793	5.935	784	526	4	12	8	5
44	23.869	66.507	145	105	4202450	28982.414	13528.806	28203.000	12020	65535	678.841	532.607	6.166	1.619	0.357	1.611	678.778	532.518	6.093	674	530	4	10	7	5
45	39.837	96.949	242	172	5641750	23313.016	7597.300	22225.000	11929	43639	849.277	537.033	5.310	1.797	0.369	1.849	849.208	537.027	5.297	845	532	4	10	11	4
46	34.240	78.470	208	130	6279909	30191.871	15251.440	26873.500	11911	65535	905.630	547.308	6.178	1.815	0.278	1.836	905.560	547.281	6.152	902	543	4	9	9	5
47	35.557	92.538	216	148	6137322	28413.527	12139.453	26834.500	11926	65535	929.907	556.023	5.968	1.876	0.459	1.978	929.868	556.033	5.946	924	552	4	13	9	5
48	55.804	114.082	339	236	7883513	23255.201	8585.928	20934.000	11941	48522	837.743	569.876	5.596	2.110	0.470	2.066	837.474	569.843	5.553	831	565	4	15	11	4
49	49.549	108.707	301	184	10030883	33325.191	17161.102	28069.000	11943	65535	814.681	575.166	5.761	2.121	0.426	2.156	814.723	575.161	5.693	808	571	4	14	9	5
50	13.663	45.717	83	69	1655124	19941.254	6723.067	18723.000	11914	45170	690.205	577.277	4.916	1.317	0.322	1.271	690.307	577.355	4.890	686	574	4	9	7	3
51	21.400	62.405	130	93	3503364	26948.953	10519.404	26377.000	12321	51119	777.815	578.069	6.185	1.537	0.326	1.501	777.851	578.028	6.156	775	575	4	7	8	5
52	13.169	48.578	80	74	1551754	19396.926	5574.840	17614.500	11921	35101	555.750	582.763	5.575	1.302	0.514	1.251	555.740	582.686	5.550	553	577	4	6	13	4
53	24.692	68.231	150	110	3887123	25914.154	12758.295	22614.000	11916	61064	466.453	587.113	5.667	1.705	0.480	1.672	466.683	587.141	5.673	460	585	4	13	5	4
54	22.552	55.371	137	94	4058814	29626.379	13949.793	24084.000	11927	61835	768.474	587.321	5.628	1.567	0.236	1.587	768.463	587.301	5.611	765	585	4	8	6	4
55	2.469	14.998	15	14	215316	14354.400	1401.505	14219.000	12223	16739	792.533	601.067	4.600	0.732	0.223	0.672	792.539	601.075	4.589	791	600	4	4	3	3
56	37.038	83.537	225	160	5732543	25477.969	9768.729	23805.000	11932	49057	876.533	609.640	5.676	1.783	0.331	1.786	876.620	609.621	5.679	871	605	4	11	10	4
57	24.857	75.676	151	131	2626567	17394.484	3591.286	16918.000	12066	26876	854.874	624.960	4.762	1.563	0.491	1.530	854.752	624.994	4.735	849	621	4	12	9	3
58	26.832	89.744	163	139	2909674	17850.760	4555.332	17272.000	11940	32716	817.509	630.528	4.975	1.713	0.581	1.566	817.454	630.487	4.974	811	627	4	15	8	3
59	15.968	49.475	97	77	2229854	22988.186	9306.529	20616.000	12032	49028	740.990	631.742	5.825	1.342	0.283	1.304	740.826	631.804	5.812	738	629	4	8	7	4
60	19.095	56.198	116	88	2633439	22702.061	8421.435	21603.000	11913	44107	787.784	634.698	5.216	1.395	0.249	1.388	787.817	634.669	5.268	784	631	4	9	8	4
61	50.866	121.500	309	205	11397430	36884.887	18830.744	33686.000	11967	65535	93.900	641.379	7.159	2.290	0.665	2.311	94.061	641.292	7.114	87	638	4	16	8	7
62	34.404	82.951	209	160	5652564	27045.762	10345.812	26280.000	12292	54680	865.459	640.971	6.014	1.824	0.507	1.865	865.475	641.060	5.989	862	635	4	9	13	5
63	16.297	50.372	99	78	2185275	22073.484	7667.387	20746.000	11939	43631	557.030	647.141	5.051	1.342	0.263	1.317	557.210	647.106	5.073	553	644	4	9	7	4
64	23.704	65.644	144	109	3326743	23102.383	9341.155	20363.000	11916	50856	571.521	652.701	5.264	1.597	0.409	1.570	571.633	652.761	5.270	568	648	4	9	9	4
65	13.169	42.786	80	69	1460182	18252.275	5185.318	16844.500	11917	34220	925.287	653.025	5.213	1.199	0.259	1.234	925.199	653.096	5.218	922	650	4	7	7	3
66	15.968	46.958	97	74	2384774	24585.299	9494.776	22378.000	12039	51683	554.701	659.619	5.876	1.345	0.260	1.306	554.651	659.502	5.856	552	656	4	7	7	5
67	31.112	75.713	189	121	6713400	35520.637	19121.158	27879.000	11975	65535	506.212	662.037	5.804	1.806	0.337	1.810	506.132	662.042	5.784	502	659	4	10	7	5
68	8.395	39.131	51	50	812843	15938.098	2672.561	15809.000	12168	25415	638.451	666.961	5.196	1.043	0.324	1.077	638.436	666.938	5.173	636	664	4	6	7	3
69	23.211	67.404	141	102	3909198	27724.809	12643.812	25973.000	12015	61646	884.624	673.979	6.113	1.624	0.402	1.633	884.550	674.063	6.025	881	670	4	8	9	5
70	35.063	80.468	213	157	5840797	27421.582	10590.834	27012.000	11947	58313	40.531	674.690	5.854	1.709	0.369	1.736	40.645	674.672	5.838	36	670	4	11	10	4
71	9.548	38.546	58	51	1008114	17381.275	4614.772	15660.000	12094	28988	782.793	674.931	4.897	1.116	0.306	1.141	782.731	675.022	4.877	781	672	4	6	7	3
72	4.609	27.754	28	28	411955	14712.679	2504.053	13943.500	12015	20472	838.964	681.321	4.821	0.931	0.392	0.899	838.911	681.272	4.838	836	679	4	8	7	2
73	8.231	34.477	50	49	765108	15302.160	3116.716	14399.000	11909	29970	783.280	689.160	4.680	1.039	0.320	1.026	783.328	689.055	4.697	781	685	4	5	8	3
74	24.692	62.646	150	99	4980941	33206.273	16345.804	30082.500	12129	65535	184.040	695.720	6.040	1.633	0.309	1.604	184.023	695.744	5.976	181	692	4	7	8	5
75	20.906	72.022	127	115	2021976	15921.071	3164.318	15601.000	11916	27153	839.465	702.535	5.079	1.581	0.503	1.490	839.561	702.491	5.074	833	699	4	12	8	4
76	5.597	30.926	34	32	541698	15932.294	2906.270	15132.500	11918	23528	627.412	701.206	5.059	1.027	0.409	1.051	627.440	701.204	5.040	623	699	4	9	5	3
77	12.675	40.718	77	62	1749852	22725.352	7480.923	22452.000	11957	37172	576.338	702.675	5.831	1.205	0.180	1.201	576.300	702.605	5.750	573	700	4	7	7	4
78	8.560	29.477	52	52	855569	16453.250	2873.406	16299.500	11973	22755	616.269	707.846	4.500	0.984	0.282	0.970	616.335	707.822	4.483	613	706	4	8	6	2
79	25.680	64.818	156	108	4932728	31620.051	15488.619	27691.000	11937	65535	231.654	711.570	5.365	1.650	0.289	1.653	231.627	711.453	5.335	227	708	4	10	8	4
80	23.540	63.369	143	109	3253799	22753.840	8430.382	21197.000	12019	46937	824.133	713.147	5.175	1.530	0.345	1.507	824.202	713.154	5.202	819	710	4	10	8	4
81	42.306	90.982	257	197	6080342	23658.918	8175.136	21942.000	12062	45336	594.424	716.732	6.062	1.815	0.418	1.860	594.520	716.363	6.027	589	711	4	11	12	5
82	12.511	44.716	76	69	1307641	17205.803	3894.921	16276.500	11988	27256	535.763	721.868	5.158	1.264	0.375	1.230	535.756	721.887	5.159	532	718	4	8	8	3
83	17.778	53.681	108	85	2581817	23905.713	8796.970	22359.500	12216	43418	489.676	721.787	5.750	1.375	0.264	1.362	489.656	721.770	5.674	486	719	4	9	6	4
84	21.894	57.647	133	96	4051915	30465.525	15171.390	28611.000	11909	65535	444.068	725.586	6.226	1.532	0.265	1.533	443.968	725.591	6.117	440	723	4	9	6	5
85	15.638	51.613	95	73	2009564	21153.305	7013.571	19644.000	12023	39746	990.495	345.389	7.337	1.394	0.388	1.344	990.647	345.464	7.281	986	343	5	9	6	5
86	40.824	89.985	248	160	7510397	30283.859	15311.968	25722.500	11910	65535	929.629	381.641	7.548	1.893	0.314	1.857	929.761	381.678	7.557	923	378	5	12	9	6
87	29.795	76.747	181	121	4458338	24631.701	10759.858	21064.000	11910	57153	977.801	406.431	6.547	1.766	0.375	1.746	977.741	406.364	6.532	973	402	5	10	10	4
88	20.083	57.094	122	97	2588785	21219.549	6622.394	20503.000	12158	51614	931.984	435.352	7.049	1.493	0.368	1.458	932.135	435.350	7.071	927	433	5	10	6	5
89	12.181	36.167	74	61	1570058	21217.000	5982.766	19729.000	12603	41794	960.243	461.135	5.851	1.192	0.198	1.207	960.263	461.005	5.819	958	458	5	5	7	3
90	2.305	18.860	14	14	189389	13527.786	1252.214	13412.500	12005	16384	748.714	479.071	5.643	0.869	0.270	0.831	748.683	479.080	5.664	746	477	5	6	5	2
91	15.145	45.061	92	79	1934535	21027.555	5871.458	20759.000	12156	40851	805.359	500.989	5.750	1.251	0.255	1.284	805.406	500.987	5.705	802	498	5	8	7	3
92	16.626	45.613	101	81	2388690	23650.396	7762.135	22772.000	12062	46047	816.921	506.178	5.990	1.315	0.194	1.305	816.817	506.104	6.012	814	503	5	7	7	3
93	25.021	62.954	152	120	3553148	23375.975	8888.339	21335.000	12022	51369	579.974	517.474	5.895	1.512	0.293	1.522	580.025	517.398	5.877	576	514	5	9	9	3
94	25.021	65.540	152	113	3259629	21444.928	6658.482	20462.000	11939	40438	807.914	526.783	6.072	1.531	0.294	1.560	807.931	526.704	6.058	804	523	5	9	9	4
95	24.198	66.989	147	112	3644710	24793.945	9819.678	23889.000	12030	52024	522.041	526.272	7.170	1.573	0.366	1.566	521.943	526.325	7.178	517	523	5	11	7	5
96	4.280	24.997	26	25	400094	15388.230	3342.599	14816.500	12183	25953	692.269	529.769	6.269	0.964	0.310	1.013	692.301	529.785	6.236	690	528	5	6	5	3
97	22.717	62.509	138	86	4005620	29026.232	16171.125	22378.000	11959	65535	871.638	536.181	6.942	1.651	0.310	1.561	871.694	536.182	6.968	868	533	5	8	7	5
98	18.601	51.061	113	84	2489166	22028.018	7783.648	20054.000	11982	45221	745.434	545.628	6.867	1.421	0.242	1.412	745.368	545.612	6.849	742	543	5	8	6	4
99	24.034	62.646	146	100	4168060	28548.355	13300.399	24816.500	11950	62624	876.678	549.829	6.527	1.619	0.275	1.624	876.656	549.910	6.565	873	547	5	9	7	4
100	13.498	52.266	82	82	1236082	15074.171	2354.986	14525.500	11956	21544	670.866	554.598	6.280	1.261	0.426	1.263	670.799	554.551	6.270	667	551	5	9	9	3
101	22.058	56.750	134	92	3167768	23640.061	8802.412	21922.500	12042	40255	741.246	561.201	6.463	1.547	0.218	1.565	741.213	561.265	6.457	739	557	5	6	9	4
102	7.408	36.960	45	45	703066	15623.688	3387.783	14786.000	11949	25523	755.889	568.422	5.644	1.091	0.431	1.062	755.909	568.445	5.647	751	566	5	10	6	2
103	3.951	27.272	24	24	334688	13945.333	1644.952	13844.500	11980	18531	803.042	568.292	5.458	0.996	0.419	0.888	802.950	568.415	5.442	800	565	5	7	8	2
104	26.832	65.714	163	112	5590276	34296.172	17603.680	29883.000	12125	65535	573.546	571.061	6.503	1.671	0.296	1.669	573.570	571.140	6.518	569	568	5	10	6	5
105	16.626	52.232	101	83	1676356	16597.584	3508.868	15839.000	11929	25872	627.980	572.980	6.069	1.336	0.262	1.309	628.009	572.983	6.078	625	569	5	7	9	3
106	33.581	78.126	204	130	6253915	30656.445	15602.466	25604.000	11910	65535	455.260	572.716	6.760	1.787	0.269	1.790	455.209	572.750	6.750	452	568	5	8	10	5
107	1.975	12.170	12	12	168666	14055.500	2184.824	13323.500	12340	19965	598.000	578.167	5.167	0.601	0.229	0.563	598.002	578.176	5.151	596	577	5	5	3	2
108	27.655	70.506	168	113	4482092	26679.119	12438.681	22591.500	11914	65535	521.643	584.780	6.607	1.684	0.295	1.667	521.739	584.835	6.641	517	582	5	11	7	4
109	11.852	36.441	72	72	1213196	16849.945	4260.466	16097.000	11938	30589	754.333	587.486	5.500	1.092	0.315	1.123	754.226	587.508	5.485	751	584	5	7	8	2
110	43.294	90.571	263	166	7432346	28259.871	11615.431	24456.000	11948	56407	662.631	592.730	6.570	1.942	0.338	1.893	662.645	592.700	6.546	659	587	5	9	13	4
111	12.511	43.890	76	61	1553923	20446.355	7072.597	19159.500	11959	40132	525.632	600.145	6.513	1.217	0.267	1.199	525.539	600.167	6.516	523	597	5	7	7	4
112	1.811	11.136	11	11	156062	14187.454	1145.572	14419.000	12470	16057	923.091	602.636	5.455	0.629	0.102	0.645	923.062	602.619	5.457	922	602	5	3	3	2
113	8.395	29.444	51	42	1202025	23569.117	9513.545	20406.000	12390	51146	639.431	604.569	5.961	1.077	0.168	1.108	639.480	604.434	5.914	637	603	5	6	5	3
114	79.179	228.414	481	363	10042372	20878.111	7404.985	19438.000	11909	49062	397.593	611.037	8.245	3.011	1.162	2.928	397.714	611.041	8.165	388	604	5	21	16	8
115	10.206	32.339	62	62	1056809	17045.307	3396.544	16661.000	12154	24983	547.129	625.984	5.500	1.041	0.302	1.018	547.150	625.947	5.504	544	624	5	8	6	2
116	43.294	96.226	263	161	8348229	31742.316	16352.296	27243.000	12048	65535	470.821	631.144	7.213	1.956	0.313	1.949	470.641	631.106	7.216	465	627	5	13	9	5
117	10.371	36.615	63	56	1215424	19292.445	5618.649	17657.000	11998	41519	637.762	631.841	6.206	1.164	0.290	1.195	637.666	631.933	6.213	635	629	5	7	6	3
118	23.704	68.472	144	105	3189249	22147.562	9067.276	19022.000	12042	56989	730.479	638.514	6.431	1.574	0.301	1.574	730.519	638.548	6.410	726	634	5	9	10	4
119	7.572	32.994	46	46	745026	16196.218	3374.334	15370.500	11912	26978	594.087	637.304	5.565	1.047	0.374	0.982	594.281	637.217	5.566	590	635	5	9	6	2
120	47.738	101.640	290	166	10156701	35023.105	18848.768	31395.000	11983	65535	695.845	643.731	7.238	2.081	0.312	2.095	695.777	643.743	7.280	691	640	5	11	9	6
121	6.091	32.305	37	36	596040	16109.189	3956.668	14557.000	12026	27092	638.865	649.324	6.216	1.061	0.380	1.052	638.928	649.198	6.223	635	648	5	9	5	3
122	68.644	161.388	417	275	11662038	27966.518	13333.621	24169.000	12000	65535	725.446	652.564	7.218	2.652	0.861	2.756	725.631	652.897	7.181	719	644	5	14	19	5
123	17.778	52.647	108	78	2618471	24245.102	9440.087	21179.500	11918	48383	681.898	659.259	6.343	1.414	0.232	1.427	681.901	659.187	6.332	678	656	5	8	7	4
124	35.063	79.056	213	142	6038895	28351.619	12547.402	25121.000	12066	59201	890.779	660.427	6.362	1.798	0.293	1.768	890.746	660.382	6.335	887	656	5	9	10	4
125	18.766	55.957	114	90	2338338	20511.736	6558.169	18989.500	11942	41541	53.570	663.000	6.342	1.469	0.405	1.455	53.719	663.083	6.394	50	660	5	9	7	4
126	24.363	71.989	148	111	2885597	19497.277	5871.957	17979.500	11912	34742	595.878	672.446	6.162	1.602	0.433	1.540	595.973	672.350	6.190	592	668	5	9	11	4
127	37.697	84.333	229	135	8650268	37774.098	19338.701	33738.000	12075	65535	389.507	673.140	7.323	1.956	0.370	1.943	389.479	673.166	7.337	385	670	5	10	7	6
128	16.791	50.820	102	76	2385431	23386.578	8196.123	21666.500	12081	43386	66.206	679.804	6.608	1.433	0.316	1.440	66.268	679.893	6.640	63	677	5	8	7	4
129	13.334	40.580	81	62	1827787	22565.271	8500.377	20563.000	11946	45882	1018.198	679.704	6.358	1.320	0.275	1.320	1018.392	679.690	6.348	1016	677	5	5	6	4
130	32.100	85.263	195	127	5756560	29520.820	15268.977	26282.000	11953	65535	601.928	682.744	7.077	1.844	0.382	1.916	601.992	682.659	7.076	598	678	5	9	11	5
131	1.646	11.240	10	10	134987	13498.700	1842.595	12808.500	11932	16922	845.200	681.200	6.300	0.771	0.310	0.751	845.186	681.234	6.308	845	680	5	2	3	3
132	30.783	74.264	187	119	5829165	31172.006	15410.020	26333.000	11962	65535	457.952	683.765	7.406	1.744	0.265	1.731	457.887	683.765	7.409	454	680	5	9	9	5
133	41.812	89.744	254	167	7767237	30579.674	14669.742	26324.500	11925	65535	400.260	688.957	6.547	1.959	0.414	1.900	400.260	689.139	6.575	397	683	5	8	13	4
134	3.951	21.928	24	23	482945	20122.709	5804.839	18122.500	12496	37922	562.792	686.875	6.417	0.891	0.287	0.833	562.874	686.764	6.370	561	685	5	5	5	3
135	13.992	45.028	85	71	1912114	22495.459	7554.158	21358.000	11913	43127	570.365	688.118	5.953	1.309	0.339	1.240	570.438	688.000	5.886	565	686	5	9	6	3
136	19.754	57.543	120	89	2879699	23997.492	9155.667	22819.500	12006	51208	679.833	690.192	6.133	1.480	0.301	1.432	679.881	690.194	6.112	675	687	5	9	8	4
137	20.577	61.612	125	89	3311573	26492.584	12326.925	23374.000	12066	61409	856.176	701.648	6.440	1.620	0.431	1.552	856.209	701.714	6.475	852	698	5	8	8	5
138	30.289	74.334	184	117	6395273	34756.918	18399.014	28694.000	11971	65535	159.011	702.125	6.935	1.855	0.388	1.930	158.950	702.164	6.875	155	699	5	9	8	5
139	35.227	78.815	214	138	7259386	33922.363	17341.387	28940.500	11923	65535	426.636	707.556	6.556	1.810	0.284	1.821	426.715	707.461	6.548	422	704	5	10	9	5
140	24.528	61.612	149	105	4970122	33356.523	15696.529	30028.000	12560	65535	217.550	709.174	6.409	1.634	0.274	1.637	217.532	709.155	6.341	214	706	5	8	8	4
141	44.610	89.778	271	170	6984897	25774.527	10192.207	23696.000	11965	50589	556.627	714.649	6.476	1.937	0.303	1.926	556.502	714.656	6.444	553	710	5	9	11	4
142	32.758	79.230	199	130	6739968	33869.188	18455.701	29498.000	11979	65535	8.558	722.186	7.784	1.865	0.474	1.855	8.517	722.170	7.784	3	719	5	11	7	6
143	20.906	61.716	127	87	3415303	26892.150	13212.439	23912.000	11909	65535	275.740	724.150	6.764	1.559	0.326	1.549	275.845	724.217	6.807	272	721	5	9	7	5
144	43.623	107.707	265	196	6507776	24557.645	9464.967	22075.000	11987	54512	171.642	728.532	6.475	2.237	0.810	2.109	171.916	728.500	6.460	164	726	5	18	7	4
145	43.294	93.880	263	177	6676664	25386.555	9552.183	24276.000	11967	47226	393.456	730.464	6.274	1.862	0.331	1.914	393.481	730.499	6.254	388	726	5	12	10	4
146	28.314	74.472	172	113	4425343	25728.738	11326.613	23579.500	12030	58695	643.384	510.948	8.116	1.746	0.379	1.767	643.369	510.806	8.148	640	507	6	8	10	5
147	14.321	45.165	87	77	1641988	18873.426	4743.644	19065.000	12020	32423	899.540	538.897	7.092	1.252	0.308	1.305	899.609	538.805	7.119	896	537	6	8	6	3
148	10.371	33.925	63	62	1072047	17016.619	3516.697	17298.000	11967	30856	437.508	559.889	6.571	1.107	0.375	1.097	437.509	559.865	6.589	433	558	6	9	5	3
149	26.667	76.091	162	120	4097369	25292.400	10047.771	23897.000	11915	53175	309.537	591.173	8.080	1.722	0.497	1.704	309.557	591.231	8.059	304	588	6	12	8	5
150	41.647	97.089	253	156	8558234	33827.012	18225.748	29538.000	11920	65535	294.945	597.885	7.854	2.021	0.450	2.057	294.905	597.888	7.842	290	594	6	12	10	5
151	33.746	80.712	205	129	7003900	34165.367	17803.516	30021.000	11910	65535	281.644	622.498	7.859	1.846	0.323	1.876	281.691	622.460	7.857	277	619	6	10	8	5
152	1.646	10.688	10	10	144612	14461.200	3011.562	13543.500	12083	20001	181.500	631.500	6.500	0.661	0.130	0.561	181.568	631.445	6.504	181	630	6	2	4	2
153	25.186	95.537	153	141	2572570	16814.184	4198.980	15716.000	11987	34642	852.386	644.882	6.706	1.718	0.475	1.762	852.436	645.073	6.708	848	639	6	10	12	3
154	25.680	70.369	156	113	4547775	29152.404	13991.186	25371.500	12005	65535	498.917	643.173	7.250	1.673	0.380	1.707	498.824	643.212	7.247	495	640	6	10	8	4
155	21.235	60.645	129	101	2453859	19022.162	5244.363	18052.000	12071	34234	704.031	658.845	7.000	1.468	0.359	1.378	704.068	658.883	7.013	700	655	6	9	9	3
156	50.701	110.983	308	190	10349825	33603.328	17393.100	31144.000	11933	65535	355.935	673.295	8.143	2.152	0.497	2.167	355.956	673.315	8.147	349	670	6	15	7	6
157	8.560	34.684	52	46	911707	17532.826	4644.185	16187.000	12017	30013	974.135	675.635	7.173	1.085	0.253	1.091	974.108	675.656	7.174	972	672	6	5	7	3
158	4.445	27.065	27	27	401776	14880.593	2346.594	14215.000	11943	20964	707.000	677.852	6.852	0.902	0.290	0.913	707.004	677.894	6.873	704	675	6	6	7	3
159	13.992	44.924	85	69	1961226	23073.246	8282.745	20834.000	12046	41028	16.376	681.376	7.765	1.268	0.265	1.250	16.429	681.377	7.727	13	679	6	8	6	4
160	23.375	60.645	142	104	3923089	27627.387	12051.764	24283.500	12139	57013	350.986	682.528	7.218	1.516	0.287	1.535	350.996	682.540	7.203	347	679	6	9	8	4
161	6.585	26.479	40	36	1061081	26527.025	14237.325	22465.000	11918	65535	556.000	685.575	6.950	0.998	0.243	1.029	555.963	685.719	6.944	554	684	6	5	4	3
162	11.029	40.821	67	56	1383275	20645.896	6971.250	19991.000	11911	39083	959.806	689.612	7.164	1.202	0.280	1.225	959.886	689.619	7.191	956	687	6	8	6	4
163	33.252	77.644	202	125	6528839	32320.984	15524.089	29234.500	12139	65535	17.347	698.753	8.020	1.856	0.321	1.909	17.313	698.799	8.010	13	695	6	9	8	5
164	14.486	46.958	88	69	2052773	23326.967	8880.022	21967.500	12026	43119	189.864	704.693	7.250	1.305	0.278	1.313	189.911	704.727	7.294	186	702	6	9	6	4
165	10.700	34.373	65	64	1171105	18017.000	3525.732	17788.000	12045	26950	146.415	711.969	6.523	1.056	0.305	1.055	146.436	712.047	6.536	144	709	6	6	7	3
166	30.454	110.156	185	150	3243110	17530.324	5161.495	15519.000	11930	39083	790.259	719.292	11.259	2.324	1.058	2.131	790.057	719.305	11.475	784	716	6	14	8	9
167	9.054	38.097	55	50	898493	16336.236	3786.293	15634.000	11972	27484	125.309	721.818	6.982	1.095	0.277	1.107	125.271	721.795	6.994	122	720	6	8	5	3
168	40.001	85.779	243	158	7475039	30761.477	14946.120	27438.000	11954	65535	60.280	722.625	8.305	1.856	0.273	1.857	60.326	722.647	8.244	55	719	6	12	9	5
169	7.408	34.132	45	43	716237	15916.378	3057.917	15724.000	12089	26043	286.733	749.644	6.800	1.024	0.290	1.060	286.737	749.684	6.809	284	747	6	6	6	3
170	16.461	52.302	100	79	2718123	27181.230	10519.398	24989.500	12261	53945	64.030	755.200	7.890	1.409	0.367	1.342	63.959	755.230	7.880	60	752	6	9	7	4
171	31.606	79.816	192	130	5754234	29969.969	14932.479	26791.500	11968	65535	45.260	762.036	8.245	1.793	0.424	1.805	45.275	762.061	8.213	40	759	6	12	7	5
172	38.849	86.779	236	155	7395142	31335.348	16217.812	26047.000	11971	65535	152.047	766.386	8.225	1.872	0.319	1.849	152.115	766.332	8.194	148	762	6	9	10	6
173	32.429	84.159	197	132	5666856	28765.766	12904.099	26185.000	11981	62708	103.274	771.025	7.827	1.834	0.441	1.819	103.251	771.008	7.829	99	766	6	10	11	5
174	8.231	39.098	50	45	809686	16193.720	3786.385	14806.500	12031	25510	62.220	799.300	7.120	1.072	0.321	1.112	62.252	799.214	7.122	60	796	6	5	8	3
175	30.124	77.266	183	120	5919394	32346.416	16856.012	26675.000	12174	65535	956.639	360.066	9.847	1.858	0.426	1.936	956.710	359.933	9.801	953	356	7	8	9	6
176	1.811	12.619	11	11	156751	14250.091	2510.563	13119.000	12082	19738	931.182	397.818	7.818	0.598	0.232	0.526	931.202	397.812	7.842	930	396	7	4	4	2
177	39.343	88.814	239	155	6282897	26288.271	10531.125	23876.000	11977	48993	1013.548	407.138	8.862	1.954	0.450	2.001	1013.476	407.094	8.830	1008	404	7	12	8	5
178	15.145	47.544	92	72	1877060	20402.826	6998.627	18462.000	12013	42865	990.652	423.478	8.011	1.317	0.240	1.270	990.512	423.399	7.957	987	420	7	7	9	3
179	20.412	67.023	124	105	2287270	18445.727	5622.447	16347.000	11961	35604	867.871	424.758	8.097	1.585	0.526	1.488	867.809	424.693	8.125	863	421	7	12	9	3
180	24.198	69.265	147	116	3502297	23825.150	10759.428	20373.000	11969	58093	408.048	539.224	9.293	1.656	0.447	1.666	408.224	539.723	9.203	404	533	7	9	11	5
181	43.623	98.260	265	174	8714294	32884.129	16539.281	28026.000	11920	65535	340.891	570.475	9.362	1.999	0.462	1.955	340.921	570.535	9.324	335	567	7	14	8	5
182	35.886	84.848	218	141	6278010	28798.211	13903.851	25222.500	11909	65535	193.229	576.133	9.092	1.838	0.339	1.894	193.084	576.016	9.055	188	573	7	11	8	5
183	26.997	66.852	164	110	5023483	30630.994	15165.729	26295.500	12027	65535	407.049	579.713	9.293	1.654	0.243	1.634	407.064	579.714	9.218	404	576	7	8	8	5
184	6.914	27.858	42	39	805364	19175.334	5872.886	17848.000	12288	31815	258.500	615.095	8.333	0.976	0.255	0.967	258.516	615.072	8.355	256	613	7	6	5	3
185	23.540	62.094	143	100	4172342	29177.217	14231.047	24296.000	12041	65535	124.308	642.615	8.350	1.562	0.237	1.590	124.229	642.590	8.320	121	639	7	9	8	4
186	4.115	22.858	25	23	398940	15957.600	2960.990	15262.000	11946	22694	716.680	640.960	7.960	0.868	0.275	0.893	716.639	640.946	7.977	715	638	7	4	7	3
187	34.569	80.160	210	128	6637997	31609.510	16910.703	25766.000	12012	65535	20.919	651.205	8.890	1.862	0.307	1.877	20.889	651.198	8.844	16	648	7	10	8	5
188	10.700	35.959	65	62	1247025	19185.000	4385.258	19019.000	11966	30094	118.031	666.415	8.477	1.061	0.316	1.111	118.036	666.479	8.477	115	664	7	7	6	4
189	4.115	30.100	25	25	333532	13341.280	1018.018	13142.000	12037	16329	699.280	676.320	7.640	1.002	0.333	0.935	699.262	676.289	7.646	697	674	7	6	6	2
190	16.791	48.233	102	81	2275603	22309.834	7648.955	20651.000	12294	41611	7.539	682.873	8.010	1.368	0.289	1.393	7.428	682.827	8.035	4	680	7	9	7	3
191	14.157	48.545	86	67	1984768	23078.697	9820.515	19188.000	11969	44456	190.779	681.640	8.523	1.327	0.302	1.420	190.911	681.660	8.523	187	679	7	8	6	4
192	1.811	13.757	11	11	144664	13151.272	1164.362	12793.000	11922	15630	848.909	682.909	7.182	0.684	0.281	0.664	848.931	682.855	7.167	848	681	7	3	5	2
193	47.409	106.706	288	186	7695933	26721.990	12654.076	23157.000	11932	61881	698.597	699.903	8.875	2.017	0.343	2.040	698.787	700.038	8.763	694	694	7	10	12	5
194	17.449	50.579	106	79	3044905	28725.520	12835.594	27745.000	11975	63730	833.424	717.698	8.274	1.470	0.318	1.483	833.440	717.599	8.203	829	716	7	9	5	4
195	9.712	34.821	59	58	1023113	17340.898	3758.228	17124.000	12175	28813	73.034	717.559	8.458	1.038	0.279	1.012	73.056	717.671	8.438	70	715	7	7	6	3
196	2.634	13.412	16	16	229356	14334.750	1657.295	14130.000	12178	18347	786.500	718.938	7.438	0.662	0.110	0.669	786.498	718.943	7.435	785	718	7	4	3	2
197	25.515	64.680	155	102	4800654	30971.961	15824.469	25803.000	12125	65535	78.735	729.065	8.768	1.684	0.344	1.626	78.747	729.034	8.740	75	726	7	8	7	5
198	32.923	88.677	200	135	6191035	30955.176	16029.149	26256.500	11916	65535	26.795	756.200	9.170	1.900	0.510	1.906	26.791	756.208	9.108	22	751	7	10	11	5
199	3.457	21.031	21	20	293429	13972.810	1522.701	13615.000	12186	17493	905.524	388.952	9.190	0.791	0.250	0.796	905.494	388.948	9.193	904	387	8	5	5	3
200	13.992	53.233	85	80	1476883	17375.094	4146.518	16283.000	12243	32186	907.600	470.294	8.682	1.488	0.550	1.556	907.707	470.347	8.710	902	466	8	11	9	3
201	1.975	14.205	12	12	172786	14398.833	1569.084	14390.000	12148	17718	741.667	474.583	8.750	0.644	0.201	0.731	741.640	474.569	8.773	740	473	8	4	4	2
202	29.301	78.022	178	132	3837336	21558.068	7931.494	20016.000	11943	47262	835.567	522.758	9.433	1.796	0.508	1.735	835.730	522.961	9.376	831	517	8	9	13	4
203	36.215	84.608	220	142	6507210	29578.227	14306.734	26742.500	12043	65535	318.395	563.177	10.150	1.835	0.290	1.840	318.376	563.038	10.116	315	559	8	8	10	5
204	13.828	47.785	84	76	1534828	18271.762	4219.742	18504.500	11917	29631	371.214	581.726	9.476	1.271	0.385	1.274	371.111	581.721	9.454	367	579	8	10	6	4
205	15.638	48.441	95	73	1967505	20710.578	6084.096	21259.000	12082	34536	384.832	587.990	9.463	1.333	0.282	1.362	384.838	587.956	9.439	382	585	8	6	8	4
206	37.038	83.262	225	146	5638507	25060.031	10022.656	21957.000	12013	50591	230.191	645.253	9.556	1.846	0.322	1.817	230.260	645.225	9.523	225	641	8	11	10	4
207	24.692	64.061	150	96	5039824	33598.828	17680.777	28207.500	11995	65535	889.553	685.580	10.273	1.806	0.520	1.722	889.547	685.595	10.247	887	683	8	7	6	6
208	7.737	34.788	47	42	748478	15925.063	2548.836	15495.000	12018	22571	986.638	686.617	9.383	1.106	0.396	1.156	986.660	686.629	9.370	984	684	8	6	6	4
209	17.943	52.647	109	80	2368753	21731.680	7472.621	19804.000	11980	39229	128.679	687.284	9.550	1.412	0.249	1.462	128.672	687.185	9.531	125	685	8	8	6	4
210	14.157	42.545	86	70	1893421	22016.523	7765.287	19937.000	12261	42944	137.547	688.116	9.047	1.260	0.213	1.250	137.559	688.185	9.061	134	686	8	8	6	3
211	6.585	32.098	40	39	633472	15836.800	2786.874	15541.500	12261	24473	306.300	732.575	8.975	0.957	0.323	1.048	306.344	732.540	8.975	303	730	8	7	6	3
212	36.051	83.574	219	147	7211830	32930.730	16917.012	27263.000	11963	65535	72.470	805.927	10.388	1.906	0.422	1.903	72.745	805.875	10.393	67	803	8	12	7	5
213	21.071	56.957	128	90	2948950	23038.672	8502.483	20850.500	11936	40738	983.773	352.609	10.680	1.542	0.265	1.571	983.723	352.669	10.690	980	349	9	8	8	5
214	30.454	94.195	185	122	4906839	26523.453	11416.993	23467.000	11931	56230	865.092	413.730	11.443	1.947	0.579	1.897	865.122	413.686	11.304	861	410	9	10	9	8
215	13.992	43.753	85	64	2244329	26403.871	11834.627	23196.000	11928	55712	465.729	515.741	10.447	1.361	0.291	1.434	465.721	515.733	10.450	463	514	9	7	5	4
216	20.906	54.749	127	102	2603885	20503.031	6530.159	19354.000	11933	41572	375.874	536.402	9.969	1.424	0.256	1.421	375.910	536.304	9.979	372	532	9	8	9	3
217	14.486	47.233	88	82	1522613	17302.420	3374.720	17195.000	11972	25190	808.591	552.693	9.636	1.207	0.316	1.228	808.613	552.612	9.599	805	549	9	8	8	3
218	10.206	46.788	62	55	1229520	19830.967	7905.768	17214.500	12106	45812	996.242	571.290	10.613	1.441	0.510	1.497	995.963	571.520	10.591	992	568	9	10	6	4
219	5.103	27.650	31	31	445187	14360.871	2215.526	13577.000	11926	19879	908.032	576.097	9.194	0.885	0.324	0.905	908.042	576.021	9.180	905	574	9	7	7	2
220	15.638	81.402	95	92	1377782	14502.969	2426.540	13698.000	11937	21338	948.926	578.558	10.347	1.903	0.695	1.914	948.792	578.599	10.346	944	572	9	12	13	3
221	25.515	69.335	155	100	3714206	23962.619	9383.626	21814.000	12064	50415	786.671	604.194	11.219	1.678	0.331	1.638	786.608	604.149	11.260	783	601	9	8	8	6
222	16.297	56.405	99	87	1724570	17419.898	4265.900	16237.000	11963	29098	39.949	635.667	9.889	1.376	0.410	1.362	40.072	635.674	9.882	36	632	9	9	8	3
223	47.080	116.290	286	205	5708414	19959.490	6000.547	18462.000	11955	36316	776.322	654.136	10.238	2.002	0.540	1.967	776.443	654.100	10.240	771	647	9	12	15	4
224	32.923	80.435	200	151	4288498	21442.490	6341.487	20374.000	12096	37971	747.795	651.615	10.420	1.815	0.490	1.766	747.720	651.654	10.435	742	648	9	13	8	4
225	37.367	81.643	227	137	7065315	31124.736	14520.950	31498.000	11954	65535	325.405	680.850	11.000	1.899	0.260	1.927	325.391	680.817	10.979	321	677	9	10	8	5
226	18.931	59.166	115	82	2851379	24794.600	11171.072	21351.000	11918	60753	951.496	692.530	11.939	1.749	0.658	1.782	951.550	692.459	11.882	947	691	9	9	4	7
227	32.264	85.367	196	137	6101896	31132.123	15965.923	25942.500	12050	65535	166.112	777.561	10.704	1.854	0.465	1.812	166.087	777.508	10.709	162	773	9	10	11	5
228	8.889	39.684	54	51	762229	14115.352	1556.884	13984.500	11954	18199	1006.111	336.648	10.667	1.039	0.272	1.028	1006.103	336.612	10.668	1003	334	10	7	6	3
229	37.203	88.436	226	131	6610794	29251.301	14656.848	25618.000	11986	65535	848.336	424.115	13.164	1.955	0.371	1.964	848.254	424.251	13.118	845	419	10	8	11	7
230	4.445	26.583	27	25	424916	15737.630	2448.517	14989.000	12542	21055	807.741	443.593	11.519	0.949	0.357	0.825	807.747	443.582	11.538	805	442	10	6	4	4
231	13.334	44.097	81	59	1788282	22077.555	8327.955	20749.000	11934	46625	622.222	501.815	11.975	1.323	0.297	1.272	622.174	501.796	11.988	619	499	10	7	6	5
232	2.469	19.204	15	15	206717	13781.134	1921.560	13184.000	11912	19007	990.267	542.000	10.333	0.855	0.245	0.896	990.301	541.922	10.315	989	539	10	4	6	2
233	15.474	45.924	94	66	1995947	21233.479	7250.509	19334.000	11929	36943	769.255	580.713	11.489	1.398	0.233	1.454	769.229	580.692	11.478	767	578	10	6	6	4
234	40.166	104.090	244	143	5511405	22587.725	8469.773	20369.000	11939	47584	782.414	584.172	12.246	2.133	0.522	2.172	782.230	584.077	12.225	778	579	10	11	11	6
235	11.194	40.580	68	59	1134349	16681.604	3939.857	16208.500	11937	28089	990.824	583.926	11.059	1.189	0.278	1.218	990.810	583.833	11.036	988	581	10	6	7	3
236	4.115	22.273	25	23	399387	15975.480	3378.217	14848.000	12280	22096	721.840	590.640	11.160	0.869	0.243	0.914	721.896	590.674	11.167	720	588	10	4	5	3
237	38.026	101.018	231	181	5072892	21960.572	7040.213	21372.000	11936	43487	151.307	593.121	11.732	2.234	0.846	2.161	151.520	593.124	11.697	143	590	10	18	7	5
238	17.614	51.958	107	77	2405142	22477.963	8396.802	20533.000	12046	43752	621.467	593.729	11.374	1.450	0.239	1.478	621.463	593.732	11.386	618	591	10	8	7	4
239	10.535	45.372	64	59	940342	14692.844	2731.674	13817.500	11975	26361	968.375	607.094	10.969	1.153	0.326	1.150	968.376	607.158	10.964	965	605	10	9	6	3
240	9.383	41.959	57	53	867971	15227.562	2511.499	14965.000	12414	24551	967.579	625.228	10.877	1.231	0.440	1.181	967.570	625.239	10.881	965	621	10	6	9	3
241	4.280	22.169	26	26	357283	13741.654	1522.848	13461.000	11976	18889	562.923	631.577	10.615	0.855	0.269	0.802	562.915	631.568	10.632	561	629	10	5	6	2
242	12.840	43.786	78	65	1536913	19704.014	5313.089	19232.000	11950	34318	356.987	642.538	11.718	1.224	0.276	1.245	357.024	642.558	11.706	353	640	10	8	6	4
243	61.730	153.528	375	253	8629599	23012.264	8442.985	21545.000	11925	48764	840.531	648.653	12.552	2.372	0.754	2.401	840.466	648.591	12.545	833	643	10	16	13	6
244	8.889	30.615	54	54	964538	17861.814	3544.212	17500.500	12187	29584	140.963	665.704	10.463	1.019	0.306	0.985	140.915	665.712	10.437	137	663	10	8	6	2
245	7.572	31.305	46	46	668051	14522.848	1977.582	13795.000	12056	19942	313.913	684.000	10.674	0.967	0.299	0.949	313.949	684.006	10.688	310	681	10	8	7	2
246	29.795	74.646	181	112	6746173	37271.676	19434.969	31829.000	12120	65535	553.508	734.829	12.044	1.873	0.417	1.929	553.547	734.807	12.034	550	732	10	8	7	6
247	9.054	33.754	55	46	1069965	19453.908	6043.135	18656.000	11999	33969	341.218	754.255	11.764	1.113	0.268	1.154	341.193	754.290	11.762	339	752	10	6	5	4
248	28.972	76.265	176	116	5148820	29254.658	13789.601	25170.500	11974	61603	133.091	792.460	12.739	1.781	0.379	1.796	133.096	792.448	12.667	129	790	10	10	7	6
249	8.395	33.858	51	47	1047045	20530.295	5738.685	20081.000	12837	34512	1018.314	341.039	13.000	1.179	0.390	1.100	1018.368	340.986	12.977	1017	338	11	3	8	4
250	8.395	32.272	51	41	930243	18240.059	5087.060	16693.000	11958	29465	838.294	444.961	12.431	1.146	0.323	1.096	838.273	444.980	12.439	836	443	11	6	5	4
251	15.474	53.959	94	70	1790282	19045.553	5284.455	18481.000	11922	35339	718.628	479.266	14.202	1.720	0.682	1.698	718.573	479.237	14.101	715	477	11	8	6	7
252	5.926	25.238	36	33	630337	17509.361	4559.192	16488.000	12129	30697	398.806	522.306	12.389	0.925	0.261	0.885	398.847	522.301	12.388	396	521	11	6	4	3
253	13.169	45.958	80	69	1489772	18622.150	5659.508	17449.000	11946	35871	358.425	536.963	11.788	1.174	0.297	1.257	358.408	536.891	11.788	355	534	11	8	7	3
254	34.734	110.846	211	167	4724613	22391.531	9146.690	20005.000	11966	52828	265.460	551.900	14.242	2.389	0.814	2.475	265.230	551.691	14.037	258	548	11	17	9	7
255	26.832	74.194	163	130	2960151	18160.436	4697.125	16788.000	11956	34920	871.006	562.301	12.080	1.612	0.412	1.574	871.016	562.167	12.064	865	558	11	12	9	3
256	28.314	74.231	172	112	4253290	24728.430	9611.486	23737.500	12034	51896	706.744	588.564	13.134	1.692	0.264	1.694	706.726	588.655	13.120	703	585	11	9	9	5
257	4.115	22.273	25	24	364488	14579.520	1993.955	13790.000	11979	19221	901.880	590.520	11.720	0.818	0.228	0.812	901.908	590.488	11.732	900	589	11	4	5	3
258	7.572	33.202	46	42	764486	16619.262	4438.404	15473.000	11984	30960	118.326	597.761	12.239	1.078	0.333	1.079	118.304	597.720	12.230	115	596	11	8	5	3
259	24.034	68.335	146	106	3100123	21233.719	7581.118	19845.000	12007	41018	659.527	622.000	13.205	1.631	0.413	1.590	659.565	621.816	13.135	657	617	11	6	11	5
260	12.346	41.270	75	61	1578752	21050.027	7629.280	20262.000	12071	46229	482.440	632.400	12.000	1.241	0.265	1.186	482.363	632.336	12.002	479	630	11	8	6	4
261	12.346	43.994	75	58	1529757	20396.760	6841.862	18529.000	11923	37147	567.547	644.800	12.293	1.314	0.298	1.302	567.513	644.854	12.268	565	642	11	7	6	4
262	23.375	65.681	142	93	4278682	30131.562	14347.608	26423.500	11981	65535	705.486	651.958	13.535	1.642	0.348	1.594	705.508	651.973	13.500	701	649	11	9	7	6
263	22.058	72.471	134	118	2215993	16537.262	3768.430	15763.500	11925	27372	673.231	649.030	13.007	1.575	0.544	1.459	673.288	649.312	12.947	670	643	11	7	12	5
264	16.955	51.613	103	73	2696459	26179.213	11517.555	24810.000	12010	60699	264.553	678.252	13.078	1.416	0.282	1.382	264.493	678.247	13.042	261	676	11	8	6	5
265	18.108	53.199	110	79	2036732	18515.746	4929.646	17602.500	11923	30027	806.500	691.091	12.482	1.477	0.308	1.499	806.478	691.061	12.492	804	688	11	6	8	5
266	20.906	66.267	127	97	3003007	23645.725	8441.254	23083.000	11933	43922	580.236	732.961	12.937	1.612	0.452	1.615	580.323	732.916	12.948	575	730	11	11	7	5
267	6.420	28.410	39	33	698942	17921.590	5164.194	16312.000	12114	35430	521.333	733.923	12.103	1.033	0.333	1.029	521.275	733.964	12.094	519	732	11	6	5	4
268	16.297	50.716	99	72	2191596	22137.334	8415.313	19298.000	12450	44078	228.404	771.374	12.404	1.402	0.253	1.430	228.465	771.399	12.427	224	768	11	8	7	4
269	10.206	40.028	62	58	1061248	17116.902	3427.359	17106.500	11942	25288	956.194	430.016	13.484	1.173	0.405	1.098	956.206	430.041	13.479	953	427	12	7	8	4
270	22.881	63.854	139	93	4124791	29674.756	14869.627	24972.000	11930	65535	826.604	437.338	14.259	1.700	0.446	1.683	826.488	437.374	14.180	823	435	12	9	6	6
271	10.865	39.925	66	56	1190033	18030.803	4837.729	16891.500	11942	32228	951.500	461.561	13.076	1.219	0.318	1.207	951.476	461.664	13.093	949	457	12	6	9	3
272	10.371	39.339	63	52	1111438	17641.873	4480.329	17401.000	11914	32176	967.889	492.524	12.937	1.156	0.245	1.151	967.871	492.566	12.924	965	489	12	7	7	3
273	2.634	16.584	16	15	241082	15067.625	2723.302	14498.000	12003	22166	908.125	565.750	12.812	0.727	0.273	0.750	908.132	565.763	12.825	907	564	12	3	4	3
274	30.124	79.782	183	120	4606565	25172.486	11865.928	20948.000	11934	59942	555.896	574.191	13.852	1.814	0.407	1.866	555.784	574.065	13.810	553	569	12	7	11	5
275	6.749	30.926	41	38	611524	14915.220	2319.194	14603.000	11965	21848	763.902	595.463	13.341	0.972	0.240	0.954	763.966	595.470	13.335	762	593	12	5	6	3
276	35.063	78.782	213	134	7141905	33530.070	17094.811	29945.000	11975	65535	77.376	617.812	13.751	1.883	0.329	1.914	77.300	617.786	13.672	73	615	12	10	7	5
277	17.614	64.025	107	93	1808401	16900.943	3733.904	16076.000	11917	25818	759.869	615.635	13.458	1.585	0.559	1.636	759.792	615.520	13.435	756	610	12	9	11	4
278	8.725	37.097	53	51	834261	15740.773	2712.240	15674.000	11911	22565	505.528	620.774	13.491	1.116	0.390	1.059	505.759	620.667	13.485	501	618	12	9	7	3
279	5.926	33.443	36	36	545972	15165.889	2103.896	14850.000	12026	19406	602.194	637.278	12.278	1.139	0.455	1.031	602.337	637.228	12.285	597	635	12	10	6	2
280	42.306	102.848	257	159	7162270	27868.754	13507.700	24166.000	12005	65535	728.518	661.366	14.412	2.087	0.522	2.049	728.428	661.039	14.329	725	656	12	9	12	6
281	7.901	31.512	48	46	733909	15289.771	2191.347	15205.500	11920	19903	655.833	657.083	13.562	1.022	0.308	0.999	655.812	657.119	13.565	653	655	12	7	5	4
282	45.434	99.917	276	163	7820123	28333.779	13558.115	24841.000	11965	65535	403.391	746.880	14.717	2.097	0.453	2.033	403.671	747.023	14.612	398	743	12	11	8	6
283	30.618	75.472	186	117	4774480	25669.248	11709.154	21943.500	11920	58142	937.457	374.828	15.231	1.817	0.363	1.820	937.531	374.748	15.265	934	372	13	9	7	6
284	19.754	57.750	120	83	2441006	20341.717	6215.353	20133.000	11914	33817	793.608	453.900	15.017	1.501	0.316	1.434	793.582	453.921	14.999	791	451	13	7	7	5
285	3.292	17.170	20	20	284123	14206.150	1669.718	14013.000	12038	18253	989.800	472.900	13.400	0.717	0.156	0.710	989.813	472.890	13.402	988	471	13	4	5	2
286	12.181	43.097	74	61	1223347	16531.717	3604.921	16180.000	11922	26150	940.351	474.446	14.919	1.229	0.240	1.197	940.376	474.496	14.901	937	472	13	8	6	4
287	22.552	58.647	137	89	3633271	26520.227	12188.778	23170.000	11913	62040	685.095	490.343	14.839	1.624	0.310	1.564	685.078	490.288	14.765	682	488	13	8	6	5
288	7.572	53.751	46	46	663370	14421.087	2101.436	14070.000	12037	20180	876.152	539.543	14.043	1.667	0.611	1.774	876.138	539.530	14.036	872	536	13	10	9	3
289	9.054	35.029	55	48	986322	17933.127	5105.142	16942.000	11948	33840	301.618	550.527	13.855	1.112	0.261	1.084	301.533	550.531	13.841	299	548	13	7	6	3
290	3.128	15.687	19	19	321406	16916.105	3244.393	17375.000	11951	24614	535.895	610.211	13.579	0.719	0.153	0.742	535.846	610.096	13.568	535	609	13	4	4	2
291	4.115	24.100	25	25	351770	14070.800	1621.044	13792.000	12155	17950	457.120	613.080	14.280	0.886	0.339	0.909	457.157	613.087	14.256	455	611	13	6	5	3
292	17.614	51.613	107	76	2243339	20965.785	7566.157	19068.000	12000	42063	395.159	625.981	14.570	1.454	0.238	1.458	395.226	625.931	14.542	392	623	13	7	7	4
293	13.169	43.786	80	63	1528763	19109.537	4947.635	17927.000	12206	37719	597.562	651.825	13.962	1.301	0.289	1.255	597.574	651.843	13.963	593	649	13	9	6	3
294	3.128	19.101	19	19	270182	14220.105	1739.189	14216.000	12071	18478	769.684	692.526	14.053	0.875	0.407	0.930	769.673	692.526	14.072	768	690	13	4	6	3
295	5.432	26.031	33	31	533060	16153.333	2900.056	16068.000	12250	22341	929.242	691.121	14.515	0.961	0.362	0.866	929.208	691.132	14.508	927	690	13	6	4	4
296	27.326	77.092	166	119	3199630	19274.879	5379.100	18735.000	11911	36521	905.681	694.584	14.777	1.716	0.462	1.692	905.720	694.688	14.731	901	690	13	9	9	5
297	10.535	38.753	64	53	1200395	18756.172	5449.904	17288.500	11917	34265	715.531	729.984	14.234	1.224	0.328	1.259	715.642	729.969	14.217	712	728	13	7	5	4
298	9.383	36.615	57	48	999987	17543.631	4428.879	16820.000	11997	27850	173.807	778.105	13.895	1.143	0.259	1.130	173.860	778.079	13.865	170	776	13	8	5	3
299	7.408	36.167	45	43	672470	14943.777	2013.263	14314.000	12191	19818	947.578	366.400	14.933	1.069	0.345	1.095	947.607	366.331	14.924	944	364	14	7	6	3
300	13.498	46.510	82	64	1405096	17135.316	4043.880	16083.000	11957	27293	788.183	465.415	15.122	1.277	0.243	1.259	788.164	465.371	15.132	786	462	14	6	8	4
301	17.449	52.302	106	76	2049322	19333.227	5776.775	18322.500	12013	34750	735.576	473.915	15.509	1.432	0.255	1.461	735.540	473.889	15.475	732	471	14	8	7	4
302	24.034	63.405	146	96	3954524	27085.781	12660.609	24971.000	11926	59321	670.877	498.719	16.836	1.705	0.370	1.683	670.830	498.667	16.743	668	496	14	7	7	6
303	2.798	15.343	17	17	246700	14511.765	2034.204	13954.000	11970	18971	577.588	512.765	14.706	0.706	0.239	0.723	577.627	512.784	14.706	576	512	14	4	3	3
304	7.737	33.306	47	40	886585	18863.510	5828.960	17606.000	12078	34912	186.043	583.298	15.064	1.128	0.290	1.108	186.157	583.160	15.022	184	580	14	5	8	3
305	9.054	39.925	55	53	799139	14529.800	1917.942	14471.000	11960	21651	433.945	648.818	14.636	1.069	0.312	1.050	433.976	648.878	14.630	430	647	14	8	5	3
306	14.815	54.130	90	77	1432373	15915.256	2772.972	15676.500	11989	23498	400.478	652.633	15.322	1.371	0.414	1.411	400.466	652.585	15.332	397	648	14	7	10	4
307	8.725	31.478	53	41	1028424	19404.227	6069.956	17545.000	12008	34503	863.302	671.453	15.208	1.160	0.286	1.153	863.333	671.437	15.185	861	670	14	6	4	4
308	18.108	57.647	110	81	2209095	20082.682	6545.492	18763.000	12062	36733	191.900	775.364	15.364	1.469	0.282	1.487	191.967	775.375	15.331	187	771	14	9	9	4
309	10.371	39.339	63	54	1118942	17760.984	3770.439	17717.000	12372	26405	23.016	829.968	15.190	1.172	0.282	1.201	23.035	829.955	15.217	20	827	14	7	7	3
310	24.528	76.473	149	106	3215793	21582.504	8319.160	20197.000	11928	46179	920.517	409.564	16.953	1.739	0.456	1.804	920.401	409.447	16.950	916	406	15	10	9	5
311	7.408	31.927	45	39	735434	16342.978	3715.346	15329.000	12009	30553	747.467	471.244	16.400	1.156	0.407	1.162	747.353	471.192	16.372	745	469	15	6	5	4
312	7.243	31.375	44	39	653349	14848.841	2364.089	13991.500	12013	20157	833.295	491.455	16.773	1.018	0.257	1.003	833.283	491.515	16.774	831	489	15	6	5	4
313	2.305	14.205	14	14	183109	13079.214	1011.755	12805.500	11994	15154	842.500	495.357	15.500	0.735	0.279	0.585	842.533	495.367	15.489	841	494	15	4	3	3
314	18.272	58.440	111	77	2269631	20447.127	7984.414	18072.000	11992	53203	430.099	533.369	16.910	1.496	0.345	1.405	430.019	533.406	16.918	426	530	15	9	7	5
315	16.791	48.130	102	83	1952543	19142.578	5750.011	17940.000	11911	38082	334.696	537.441	16.069	1.317	0.267	1.319	334.574	537.329	16.074	331	535	15	9	6	3
316	16.297	50.475	99	71	2023850	20442.930	6787.234	18692.000	12059	37336	368.222	544.657	16.505	1.403	0.249	1.448	368.187	544.620	16.528	365	542	15	8	6	4
317	37.367	91.849	227	137	5492412	24195.648	10341.376	21580.000	11931	61055	282.092	554.132	17.542	1.940	0.402	1.877	282.037	553.980	17.513	278	550	15	9	9	6
318	22.223	60.956	135	101	2765633	20486.170	6231.988	20145.000	11937	39298	226.526	633.237	17.163	1.520	0.306	1.493	226.524	633.263	17.110	223	629	15	8	9	5
319	39.672	97.019	241	160	4888965	20286.162	6148.183	18592.000	11911	39129	323.029	635.183	17.407	1.941	0.470	1.912	323.158	635.186	17.426	316	631	15	14	9	6
320	48.726	107.673	296	178	7635008	25793.945	10678.982	23637.500	11961	58934	108.507	682.260	17.334	2.071	0.401	2.049	108.349	682.303	17.310	103	678	15	12	9	6
321	6.255	29.099	38	37	574329	15113.921	2671.151	14850.000	12027	22822	408.053	718.974	16.316	1.011	0.388	0.904	408.149	718.954	16.302	405	718	15	7	4	4
322	7.243	32.961	44	37	633796	14404.454	1895.664	14080.000	12238	20131	290.727	762.250	16.068	1.054	0.238	1.073	290.705	762.264	16.068	288	760	15	6	5	3
323	6.420	27.617	39	32	689766	17686.309	4581.110	17037.000	11940	27068	63.179	795.359	16.513	1.021	0.315	0.916	63.142	795.352	16.520	61	793	15	5	5	4
324	5.268	24.789	32	32	449817	14056.781	1299.655	13733.000	12307	17309	902.938	412.062	16.531	0.842	0.188	0.863	902.940	412.035	16.535	901	410	16	5	5	2
325	2.305	14.998	14	14	184282	13163.000	992.651	12956.500	12022	15419	871.214	443.857	16.500	0.677	0.136	0.679	871.219	443.863	16.475	870	442	16	4	4	2
326	5.597	26.031	34	32	488206	14359.000	1956.644	14117.500	11908	19138	795.235	468.500	17.441	0.890	0.255	0.875	795.254	468.486	17.415	793	467	16	6	4	4
327	4.774	24.341	29	29	428272	14768.000	1845.113	14589.000	11922	19281	639.379	512.690	16.828	0.827	0.261	0.879	639.374	512.676	16.826	637	511	16	6	5	3
328	1.811	11.136	11	11	148754	13523.091	983.335	13865.000	11977	14884	751.545	539.364	16.545	0.625	0.114	0.588	751.532	539.381	16.555	750	538	16	4	3	2
329	1.811	11.930	11	11	151690	13790.000	1200.947	13410.000	12452	15938	786.364	557.636	16.636	0.649	0.172	0.680	786.433	557.650	16.624	785	557	16	4	2	2
330	12.511	42.578	76	76	1221348	16070.368	2427.848	15835.000	12331	22962	255.105	598.447	16.539	1.272	0.478	1.191	255.037	598.499	16.547	250	596	16	11	5	3
331	10.041	40.925	61	50	932267	15283.065	2738.203	14513.000	12063	22164	887.410	600.344	17.213	1.167	0.302	1.159	887.372	600.269	17.201	885	597	16	6	8	4
332	5.432	27.858	33	32	504157	15277.484	2430.087	14731.000	12166	21191	94.788	616.849	17.333	0.940	0.358	0.889	94.789	616.834	17.318	92	615	16	6	5	4
333	8.560	54.544	52	52	770960	14826.154	2186.383	14520.000	12159	21606	364.577	626.115	16.423	1.236	0.460	1.163	364.498	626.154	16.411	360	623	16	11	7	2
334	14.980	51.095	91	76	1417327	15575.022	2880.687	14858.000	11963	23196	244.440	663.429	16.868	1.321	0.356	1.269	244.486	663.447	16.867	239	661	16	11	6	3
335	39.507	106.158	240	163	5648248	23534.367	9588.804	21198.000	11922	53321	322.417	667.717	17.833	2.144	0.672	2.191	322.457	668.066	17.809	319	659	16	8	16	5
336	22.717	76.817	138	109	2504509	18148.615	5298.731	16862.000	11924	35780	274.971	667.543	17.406	1.800	0.603	1.743	275.199	667.635	17.387	268	665	16	13	7	4
337	2.963	16.825	18	18	249733	13874.056	1709.295	13364.000	11908	17645	484.944	669.500	16.611	0.726	0.174	0.729	484.948	669.527	16.604	484	668	16	3	5	2
338	19.589	60.852	119	98	2178862	18309.766	5025.855	17241.000	11951	35039	293.555	674.756	17.706	1.454	0.404	1.459	293.397	674.746	17.698	290	672	16	10	7	5
339	19.589	57.094	119	90	2062554	17332.387	3607.701	17096.000	11985	26155	367.260	675.219	17.824	1.421	0.283	1.429	367.275	675.070	17.823	364	672	16	7	8	5
340	2.469	16.480	15	15	200224	13348.267	1361.231	12749.000	11908	15737	543.933	679.800	16.467	0.741	0.202	0.680	543.948	679.821	16.467	542	678	16	5	4	2
341	10.041	38.064	61	47	1026934	16834.984	3780.964	15578.000	12194	25690	126.279	752.180	17.541	1.252	0.325	1.307	126.191	752.200	17.524	123	750	16	7	5	4
342	5.268	26.720	32	32	485408	15169.000	2832.860	13904.500	11959	23443	11.000	832.125	17.531	0.899	0.292	0.914	10.957	832.215	17.492	9	830	16	5	5	4
343	5.103	30.926	31	31	423751	13669.387	1298.668	13236.000	12040	17328	1005.355	445.806	17.323	0.933	0.297	0.898	1005.356	445.819	17.305	1003	443	17	6	6	2
344	16.132	54.337	98	76	1687911	17223.582	3800.834	17450.000	11988	29517	352.622	618.408	18.551	1.350	0.321	1.341	352.699	618.418	18.531	350	614	17	7	8	4
345	4.115	21.824	25	25	358901	14356.040	1584.832	14295.000	12034	17047	156.640	649.720	17.480	0.825	0.264	0.786	156.590	649.757	17.471	155	648	17	5	4	3
346	17.614	51.854	107	82	2280008	21308.486	8061.666	18981.000	12131	49738	255.271	677.065	18.411	1.437	0.300	1.449	255.569	677.218	18.341	251	674	17	9	7	4
347	7.901	32.064	48	40	702580	14637.083	2355.720	14076.000	11963	21522	295.833	713.854	18.083	1.084	0.241	1.094	295.789	713.870	18.097	293	712	17	7	5	3
348	3.622	18.411	22	22	308900	14040.909	1256.702	14135.500	11955	16316	282.682	733.455	17.636	0.750	0.220	0.725	282.691	733.445	17.612	281	732	17	4	4	3
349	2.963	18.067	18	17	250845	13935.833	2129.405	12899.500	12061	19183	114.944	755.611	17.944	0.764	0.293	0.777	114.975	755.573	17.948	113	754	17	4	4	3
350	26.009	75.506	158	121	2970191	18798.678	5226.542	18121.500	11964	36639	59.665	773.285	19.013	1.761	0.541	1.800	59.793	773.114	18.997	56	767	17	8	13	5
351	4.115	24.548	25	25	356583	14263.320	1831.478	13534.000	11960	19217	51.520	805.920	17.880	1.224	0.467	1.342	51.567	805.925	17.877	48	804	17	9	4	3
352	2.963	17.618	18	18	242969	13498.277	1376.726	13064.000	11993	16925	214.556	714.778	18.611	0.714	0.171	0.721	214.535	714.786	18.627	213	713	18	4	4	2
353	1.646	13.757	10	10	130321	13032.100	617.062	13187.500	12007	13829	140.800	647.300	19.400	0.865	0.238	0.940	140.803	647.336	19.417	139	645	19	4	5	2
