 	Volume (micron^3)	Surface (micron^2)	Nb of obj. voxels	Nb of surf. voxels	IntDen	Mean	StdDev	Median	Min	Max	X	Y	Z	Mean dist. to surf. (micron)	SD dist. to surf. (micron)	Median dist. to surf. (micron)	XM	YM	ZM	BX	BY	BZ	B-width	B-height	B-depth
1	23.540	67.163	143	97	5216042	36475.816	17360.953	31647.000	14377	65535	978.336	138.545	4.343	1.649	0.364	1.630	978.352	138.565	4.297	974	136	2	10	6	6
2	16.626	48.130	101	80	2485149	24605.436	7612.093	23343.000	14503	42997	1000.218	159.515	2.901	1.326	0.226	1.318	1000.231	159.546	2.873	996	157	2	9	7	3
3	6.091	35.029	37	37	629811	17021.918	2525.697	16120.000	14291	24075	1012.595	210.216	2.514	1.135	0.446	1.097	1012.669	210.288	2.523	1009	206	2	8	8	2
4	11.029	40.614	67	65	1447940	21611.045	5379.866	20893.000	14504	36624	991.388	214.075	3.388	1.247	0.476	1.190	991.271	214.024	3.373	986	212	2	11	6	3
5	70.290	163.563	427	267	16427774	38472.539	18716.365	32568.000	14386	65535	706.475	247.422	6.244	3.226	1.324	3.239	706.125	247.570	6.010	697	242	2	19	11	10
6	1.975	12.274	12	12	210771	17564.250	2830.328	16855.500	14353	23684	1016.750	282.167	2.667	0.672	0.202	0.653	1016.771	282.129	2.698	1016	280	2	2	5	2
7	27.491	65.403	167	114	6190132	37066.660	17144.342	30852.000	14952	65535	778.437	285.653	3.605	1.680	0.291	1.669	778.596	285.648	3.587	773	283	2	11	6	4
8	12.840	48.923	78	73	1596472	20467.590	4483.590	19784.000	14304	32867	725.256	290.487	3.821	1.393	0.524	1.326	725.245	290.509	3.812	721	286	2	9	9	4
9	26.009	64.058	158	116	4664327	29521.057	11750.745	27680.000	14322	62945	765.937	320.506	3.835	1.557	0.259	1.567	765.911	320.426	3.793	763	316	2	7	10	4
10	25.021	63.369	152	115	5065195	33323.652	13986.901	31088.500	14511	65535	523.664	324.033	3.882	1.542	0.307	1.527	523.631	323.992	3.892	519	321	2	10	7	4
11	40.989	91.260	249	170	7745343	31105.795	13767.510	25953.000	14637	65535	982.663	335.068	3.687	1.890	0.359	1.876	982.524	334.904	3.674	978	330	2	10	12	4
12	36.709	88.365	223	142	7814262	35041.535	16314.461	33135.000	14370	65535	879.381	433.839	3.870	1.875	0.374	1.891	879.394	433.824	3.902	874	430	2	12	9	5
13	36.709	83.744	223	154	6739022	30219.830	11639.077	27182.000	14465	59831	952.363	437.215	3.646	1.855	0.422	1.822	952.323	437.141	3.638	947	433	2	13	9	4
14	16.626	61.508	101	87	2551713	25264.484	8879.017	23788.000	14342	52211	896.822	457.792	3.564	1.624	0.689	1.630	896.714	458.057	3.559	893	451	2	8	13	4
15	22.552	64.058	137	111	3115100	22737.957	5846.636	21433.000	14465	40970	829.029	461.635	3.679	1.491	0.363	1.493	828.908	461.609	3.647	824	458	2	10	9	4
16	18.931	57.784	115	89	3093048	26896.070	10139.659	25295.000	14408	56683	867.296	471.626	3.165	1.444	0.319	1.386	867.335	471.579	3.186	864	466	2	7	11	4
17	51.689	112.843	314	204	11372534	36218.262	17200.314	31360.500	14288	65535	767.277	483.876	3.672	2.169	0.538	2.121	767.430	483.736	3.685	761	477	2	12	15	5
18	25.021	59.989	152	118	4092410	26923.750	8650.599	25021.500	15166	53069	924.789	175.007	3.993	1.505	0.277	1.556	924.716	174.936	4.035	921	171	3	8	9	3
19	9.877	42.889	60	59	1162744	19379.066	3720.946	18978.000	14388	29160	944.817	192.717	4.517	1.388	0.610	1.296	944.911	192.605	4.516	941	189	3	8	10	3
20	27.655	66.471	168	132	4482989	26684.459	8538.787	25063.500	14603	49122	970.631	218.768	3.929	1.622	0.406	1.587	970.628	218.680	3.915	967	213	3	8	12	3
21	6.585	31.167	40	40	703890	17597.250	2414.674	16846.500	14311	24989	734.875	221.925	3.575	1.030	0.342	1.021	734.885	221.893	3.579	733	219	3	5	8	2
22	4.115	20.101	25	25	677111	27084.439	9768.443	25019.000	14560	52927	1017.600	255.960	3.960	0.885	0.322	1.007	1017.675	255.999	3.884	1017	254	3	2	5	3
23	68.973	160.043	419	281	14159489	33793.531	15950.988	28842.000	14292	65535	688.255	281.232	5.310	2.695	0.974	2.743	687.529	281.232	5.370	680	276	3	19	13	6
24	30.947	72.574	188	130	7134394	37948.902	17090.316	35952.500	14429	65535	701.420	298.899	4.293	1.733	0.336	1.738	701.418	298.865	4.255	698	293	3	7	12	4
25	14.486	41.407	88	72	2301660	26155.227	7776.221	26250.000	14443	46747	464.739	317.284	4.170	1.253	0.203	1.265	464.739	317.355	4.244	462	315	3	7	6	3
26	14.815	52.543	90	79	1944099	21601.100	5866.876	20225.000	14336	37508	453.478	322.478	3.844	1.335	0.401	1.325	453.444	322.526	3.846	449	320	3	10	6	3
27	4.115	26.168	25	25	438181	17527.240	2366.813	17359.000	14289	21672	1001.760	329.600	3.960	0.971	0.411	1.002	1001.661	329.499	3.963	999	327	3	7	7	3
28	28.972	78.782	176	120	5241715	29782.471	12985.408	25364.500	14313	62091	1008.159	348.636	4.511	1.778	0.449	1.738	1008.049	348.478	4.505	1004	345	3	9	10	5
29	18.108	55.957	110	85	3353070	30482.455	12526.585	28178.000	14410	61831	543.436	349.764	4.373	1.398	0.269	1.424	543.476	349.763	4.401	540	346	3	8	8	4
30	19.260	57.439	117	96	3096624	26466.871	9469.698	23841.000	14412	54359	551.333	357.000	4.068	1.495	0.404	1.483	551.434	357.109	4.063	548	352	3	8	10	3
31	3.786	16.825	23	23	477399	20756.479	4212.839	19721.000	15512	30169	1006.739	363.913	3.478	0.734	0.145	0.712	1006.744	363.889	3.473	1005	362	3	4	4	2
32	3.951	25.479	24	24	445600	18566.666	2561.058	18572.500	14811	23019	539.000	390.333	3.875	1.062	0.325	1.061	538.961	390.408	3.894	535	387	3	8	6	2
33	33.746	85.504	205	137	6605028	32219.648	14260.645	28795.000	14406	65535	840.620	406.629	4.732	1.815	0.342	1.814	840.624	406.560	4.724	837	402	3	9	10	5
34	23.869	66.300	145	105	4518148	31159.641	13997.997	27733.000	14407	65535	964.166	418.097	4.262	1.604	0.325	1.624	964.125	417.946	4.211	960	414	3	9	9	4
35	33.746	83.814	205	141	6984928	34072.820	15440.297	32422.000	14313	65535	792.249	420.776	4.941	1.763	0.335	1.769	792.233	420.711	4.930	789	416	3	8	11	5
36	25.515	65.748	155	106	5405637	34875.078	16284.257	29910.000	14294	65535	970.735	439.058	4.471	1.621	0.230	1.634	970.818	439.038	4.441	967	436	3	9	8	4
37	22.552	67.956	137	98	4483352	32725.197	16071.592	27324.000	14311	65535	837.051	444.365	4.810	1.702	0.469	1.785	837.073	444.359	4.749	832	442	3	11	7	5
38	30.618	106.295	186	157	4987702	26815.602	9342.318	25579.000	14337	54877	774.742	505.742	5.726	2.226	0.990	2.119	774.592	505.984	5.787	768	500	3	15	12	7
39	43.787	103.812	266	175	9829016	36951.188	17301.959	35290.000	14291	65535	182.707	507.620	5.263	2.088	0.595	1.981	182.668	507.670	5.198	177	503	3	14	10	5
40	7.408	32.961	45	42	1136160	25248.000	8186.912	24586.000	14349	44400	638.356	535.022	4.667	1.104	0.386	1.068	638.291	535.108	4.629	635	532	3	7	6	4
41	24.363	64.577	148	102	5150821	34802.844	17483.264	30663.000	14403	65535	571.209	539.987	5.115	1.635	0.378	1.634	571.264	539.994	5.053	566	538	3	11	5	5
42	21.071	55.026	128	90	4584351	35815.242	16728.758	31751.000	14496	65535	339.859	559.242	5.258	1.533	0.268	1.524	339.840	559.187	5.189	337	557	3	8	6	5
43	33.087	77.433	201	152	5284168	26289.393	9526.634	23727.000	14292	60972	230.010	599.542	4.065	1.684	0.399	1.671	230.081	599.572	4.057	226	594	3	9	12	3
44	18.601	63.161	113	107	2767971	24495.318	7253.734	23359.000	14498	44007	181.619	623.124	4.549	1.478	0.573	1.469	181.579	623.099	4.544	176	619	3	12	9	4
45	33.581	78.608	204	142	6725932	32970.254	15074.992	29478.500	14391	65535	763.740	190.142	5.441	1.810	0.395	1.749	763.631	189.973	5.483	759	187	4	11	8	5
46	26.174	70.988	159	121	4213701	26501.264	8345.823	25647.000	14412	59461	611.239	301.880	5.604	1.579	0.436	1.590	611.440	301.788	5.649	606	299	4	11	8	5
47	31.935	81.954	194	125	7328635	37776.469	18494.758	34879.500	14348	65535	546.789	341.165	5.907	1.848	0.388	1.917	546.845	341.122	5.895	541	338	4	12	7	5
48	36.544	89.229	222	138	8362625	37669.480	18648.730	32528.000	14285	65535	847.671	342.432	6.032	1.974	0.487	2.033	847.699	342.376	6.032	842	340	4	13	6	5
49	26.997	66.715	164	106	6092829	37151.395	17171.617	33845.500	14434	65535	726.963	350.457	5.780	1.715	0.310	1.710	726.963	350.443	5.719	724	347	4	7	8	5
50	32.429	78.608	197	138	4987687	25318.209	8314.097	22768.000	14428	48923	825.365	354.680	5.330	1.709	0.286	1.697	825.330	354.576	5.329	821	350	4	9	11	4
51	34.898	80.297	212	141	6877945	32443.137	14277.013	29054.000	14304	65535	875.099	358.590	5.476	1.841	0.347	1.831	875.049	358.606	5.461	871	354	4	10	10	4
52	30.454	73.782	185	116	6919828	37404.477	18341.746	32159.000	14339	65535	581.735	357.303	6.065	1.777	0.308	1.791	581.731	357.233	6.056	578	354	4	9	8	5
53	13.663	44.820	83	71	1926963	23216.422	6584.044	23021.000	14397	38713	327.000	370.530	5.205	1.249	0.293	1.276	327.023	370.556	5.222	323	368	4	9	6	3
54	38.684	86.883	235	144	8770698	37322.121	17176.881	33824.000	14337	65535	590.574	376.217	6.089	1.909	0.332	1.906	590.476	376.267	6.025	586	373	4	11	8	5
55	35.721	85.089	217	146	6802168	31346.396	14086.466	27731.000	14297	65535	251.535	379.922	5.935	1.779	0.285	1.801	251.497	379.937	5.954	247	375	4	10	11	5
56	39.014	93.847	237	158	7186290	30321.898	13298.693	25932.000	14302	65535	330.076	383.228	5.781	1.912	0.443	1.927	330.127	383.354	5.814	325	379	4	12	9	5
57	4.774	28.443	29	29	495817	17097.139	3068.196	16145.000	14333	28558	521.345	391.241	4.138	1.120	0.283	1.109	521.415	391.321	4.116	518	389	4	8	5	2
58	12.840	46.199	78	75	1700750	21804.486	4910.229	21916.500	14586	34795	824.167	399.038	4.590	1.303	0.509	1.270	824.180	398.963	4.605	820	395	4	9	9	3
59	63.706	152.012	387	259	11432090	29540.285	12193.537	27252.000	14315	62439	896.891	400.561	7.850	2.843	1.041	2.958	896.888	400.656	7.855	890	396	4	13	10	9
60	16.132	54.611	98	83	2044687	20864.152	5638.910	18295.500	14293	34064	287.459	400.847	5.061	1.323	0.298	1.324	287.393	400.836	5.048	283	398	4	10	7	3
61	29.795	75.539	181	128	5188535	28665.939	10525.472	28317.000	14344	59641	531.773	405.823	5.486	1.806	0.468	1.809	531.546	405.815	5.417	526	403	4	12	7	4
62	13.992	46.440	85	75	1826018	21482.564	6060.664	19415.000	14458	39435	828.518	410.682	4.788	1.280	0.388	1.295	828.430	410.500	4.780	826	406	4	6	10	3
63	28.478	82.299	173	122	3958844	22883.492	6115.049	22257.000	14325	41951	285.428	409.341	6.422	1.791	0.445	1.720	285.436	409.394	6.332	280	405	4	12	9	5
64	46.586	103.189	283	182	9072579	32058.584	13554.436	28133.000	14318	65139	1004.735	437.813	5.420	1.983	0.375	1.923	1004.776	438.097	5.416	1000	431	4	10	13	5
65	40.660	93.157	247	165	8856950	35858.098	15386.911	33287.000	14707	65535	370.514	437.146	6.239	1.958	0.467	1.915	370.488	437.172	6.199	364	434	4	15	7	5
66	20.412	62.438	124	98	3187610	25706.533	8729.976	23158.500	14398	52319	478.484	447.823	5.677	1.536	0.473	1.488	478.447	447.848	5.663	475	443	4	8	10	4
67	46.750	98.190	284	184	8958801	31545.074	13231.968	27747.500	14291	65502	202.158	457.085	5.398	2.026	0.425	1.943	202.104	457.114	5.382	196	452	4	13	10	4
68	43.787	119.462	266	206	6997542	26306.549	8843.294	25568.000	14304	47250	453.665	477.335	5.414	2.265	0.961	2.261	453.606	477.482	5.424	447	469	4	14	17	4
69	18.272	53.544	111	82	3192971	28765.504	11510.897	26684.000	14400	64899	884.991	473.937	5.270	1.461	0.288	1.479	885.088	473.893	5.235	881	471	4	8	7	4
70	29.301	71.125	178	129	4373455	24569.973	8363.224	21665.000	14388	44587	152.573	475.601	5.213	1.677	0.355	1.680	152.819	475.648	5.231	148	472	4	10	8	4
71	12.675	52.440	77	66	1652223	21457.441	6159.216	19928.000	14331	42321	696.675	488.351	4.883	1.326	0.402	1.229	696.668	488.352	4.885	694	483	4	7	11	3
72	27.655	71.885	168	120	5251010	31256.012	13582.122	26317.500	14481	60925	212.060	489.369	6.268	1.728	0.435	1.713	212.137	489.561	6.285	209	483	4	8	12	5
73	20.083	59.611	122	94	3184001	26098.369	9684.796	23295.500	14386	58668	484.508	490.180	5.123	1.512	0.387	1.454	484.538	490.183	5.129	480	486	4	9	10	4
74	14.157	46.614	86	66	2208491	25680.127	9824.721	21678.000	14329	50946	156.140	489.930	5.488	1.294	0.228	1.351	156.148	489.923	5.477	153	487	4	7	7	4
75	27.820	75.091	169	131	4296264	25421.680	8391.433	23232.000	14403	52010	531.379	493.550	5.527	1.764	0.546	1.743	531.405	493.407	5.488	528	488	4	8	13	4
76	17.614	47.959	107	78	4123053	38533.207	17669.537	34300.000	14614	65535	383.514	506.421	5.467	1.468	0.245	1.518	383.541	506.436	5.433	381	504	4	6	6	4
77	50.701	121.116	308	232	8561879	27798.309	10422.842	25933.000	14362	57514	719.776	514.981	5.185	2.280	0.786	2.317	719.757	515.192	5.183	715	506	4	10	17	4
78	32.264	76.332	196	131	5678226	28970.541	11917.814	25545.000	14336	59501	100.071	522.071	5.546	1.706	0.232	1.738	100.171	522.068	5.542	96	518	4	9	9	4
79	13.828	44.235	84	68	2184968	26011.523	7451.102	24753.500	14364	45725	609.917	535.964	5.060	1.294	0.269	1.289	609.765	536.016	5.046	606	533	4	8	6	4
80	14.321	46.062	87	72	2036770	23411.150	7117.189	22374.000	14288	39775	588.494	539.609	5.103	1.293	0.281	1.252	588.510	539.724	5.154	586	535	4	6	9	4
81	8.889	32.891	54	51	1094259	20264.055	4688.969	19287.000	14351	33003	405.148	540.889	5.333	1.020	0.297	0.999	405.143	540.836	5.313	402	539	4	7	6	3
82	32.923	78.885	200	139	8375523	41877.613	18774.295	40272.500	14286	65535	2.075	543.725	6.420	1.851	0.429	1.821	1.889	543.502	6.430	0	538	4	6	12	6
83	39.014	83.814	237	147	8668606	36576.398	17604.922	31375.000	14315	65535	129.169	566.920	6.131	1.905	0.304	1.888	129.170	566.878	6.132	125	563	4	9	9	5
84	18.601	56.853	113	84	2813748	24900.424	8017.653	25330.000	14345	49598	326.496	577.071	5.442	1.441	0.271	1.491	326.558	577.104	5.422	324	574	4	7	8	4
85	30.289	82.091	184	134	6420145	34892.094	15540.238	32595.000	14294	65535	45.408	584.652	5.772	1.868	0.526	1.830	45.505	584.598	5.793	41	579	4	10	12	4
86	26.832	69.265	163	116	4888207	29989.000	11556.164	28121.000	14313	61472	259.779	584.423	6.110	1.629	0.360	1.604	259.712	584.463	6.088	256	581	4	10	8	5
87	15.474	53.199	94	77	2710670	28836.914	9935.141	27523.000	14619	60858	303.266	588.777	5.755	1.449	0.491	1.374	303.161	588.900	5.814	299	585	4	9	8	5
88	45.104	95.088	274	161	10199792	37225.520	17439.900	32325.500	14286	65535	330.624	590.088	6.004	2.005	0.291	2.016	330.682	590.170	5.988	327	585	4	9	11	5
89	14.651	45.510	89	76	2353089	26439.203	9553.150	25349.000	14322	56054	120.674	622.798	4.820	1.319	0.349	1.260	120.820	622.896	4.787	117	619	4	7	9	3
90	53.664	116.809	326	208	12029404	36900.012	16873.139	34327.500	14303	65535	109.613	644.347	5.816	2.150	0.540	2.127	109.538	644.178	5.808	104	639	4	13	12	5
91	28.643	90.156	174	168	3934461	22611.846	5163.894	22246.000	14311	35700	102.891	669.339	5.851	1.960	0.786	2.002	103.063	669.614	5.886	96	663	4	13	15	5
92	14.815	44.027	90	72	2071069	23011.877	6795.026	21711.500	14426	41432	16.422	724.122	5.078	1.293	0.220	1.274	16.414	723.964	5.120	14	721	4	6	8	3
93	1.811	13.516	11	11	194535	17685.000	3222.388	16847.000	14470	24392	951.000	137.455	5.818	0.782	0.359	0.804	950.984	137.450	5.788	950	136	5	3	4	3
94	2.140	13.308	13	13	233369	17951.461	2933.789	17182.000	14370	22862	768.462	258.231	6.000	0.629	0.301	0.614	768.511	258.245	6.000	767	257	5	4	4	3
95	1.646	12.723	10	10	179695	17969.500	2719.900	16740.000	15433	24140	992.900	270.100	6.100	0.616	0.313	0.567	992.938	270.116	6.092	992	269	5	3	3	3
96	17.778	53.440	108	85	3383884	31332.260	13215.049	28682.500	14401	65535	606.880	291.028	6.907	1.428	0.326	1.376	606.921	291.007	6.888	603	288	5	9	7	4
97	16.955	51.854	103	81	2698684	26200.816	8565.829	25811.000	14284	54007	406.524	304.301	6.612	1.428	0.379	1.466	406.550	304.210	6.614	402	302	5	9	7	4
98	20.577	65.852	125	101	3040444	24323.553	8380.359	22572.000	14354	44884	843.872	307.576	6.440	1.492	0.415	1.524	843.787	307.547	6.436	839	304	5	11	8	4
99	47.080	95.155	286	183	8936418	31246.217	13259.474	28361.000	14288	62747	360.154	325.899	6.497	1.932	0.255	1.934	360.148	325.825	6.489	355	321	5	11	11	4
100	13.992	48.441	85	70	1956979	23023.283	5571.376	22503.000	14536	33722	862.129	341.706	6.388	1.277	0.338	1.342	862.083	341.759	6.385	859	338	5	7	8	4
101	10.535	35.029	64	54	1410928	22045.750	5627.899	21172.000	14733	35190	992.094	356.016	6.047	1.139	0.173	1.146	992.087	356.037	6.064	990	353	5	6	6	3
102	42.635	94.432	259	177	9060231	34981.586	14581.237	33912.000	14367	65535	749.359	382.795	6.981	1.924	0.492	1.946	749.342	382.538	6.958	745	377	5	9	13	5
103	33.911	88.673	206	167	5403161	26228.938	8761.704	25382.000	14342	55577	230.437	385.636	6.437	1.884	0.725	1.877	230.488	385.720	6.450	226	378	5	10	15	4
104	63.870	144.422	388	286	11580491	29846.627	10834.822	27823.500	14303	62787	675.216	390.415	6.619	2.479	0.878	2.446	675.190	390.188	6.641	669	383	5	13	19	5
105	12.511	43.304	76	61	2086739	27457.092	10672.289	24224.500	14673	51283	444.513	391.803	6.289	1.259	0.282	1.253	444.474	391.870	6.331	442	389	5	7	6	4
106	21.894	56.576	133	108	3510149	26392.098	7942.260	25204.000	14820	49100	254.391	397.008	5.902	1.479	0.356	1.444	254.387	397.055	5.884	251	393	5	8	9	3
107	3.786	20.687	23	23	403529	17544.738	3135.773	16521.000	14313	25067	837.696	417.739	5.652	0.815	0.290	0.752	837.778	417.693	5.683	835	416	5	5	5	3
108	8.889	42.511	54	48	1112443	20600.797	5355.826	19361.000	14385	35815	415.333	421.741	5.944	1.155	0.381	1.168	415.348	421.820	5.923	413	418	5	5	8	3
109	38.026	87.261	231	154	6616118	28641.203	11359.030	25835.000	14412	54526	762.675	428.887	6.489	1.900	0.435	1.834	762.759	428.913	6.459	756	426	5	14	7	4
110	13.992	43.786	85	70	2093651	24631.188	7504.526	23290.000	14329	45271	779.106	431.400	5.929	1.271	0.257	1.260	779.112	431.430	5.875	777	427	5	6	9	3
111	3.786	21.169	23	22	414887	18038.564	3282.515	16968.000	14328	24500	742.043	429.087	6.043	0.781	0.304	0.859	742.051	429.125	6.040	739	427	5	6	6	3
112	20.083	58.095	122	88	4650386	38117.918	16831.582	37345.500	14517	65535	411.918	453.139	6.926	1.477	0.267	1.426	411.854	453.191	6.941	408	450	5	8	7	5
113	40.166	109.501	244	177	7891819	32343.520	13394.399	29980.000	14366	65029	217.578	469.676	7.160	2.421	0.908	2.545	217.459	469.701	7.131	209	466	5	18	8	6
114	37.038	82.503	225	150	7184790	31932.400	13692.696	27605.000	14346	65134	363.947	475.147	6.529	1.822	0.307	1.793	363.911	475.116	6.513	358	472	5	12	8	4
115	16.132	47.752	98	71	3402585	34720.254	17096.322	28240.500	14411	65535	383.163	499.031	6.327	1.394	0.239	1.390	383.153	499.055	6.277	380	496	5	7	7	4
116	10.206	36.270	62	50	1774027	28613.338	11291.453	26429.000	14841	63004	202.113	508.258	6.145	1.146	0.195	1.166	202.138	508.239	6.170	200	505	5	6	7	3
117	26.338	68.438	160	106	6172000	38575.000	18208.545	36277.000	14300	65535	171.594	537.075	7.325	1.645	0.239	1.645	171.533	537.115	7.302	168	533	5	9	8	5
118	66.175	163.078	402	266	14344896	35683.820	16874.131	32891.000	14310	65535	185.005	552.077	7.674	2.709	1.033	2.820	184.634	552.103	7.656	175	548	5	21	9	6
119	18.437	57.887	112	92	3114529	27808.295	10309.486	25378.000	14364	54715	483.241	558.420	5.955	1.563	0.512	1.519	483.314	558.413	5.959	477	556	5	13	6	3
120	41.647	104.364	253	168	9737402	38487.754	17646.645	35346.000	14295	65535	517.976	558.937	7.320	2.026	0.588	1.969	518.269	559.085	7.375	512	555	5	13	8	6
121	21.235	59.818	129	99	3621858	28076.418	11499.359	25520.000	14328	59407	380.581	580.217	6.496	1.521	0.376	1.555	380.449	580.219	6.436	377	577	5	9	7	4
122	38.520	88.399	234	160	7284316	31129.555	14994.266	25062.000	14282	65535	164.979	609.282	6.359	1.891	0.439	1.865	165.122	609.091	6.367	158	606	5	13	8	4
123	42.470	88.917	258	157	10540530	40854.766	18615.160	38168.500	14307	65535	27.105	618.810	6.984	1.991	0.314	2.022	27.081	618.798	7.012	22	615	5	11	8	5
124	27.326	67.197	166	109	6474000	39000.000	18393.242	34674.500	14306	65535	150.145	655.596	7.464	1.674	0.238	1.649	150.176	655.585	7.405	147	652	5	7	9	5
125	28.478	75.161	173	122	5182247	29955.186	11327.775	27800.000	14283	56851	59.006	710.092	6.578	1.784	0.456	1.763	59.176	709.927	6.646	54	706	5	10	9	5
126	13.498	40.028	82	67	1994326	24321.049	7030.180	23324.500	14668	45260	29.402	717.378	5.915	1.230	0.185	1.217	29.391	717.330	5.872	27	715	5	7	6	3
127	24.692	68.405	150	96	5099666	33997.773	15794.915	30605.500	14315	65535	940.153	136.887	8.480	1.727	0.437	1.652	940.029	136.869	8.498	936	134	6	9	7	6
128	10.535	38.235	64	63	1272899	19889.047	3856.488	19689.000	14579	31259	845.812	186.516	6.500	1.070	0.317	1.091	845.875	186.559	6.503	842	184	6	8	6	3
129	19.424	67.782	118	102	2374707	20124.635	4281.617	19133.500	14363	29486	884.458	210.644	6.864	1.579	0.518	1.524	884.441	210.654	6.864	879	206	6	11	9	3
130	7.408	34.892	45	42	857667	19059.268	3795.490	17730.000	14352	29045	906.311	245.511	7.333	1.089	0.397	0.979	906.343	245.650	7.362	903	242	6	7	7	3
131	28.149	78.333	171	117	5394872	31548.959	15352.473	26380.000	14391	65535	561.433	263.854	8.287	1.817	0.510	1.757	561.189	263.922	8.220	556	260	6	13	8	5
132	33.417	83.918	203	137	6836388	33676.789	14689.896	30235.000	14451	65535	572.532	280.635	8.463	1.845	0.388	1.812	572.437	280.742	8.432	568	277	6	11	9	5
133	21.235	56.991	129	96	3687249	28583.326	12106.124	26539.000	14415	65535	947.651	285.690	7.140	1.492	0.290	1.466	947.611	285.838	7.111	945	281	6	6	10	4
134	44.610	107.985	271	162	9788487	36119.879	17484.730	30275.000	14323	65535	824.627	297.672	7.856	2.190	0.533	2.217	824.600	297.657	7.846	818	293	6	13	11	5
135	13.663	47.096	83	69	1927689	23225.168	6245.221	22285.000	14464	34374	627.193	299.626	7.289	1.277	0.353	1.287	627.224	299.600	7.343	625	296	6	6	9	4
136	11.029	42.889	67	67	1312513	19589.746	3273.612	19760.000	14382	26917	829.060	322.806	6.463	1.281	0.512	1.220	829.041	322.646	6.466	827	318	6	5	12	2
137	21.235	58.440	129	89	3484920	27014.883	11053.190	22797.000	14369	55861	930.186	324.047	7.550	1.526	0.207	1.537	930.105	324.102	7.578	926	321	6	9	7	4
138	13.828	44.372	84	74	1935356	23039.953	5910.823	23619.000	14502	34559	871.310	342.798	6.702	1.194	0.266	1.239	871.362	342.770	6.651	868	339	6	7	8	3
139	14.321	47.992	87	75	2105765	24204.195	7209.120	22519.000	14374	39999	682.299	351.724	7.299	1.335	0.391	1.340	682.277	351.687	7.336	678	349	6	9	7	4
140	23.869	72.885	145	109	4188211	28884.213	12533.247	24742.000	14373	59082	405.021	355.993	7.393	1.645	0.484	1.619	405.133	355.970	7.402	400	353	6	12	7	4
141	64.035	144.081	389	247	14090922	36223.449	16412.787	31733.000	14290	65535	377.596	364.334	7.949	2.464	0.760	2.403	377.639	364.234	7.958	371	358	6	15	15	5
142	15.803	52.888	96	78	2330637	24277.469	8193.258	21952.000	14372	44756	217.865	387.281	7.469	1.339	0.386	1.395	217.944	387.220	7.480	214	385	6	9	6	4
143	18.108	53.544	110	82	3706894	33699.035	13132.662	33460.500	14746	65430	337.382	397.636	7.182	1.459	0.311	1.427	337.330	397.672	7.151	334	394	6	8	8	4
144	20.741	61.575	126	103	3074900	24403.969	8155.831	22357.000	14291	46739	197.278	412.587	7.841	1.456	0.339	1.405	197.307	412.491	7.814	194	408	6	8	10	4
145	51.524	113.051	313	197	11406385	36442.125	17458.879	31838.000	14319	65535	135.604	421.086	9.284	2.197	0.625	2.118	135.508	421.145	9.284	128	418	6	16	8	7
146	3.622	18.341	22	22	404288	18376.727	2330.856	18246.000	14595	23031	736.864	426.000	6.045	0.788	0.319	0.856	736.847	425.943	6.045	735	424	6	5	6	2
147	50.701	100.984	308	176	12393426	40238.395	18675.506	37157.500	14305	65535	263.029	452.477	7.906	2.107	0.274	2.099	262.915	452.607	7.877	258	448	6	11	10	5
148	73.253	165.042	445	284	15703786	35289.406	15825.738	31971.000	14410	65535	103.463	460.465	7.755	2.496	0.745	2.451	103.514	460.549	7.729	96	454	6	16	17	5
149	19.424	50.854	118	94	3579118	30331.508	9415.483	29098.000	14365	50058	229.712	459.517	7.017	1.399	0.258	1.411	229.764	459.561	7.028	227	456	6	7	9	3
150	45.434	124.532	276	201	8049879	29166.229	13293.021	25357.500	14289	65535	540.779	460.366	8.580	2.315	0.806	2.242	541.339	460.263	8.513	531	455	6	19	10	5
151	44.610	92.227	271	160	10862960	40084.723	18588.656	34876.000	14344	65535	317.834	465.015	7.768	2.003	0.268	2.023	317.805	465.053	7.720	313	461	6	11	9	5
152	12.675	48.233	77	74	1560694	20268.754	4666.693	18372.000	14365	31310	332.351	472.857	7.429	1.178	0.374	1.163	332.275	472.852	7.447	329	470	6	9	8	3
153	42.800	97.467	260	162	9347148	35950.570	17071.248	33171.500	14281	65535	258.712	482.962	7.865	1.949	0.333	1.985	258.593	482.899	7.887	253	479	6	11	11	5
154	5.761	26.961	35	34	649502	18557.199	2990.636	17609.000	14315	24567	281.971	484.543	6.686	0.896	0.269	0.859	282.020	484.466	6.719	279	482	6	6	6	3
155	33.911	78.608	206	138	7301219	35442.812	15719.243	30886.500	14284	65535	326.971	487.447	7.369	1.808	0.344	1.772	327.001	487.395	7.346	322	483	6	10	9	4
156	31.606	81.020	192	145	5248519	27336.037	8874.823	25935.000	14374	47901	635.745	487.458	7.161	1.728	0.489	1.675	635.706	487.532	7.192	630	483	6	12	10	4
157	27.161	71.885	165	117	4517786	27380.521	10409.292	25131.000	14341	50162	106.782	492.224	7.461	1.727	0.408	1.677	106.778	492.177	7.481	102	489	6	11	8	4
158	12.675	47.785	77	77	1486338	19303.092	3358.631	19335.000	14291	29129	685.792	496.714	6.481	1.250	0.446	1.234	685.737	496.812	6.469	683	492	6	7	10	2
159	19.260	51.613	117	86	4110469	35132.215	15287.561	32289.000	14283	65535	233.650	511.094	7.342	1.486	0.284	1.525	233.711	511.089	7.322	229	509	6	9	5	4
160	10.535	44.027	64	63	1237128	19330.125	3603.298	19115.500	14440	28816	40.656	514.516	7.453	1.213	0.452	1.202	40.711	514.466	7.459	36	512	6	10	6	3
161	47.903	98.053	291	174	10767861	37002.957	17588.232	32862.000	14325	65535	57.711	519.416	8.199	2.045	0.328	2.057	57.815	519.465	8.212	52	516	6	13	8	5
162	28.807	68.887	175	109	7142099	40811.996	18469.369	35245.000	14368	65535	73.109	537.314	8.063	1.795	0.337	1.842	73.025	537.349	8.057	70	534	6	8	8	5
163	8.889	31.167	54	48	1289704	23883.408	6928.357	22805.000	14392	39223	127.389	546.333	6.648	1.049	0.240	1.061	127.434	546.367	6.627	124	544	6	7	5	3
164	22.223	63.472	135	109	4180652	30967.793	11871.055	29002.000	14462	65485	140.022	548.889	7.089	1.606	0.485	1.533	140.080	548.899	7.111	135	544	6	12	9	3
165	13.992	46.303	85	75	1796857	21139.494	5231.405	20246.000	14461	36866	93.071	555.553	6.729	1.221	0.327	1.264	93.154	555.610	6.720	89	553	6	9	6	3
166	6.091	36.615	37	37	700818	18941.027	3180.518	18155.000	14355	25929	2.378	556.784	7.676	1.188	0.434	1.183	2.412	556.787	7.692	0	554	6	7	7	4
167	14.651	45.854	89	81	1796587	20186.371	4842.966	18593.000	14288	36249	98.236	571.236	6.685	1.224	0.304	1.246	98.162	571.163	6.691	95	568	6	8	7	3
168	13.663	52.302	83	71	2308445	27812.590	11517.704	25696.000	14283	64985	9.916	574.506	7.410	1.478	0.528	1.466	9.670	574.559	7.385	6	572	6	11	7	4
169	21.235	58.128	129	96	3586814	27804.760	10956.387	24914.000	14432	57568	88.163	604.674	7.403	1.491	0.239	1.501	88.237	604.656	7.402	84	602	6	9	7	4
170	48.232	109.949	293	176	10636703	36302.742	18336.047	30582.000	14337	65535	44.314	627.232	8.488	2.124	0.463	2.033	44.045	627.230	8.403	39	623	6	13	10	6
171	6.420	31.375	39	38	680785	17456.025	2533.075	17282.000	14476	23001	66.385	638.769	6.769	0.941	0.281	0.962	66.360	638.737	6.745	64	637	6	6	5	3
172	39.507	89.503	240	150	9171257	38213.570	18064.266	32100.500	14410	65535	6.592	639.967	8.542	1.885	0.292	1.867	6.557	639.987	8.540	2	635	6	10	11	6
173	38.355	92.916	233	146	7506941	32218.631	14960.581	28368.000	14381	65535	206.421	646.116	8.026	1.846	0.272	1.894	206.446	646.250	8.036	202	641	6	10	11	5
174	23.046	65.025	140	98	4341110	31007.928	14287.796	28076.500	14462	65535	40.650	678.150	8.193	1.575	0.295	1.559	40.630	678.154	8.163	37	675	6	9	7	5
175	43.294	96.430	263	202	7517246	28582.684	9971.198	26030.000	14289	56948	84.335	687.506	7.019	2.037	0.649	2.036	84.084	687.471	6.991	78	683	6	15	10	3
176	27.326	77.781	166	119	5101396	30731.301	13286.839	28656.500	14672	65535	49.470	696.645	7.970	1.702	0.469	1.719	49.332	696.863	7.932	45	692	6	10	10	5
177	27.326	74.883	166	131	3946282	23772.783	7112.100	22687.500	14290	46846	874.783	156.470	8.157	1.556	0.352	1.575	874.739	156.473	8.168	870	152	7	11	10	4
178	10.371	41.614	63	53	1199260	19035.873	3854.228	17065.000	14358	27314	843.238	198.841	8.032	1.174	0.280	1.184	843.195	198.813	8.041	840	196	7	7	7	3
179	5.926	31.375	36	36	698765	19410.139	4163.780	18122.000	14424	33671	636.972	240.361	7.472	1.170	0.509	1.077	636.954	240.305	7.521	635	237	7	7	9	2
180	49.220	115.497	299	213	9274492	31018.367	12266.798	29949.000	14345	65535	608.783	253.953	9.468	2.021	0.516	2.035	608.769	254.199	9.392	602	248	7	13	12	5
181	10.371	41.166	63	57	1238468	19658.223	4804.784	18320.000	14284	33292	938.286	287.254	7.841	1.188	0.378	1.193	938.331	287.144	7.876	935	284	7	7	8	3
182	21.235	71.058	129	97	3193322	24754.434	8583.169	23346.000	14366	45801	587.326	293.915	8.589	1.650	0.514	1.607	587.321	293.921	8.558	584	289	7	8	12	4
183	8.231	37.649	50	49	943188	18863.760	3747.580	17923.500	14317	30151	863.700	301.620	7.660	1.023	0.324	1.008	863.815	301.657	7.678	861	299	7	6	7	3
184	2.140	15.343	13	13	221869	17066.846	2746.143	16128.000	14515	23527	679.769	334.231	7.308	0.781	0.276	0.895	679.732	334.175	7.272	678	332	7	4	5	2
185	9.218	44.924	56	56	954779	17049.625	2330.054	16608.500	14398	27351	746.000	352.607	7.518	1.548	0.673	1.558	745.995	352.497	7.529	744	346	7	5	14	2
186	7.078	30.823	43	41	902888	20997.395	5128.786	20098.000	14372	35561	357.930	366.953	7.674	0.953	0.242	0.951	357.950	366.978	7.696	355	365	7	7	6	3
187	36.874	104.779	224	159	7603563	33944.477	16600.414	28412.000	14320	65535	218.152	378.911	11.031	2.553	1.076	2.671	218.536	379.029	10.630	212	376	7	12	7	9
188	32.758	78.885	199	130	7939266	39895.809	17984.689	35531.000	14295	65535	660.141	424.437	9.387	1.828	0.357	1.791	660.172	424.374	9.377	655	421	7	11	7	6
189	18.601	55.164	113	90	2861253	25320.822	7549.163	25373.000	14315	44378	325.142	437.327	8.770	1.369	0.276	1.387	325.140	437.321	8.711	322	434	7	7	8	4
190	38.520	89.470	234	151	8883777	37964.859	17726.893	36380.000	14390	65535	551.876	439.735	9.056	2.006	0.505	2.020	551.756	439.737	9.013	546	437	7	13	6	5
191	3.951	21.272	24	24	416998	17374.916	2763.508	17035.000	14559	24888	132.125	442.833	7.625	0.819	0.248	0.806	132.132	442.871	7.641	130	440	7	5	6	2
192	53.500	133.841	325	227	9713623	29888.070	11071.580	28462.000	14293	60401	313.612	438.237	11.028	2.352	0.846	2.353	313.586	438.228	11.008	308	432	7	11	13	8
193	36.709	104.709	223	148	8198905	36766.391	19047.229	30674.000	14351	65535	92.099	441.439	9.552	2.021	0.493	1.959	92.044	440.951	9.544	88	437	7	10	13	6
194	8.725	37.338	53	53	1074863	20280.434	4726.922	18632.000	14316	34040	65.906	461.660	8.264	1.121	0.427	1.072	65.882	461.676	8.214	61	460	7	10	5	3
195	21.400	60.956	130	96	3675573	28273.639	11859.847	25008.500	14333	56503	270.023	470.054	8.315	1.505	0.270	1.497	270.009	470.093	8.306	266	466	7	9	9	4
196	1.975	13.067	12	12	192729	16060.750	1958.130	15314.000	14315	20894	405.833	473.417	7.500	0.664	0.165	0.626	405.857	473.393	7.502	404	472	7	4	4	2
197	21.235	56.060	129	84	4054998	31434.094	13663.442	25998.000	14534	64577	240.140	503.574	8.558	1.541	0.190	1.553	240.029	503.523	8.543	237	500	7	7	8	4
198	17.120	52.614	104	76	3586800	34488.461	16602.107	30700.500	14495	65535	224.471	542.740	8.933	1.451	0.326	1.400	224.455	542.688	8.904	222	540	7	6	7	5
199	53.170	122.534	323	191	12020838	37216.215	17664.205	32328.000	14366	65535	318.337	607.353	9.149	2.241	0.528	2.236	318.349	607.232	9.121	313	602	7	12	13	6
200	27.491	71.162	167	111	5801517	34739.621	16244.171	32664.000	14687	65535	8.719	610.808	8.916	1.699	0.325	1.708	8.795	610.764	8.913	6	606	7	7	10	5
201	17.778	55.475	108	80	3051008	28250.074	10943.543	26144.500	14328	59941	227.241	629.037	9.037	1.464	0.406	1.355	227.255	628.990	9.006	224	625	7	8	8	5
202	15.638	46.855	95	74	2411196	25381.010	8329.295	22792.000	14484	49795	54.842	667.621	8.126	1.310	0.203	1.317	54.891	667.545	8.133	52	665	7	7	7	4
203	15.638	50.131	95	72	2552266	26865.957	9035.994	25487.000	14320	50235	30.937	668.295	8.295	1.348	0.245	1.324	30.933	668.267	8.289	28	665	7	7	7	4
204	19.260	61.023	117	111	2273814	19434.309	3476.254	18644.000	14471	31726	986.470	142.504	9.325	1.373	0.430	1.420	986.418	142.499	9.310	983	138	8	9	10	3
205	18.108	58.406	110	85	3720357	33821.426	15716.665	29131.500	14765	65535	903.191	144.527	9.382	1.562	0.426	1.615	903.096	144.567	9.330	899	143	8	11	5	4
206	21.071	59.544	128	85	4340279	33908.430	15893.166	31305.500	14321	65535	892.391	144.414	10.648	1.649	0.413	1.646	892.491	144.385	10.615	889	142	8	8	6	6
207	12.346	39.925	75	66	1698626	22648.346	5796.042	22600.000	14618	42783	849.040	156.147	8.827	1.233	0.320	1.235	848.910	156.090	8.827	846	154	8	8	5	3
208	18.437	54.993	112	74	3442756	30738.893	14587.656	25810.500	14425	65535	976.500	157.973	9.929	1.557	0.356	1.454	976.543	158.001	9.876	974	155	8	6	7	5
209	12.840	40.718	78	65	1760264	22567.486	5731.417	21552.500	14373	39134	876.256	177.833	9.090	1.231	0.236	1.210	876.346	177.798	9.080	872	176	8	8	6	3
210	17.943	67.438	109	92	2187653	20070.211	5113.719	18825.000	14327	36993	908.385	205.890	9.000	1.498	0.505	1.436	908.267	205.859	8.993	902	203	8	13	6	3
211	3.457	23.411	21	21	341044	16240.190	1733.659	16163.000	14285	19353	921.476	263.000	8.619	0.928	0.399	0.749	921.505	262.985	8.633	919	260	8	7	7	2
212	36.215	111.087	220	171	5676195	25800.887	9758.493	23162.000	14322	58332	713.368	270.786	9.945	2.236	0.892	2.188	713.973	270.414	9.921	705	265	8	16	15	5
213	31.606	76.229	192	133	4898593	25513.506	8630.168	23898.000	14368	51786	877.865	269.880	9.411	1.757	0.387	1.732	877.798	269.917	9.396	872	267	8	13	7	4
214	18.272	55.475	111	82	3074516	27698.342	9584.548	26389.000	14491	51144	892.982	274.658	9.568	1.513	0.354	1.527	893.066	274.598	9.535	889	272	8	9	7	4
215	10.535	44.924	64	62	1205434	18834.906	3200.118	18053.500	14370	27736	877.203	302.766	9.281	1.146	0.341	1.142	877.131	302.798	9.272	874	299	8	7	8	3
216	13.828	45.750	84	78	1888352	22480.381	4650.047	23100.500	14352	33435	788.798	311.381	9.500	1.262	0.387	1.249	788.918	311.369	9.490	784	309	8	10	6	4
217	42.964	92.434	261	157	10523946	40321.633	18482.154	35960.000	14373	65535	370.153	314.372	10.950	2.035	0.345	2.032	370.129	314.405	10.950	365	310	8	10	9	6
218	25.844	71.852	157	113	4520243	28791.357	11341.406	26851.000	14333	62657	817.159	349.726	10.102	1.669	0.399	1.637	817.227	349.717	10.063	813	347	8	10	7	5
219	42.470	119.362	258	190	5699002	22089.154	6394.771	20369.000	14385	52573	478.326	402.930	11.760	2.220	0.724	2.207	478.420	402.994	11.879	473	398	8	10	10	8
220	10.700	38.064	65	48	2380804	36627.754	18058.979	29792.000	14455	65535	137.492	413.954	9.323	1.261	0.270	1.253	137.541	413.971	9.254	135	412	8	6	5	4
221	4.115	27.962	25	25	469368	18774.721	3611.022	17692.000	14411	27225	115.480	446.320	8.840	0.963	0.289	1.049	115.408	446.204	8.857	113	444	8	6	6	3
222	40.166	91.504	244	145	9736555	39903.914	18664.590	37004.000	14287	65535	575.410	447.689	10.246	1.965	0.305	1.941	575.413	447.751	10.230	571	444	8	10	9	6
223	3.128	17.652	19	19	315390	16599.475	1908.429	15650.000	14402	21135	331.947	459.053	8.000	0.894	0.478	0.899	331.951	459.044	8.000	330	456	8	5	8	1
224	22.881	64.714	139	103	4345475	31262.410	12542.591	29627.000	14309	64899	629.827	457.209	10.151	1.567	0.347	1.549	629.776	457.275	10.099	625	453	8	10	9	5
225	36.051	79.471	219	136	8778918	40086.383	19476.273	35516.000	14291	65535	612.361	464.210	9.881	1.896	0.294	1.897	612.333	464.179	9.831	609	460	8	8	9	5
226	2.798	17.033	17	17	328910	19347.646	3441.011	19469.000	14710	27863	947.412	465.588	8.765	0.831	0.330	0.789	947.395	465.614	8.758	945	465	8	6	2	3
227	10.371	36.823	63	48	1659142	26335.588	9243.693	24337.000	14508	53115	58.524	481.238	9.635	1.215	0.280	1.182	58.491	481.274	9.619	56	479	8	6	5	4
228	21.729	57.991	132	95	4364156	33061.789	13698.505	30339.000	14313	62640	305.864	615.242	9.311	1.542	0.315	1.566	305.860	615.218	9.240	302	612	8	9	7	4
229	17.778	58.128	108	93	2611098	24176.834	7587.695	22111.000	14551	48688	124.593	671.037	9.306	1.414	0.451	1.332	124.550	671.251	9.318	121	666	8	8	11	4
230	30.454	76.332	185	124	5335646	28841.330	12558.105	24084.000	14375	63813	112.357	681.481	9.368	1.741	0.319	1.715	112.266	681.501	9.380	107	678	8	12	8	4
231	6.420	34.754	39	37	758246	19442.205	2890.670	19365.000	14405	25065	653.308	223.692	10.359	1.018	0.328	0.975	653.327	223.642	10.361	651	222	9	6	5	4
232	15.145	47.440	92	77	2441911	26542.512	7769.161	27990.000	14317	44807	594.000	249.772	9.783	1.312	0.315	1.276	593.957	249.804	9.718	590	247	9	9	7	3
233	16.461	55.682	100	78	2568444	25684.439	8113.691	24075.000	14583	45085	404.910	300.020	10.750	1.513	0.470	1.507	404.976	299.978	10.741	400	298	9	11	5	4
234	46.915	102.122	285	168	9968858	34978.449	16724.605	31388.000	14356	65535	480.853	338.344	11.467	2.080	0.382	2.094	480.814	338.307	11.466	476	334	9	12	9	6
235	1.975	11.722	12	12	208391	17365.916	2202.653	17043.500	14428	22683	647.583	406.417	9.083	0.562	0.206	0.630	647.636	406.403	9.070	646	405	9	4	4	2
236	3.128	19.549	19	19	317863	16729.631	1829.640	16373.000	14381	19747	163.158	408.895	9.632	0.795	0.242	0.773	163.163	408.928	9.646	160	407	9	6	4	2
237	11.358	37.890	69	65	1477734	21416.436	4743.676	20709.000	14319	32067	608.652	420.754	9.652	1.137	0.371	1.154	608.662	420.873	9.623	606	417	9	7	7	3
238	25.680	74.231	156	113	5008235	32104.070	14632.161	28558.500	14302	65535	590.910	441.577	10.814	1.804	0.569	1.806	590.924	441.534	10.782	585	439	9	12	7	5
239	32.758	72.919	199	128	6992119	35136.277	16521.236	29968.000	14641	65535	17.352	498.156	10.422	1.743	0.205	1.742	17.321	498.103	10.392	14	494	9	8	10	4
240	17.614	60.474	107	84	2387022	22308.617	6282.182	20639.000	14583	37423	616.822	533.878	10.486	1.568	0.444	1.552	616.999	533.805	10.480	611	531	9	11	8	4
241	6.914	34.340	42	42	748199	17814.262	2905.148	16871.500	14362	24027	180.143	648.071	12.095	1.141	0.580	1.058	180.165	648.051	12.162	178	645	9	6	6	5
242	28.643	77.369	174	107	6469714	37182.266	18490.158	32883.500	14281	65535	59.954	725.914	12.092	1.837	0.502	1.822	60.020	725.837	12.032	56	723	9	9	7	7
243	21.729	63.887	132	101	3857923	29226.689	10901.609	27072.500	14325	58869	979.538	270.652	12.068	1.536	0.380	1.517	979.579	270.679	12.082	977	266	10	6	10	5
244	21.071	61.853	128	91	3388840	26475.312	10730.207	22774.000	14309	56369	493.359	278.492	11.430	1.615	0.420	1.619	493.294	278.559	11.448	489	276	10	12	6	4
245	11.194	38.442	68	58	1343862	19762.676	4372.066	18853.000	14309	31803	790.838	302.368	11.103	1.192	0.238	1.173	790.831	302.383	11.100	788	300	10	7	6	3
246	20.577	59.715	125	96	2764749	22117.992	5839.069	21315.000	14326	38075	461.416	328.232	11.744	1.469	0.326	1.451	461.395	328.291	11.740	458	325	10	8	8	4
247	21.729	62.542	132	100	3608107	27334.145	9419.688	25886.500	14296	54201	758.318	357.356	12.311	1.531	0.347	1.531	758.330	357.216	12.239	755	353	10	7	10	5
248	5.761	27.272	35	31	661292	18894.057	3717.842	17390.000	14353	28003	855.457	385.829	11.000	0.986	0.266	1.040	855.425	385.836	11.015	853	384	10	6	5	3
249	26.667	73.508	162	104	5804087	35827.699	17585.184	30585.000	14422	65535	377.710	587.636	12.235	1.846	0.514	1.790	377.706	587.730	12.184	374	584	10	8	8	6
250	25.844	68.542	157	106	5626012	35834.473	17735.816	29609.000	14319	65535	196.108	647.968	12.108	1.705	0.350	1.685	196.229	648.041	12.114	191	645	10	10	7	5
251	7.901	31.823	48	40	1196772	24932.750	7494.129	23637.000	14339	44266	842.250	157.521	12.917	1.095	0.280	1.100	842.169	157.552	12.917	840	156	11	6	4	4
252	12.181	41.855	74	62	1642049	22189.852	6161.726	21333.500	14421	36551	559.797	302.122	12.824	1.216	0.276	1.214	559.878	302.177	12.782	556	300	11	8	5	4
253	9.877	36.752	60	57	1328985	22149.750	5296.312	20899.500	14816	38557	296.150	344.683	12.600	1.147	0.400	1.098	296.118	344.635	12.602	293	343	11	9	5	4
254	4.115	17.514	25	25	475980	19039.199	3400.484	18537.000	14840	26827	799.560	364.720	11.480	0.749	0.142	0.764	799.575	364.781	11.470	798	363	11	4	4	2
255	10.371	37.857	63	53	1363231	21638.588	5013.814	21464.000	14857	35624	813.794	393.873	12.159	1.168	0.256	1.168	813.806	393.928	12.188	811	392	11	7	5	3
256	17.120	49.682	104	75	3091442	29725.404	11188.935	27130.000	14356	61813	173.625	395.471	12.327	1.451	0.263	1.441	173.635	395.457	12.303	170	393	11	8	6	4
257	28.149	72.059	171	110	6368848	37244.727	16792.752	33070.000	14319	65535	32.936	474.456	13.094	1.761	0.381	1.731	32.951	474.537	13.092	30	470	11	7	9	6
258	2.140	16.136	13	13	211918	16301.385	1734.354	16127.000	14301	20256	913.615	473.462	11.231	0.859	0.314	0.952	913.662	473.471	11.222	911	472	11	6	4	2
259	5.926	29.548	36	32	665567	18487.973	3100.358	17715.500	14351	25022	701.111	489.528	11.778	1.030	0.330	1.078	701.099	489.524	11.771	699	487	11	6	6	3
260	10.371	33.547	63	52	1370751	21757.953	5010.932	20821.000	14362	32407	831.968	490.159	12.127	1.138	0.181	1.165	831.972	490.196	12.171	829	488	11	7	5	3
261	15.968	54.404	97	97	1865048	19227.299	3304.578	18815.000	14306	29607	698.526	505.495	12.443	1.291	0.449	1.275	698.459	505.425	12.446	695	502	11	9	9	3
262	22.388	69.887	136	102	3880975	28536.580	11688.633	26337.000	14459	59030	635.235	232.544	14.081	1.723	0.505	1.824	635.221	232.552	14.062	630	230	12	12	6	5
263	22.717	66.129	138	94	4881087	35370.195	16418.400	30406.000	14448	65535	571.043	250.384	13.630	1.708	0.430	1.742	570.937	250.431	13.568	567	247	12	10	7	5
264	14.321	53.544	87	71	1817730	20893.449	5328.127	19604.000	14306	36620	931.701	280.264	13.828	1.391	0.418	1.349	931.612	280.419	13.796	928	276	12	9	9	4
265	16.791	56.509	102	83	2406148	23589.686	6403.203	23299.000	14399	39732	830.196	288.980	13.873	1.483	0.485	1.367	830.227	289.055	13.882	826	284	12	9	9	5
266	28.314	85.919	172	119	4198453	24409.611	7504.890	23532.500	14288	44985	1001.401	299.384	13.860	1.838	0.533	1.914	1001.552	299.511	13.840	997	295	12	10	10	5
267	4.774	23.307	29	27	524841	18097.965	3450.275	16914.000	14459	29348	271.379	351.793	13.069	0.922	0.295	0.961	271.404	351.771	13.085	269	350	12	5	5	3
268	29.301	77.781	178	125	4760014	26741.652	9835.815	24151.000	14437	55509	640.522	386.320	13.567	1.764	0.401	1.769	640.383	386.444	13.535	635	383	12	12	7	4
269	5.761	34.202	35	35	613242	17521.199	2672.121	16628.000	14353	24969	161.686	402.714	12.400	1.001	0.220	1.031	161.703	402.631	12.386	159	401	12	7	5	2
270	1.811	15.446	11	11	168020	15274.546	683.298	15158.000	14425	16741	937.273	413.364	12.636	0.773	0.323	0.728	937.281	413.377	12.632	936	411	12	4	6	2
271	23.704	67.301	144	100	3778920	26242.500	9872.649	22782.500	14303	49115	646.375	464.507	13.590	1.624	0.336	1.635	646.315	464.435	13.595	643	460	12	8	10	4
272	26.009	67.679	158	114	4525688	28643.596	10481.388	27426.500	14499	55394	350.291	488.057	14.019	1.565	0.278	1.584	350.259	488.129	13.978	346	484	12	9	9	5
273	7.243	32.409	44	42	745726	16948.318	1919.910	16954.000	14320	22144	484.386	534.295	13.568	0.963	0.278	0.908	484.372	534.305	13.580	482	532	12	6	5	4
274	28.314	77.540	172	117	5089848	29592.139	11621.772	26492.500	14290	60998	61.663	545.070	14.052	1.726	0.383	1.768	61.784	544.936	14.011	57	541	12	10	9	5
275	26.667	68.368	162	119	3905805	24109.908	6963.934	22992.500	14283	43045	65.265	552.809	13.759	1.637	0.338	1.625	65.332	552.684	13.736	60	549	12	11	8	4
276	2.140	14.998	13	13	205023	15771.000	1137.103	15683.000	14443	17610	294.462	607.154	12.385	0.668	0.148	0.712	294.457	607.160	12.366	293	606	12	4	4	2
277	22.388	65.852	136	109	3341711	24571.404	8082.251	22494.000	14308	47935	247.890	623.971	13.507	1.588	0.446	1.558	248.096	624.166	13.429	243	620	12	10	9	4
278	13.334	46.062	81	66	1616981	19962.729	4167.870	19236.000	14364	30549	828.000	197.481	14.358	1.257	0.272	1.281	828.072	197.456	14.349	825	195	13	7	7	4
279	11.029	44.579	67	65	1258317	18780.852	3310.321	18157.000	14408	29849	850.597	250.776	14.493	1.420	0.619	1.492	850.817	250.638	14.488	844	248	13	12	7	4
280	6.585	31.719	40	40	716545	17913.625	2434.558	17296.000	14597	22397	977.100	251.025	14.625	1.058	0.401	0.997	977.123	251.009	14.629	973	249	13	8	5	4
281	20.083	59.474	122	98	2690624	22054.295	5307.050	21746.500	14280	35982	1014.033	256.049	14.148	1.431	0.296	1.431	1013.955	256.065	14.139	1010	253	13	9	7	4
282	10.206	47.752	62	58	1194569	19267.242	3613.902	18430.000	14305	29728	933.081	308.565	13.710	1.353	0.551	1.269	933.137	308.608	13.707	929	303	13	8	11	3
283	11.688	40.580	71	57	1355628	19093.352	3513.039	18024.000	14281	28096	609.014	314.901	14.493	1.237	0.322	1.289	609.067	314.961	14.478	606	312	13	7	6	4
284	16.626	49.130	101	78	2319998	22970.277	6202.677	21996.000	14505	37341	341.327	409.644	14.366	1.382	0.313	1.401	341.279	409.690	14.387	337	407	13	9	6	4
285	4.115	19.790	25	25	456327	18253.080	2629.539	17343.000	15122	23901	444.840	420.280	13.600	0.804	0.281	0.758	444.794	420.272	13.555	443	419	13	6	4	3
286	7.901	31.960	48	46	901437	18779.938	3161.228	18858.000	14344	25264	691.104	433.125	13.583	0.989	0.284	1.012	691.146	433.101	13.578	688	431	13	7	6	3
287	31.277	75.747	190	134	5269727	27735.404	9610.561	26328.000	14327	49064	83.721	445.311	14.647	1.791	0.437	1.744	83.746	445.389	14.624	78	442	13	12	7	4
288	28.314	71.403	172	118	5309162	30867.221	12786.542	26485.500	14302	65000	715.029	447.913	14.419	1.743	0.359	1.741	715.047	447.871	14.391	710	445	13	11	7	4
289	24.692	73.126	150	114	3605584	24037.227	8369.129	21565.000	14315	49410	646.667	449.367	14.713	1.693	0.494	1.662	646.566	449.162	14.679	642	445	13	10	11	4
290	3.622	21.480	22	22	387797	17627.137	2496.839	16547.000	14304	22421	257.545	455.091	14.000	0.791	0.309	0.819	257.540	455.112	13.979	256	453	13	4	5	3
291	28.478	70.366	173	141	3404341	19678.271	3883.946	18729.000	14352	30844	346.399	456.896	14.081	1.583	0.348	1.599	346.484	456.859	14.099	342	452	13	9	10	3
292	26.667	70.747	162	114	3884911	23980.932	7657.284	21785.500	14418	46244	562.457	470.623	14.389	1.689	0.402	1.666	562.487	470.643	14.377	557	468	13	11	7	4
293	23.540	66.715	143	98	5043878	35271.875	16064.116	31662.000	14425	65535	219.364	479.664	14.608	1.640	0.333	1.644	219.433	479.570	14.540	216	476	13	7	9	5
294	13.828	46.373	84	63	1877193	22347.535	5724.104	20801.500	14588	35252	571.857	521.738	14.369	1.330	0.279	1.344	571.895	521.755	14.347	569	519	13	7	6	4
295	25.680	72.886	156	110	4352586	27901.191	9776.385	27143.000	14290	52587	207.904	540.628	14.942	1.586	0.288	1.586	207.869	540.696	14.934	204	536	13	9	9	5
296	8.395	32.098	51	51	958943	18802.805	2940.566	18428.000	14488	26780	295.196	597.843	13.392	1.022	0.351	0.988	295.169	597.878	13.375	292	596	13	9	5	2
297	17.120	49.338	104	80	2718403	26138.490	10318.946	24022.000	14319	54464	263.260	610.779	14.702	1.424	0.297	1.438	263.152	610.770	14.669	261	607	13	6	8	4
298	31.935	83.159	194	139	5053943	26051.252	9206.576	24359.500	14378	57175	24.474	753.799	14.423	1.798	0.449	1.748	24.518	753.803	14.359	19	749	13	12	10	4
299	17.943	59.025	109	91	2265880	20787.891	4865.512	20402.000	14332	33335	860.743	157.761	14.881	1.366	0.282	1.358	860.845	157.710	14.869	856	154	14	9	8	3
300	2.305	13.860	14	14	226233	16159.500	1272.099	16323.000	14300	18585	827.429	212.429	14.500	0.709	0.182	0.683	827.428	212.438	14.515	827	211	14	2	5	2
301	9.218	40.443	56	46	1190600	21260.715	5462.413	20469.500	14287	39088	1002.339	232.536	15.268	1.216	0.343	1.259	1002.327	232.572	15.241	1000	230	14	6	7	4
302	32.429	76.884	197	139	5246082	26629.857	8215.879	24839.000	14308	46141	649.269	266.868	15.264	1.769	0.366	1.750	649.433	266.868	15.227	644	263	14	12	8	4
303	19.918	59.715	121	94	2461704	20344.662	4062.032	19672.000	14323	33257	868.397	295.116	16.008	1.517	0.419	1.420	868.496	295.139	16.019	863	292	14	11	8	4
304	3.457	17.618	21	21	358368	17065.143	1708.134	17051.000	14377	20429	944.190	312.810	14.429	0.762	0.207	0.724	944.155	312.790	14.408	942	312	14	6	3	2
305	21.235	63.576	129	101	2761711	21408.613	4789.102	20965.000	14364	35945	675.643	343.977	15.775	1.514	0.351	1.465	675.676	343.919	15.768	670	341	14	11	7	4
306	13.169	43.304	80	61	1794241	22428.012	6801.345	20322.500	14385	42457	990.362	346.362	15.188	1.289	0.247	1.276	990.324	346.370	15.194	987	344	14	7	6	4
307	2.634	14.550	16	16	268181	16761.312	1289.429	16911.500	14395	19259	724.500	365.688	14.375	0.697	0.159	0.712	724.470	365.679	14.356	723	365	14	4	3	2
308	19.754	57.543	120	97	2568064	21400.533	5309.681	19953.500	14641	38146	605.167	371.217	15.092	1.451	0.347	1.393	605.335	371.364	15.078	601	367	14	8	10	4
309	11.194	36.270	68	57	1653838	24321.146	7230.886	23397.500	14426	42373	644.029	369.868	14.971	1.185	0.215	1.209	644.057	369.903	14.962	641	368	14	7	5	3
310	13.828	44.716	84	73	1643010	19559.643	3428.655	18865.000	14303	29028	401.595	410.345	15.286	1.247	0.312	1.248	401.718	410.296	15.289	397	408	14	9	6	3
311	36.215	86.090	220	145	5892586	26784.482	8878.016	25999.500	14283	50217	607.582	422.250	16.273	1.821	0.296	1.835	607.619	422.260	16.260	603	419	14	11	8	5
312	33.417	85.919	203	132	6800200	33498.523	15568.462	30629.000	14302	65535	113.448	443.148	15.744	1.921	0.431	1.977	113.363	443.138	15.706	109	440	14	11	8	5
313	3.128	19.894	19	19	317718	16722.000	1733.794	16189.000	15062	20097	546.579	454.211	14.263	0.771	0.234	0.803	546.621	454.239	14.244	544	453	14	6	4	2
314	4.445	19.445	27	27	528103	19559.371	3627.002	19337.000	15259	27524	240.963	457.815	14.481	0.790	0.181	0.783	240.902	457.836	14.473	239	456	14	5	4	2
315	15.474	48.200	94	78	2228301	23705.330	6926.496	22400.500	14438	46117	398.032	462.404	15.979	1.362	0.346	1.307	398.188	462.413	15.973	394	460	14	9	5	5
316	10.535	39.339	64	53	1364962	21327.531	5125.944	20403.500	14282	34322	306.578	476.094	14.859	1.214	0.269	1.204	306.621	475.972	14.825	304	473	14	6	7	3
317	23.540	64.025	143	106	3785961	26475.252	9412.137	24605.000	14415	54023	112.266	525.601	15.308	1.596	0.374	1.593	112.451	525.758	15.332	107	523	14	11	7	4
318	12.346	41.581	75	58	2662311	35497.480	16137.529	31150.000	14421	65535	327.133	546.347	15.453	1.353	0.324	1.450	327.080	546.361	15.428	324	544	14	7	5	4
319	28.149	91.953	171	128	3889282	22744.340	6264.010	21482.000	14561	37700	150.947	548.737	15.673	1.978	0.699	1.883	150.935	548.755	15.644	144	545	14	15	9	4
320	7.737	31.271	47	43	824791	17548.744	2516.422	16763.000	14567	24957	329.766	570.745	15.021	1.039	0.249	1.035	329.753	570.768	15.025	328	568	14	6	6	3
321	15.474	45.821	94	74	2330308	24790.510	8109.192	23416.000	14320	50483	254.436	579.872	15.160	1.345	0.298	1.334	254.379	579.689	15.159	252	577	14	6	8	4
322	4.280	27.168	26	25	416697	16026.808	1373.146	15655.000	14414	19050	761.269	194.692	15.731	0.875	0.313	0.807	761.292	194.709	15.745	758	193	15	7	4	3
323	15.145	51.268	92	71	1974051	21457.076	6449.894	18441.000	14303	36714	832.109	270.217	16.391	1.363	0.313	1.423	832.088	270.270	16.401	830	267	15	5	8	4
324	4.774	26.375	29	29	494784	17061.518	1523.444	17087.000	14522	19590	225.483	382.241	15.862	0.909	0.308	0.964	225.498	382.234	15.852	223	381	15	6	4	3
325	5.103	25.927	31	30	531607	17148.613	2315.024	16691.000	14319	24553	375.161	446.742	16.387	0.937	0.282	0.933	375.086	446.713	16.375	372	445	15	7	5	3
326	2.469	13.860	15	14	274093	18272.867	2334.092	18348.000	15213	24091	417.933	446.800	15.933	0.751	0.284	0.783	417.913	446.780	15.921	417	446	15	3	3	3
327	11.358	41.236	69	52	1972534	28587.449	13072.492	24905.000	14363	61589	316.406	543.667	16.928	1.307	0.396	1.232	316.435	543.660	16.928	315	541	15	4	7	5
328	6.255	26.583	38	34	677381	17825.816	3155.169	16847.000	14325	26756	179.947	547.974	16.816	1.106	0.406	1.056	179.908	547.992	16.817	178	546	15	5	4	4
329	18.437	56.646	112	97	2146633	19166.365	3822.888	18822.500	14291	34525	136.420	556.723	16.455	1.441	0.441	1.448	136.466	556.593	16.436	133	553	15	7	9	4
330	10.535	35.133	64	53	1409946	22030.406	5533.927	21186.000	14865	38474	244.797	575.547	15.969	1.152	0.188	1.135	244.823	575.530	15.942	243	573	15	5	7	3
331	22.881	68.576	139	103	2896905	20841.043	4587.963	20180.000	14357	33112	72.835	636.647	16.784	1.588	0.394	1.572	72.718	636.641	16.790	67	634	15	12	7	5
332	2.798	15.687	17	17	279900	16464.705	1425.707	16075.000	14384	19905	100.588	688.353	15.412	0.695	0.153	0.707	100.574	688.363	15.414	99	687	15	4	4	2
333	3.292	21.135	20	20	325053	16252.650	1539.248	15864.500	14349	18796	470.300	293.400	16.700	0.892	0.322	0.859	470.322	293.427	16.701	468	291	16	6	6	3
334	8.395	32.064	51	43	917698	17994.078	2605.938	17463.000	14412	25996	920.706	367.647	17.176	1.072	0.198	1.106	920.731	367.642	17.172	918	365	16	6	6	3
335	4.938	27.617	30	29	510995	17033.166	1910.032	16566.500	14363	22137	180.933	402.800	17.167	0.952	0.377	0.934	180.965	402.750	17.167	179	401	16	5	6	3
336	4.938	20.928	30	30	535496	17849.867	2605.788	17881.000	14501	25845	141.233	427.100	16.533	0.829	0.217	0.794	141.217	427.112	16.532	139	426	16	6	4	2
337	1.811	14.309	11	11	168966	15360.546	1176.166	14899.000	14373	18016	182.364	451.455	17.182	0.818	0.422	0.818	182.343	451.472	17.190	181	450	16	5	4	3
338	10.535	43.545	64	57	1256340	19630.312	4217.649	18362.000	14357	30679	396.938	479.922	16.891	1.280	0.408	1.214	396.949	479.727	16.861	395	477	16	6	10	3
339	3.622	18.308	22	22	374282	17012.818	1868.268	16835.000	14646	22088	315.045	518.182	16.636	0.764	0.197	0.761	315.054	518.201	16.654	313	516	16	5	5	2
340	3.457	16.721	21	21	360250	17154.762	2273.069	17078.000	14349	23591	71.381	583.905	16.476	0.735	0.151	0.723	71.375	583.848	16.473	70	582	16	4	5	2
341	8.889	32.650	54	50	1040987	19277.537	2911.531	19455.500	14464	25438	169.667	644.685	18.574	1.047	0.282	1.043	169.645	644.720	18.559	168	642	18	5	7	3
