 	Volume (micron^3)	Surface (micron^2)	Nb of obj. voxels	Nb of surf. voxels	IntDen	Mean	StdDev	Median	Min	Max	X	Y	Z	Mean dist. to surf. (micron)	SD dist. to surf. (micron)	Median dist. to surf. (micron)	XM	YM	ZM	BX	BY	BZ	B-width	B-height	B-depth
1	28.478	67.505	173	131	4880739	28212.363	10376.359	26469.000	12836	56904	472.931	558.052	5.000	1.573	0.297	1.600	472.972	558.057	5.002	469	554	3	9	9	5
2	22.881	66.782	139	111	3500034	25180.102	10673.444	22029.000	12947	65535	620.122	598.475	4.942	1.620	0.520	1.529	620.206	598.124	4.929	617	593	3	7	12	5
3	18.437	53.577	112	86	2714476	24236.393	9565.009	21082.500	12832	50903	874.777	642.679	4.509	1.401	0.248	1.440	874.645	642.657	4.487	871	640	3	9	7	4
4	30.783	79.849	187	128	4847206	25920.889	10990.103	21636.000	12801	52287	621.321	666.283	4.604	1.716	0.325	1.702	621.252	666.274	4.592	617	662	3	10	10	4
5	29.137	74.609	177	129	4888091	27616.334	11718.328	25008.000	12671	56582	889.311	686.576	4.774	1.742	0.459	1.716	889.149	686.538	4.795	883	684	3	13	7	5
6	18.272	49.027	111	88	2820673	25411.469	8787.363	24308.000	12732	48493	709.775	693.054	4.919	1.361	0.223	1.342	709.734	692.963	4.888	707	690	3	7	7	4
7	19.095	64.610	116	97	2447273	21097.182	6975.802	20024.000	12713	40602	846.138	730.483	4.328	1.569	0.564	1.504	846.035	730.490	4.339	841	727	3	13	7	4
8	25.515	61.679	155	119	4171544	26913.188	10529.222	24908.000	12719	51667	673.974	729.284	4.961	1.523	0.281	1.560	674.121	729.282	4.934	670	726	3	9	8	4
9	14.486	48.786	88	68	1876765	21326.875	6400.301	19877.500	12745	35429	947.511	747.750	4.795	1.272	0.251	1.283	947.587	747.823	4.735	944	745	3	8	7	4
10	16.297	47.992	99	75	2274923	22979.020	7559.344	21277.000	12867	40405	925.636	759.636	4.768	1.354	0.262	1.349	925.644	759.619	4.772	922	757	3	8	6	4
11	26.503	64.921	161	103	4823317	29958.490	14589.615	25532.000	12721	65535	804.913	767.093	4.770	1.673	0.271	1.661	804.871	767.018	4.777	801	764	3	8	8	5
12	23.869	61.026	145	96	4803028	33124.332	17011.996	28150.000	12704	65535	888.290	825.448	5.193	1.680	0.351	1.711	888.193	825.429	5.158	885	823	3	8	6	5
13	6.255	35.511	38	38	566220	14900.526	1830.584	14281.500	12743	19711	993.921	854.500	4.079	1.106	0.490	1.088	993.966	854.516	4.076	990	851	3	9	8	3
14	20.741	64.369	126	96	3113475	24710.119	8974.508	22637.000	13143	49964	536.889	541.635	5.659	1.566	0.404	1.566	536.918	541.613	5.617	534	536	4	7	12	4
15	15.968	51.991	97	83	2102136	21671.506	6542.506	20519.000	12719	34410	310.330	568.474	5.608	1.293	0.328	1.320	310.363	568.524	5.596	307	564	4	8	9	4
16	14.486	44.579	88	67	2443513	27767.193	11523.597	24839.500	13374	54928	666.000	583.830	5.795	1.303	0.252	1.271	665.989	583.803	5.797	663	581	4	7	7	4
17	16.791	54.956	102	90	2114303	20728.461	6050.584	19760.000	12838	37065	678.657	584.647	5.284	1.369	0.420	1.325	678.602	584.661	5.309	674	582	4	11	6	4
18	11.358	39.131	69	55	1325658	19212.436	5553.744	17272.000	12738	34342	742.246	608.043	5.087	1.181	0.176	1.203	742.282	608.032	5.095	739	605	4	7	7	3
19	19.918	57.439	121	94	3157989	26099.082	9114.932	24629.000	12788	46176	257.141	610.488	5.934	1.480	0.354	1.447	257.104	610.452	5.920	254	606	4	7	10	4
20	13.498	46.062	82	71	1871940	22828.537	7477.556	21886.500	12781	41343	619.524	622.841	5.817	1.321	0.391	1.297	619.476	622.853	5.787	616	619	4	8	8	4
21	12.511	38.683	76	66	1533734	20180.711	5499.015	19374.500	12838	40704	487.566	630.092	5.211	1.168	0.255	1.178	487.494	630.057	5.227	485	627	4	7	7	3
22	40.824	90.089	248	155	7526146	30347.363	13184.605	29351.000	12692	65535	487.702	653.718	6.210	1.884	0.238	1.876	487.739	653.840	6.154	483	649	4	10	10	5
23	24.528	65.092	149	112	3449610	23151.744	7359.065	21960.000	12824	41661	679.644	658.470	5.799	1.569	0.389	1.517	679.671	658.502	5.782	675	655	4	12	8	4
24	23.375	58.336	142	95	4183954	29464.465	12881.907	25310.000	12911	56106	657.423	667.000	5.634	1.570	0.187	1.565	657.420	667.010	5.632	654	664	4	8	7	4
25	34.404	80.090	209	138	6690135	32010.215	15429.036	28362.000	12738	65535	315.091	671.177	5.742	1.768	0.271	1.774	315.151	671.107	5.769	311	666	4	9	11	5
26	30.947	69.954	188	126	5496796	29238.277	11573.400	28972.000	12776	53897	476.085	669.899	6.335	1.699	0.204	1.713	476.143	669.963	6.261	472	666	4	9	8	5
27	22.881	68.127	139	105	3024814	21761.252	7232.730	19913.000	12716	36822	985.475	673.978	5.374	1.584	0.381	1.568	985.480	673.974	5.389	981	670	4	10	9	4
28	24.692	62.368	150	113	3765005	25100.033	8911.900	22584.000	12769	48105	91.860	678.247	5.960	1.526	0.317	1.515	91.891	678.119	5.908	88	674	4	8	10	4
29	19.095	56.542	116	97	2546293	21950.801	6986.931	20157.000	12884	39843	800.905	685.121	5.259	1.442	0.402	1.434	800.885	685.152	5.282	798	680	4	6	11	4
30	31.277	76.677	190	136	4864852	25604.484	9663.166	24499.000	12903	46453	582.726	688.347	5.658	1.706	0.317	1.694	582.677	688.231	5.626	578	685	4	10	9	4
31	6.255	29.789	38	34	673297	17718.342	4529.087	16727.000	12957	30602	1000.316	706.500	4.763	1.055	0.349	1.031	1000.441	706.609	4.777	998	703	4	6	7	3
32	27.161	68.505	165	124	3978391	24111.461	8554.398	22570.000	12726	50078	772.794	706.388	5.994	1.580	0.313	1.593	772.901	706.252	5.940	769	703	4	9	9	5
33	16.297	61.749	99	91	2016221	20365.869	5382.709	19651.000	12815	37894	803.596	720.849	5.646	1.843	0.643	1.929	803.516	720.759	5.660	799	715	4	9	13	4
34	15.803	46.510	96	71	2553200	26595.834	11108.424	23811.000	12733	55381	733.104	730.844	5.812	1.345	0.212	1.307	733.142	730.881	5.829	730	728	4	7	7	4
35	24.363	59.956	148	104	4603646	31105.717	13971.952	28371.000	13186	65535	479.980	732.196	5.750	1.552	0.237	1.556	479.977	732.187	5.765	476	729	4	9	7	4
36	18.601	55.060	113	87	2427696	21484.035	7326.512	19962.000	12670	39906	843.212	776.407	5.451	1.441	0.340	1.454	843.271	776.399	5.465	839	773	4	9	8	4
37	13.005	39.131	79	63	1727203	21863.330	6637.152	20200.000	12834	36961	878.405	778.557	4.848	1.215	0.176	1.220	878.396	778.580	4.811	876	776	4	6	7	3
38	20.906	54.059	127	99	2841350	22372.834	7468.655	20735.000	13007	43821	781.937	804.134	5.094	1.434	0.274	1.424	781.912	804.096	5.109	778	801	4	9	7	3
39	24.034	63.472	146	108	3657108	25048.686	8507.585	23865.500	12682	45658	933.562	813.671	5.815	1.546	0.302	1.531	933.534	813.774	5.788	931	809	4	7	10	4
40	26.832	81.298	163	125	5044161	30945.773	14541.708	28445.000	12807	65535	22.571	819.828	5.798	1.802	0.589	1.746	22.698	819.715	5.780	16	815	4	12	11	5
41	16.955	50.405	103	86	2388202	23186.428	8086.707	20944.000	12702	40447	13.845	834.951	5.718	1.350	0.322	1.340	13.863	834.952	5.684	9	832	4	10	6	4
42	26.832	64.403	163	119	4533956	27815.682	10929.568	27105.000	12688	57663	316.006	547.448	6.129	1.607	0.325	1.616	315.934	547.361	6.088	311	545	5	11	6	4
43	9.054	36.856	55	48	1001121	18202.199	4246.000	17322.000	12832	30140	250.055	571.491	6.036	1.108	0.261	1.112	250.048	571.471	6.033	247	568	5	7	7	3
44	8.560	43.338	52	52	785608	15107.846	2003.080	14368.000	12781	21569	318.654	587.250	5.885	1.195	0.473	1.192	318.606	587.289	5.895	314	584	5	9	7	3
45	9.383	36.270	57	50	1067544	18728.842	4689.678	17533.000	12941	30360	579.649	594.667	6.246	1.106	0.304	1.135	579.698	594.715	6.243	576	593	5	8	4	3
46	6.749	32.753	41	40	684154	16686.684	2728.103	16191.000	12730	22714	783.146	595.390	6.317	0.961	0.268	0.996	783.178	595.434	6.311	780	593	5	7	6	3
47	26.338	71.885	160	119	3639325	22745.781	7644.293	21086.500	12834	41825	136.681	605.006	6.256	1.622	0.389	1.605	136.603	604.917	6.254	131	602	5	12	8	4
48	5.268	33.995	32	32	488998	15281.188	2158.689	14564.000	12728	19973	666.406	604.344	5.469	1.058	0.455	0.964	666.434	604.343	5.454	663	602	5	8	7	2
49	9.383	33.650	57	45	1239197	21740.299	6166.341	21950.000	12737	33114	275.105	605.947	6.632	1.123	0.241	1.066	275.079	605.987	6.611	273	603	5	5	6	4
50	13.169	46.406	80	68	1588334	19854.176	5301.365	19410.500	12666	32009	160.913	609.175	6.438	1.230	0.379	1.296	160.843	609.170	6.424	157	606	5	8	7	4
51	6.255	26.857	38	38	604471	15907.132	2469.484	15557.500	12797	24701	423.053	609.789	5.658	0.884	0.227	0.916	423.100	609.784	5.695	420	608	5	7	5	2
52	27.326	73.608	166	125	4358311	26254.885	10700.041	24848.000	12727	61714	495.277	611.777	6.139	1.630	0.394	1.593	495.409	611.808	6.150	491	607	5	11	9	4
53	7.243	35.615	44	43	698009	15863.841	2684.783	15209.500	12690	22872	411.909	621.545	6.136	1.012	0.332	1.065	411.946	621.565	6.114	408	619	5	8	6	3
54	5.926	26.857	36	36	611580	16988.334	2882.714	16598.500	12886	25199	397.083	623.806	5.611	0.917	0.298	0.913	397.076	623.767	5.629	394	621	5	6	7	2
55	12.346	41.407	75	63	1504512	20060.160	5105.576	19682.000	12933	33275	50.320	624.333	6.187	1.195	0.266	1.176	50.316	624.297	6.196	47	621	5	7	7	4
56	3.457	18.548	21	21	326773	15560.619	2565.102	14828.000	12815	21181	781.143	639.381	5.238	0.836	0.329	0.844	781.088	639.392	5.202	779	638	5	7	4	2
57	7.572	34.788	46	46	807086	17545.348	4437.062	16093.500	12782	32725	642.913	645.717	5.891	1.306	0.525	1.323	642.693	645.673	5.928	638	644	5	10	4	3
58	13.498	43.442	82	69	1679560	20482.439	6491.891	18720.500	12762	42487	875.183	673.781	6.000	1.328	0.334	1.274	875.198	673.779	5.984	871	672	5	10	5	3
59	35.886	85.330	218	150	5979720	27429.908	10514.175	26087.500	12716	53548	350.037	675.372	7.206	1.755	0.314	1.785	350.024	675.277	7.167	346	670	5	9	11	5
60	21.235	57.094	129	89	3311430	25670.000	11318.585	22195.000	12838	59800	501.891	679.845	6.225	1.512	0.252	1.488	501.907	679.648	6.241	499	677	5	8	8	4
61	9.712	34.684	59	49	1131367	19175.711	4862.736	18355.000	12732	32443	246.475	682.254	6.136	1.116	0.217	1.120	246.511	682.250	6.135	244	680	5	6	6	3
62	31.277	79.401	190	135	5370530	28265.947	11125.358	27480.500	12723	57882	383.316	682.589	6.889	1.692	0.337	1.720	383.377	682.558	6.928	378	679	5	11	8	5
63	11.194	36.511	68	55	1424444	20947.705	5240.741	20058.500	13002	32437	245.235	689.382	6.176	1.155	0.177	1.171	245.177	689.440	6.196	242	687	5	7	6	3
64	26.009	73.264	158	117	3480138	22026.189	7227.991	20603.000	12700	41202	644.987	697.975	6.487	1.577	0.339	1.580	645.087	697.933	6.445	641	694	5	10	9	4
65	34.240	80.572	208	144	5272305	25347.621	9269.541	23944.500	12797	50082	456.740	702.803	6.442	1.793	0.386	1.773	456.659	702.845	6.443	452	699	5	12	9	4
66	7.078	29.581	43	43	674164	15678.232	2258.754	15028.000	12691	21349	956.930	702.093	6.163	1.003	0.347	0.963	956.944	702.059	6.167	955	699	5	6	7	3
67	30.454	71.196	185	121	6082126	32876.355	16047.297	28375.000	12694	65535	262.686	716.200	6.395	1.735	0.253	1.718	262.699	716.075	6.367	258	712	5	10	9	4
68	32.264	82.054	196	149	4649307	23720.953	7985.564	21536.500	12684	46370	415.311	734.168	6.082	1.823	0.579	1.683	415.342	734.245	6.102	411	728	5	9	14	4
69	15.968	48.923	97	77	1854409	19117.619	4913.003	18337.000	12945	33748	928.649	733.320	6.000	1.325	0.266	1.302	928.785	733.329	5.986	925	730	5	9	7	3
70	25.351	64.162	154	114	4454313	28924.111	11456.601	27903.000	12712	59253	287.110	747.662	6.104	1.527	0.254	1.559	286.961	747.538	6.083	283	744	5	9	9	4
71	13.663	45.476	83	63	1888570	22753.855	7605.868	21546.000	12721	39546	516.036	763.325	6.651	1.283	0.232	1.305	515.989	763.290	6.631	513	761	5	7	6	4
72	29.301	86.331	178	138	4070875	22870.084	7478.768	20696.500	12990	43946	228.219	772.792	6.831	1.772	0.509	1.852	228.176	772.815	6.826	223	769	5	12	9	4
73	3.128	14.894	19	19	330101	17373.736	2979.835	17624.000	13711	25364	243.158	780.474	5.579	0.699	0.134	0.690	243.112	780.462	5.623	242	779	5	3	4	2
74	15.638	51.406	95	77	2082366	21919.643	7010.441	19661.000	12667	42876	80.853	794.400	6.779	1.348	0.313	1.350	80.901	794.121	6.791	78	791	5	7	9	4
75	15.474	48.474	94	82	1881931	20020.543	5475.126	19377.500	12678	32638	808.947	824.936	6.255	1.289	0.297	1.299	808.994	825.026	6.305	806	820	5	7	10	3
76	30.124	83.677	183	128	5583081	30508.639	13588.629	29085.000	12801	65535	132.951	826.197	6.940	1.767	0.490	1.749	132.930	826.310	6.969	129	822	5	10	11	5
77	16.461	54.026	100	79	2115382	21153.820	5929.267	21099.500	12797	34014	211.930	855.710	6.360	1.315	0.324	1.373	211.898	855.669	6.381	209	852	5	7	8	4
78	19.095	53.648	116	79	3588204	30932.793	14343.427	26997.500	12669	65207	958.560	884.233	6.543	1.520	0.296	1.526	958.481	884.238	6.477	955	881	5	8	7	5
79	31.112	75.780	189	136	5152575	27262.301	11402.034	24080.000	12666	54924	174.862	910.624	6.661	1.711	0.327	1.697	174.926	910.659	6.668	170	907	5	10	9	5
80	9.218	42.441	56	56	887073	15840.589	2699.462	15597.500	12676	26667	501.607	561.482	6.321	1.146	0.408	1.133	501.457	561.535	6.314	498	558	6	9	7	2
81	20.577	59.025	125	92	3067198	24537.584	9254.190	22337.000	12824	51762	168.528	576.488	7.280	1.466	0.277	1.483	168.680	576.387	7.287	165	573	6	8	9	4
82	10.700	36.270	65	54	1425609	21932.445	7034.731	19656.000	12666	36915	269.185	613.046	6.862	1.173	0.218	1.201	269.190	613.070	6.786	267	610	6	5	7	3
83	8.066	26.857	49	49	975545	19909.082	3749.631	19750.000	12806	27175	474.633	619.245	6.510	0.951	0.256	0.909	474.607	619.241	6.510	473	616	6	5	7	2
84	7.572	30.823	46	43	840836	18279.043	3801.514	17062.000	12933	26297	327.435	625.065	6.674	1.029	0.306	1.016	327.447	625.043	6.694	324	623	6	7	6	3
85	1.975	12.619	12	12	186317	15526.417	2575.370	15740.000	12757	19756	859.917	627.333	6.250	0.642	0.210	0.666	859.921	627.343	6.224	858	626	6	5	3	2
86	12.840	41.062	78	66	1623581	20815.141	5734.691	19810.000	12875	35561	902.282	627.949	7.436	1.197	0.316	1.204	902.427	627.909	7.447	899	626	6	7	6	4
87	3.292	22.273	20	20	302113	15105.650	1190.351	15356.500	12974	17038	345.250	631.100	6.400	0.938	0.313	0.950	345.247	631.089	6.396	342	630	6	7	4	2
88	2.798	15.376	17	17	257785	15163.823	1327.436	15183.000	12881	17791	403.294	646.176	6.000	0.763	0.303	0.767	403.282	646.178	6.000	402	644	6	4	6	1
89	27.655	77.333	168	126	4358935	25946.041	10803.860	22627.500	12775	52918	238.714	649.768	7.738	1.804	0.490	1.766	238.767	649.622	7.707	236	644	6	8	13	4
90	10.535	38.546	64	54	1204994	18828.031	5211.022	17573.500	12725	31793	425.203	654.219	6.953	1.158	0.221	1.161	425.203	654.241	6.939	422	652	6	8	6	3
91	10.535	40.028	64	55	1404600	21946.875	8152.725	20514.500	13321	45617	292.312	663.469	7.656	1.207	0.360	1.184	292.084	663.362	7.621	288	661	6	9	6	4
92	1.811	10.929	11	11	174448	15858.909	2219.052	15905.000	13177	20120	25.455	664.909	6.000	0.614	0.309	0.605	25.464	664.888	6.000	23	664	6	6	3	1
93	4.115	19.238	25	25	397751	15910.040	2729.858	15779.000	12870	22918	29.320	679.000	6.760	0.758	0.212	0.843	29.335	679.008	6.777	27	677	6	5	5	2
94	26.174	69.503	159	151	3207237	20171.303	4131.800	20298.000	12828	31516	211.918	711.686	7.390	1.511	0.451	1.542	211.819	711.591	7.381	207	706	6	10	11	3
95	20.083	54.852	122	96	2923532	23963.377	7753.463	23212.000	12732	48547	125.746	731.311	7.992	1.435	0.302	1.389	125.829	731.189	7.956	121	728	6	10	7	4
96	4.774	22.410	29	29	522951	18032.793	3912.839	16761.000	12875	26948	193.724	744.621	6.655	0.822	0.215	0.829	193.733	744.598	6.710	192	742	6	5	5	2
97	3.128	19.894	19	19	287635	15138.685	2308.870	14047.000	12753	20124	212.368	775.105	6.368	0.786	0.267	0.765	212.364	775.129	6.355	211	773	6	4	6	2
98	21.400	56.646	130	95	3568257	27448.131	12316.267	25213.000	12720	65133	225.923	823.977	7.262	1.484	0.225	1.490	225.997	824.007	7.216	223	820	6	8	8	4
99	6.914	32.753	42	40	702016	16714.666	3335.512	15594.500	12704	26301	198.048	822.571	7.333	1.089	0.358	1.086	198.107	822.576	7.298	196	819	6	5	8	3
100	13.828	45.269	84	67	1783997	21238.059	7040.684	18994.500	12727	41056	62.321	846.512	7.107	1.267	0.234	1.258	62.337	846.437	7.135	60	843	6	7	9	3
101	15.638	50.372	95	73	1984189	20886.199	7159.855	18726.000	12709	38299	105.253	888.474	7.495	1.360	0.296	1.388	105.237	888.533	7.484	102	886	6	8	6	4
102	15.474	47.062	94	72	2282036	24276.979	8482.016	22079.500	12951	43793	26.468	914.830	7.340	1.404	0.342	1.437	26.432	914.842	7.348	23	913	6	9	5	4
103	37.367	88.469	227	146	7332767	32302.938	13936.534	29153.000	12689	65535	271.449	538.960	9.392	1.908	0.432	1.863	271.496	538.839	9.401	266	536	7	12	8	6
104	10.535	37.994	64	57	1211553	18930.516	4090.218	18289.000	12878	30312	561.000	551.531	8.188	1.196	0.337	1.153	561.014	551.586	8.211	559	547	7	5	9	3
105	3.786	24.789	23	23	354249	15402.131	1827.529	15462.000	12836	18158	801.522	594.391	7.739	0.880	0.299	0.891	801.627	594.340	7.752	798	593	7	7	5	2
106	3.622	23.755	22	22	354084	16094.728	2111.445	15975.000	13300	20152	337.727	640.636	7.273	0.907	0.250	0.901	337.658	640.582	7.257	336	639	7	6	5	2
107	17.284	48.337	105	82	2973910	28322.953	11355.857	26030.000	12681	57882	149.638	678.314	8.086	1.368	0.254	1.349	149.639	678.302	8.079	147	675	7	6	8	4
108	3.128	19.101	19	18	306512	16132.211	3299.413	14878.000	13037	22670	137.684	733.421	7.842	0.778	0.267	0.786	137.676	733.472	7.864	136	731	7	5	5	3
109	20.741	62.472	126	104	2444632	19401.842	4379.164	18458.500	12708	29447	27.508	740.183	8.151	1.482	0.441	1.424	27.562	740.161	8.180	22	737	7	12	8	3
110	21.071	60.163	128	100	3387569	26465.383	10160.522	24452.500	12747	57264	80.086	824.133	8.258	1.535	0.369	1.522	80.082	824.187	8.255	77	820	7	8	10	4
111	7.737	29.822	47	47	812487	17286.957	4317.264	15264.000	12747	28749	118.021	946.617	7.468	0.946	0.261	0.943	118.110	946.799	7.463	115	944	7	7	6	2
112	19.260	54.923	117	85	3162532	27030.188	9611.197	25624.000	12732	50042	704.786	556.248	9.863	1.439	0.278	1.424	704.739	556.189	9.862	702	553	8	7	8	5
113	16.132	49.579	98	75	2278902	23254.102	7509.362	22558.000	12791	43957	135.337	574.112	9.765	1.351	0.268	1.355	135.383	574.012	9.722	132	571	8	8	7	4
114	29.960	84.159	182	136	4091809	22482.467	7130.276	21827.500	12672	40778	766.819	581.747	9.945	1.726	0.450	1.676	766.816	581.681	9.942	761	579	8	13	7	5
115	26.503	67.749	161	101	4570254	28386.670	12975.635	24790.000	12925	65107	862.957	607.925	10.043	1.701	0.286	1.628	862.902	607.826	10.020	859	605	8	9	7	5
116	10.700	40.339	65	51	1572108	24186.277	9619.049	22233.000	12917	49295	48.585	616.369	9.954	1.291	0.413	1.162	48.570	616.339	9.992	46	614	8	7	5	5
117	4.938	25.271	30	30	469299	15643.300	2037.937	15564.000	12976	22342	483.467	704.200	8.200	0.926	0.332	0.970	483.496	704.136	8.177	481	702	8	6	6	2
118	8.725	31.960	53	45	997331	18817.566	5542.507	17110.000	12710	34988	475.811	709.151	8.849	1.082	0.221	1.108	475.743	709.104	8.847	474	706	8	5	7	3
119	6.749	35.303	41	41	671941	16388.805	2401.651	16073.000	12805	22229	124.341	712.634	8.927	1.298	0.625	1.243	124.173	712.581	8.941	119	711	8	12	5	2
120	23.869	68.816	145	105	3244924	22378.787	7681.402	20720.000	12698	43519	428.772	763.876	9.421	1.593	0.311	1.563	428.736	764.006	9.412	426	758	8	8	11	4
121	10.041	45.269	61	61	1044460	17122.295	3699.927	16395.000	12674	25342	490.852	772.967	9.475	1.421	0.584	1.356	490.873	772.921	9.449	488	768	8	7	11	4
122	44.610	119.670	271	208	5797022	21391.225	6623.257	19972.000	12672	37994	638.351	543.373	12.406	2.452	1.032	2.343	638.350	543.270	12.332	630	537	9	17	12	7
123	19.589	60.163	119	95	2614342	21969.260	6465.164	20820.000	12761	35814	159.899	563.076	10.824	1.558	0.452	1.524	159.787	563.118	10.798	155	561	9	11	6	4
124	1.811	11.722	11	11	159967	14542.454	1649.733	13757.000	12863	17202	113.909	727.727	9.000	0.573	0.267	0.530	113.947	727.798	9.000	112	726	9	5	4	1
125	5.597	27.065	34	33	546113	16062.147	2891.965	15393.000	12849	24838	461.000	750.176	9.853	1.055	0.440	1.004	461.007	750.228	9.855	460	747	9	3	9	3
126	17.449	55.578	106	83	2492030	23509.717	8714.750	21594.500	12757	46424	623.349	777.443	10.358	1.455	0.406	1.437	623.268	777.403	10.278	620	775	9	8	6	5
127	13.992	45.924	85	67	2441862	28727.789	14616.664	24324.000	12836	65535	27.447	793.129	10.612	1.365	0.311	1.419	27.476	793.207	10.592	25	790	9	6	7	4
128	9.218	34.684	56	50	1116174	19931.678	6258.542	19319.500	12712	44575	301.000	800.696	9.857	1.138	0.305	1.143	300.987	800.793	9.906	299	796	9	5	8	3
129	11.852	52.199	72	70	1206771	16760.709	2670.933	16437.000	13030	23674	194.167	913.958	10.472	1.580	0.552	1.653	194.180	914.044	10.522	191	909	9	6	10	5
130	8.725	33.202	53	47	858490	16197.925	2689.877	15733.000	12790	22807	1007.887	914.377	10.226	1.076	0.265	1.102	1007.916	914.417	10.221	1005	912	9	6	6	3
131	29.631	69.024	180	119	4981581	27675.449	10868.708	25306.500	12699	58456	595.978	533.622	11.500	1.717	0.276	1.668	595.915	533.675	11.473	593	530	10	8	8	5
132	17.778	54.749	108	101	2132192	19742.518	4346.804	19746.000	12881	29117	687.111	548.361	10.583	1.324	0.410	1.349	687.055	548.377	10.566	684	544	10	8	10	3
133	25.021	66.163	152	99	3509144	23086.475	8596.388	21315.500	12669	49925	453.046	771.500	11.862	1.670	0.335	1.574	453.042	771.341	11.837	450	767	10	8	9	5
134	7.243	29.822	44	44	760711	17288.887	3183.550	17163.500	12671	24543	916.477	864.932	10.523	1.031	0.392	0.913	916.447	864.965	10.512	913	863	10	9	5	2
135	3.951	25.582	24	24	352051	14668.792	1555.829	14560.000	12684	18973	142.625	961.042	10.958	0.887	0.359	0.919	142.658	961.052	10.963	140	959	10	7	5	3
136	7.737	31.960	47	45	786878	16742.086	2750.813	16480.000	12829	24363	889.638	619.957	12.362	0.982	0.285	0.996	889.678	619.977	12.356	887	617	11	7	6	3
137	11.523	45.958	70	62	1059227	15131.814	1676.662	14630.000	12729	19904	963.900	649.286	12.157	1.252	0.363	1.210	963.907	649.321	12.160	960	646	11	9	7	3
138	14.651	45.717	89	72	1893755	21278.146	6677.060	19532.000	12890	40140	662.101	777.843	11.966	1.313	0.285	1.311	662.022	777.829	11.924	658	775	11	9	7	3
139	2.634	17.963	16	16	226402	14150.125	1203.943	13806.000	12730	17609	370.125	780.625	12.062	0.734	0.240	0.768	370.101	780.617	12.058	368	779	11	5	4	3
140	6.749	25.927	41	36	730837	17825.293	3542.010	17459.000	12798	24465	688.463	788.976	12.268	0.965	0.199	0.936	688.482	788.930	12.288	686	787	11	5	5	3
141	17.284	52.406	105	75	2291643	21825.172	6724.916	20313.000	12698	36814	802.162	828.667	12.610	1.409	0.251	1.426	802.162	828.649	12.641	799	826	11	7	7	4
142	9.877	40.510	60	59	947526	15792.100	2360.536	15415.000	12682	21157	947.617	882.000	12.400	1.144	0.454	1.041	947.610	882.067	12.375	945	877	11	6	10	3
143	20.741	66.574	126	104	2504984	19880.826	6164.659	18941.000	12669	40592	154.929	944.476	11.968	1.479	0.403	1.430	155.001	944.286	11.984	151	941	11	9	11	3
144	22.881	60.508	139	106	3447716	24803.713	8551.565	23536.000	12950	47879	533.050	672.964	13.820	1.563	0.352	1.524	533.220	673.021	13.808	528	670	12	10	6	5
145	7.408	28.996	45	39	867868	19285.955	4768.719	18247.000	12702	30314	158.756	702.622	12.844	1.023	0.203	1.037	158.720	702.619	12.828	156	701	12	6	5	3
146	18.437	61.301	112	93	2068177	18465.865	4013.751	18383.000	12897	27917	590.795	772.812	13.402	1.500	0.447	1.469	590.857	772.808	13.393	585	770	12	12	7	4
147	2.140	14.550	13	13	182351	14027.000	1125.846	14045.000	12754	16306	730.615	803.923	13.000	0.697	0.351	0.671	730.573	803.919	13.018	729	803	12	4	3	3
148	9.877	40.028	60	55	1151461	19191.018	4628.968	19092.500	12689	29680	47.517	903.667	13.017	1.266	0.405	1.184	47.474	903.630	13.019	45	900	12	6	9	3
149	15.638	59.474	95	85	1515486	15952.484	2224.032	15720.000	12674	22855	364.674	526.547	14.368	1.439	0.501	1.431	364.669	526.431	14.340	362	521	13	6	11	4
150	3.128	17.618	19	19	290398	15284.105	1719.853	15056.000	12693	18333	599.316	592.737	13.579	0.729	0.187	0.693	599.319	592.797	13.539	598	590	13	4	5	2
151	8.395	34.443	51	44	863788	16937.020	3301.264	16282.000	12849	25098	812.275	601.843	13.980	1.110	0.241	1.078	812.255	601.833	14.005	810	599	13	6	6	3
152	6.914	28.547	42	37	689166	16408.715	3120.353	16405.000	12740	28970	466.167	637.190	13.833	0.983	0.200	0.973	466.219	637.175	13.822	464	635	13	6	5	3
153	4.280	21.480	26	24	419597	16138.346	2519.141	15174.000	13089	23509	777.615	693.923	14.231	0.849	0.241	0.855	777.599	693.905	14.231	776	692	13	4	5	3
154	10.206	36.374	62	48	1280316	20650.258	5872.376	19903.500	12919	36579	637.919	706.613	14.919	1.202	0.275	1.161	637.885	706.640	14.916	636	704	13	5	6	5
155	2.305	14.446	14	14	208934	14923.857	1630.610	14276.500	12718	18288	530.857	715.714	13.857	0.662	0.283	0.616	530.880	715.728	13.870	528	715	13	6	3	2
156	11.523	37.649	70	57	1211085	17301.215	2990.976	16495.000	12769	27388	933.686	742.600	14.071	1.207	0.220	1.172	933.662	742.627	14.072	931	740	13	7	6	3
157	3.622	21.584	22	22	334649	15211.318	1990.299	14552.500	12749	19193	609.727	767.818	14.182	0.966	0.372	0.933	609.701	767.799	14.213	608	767	13	5	3	4
158	9.548	34.718	58	58	928222	16003.827	2438.211	15678.500	12770	24668	7.724	848.034	13.500	1.047	0.335	0.992	7.759	848.022	13.509	4	845	13	8	7	2
159	28.807	75.024	175	114	3757513	21471.502	6523.107	20291.000	12703	38009	275.577	849.903	15.183	1.753	0.337	1.745	275.646	849.768	15.124	271	846	13	9	8	5
160	15.638	54.923	95	83	2070427	21793.969	6694.515	20442.000	12807	45222	106.558	984.800	13.926	1.557	0.568	1.544	106.487	985.059	13.900	103	979	13	7	11	3
161	20.906	59.300	127	105	2199908	17322.109	3422.973	16384.000	12719	27886	267.181	551.307	15.142	1.428	0.313	1.434	267.141	551.327	15.140	263	547	14	9	10	3
162	3.457	22.858	21	21	297044	14144.952	848.030	14045.000	12812	16390	794.095	657.952	14.857	0.841	0.297	0.881	794.105	657.959	14.859	792	656	14	6	5	2
163	1.646	11.136	10	9	150467	15046.700	1889.145	14647.500	12907	18463	744.100	660.000	15.100	0.639	0.249	0.567	744.107	660.005	15.094	743	659	14	3	3	3
164	17.614	50.027	107	73	2650417	24770.252	9848.260	21473.000	12889	50697	357.869	687.991	15.495	1.441	0.200	1.446	357.892	687.986	15.492	355	685	14	7	7	4
165	7.408	28.306	45	41	778057	17290.156	3408.220	16347.000	12718	26121	165.467	692.622	14.978	1.027	0.257	1.056	165.496	692.650	14.981	163	691	14	6	4	3
166	10.371	46.510	63	58	964024	15301.968	2506.378	14513.000	12671	23834	320.810	690.921	15.587	1.459	0.574	1.458	320.835	691.139	15.544	318	686	14	6	10	4
167	3.128	16.136	19	18	294973	15524.895	2372.999	14978.000	12953	21257	237.684	702.263	14.842	0.783	0.258	0.806	237.689	702.305	14.868	237	701	14	3	4	3
168	10.865	38.338	66	58	1113458	16870.576	2814.883	16973.000	12816	22512	342.924	707.849	15.273	1.137	0.241	1.147	342.954	707.816	15.288	340	705	14	7	7	3
169	11.688	40.580	71	54	1545650	21769.719	6495.896	20919.000	12827	39202	456.324	712.577	15.113	1.235	0.228	1.215	456.344	712.534	15.071	454	710	14	6	7	4
170	2.798	16.929	17	17	258888	15228.706	2187.877	14818.000	12736	20859	312.059	719.882	14.588	0.766	0.269	0.686	311.962	719.958	14.561	310	718	14	6	4	2
171	2.305	15.687	14	14	197278	14091.286	1423.783	13788.000	12695	17816	39.071	727.000	14.286	0.713	0.250	0.675	39.047	727.001	14.263	37	725	14	5	5	2
172	7.737	32.168	47	41	725367	15433.341	2174.938	14635.000	12750	20401	369.979	731.234	15.362	1.074	0.316	1.042	370.049	731.263	15.353	367	729	14	7	5	4
173	1.811	12.170	11	11	155432	14130.182	1127.535	13896.000	12687	15948	34.273	732.818	14.909	0.577	0.241	0.583	34.268	732.781	14.916	33	731	14	4	4	2
174	2.305	14.550	14	14	210873	15062.357	1562.104	15188.500	12962	17834	663.571	758.714	15.214	0.686	0.260	0.720	663.601	758.730	15.212	662	757	14	4	4	3
175	4.774	23.307	29	28	485160	16729.654	2641.549	16321.000	12857	22230	496.103	766.759	14.690	0.831	0.217	0.829	496.099	766.786	14.662	494	765	14	5	5	3
176	9.218	37.304	56	49	888225	15861.161	2497.158	15019.000	12702	21696	678.679	777.732	15.125	1.168	0.305	1.130	678.665	777.720	15.124	676	776	14	8	5	3
177	12.675	43.682	77	69	1326424	17226.285	3062.636	17153.000	12675	24914	252.117	785.091	14.766	1.211	0.347	1.230	252.137	785.001	14.737	250	782	14	6	9	3
178	3.951	25.030	24	24	356748	14864.500	1513.921	15170.000	12703	17667	308.542	782.208	15.042	1.252	0.699	1.183	308.556	782.178	15.037	302	780	14	12	5	3
179	13.828	42.545	84	66	1734832	20652.762	6002.666	19230.000	12730	37789	345.155	786.250	15.024	1.255	0.194	1.246	345.169	786.148	15.016	342	783	14	7	7	3
180	10.700	38.442	65	56	1181941	18183.707	3608.996	17776.000	12702	25240	164.323	788.092	14.815	1.161	0.255	1.170	164.259	788.096	14.803	161	785	14	8	7	3
181	3.786	17.859	23	23	346735	15075.435	1650.192	14461.000	12951	18243	996.261	850.261	14.522	0.767	0.191	0.731	996.239	850.297	14.550	995	848	14	4	5	2
182	1.646	11.481	10	10	133828	13382.800	307.507	13390.500	12919	13815	672.100	567.200	15.800	0.596	0.213	0.566	672.093	567.197	15.797	671	566	15	4	3	2
183	8.066	36.856	49	48	821308	16761.389	3212.875	16054.000	12705	24455	327.000	601.531	16.490	1.182	0.536	0.988	326.863	601.672	16.514	324	598	15	8	8	4
184	5.597	31.271	34	33	476306	14009.000	1234.667	13481.000	12709	17601	584.412	641.794	16.000	0.967	0.378	0.995	584.443	641.753	15.998	581	639	15	6	6	3
185	2.798	13.757	17	17	255484	15028.471	1174.854	14890.000	13148	17213	732.765	649.000	15.412	0.666	0.112	0.654	732.766	649.009	15.399	731	648	15	4	3	2
186	6.749	28.651	41	36	695850	16971.951	3042.201	16061.000	12701	26415	594.707	653.024	16.098	1.002	0.227	1.008	594.695	653.071	16.114	593	650	15	5	6	3
187	13.334	47.752	81	70	1531896	18912.297	4129.786	18296.000	12979	27532	92.025	663.654	16.210	1.259	0.324	1.272	92.057	663.633	16.260	89	660	15	7	8	4
188	1.646	13.860	10	10	142083	14208.300	1143.469	14093.500	12792	16699	600.900	758.700	15.300	0.741	0.287	0.694	600.898	758.735	15.291	599	757	15	4	4	2
189	12.675	44.201	77	61	1556420	20213.246	5646.971	18055.000	12675	30475	243.753	770.078	16.416	1.323	0.306	1.388	243.783	770.102	16.407	240	768	15	8	5	4
190	18.766	56.887	114	88	2205616	19347.508	5233.192	17813.500	12784	36961	237.456	814.904	17.053	1.410	0.291	1.412	237.359	814.847	17.067	234	811	15	9	8	5
191	10.865	40.028	66	58	1198083	18152.773	4041.126	17503.000	12689	27812	192.318	825.485	16.258	1.212	0.359	1.213	192.134	825.561	16.295	188	823	15	10	5	3
192	3.786	23.411	23	22	362290	15751.739	2401.474	15162.000	12724	21197	236.652	825.783	16.087	0.835	0.276	0.903	236.733	825.724	16.106	234	824	15	6	5	3
193	8.889	35.718	54	49	972755	18013.982	3750.999	17692.500	12692	28189	126.370	852.815	16.333	1.118	0.348	1.117	126.372	852.790	16.337	124	849	15	6	9	3
194	13.828	50.301	84	82	1384702	16484.547	2829.614	16260.500	12669	25495	151.690	597.536	16.595	1.437	0.591	1.361	151.784	597.543	16.619	146	595	16	12	6	3
195	5.103	25.134	31	30	480978	15515.419	2012.688	15286.000	12725	19438	72.935	617.161	17.419	0.896	0.301	0.844	72.975	617.140	17.401	69	616	16	8	4	3
196	8.395	31.512	51	50	824829	16173.117	2093.758	16173.000	12726	21646	186.569	747.765	16.608	1.003	0.292	0.970	186.619	747.745	16.587	183	746	16	8	5	3
197	7.572	39.131	46	45	698343	15181.369	2074.128	14731.000	12750	21793	61.239	854.543	17.326	1.172	0.394	1.171	61.277	854.636	17.294	58	851	16	8	7	3
198	7.901	38.924	48	48	763457	15905.354	2806.242	15146.000	12793	24293	80.854	862.604	16.771	1.136	0.387	1.129	80.962	862.658	16.783	77	859	16	8	7	2
199	8.725	40.855	53	48	841424	15875.925	2608.558	14982.000	12677	22710	58.377	905.491	16.906	1.140	0.371	1.112	58.315	905.456	16.915	54	903	16	10	6	3
200	1.646	11.585	10	10	141351	14135.100	961.825	14094.500	12841	15574	71.300	940.300	16.500	0.652	0.118	0.630	71.301	940.312	16.513	71	939	16	2	4	2
