 	Volume (micron^3)	Surface (micron^2)	Nb of obj. voxels	Nb of surf. voxels	IntDen	Mean	StdDev	Median	Min	Max	X	Y	Z	Mean dist. to surf. (micron)	SD dist. to surf. (micron)	Median dist. to surf. (micron)	XM	YM	ZM	BX	BY	BZ	B-width	B-height	B-depth
1	26.997	67.508	164	104	5331748	32510.658	19609.307	27315.500	9583	65535	741.884	192.451	4.366	1.716	0.294	1.665	741.891	192.425	4.360	739	189	2	7	8	6
2	57.286	117.224	348	196	11312436	32507.000	19264.225	28033.500	9570	65535	538.563	295.420	4.560	2.216	0.335	2.276	538.663	295.387	4.538	535	290	2	9	13	6
3	48.067	101.158	292	162	9882718	33844.926	19458.951	28289.000	9724	65535	502.092	318.901	5.188	2.119	0.342	2.095	502.157	319.031	5.169	498	314	2	9	10	7
4	60.743	116.290	369	222	10040699	27210.566	14097.452	24520.000	9613	65535	761.157	391.989	4.249	2.224	0.472	2.176	761.153	391.972	4.241	754	388	2	15	9	5
5	54.652	137.325	332	222	9575612	28842.205	15974.445	24531.000	9789	65535	640.940	414.190	4.590	2.432	0.742	2.535	640.630	414.698	4.583	635	406	2	12	16	6
6	48.067	99.538	292	167	10850769	37160.168	21525.293	30487.500	9620	65535	327.116	439.096	4.729	2.148	0.379	2.170	327.227	439.015	4.802	323	436	2	10	8	7
7	42.306	98.950	257	164	6429972	25019.346	11642.583	23543.000	9732	61196	408.078	447.331	3.984	1.935	0.361	1.985	408.147	447.371	3.941	404	442	2	10	11	5
8	7.901	40.065	48	47	1380775	28766.146	19210.160	23011.500	9731	65535	219.021	445.646	4.625	1.299	0.498	1.341	218.780	445.408	4.552	218	442	2	3	9	6
9	59.096	129.223	359	211	12132222	33794.492	19832.291	29235.000	9613	65535	407.783	487.150	4.624	2.238	0.487	2.341	407.790	487.079	4.593	404	482	2	9	12	6
10	25.680	67.819	156	108	5010459	32118.326	17195.068	29324.500	9779	65535	246.686	508.179	4.917	1.770	0.442	1.873	246.519	508.155	4.848	243	506	2	9	6	6
11	45.104	95.814	274	157	9834092	35890.848	21005.506	28490.500	9634	65535	321.212	510.263	4.912	2.102	0.382	2.078	321.260	510.289	4.916	317	506	2	10	9	6
12	58.767	110.501	357	192	12812441	35889.191	20756.613	31158.000	9941	65535	314.244	575.840	4.667	2.261	0.348	2.268	314.342	575.794	4.676	309	572	2	11	9	6
13	32.594	80.505	198	129	4872857	24610.389	12756.618	21575.500	9570	63533	424.015	594.343	4.192	1.777	0.282	1.781	424.044	594.381	4.155	420	591	2	11	8	5
14	64.693	127.808	393	225	12917960	32870.129	19164.652	26805.000	9578	65535	389.282	608.356	4.252	2.281	0.424	2.288	389.314	608.272	4.204	383	603	2	14	11	6
15	22.717	63.198	138	93	3598859	26078.688	13999.659	22088.000	9568	63388	428.652	629.239	4.435	1.593	0.245	1.577	428.731	629.238	4.387	425	626	2	8	8	5
16	75.064	170.560	456	285	13176100	28894.957	19482.529	20855.500	9571	65535	418.489	641.592	5.393	2.733	0.938	2.733	419.879	641.075	5.212	408	637	2	20	12	7
17	38.026	92.779	231	154	6246953	27043.086	15385.640	21858.000	9579	65535	304.463	644.277	3.900	1.906	0.363	1.921	304.745	644.270	3.818	298	641	2	12	8	5
18	13.334	53.581	81	70	2548631	31464.580	18755.789	23742.000	9929	65535	333.642	680.778	4.346	1.509	0.521	1.516	333.570	680.910	4.255	331	679	2	9	5	5
19	63.541	124.773	386	218	11237900	29113.730	16861.654	24094.000	9583	65535	879.593	83.541	5.720	2.250	0.384	2.229	879.468	83.440	5.727	873	79	3	14	10	6
20	46.092	97.089	280	159	8647633	30884.404	17469.418	27267.000	9581	65535	850.257	115.832	5.686	2.050	0.317	2.017	850.270	115.767	5.618	846	112	3	10	9	6
21	26.009	63.439	158	106	4231399	26781.006	13228.830	24085.500	9598	57851	910.835	131.557	4.601	1.648	0.246	1.655	910.813	131.517	4.619	907	128	3	9	7	5
22	45.598	97.641	277	163	9187952	33169.500	19689.371	27886.000	9639	65535	918.422	141.556	5.426	2.062	0.342	2.061	918.526	141.586	5.460	914	137	3	10	10	6
23	79.673	149.251	484	278	14812866	30605.096	17130.619	25925.500	9572	65535	755.014	189.806	4.870	2.460	0.541	2.475	754.822	190.026	4.829	748	183	3	14	14	5
24	29.137	72.300	177	111	5148687	29088.627	17066.504	23600.000	9768	65535	631.876	205.186	5.322	1.736	0.261	1.717	631.853	205.204	5.339	628	201	3	8	9	5
25	33.252	79.023	202	125	5322528	26349.148	14633.096	22376.000	9601	65535	618.594	211.396	4.807	1.803	0.245	1.813	618.665	211.386	4.817	615	207	3	9	10	5
26	23.540	63.165	143	94	4761652	33298.266	20390.662	27480.000	9662	65535	637.671	214.343	5.301	1.686	0.364	1.678	637.700	214.364	5.341	634	212	3	8	6	6
27	50.207	111.331	305	163	10505798	34445.238	21090.377	27525.000	9564	65535	645.711	237.377	6.757	2.323	0.575	2.349	645.737	237.368	6.674	642	232	3	9	11	8
28	25.515	67.475	155	96	5286179	34104.379	20575.025	27456.000	9791	65535	636.439	240.206	5.458	1.802	0.480	1.752	636.531	240.273	5.463	633	238	3	8	6	6
29	62.883	131.633	382	240	9836603	25750.270	14450.631	20691.000	9622	65535	798.042	257.105	5.212	2.285	0.530	2.292	797.879	257.517	5.126	792	250	3	13	14	5
30	75.558	172.491	459	278	13019184	28364.234	18058.871	21855.000	9599	65535	637.370	273.037	6.338	2.679	0.843	2.732	636.401	272.587	6.236	630	267	3	19	13	7
31	18.766	55.749	114	91	1988082	17439.316	6101.066	15999.500	9573	33479	533.781	279.167	4.167	1.394	0.271	1.390	533.737	279.239	4.189	531	275	3	8	9	4
32	39.507	90.400	240	157	6663855	27766.062	15109.583	24563.500	9588	65535	578.242	291.292	5.475	1.939	0.440	1.887	578.185	291.503	5.454	575	286	3	8	11	6
33	56.792	126.185	345	225	8380740	24292.000	13466.886	19671.000	9573	65535	602.330	292.577	5.351	2.260	0.627	2.353	601.667	292.639	5.231	596	288	3	16	10	5
34	30.618	69.265	186	122	5120879	27531.607	14139.239	21959.000	9631	60286	601.559	308.403	5.403	1.716	0.214	1.684	601.561	308.401	5.373	598	304	3	8	9	5
35	49.384	97.260	300	173	8620767	28735.891	16518.650	23818.000	9591	65535	546.850	321.547	5.163	2.050	0.211	2.059	546.935	321.457	5.174	542	317	3	10	10	5
36	49.055	105.364	298	168	10159949	34093.789	20285.441	29310.500	9732	65535	525.564	329.507	5.564	2.155	0.390	2.168	525.622	329.444	5.561	520	325	3	12	9	6
37	34.734	81.057	211	129	6132447	29063.730	15993.238	25816.000	9590	65535	783.261	335.536	5.479	1.845	0.288	1.786	783.227	335.605	5.479	780	331	3	8	9	6
38	52.018	103.708	316	183	10100061	31962.219	18394.027	26368.000	9571	65535	715.399	374.468	5.541	2.098	0.322	2.061	715.461	374.502	5.566	711	370	3	10	11	6
39	73.089	132.463	444	233	14966828	33709.070	19718.533	27970.000	9564	65535	281.295	376.369	6.259	2.434	0.418	2.454	281.414	376.272	6.222	277	370	3	10	13	7
40	47.244	105.846	287	161	8711469	30353.551	18121.850	26125.000	9602	65535	523.679	375.854	5.753	2.103	0.380	2.077	523.760	375.937	5.725	519	371	3	11	10	6
41	29.795	75.231	181	116	5746039	31746.072	19406.801	25999.000	9604	65535	269.807	388.006	5.508	1.777	0.334	1.722	269.897	387.937	5.549	266	385	3	8	8	6
42	78.850	161.110	479	294	12199935	25469.594	12884.680	22568.000	9604	65535	555.006	393.637	5.658	2.457	0.640	2.519	554.556	393.425	5.731	548	387	3	17	13	6
43	30.618	76.024	186	118	6047837	32515.252	20070.311	23347.500	9680	65535	437.177	396.306	4.898	1.850	0.394	1.950	437.192	396.290	4.917	433	394	3	11	6	5
44	35.557	75.609	216	129	6682477	30937.393	17601.248	24935.000	9585	65535	440.579	405.606	5.111	1.867	0.249	1.844	440.704	405.661	5.185	437	402	3	8	8	5
45	52.018	99.294	316	176	9914361	31374.561	17505.242	26084.000	9731	65535	592.646	407.411	4.943	2.101	0.200	2.100	592.650	407.428	4.916	588	403	3	10	10	5
46	48.232	99.261	293	171	9500850	32426.109	19070.430	24993.000	9572	65535	263.236	417.239	5.102	2.084	0.335	2.101	263.283	417.264	5.115	258	414	3	12	8	5
47	46.915	101.329	285	170	8245992	28933.305	16456.043	24565.000	9618	65535	440.891	417.870	5.316	2.026	0.306	2.007	440.872	417.940	5.338	437	412	3	9	12	6
48	31.771	78.711	193	130	3532348	18302.320	6270.828	17250.000	9597	35025	399.249	420.876	4.549	1.712	0.265	1.734	399.177	420.788	4.563	395	417	3	10	9	4
49	7.408	33.376	45	42	1170688	26015.289	14658.482	19947.000	10136	65054	209.178	420.733	4.844	1.175	0.441	1.154	209.059	420.844	4.840	208	418	3	3	7	5
50	25.351	65.403	154	112	3039855	19739.318	7965.546	18480.000	9594	39283	300.493	429.383	4.779	1.593	0.286	1.603	300.471	429.483	4.825	298	425	3	7	9	5
51	15.638	46.718	95	70	2014627	21206.600	8840.656	17729.000	9683	39784	431.221	435.442	4.737	1.386	0.267	1.367	431.241	435.397	4.717	428	433	3	7	6	4
52	38.026	90.400	231	147	5445651	23574.246	10992.974	21059.000	9568	63178	259.355	440.697	4.684	1.875	0.361	1.890	259.528	440.870	4.717	255	436	3	9	11	5
53	44.610	99.435	271	152	8957330	33052.879	20358.760	26101.000	9567	65535	310.229	438.675	5.841	2.097	0.408	2.080	310.316	438.673	5.844	306	435	3	10	8	7
54	18.272	50.820	111	77	2139243	19272.459	7560.128	17024.000	9574	34082	425.369	441.883	4.649	1.465	0.226	1.503	425.353	441.954	4.654	422	439	3	8	6	4
55	43.952	101.814	267	160	9177313	34371.957	21222.453	27612.000	9566	65535	353.899	463.303	5.697	2.115	0.515	2.130	354.003	463.266	5.723	349	460	3	12	7	7
56	37.532	98.812	228	163	5216084	22877.561	10831.541	20954.000	9607	50436	532.039	477.018	4.548	1.972	0.597	2.113	532.108	476.879	4.501	527	471	3	11	13	4
57	37.861	91.400	230	138	6673150	29013.695	16529.959	24606.500	9695	65535	543.696	474.457	5.804	1.912	0.302	1.916	543.763	474.405	5.760	539	470	3	10	10	6
58	64.529	138.841	392	238	11255322	28712.557	15872.724	24859.500	9604	65535	512.360	479.319	5.546	2.333	0.649	2.416	512.347	479.363	5.561	507	472	3	12	15	6
59	76.875	167.354	467	289	14985336	32088.514	19278.385	26436.000	9584	65535	285.983	506.045	5.323	2.426	0.596	2.482	286.048	506.008	5.371	281	499	3	11	16	6
60	32.758	80.575	199	124	6551167	32920.438	19703.504	28347.000	9631	65535	386.950	505.387	5.452	1.841	0.341	1.792	386.997	505.377	5.473	383	502	3	9	8	6
61	19.260	57.854	117	81	2712326	23182.273	11066.670	20049.000	9574	54904	530.162	513.581	4.991	1.532	0.379	1.461	530.155	513.494	4.996	528	510	3	6	8	5
62	25.515	65.577	155	100	4419820	28514.967	17070.062	21561.000	9705	65535	301.123	515.142	5.181	1.697	0.328	1.706	301.123	515.142	5.243	299	511	3	6	9	5
63	53.500	106.224	325	193	9261602	28497.236	14945.491	23342.000	9608	62426	261.105	518.117	5.231	2.152	0.371	2.177	261.316	518.016	5.214	256	514	3	12	10	5
64	36.051	81.850	219	131	7087697	32363.914	19475.459	27136.000	9667	65535	379.320	517.005	5.265	1.889	0.284	1.858	379.466	516.965	5.318	375	513	3	9	9	6
65	58.932	120.603	358	201	11962603	33415.094	19739.383	28160.500	9565	65535	415.598	528.014	5.564	2.290	0.483	2.386	415.487	528.060	5.575	409	524	3	14	8	7
66	34.569	79.334	210	121	6722551	32012.148	19533.717	26029.000	9607	65535	343.262	550.386	5.486	1.907	0.363	1.813	343.301	550.371	5.497	340	547	3	8	8	6
67	27.820	69.817	169	111	4216854	24951.799	12313.035	20465.000	9568	58054	314.391	556.953	5.426	1.693	0.260	1.674	314.375	556.948	5.418	310	554	3	10	7	5
68	41.483	91.193	252	157	6521207	25877.805	14939.243	19649.000	9569	65535	435.127	601.940	4.813	1.951	0.302	1.944	435.333	601.770	4.851	430	598	3	10	10	5
69	5.926	28.169	36	33	847071	23529.750	13763.208	19781.500	9724	65535	304.556	606.750	4.778	1.091	0.404	1.082	304.394	606.919	4.791	303	604	3	6	5	4
70	2.963	16.480	18	17	265479	14748.833	4213.081	14515.000	9725	24781	328.056	624.944	3.722	0.724	0.192	0.691	328.120	624.955	3.723	326	624	3	5	3	3
71	39.672	92.575	241	138	8295328	34420.449	21147.662	28512.000	9677	65535	867.689	62.693	7.079	2.072	0.488	2.079	867.693	62.736	7.045	864	59	4	8	9	7
72	19.260	54.715	117	88	2504821	21408.727	8568.189	19680.000	9777	45407	895.633	70.906	6.077	1.422	0.267	1.399	895.674	70.946	6.074	892	68	4	8	7	5
73	45.434	94.640	276	169	7198462	26081.385	13548.366	24562.000	9616	65535	726.471	130.043	5.935	1.974	0.245	1.985	726.429	130.043	5.935	721	126	4	12	9	5
74	48.726	98.398	296	177	8067371	27254.631	14508.901	23017.500	9577	62615	883.936	147.307	6.358	2.004	0.227	2.012	883.916	147.381	6.337	879	143	4	11	10	6
75	22.058	57.094	134	95	2699845	20148.098	7634.153	18158.500	9810	38763	880.149	157.231	5.470	1.518	0.214	1.517	880.149	157.169	5.479	877	154	4	8	8	4
76	15.968	50.060	97	80	1774770	18296.598	6600.280	17380.000	9595	36147	919.175	173.866	5.649	1.312	0.283	1.338	919.224	173.938	5.626	915	171	4	9	7	4
77	29.301	75.954	178	117	4746631	26666.467	14262.209	24335.000	9890	65535	778.416	232.242	5.837	1.679	0.237	1.692	778.457	232.260	5.858	774	228	4	9	9	5
78	28.149	66.886	171	113	4396998	25713.439	13496.320	20826.000	9562	58525	562.082	234.485	5.497	1.655	0.199	1.662	562.116	234.427	5.483	558	231	4	9	8	4
79	43.787	96.641	266	158	7296330	27429.812	14397.833	24669.000	9597	62455	819.383	242.391	6.376	1.987	0.317	1.943	819.403	242.428	6.352	815	238	4	9	10	6
80	9.877	36.063	60	49	884460	14741.000	3484.056	13715.500	9803	23461	651.633	248.950	5.083	1.128	0.188	1.131	651.645	248.967	5.106	649	246	4	6	7	3
81	69.303	150.148	421	263	11759682	27932.736	15689.719	23255.000	9578	65535	807.808	264.945	5.751	2.479	0.728	2.439	807.964	264.715	5.748	802	256	4	12	18	5
82	54.487	114.500	331	176	10194986	30800.562	18863.225	24751.000	9576	65535	637.994	299.964	6.353	2.197	0.318	2.171	638.023	300.024	6.299	632	296	4	12	10	6
83	27.820	85.986	169	131	3123846	18484.295	8117.163	15668.000	9585	39559	550.343	306.781	5.592	1.824	0.609	1.697	550.060	306.521	5.585	546	302	4	11	13	4
84	37.367	87.746	227	130	6782251	29877.758	18430.258	23952.000	9621	65535	556.044	371.885	6.379	1.944	0.341	1.853	555.978	371.797	6.370	552	368	4	9	9	6
85	23.869	79.745	145	129	2088792	14405.462	3338.148	13762.000	9773	26014	713.855	388.386	5.117	1.746	0.580	1.782	713.954	388.385	5.098	709	382	4	9	14	3
86	6.585	25.030	40	39	558619	13965.475	3281.150	13350.000	9572	20967	453.175	386.000	5.400	0.892	0.226	0.917	453.205	386.002	5.374	451	384	4	5	5	3
87	28.972	69.161	176	117	4426341	25149.664	12291.474	20954.000	9628	53340	722.818	398.892	5.562	1.672	0.187	1.673	722.841	399.029	5.547	718	395	4	10	8	4
88	48.726	127.775	296	195	7649543	25843.051	15429.104	20485.000	9578	65535	568.213	402.875	6.199	2.249	0.774	2.105	568.122	402.705	5.975	563	398	4	11	12	7
89	35.392	79.230	215	133	6641917	30892.637	18102.578	24258.000	9650	65535	552.530	404.763	6.121	1.862	0.276	1.875	552.507	404.725	6.098	548	401	4	9	8	6
90	25.021	64.403	152	111	2987972	19657.711	6492.707	18822.500	9619	34060	689.079	415.145	5.875	1.529	0.263	1.548	689.056	415.107	5.866	685	411	4	9	9	4
91	26.503	82.503	161	138	2471120	15348.571	4924.888	13984.000	9579	34525	223.193	420.031	5.161	1.739	0.573	1.665	223.192	420.232	5.136	219	413	4	8	13	4
92	21.729	58.162	132	104	2481053	18795.855	7595.938	17531.500	9790	45763	224.659	435.985	5.106	1.434	0.273	1.452	224.625	435.881	5.139	221	432	4	8	10	3
93	81.649	178.973	496	287	13350708	26916.750	16276.444	21199.000	9567	65535	311.123	450.099	8.095	3.273	1.347	3.258	311.061	450.654	7.525	306	443	4	11	14	11
94	31.606	77.436	192	126	4988597	25982.275	14075.222	23079.500	9602	65535	449.000	467.021	5.880	1.726	0.258	1.719	448.944	467.009	5.935	445	463	4	9	8	5
95	33.581	74.850	204	136	4997799	24499.016	12426.409	21785.500	9690	65535	412.534	469.373	5.632	1.760	0.237	1.729	412.465	469.295	5.662	409	465	4	9	10	4
96	7.901	30.789	48	36	1242887	25893.479	15670.030	18820.000	9795	61946	604.250	471.896	5.500	1.177	0.309	1.047	604.231	471.864	5.511	602	470	4	5	5	4
97	25.844	69.680	157	99	4685720	29845.350	17566.250	24309.000	9564	65535	615.019	473.490	5.949	1.696	0.305	1.666	614.934	473.608	5.915	611	470	4	9	8	5
98	31.771	79.919	193	125	4659650	24143.264	11551.140	23982.000	9580	50905	450.482	483.974	5.969	1.761	0.317	1.781	450.458	483.925	5.959	447	480	4	9	9	5
99	9.712	35.718	59	55	835500	14161.017	3210.830	13747.000	9565	21850	363.186	495.000	5.305	1.057	0.304	1.066	363.242	495.101	5.304	360	493	4	7	5	3
100	6.255	31.030	38	38	600105	15792.237	4454.887	15424.500	9697	27407	372.237	497.895	5.526	1.077	0.353	1.045	372.369	498.009	5.546	369	495	4	7	5	4
101	43.787	98.468	266	158	7465078	28064.203	16789.836	21991.500	9595	65535	328.632	501.038	6.492	1.983	0.330	1.924	328.559	500.782	6.423	325	496	4	9	11	6
102	33.746	77.125	205	131	5147788	25111.160	13268.118	20861.000	9586	64279	469.502	500.483	5.527	1.760	0.222	1.761	469.507	500.437	5.552	466	496	4	8	11	4
103	10.206	39.098	62	54	1171310	18892.098	7758.827	17914.500	9701	39682	510.726	512.403	5.081	1.203	0.328	1.175	510.609	512.241	5.099	508	510	4	6	7	3
104	9.548	33.306	58	46	1076156	18554.414	7702.969	15885.500	9686	40180	507.810	518.138	5.776	1.131	0.229	1.139	507.764	518.174	5.756	505	516	4	6	5	4
105	1.811	13.964	11	11	188703	17154.818	5918.833	15239.000	11090	26664	255.909	537.455	5.273	0.726	0.268	0.721	255.902	537.565	5.248	255	536	4	3	4	3
106	31.935	74.679	194	118	6012676	30993.176	18006.781	26307.500	9571	65535	326.985	551.567	6.201	1.814	0.306	1.783	326.900	551.550	6.201	324	548	4	8	8	6
107	1.811	12.033	11	11	194893	17717.545	5862.381	17448.000	9604	29529	281.636	599.545	5.455	0.744	0.362	0.588	281.537	599.546	5.511	281	599	4	3	2	4
108	17.943	51.061	109	79	2156540	19784.771	7823.007	17912.000	9659	40476	934.064	69.018	6.835	1.432	0.247	1.408	934.060	68.939	6.826	931	66	5	7	7	4
109	18.931	49.716	115	93	2267002	19713.061	6610.685	18895.000	9593	38022	842.922	72.487	6.017	1.387	0.280	1.401	842.884	72.505	6.004	840	68	5	7	10	3
110	21.729	65.885	132	114	2356967	17855.811	5988.411	16801.000	9826	36188	832.962	81.136	6.455	1.501	0.420	1.521	832.932	81.083	6.456	827	78	5	12	8	4
111	13.334	40.614	81	65	1265379	15621.963	4208.835	14730.000	9720	25756	959.914	139.531	6.173	1.233	0.208	1.236	959.868	139.531	6.213	957	137	5	7	6	3
112	19.918	52.543	121	95	2636971	21793.148	8956.025	20181.000	9695	44127	900.281	144.298	6.083	1.418	0.260	1.412	900.267	144.227	6.086	897	141	5	8	8	4
113	38.684	88.228	235	147	6537592	27819.541	14807.274	23560.000	9598	65535	857.847	170.528	7.621	1.906	0.315	1.872	857.824	170.552	7.565	853	167	5	11	8	6
114	71.607	208.557	435	303	9957890	22891.701	15148.652	16539.000	9587	65535	942.699	212.228	8.037	3.118	1.251	2.892	943.390	213.310	7.800	932	204	5	21	15	9
115	40.989	92.434	249	146	6775443	27210.615	16351.536	22236.000	9611	65535	773.293	253.482	6.892	1.945	0.234	1.937	773.164	253.439	6.730	769	249	5	10	10	5
116	27.161	72.404	165	103	4511355	27341.545	15615.330	23053.000	9590	65535	640.570	257.994	6.836	1.742	0.319	1.770	640.587	258.022	6.797	637	253	5	8	9	5
117	24.363	70.955	148	104	2733883	18472.182	7948.503	15713.500	9586	43178	793.155	273.514	7.264	1.653	0.388	1.629	793.156	273.567	7.284	789	269	5	9	10	5
118	20.741	57.439	126	89	2543658	20187.762	7778.384	18737.500	9619	37520	664.889	278.206	6.437	1.493	0.212	1.508	664.910	278.214	6.415	662	274	5	7	9	4
119	25.021	69.780	152	132	2427842	15972.645	3973.627	15774.500	9646	30379	750.033	294.941	6.283	1.519	0.377	1.520	750.135	294.837	6.333	746	290	5	9	11	3
120	21.564	59.785	131	86	3632397	27728.221	16039.027	22683.000	9681	65535	703.313	298.221	6.679	1.585	0.285	1.548	703.349	298.270	6.639	700	295	5	7	7	5
121	23.046	60.819	140	97	3535262	25251.871	12979.668	20615.500	9665	54180	696.350	303.393	6.636	1.593	0.291	1.594	696.282	303.390	6.650	693	300	5	7	8	5
122	54.323	125.810	330	203	10261628	31095.842	18775.383	24772.000	9596	65535	667.067	309.239	7.491	2.276	0.643	2.431	667.193	309.210	7.464	660	305	5	15	9	6
123	9.548	39.372	58	57	717308	12367.379	1890.542	12238.000	9598	17639	625.655	312.293	5.879	1.081	0.340	1.118	625.665	312.285	5.897	622	310	5	8	6	3
124	3.457	20.687	21	21	239676	11413.143	995.190	11297.000	9755	12947	765.429	320.905	5.476	0.769	0.199	0.699	765.424	320.918	5.466	764	319	5	4	5	2
125	8.395	35.718	51	51	645553	12657.902	2481.522	12241.000	9570	20570	441.118	327.392	5.569	1.023	0.275	1.046	441.009	327.382	5.592	439	324	5	6	7	2
126	15.309	44.027	93	77	1691047	18183.301	6668.503	16577.000	9677	36216	597.355	344.968	6.129	1.288	0.229	1.290	597.332	344.833	6.167	595	342	5	6	8	3
127	62.389	123.120	379	197	12723068	33570.102	19826.041	26476.000	9572	65535	376.923	369.040	7.731	2.292	0.299	2.242	377.062	369.011	7.777	372	364	5	11	11	7
128	14.815	45.476	90	75	1768167	19646.301	7929.796	18611.500	10027	46103	791.400	391.300	6.033	1.350	0.326	1.345	791.413	391.285	6.046	788	389	5	8	6	4
129	23.211	60.852	141	98	2962409	21009.992	9103.798	18101.000	9679	48856	692.021	399.461	6.376	1.550	0.211	1.559	691.931	399.369	6.404	688	396	5	9	8	4
130	8.725	37.890	53	53	626980	11829.812	1663.330	11728.000	9606	17099	624.811	403.226	5.585	1.042	0.293	1.061	624.821	403.244	5.583	622	400	5	6	8	2
131	31.441	76.402	191	117	4768589	24966.434	13882.120	19730.000	9684	65535	236.105	406.037	6.995	1.812	0.282	1.825	236.216	405.931	6.961	233	402	5	8	9	5
132	8.395	41.303	51	48	664955	13038.333	2813.740	12369.000	9763	21794	707.745	407.922	6.137	1.078	0.358	1.114	707.755	407.879	6.127	705	404	5	6	9	3
133	7.737	29.133	47	47	628571	13373.851	2689.300	12748.000	9563	19565	616.979	410.851	5.617	0.933	0.250	0.964	617.059	410.824	5.633	614	408	5	6	6	3
134	9.383	32.409	57	48	940781	16504.930	5323.542	15313.000	9836	33404	338.544	496.596	5.982	1.127	0.218	1.146	338.428	496.530	5.965	337	493	5	5	7	3
135	46.750	99.743	284	163	7715032	27165.605	15735.539	22272.500	9668	65535	625.595	514.081	6.898	2.028	0.245	2.024	625.718	514.276	6.843	621	509	5	10	11	5
136	12.181	46.647	74	73	1016623	13738.148	3219.661	13057.000	9652	21180	601.351	523.946	6.459	1.135	0.290	1.178	601.335	523.846	6.462	598	521	5	8	7	3
137	20.248	75.435	123	112	1748731	14217.325	3784.535	13577.000	9567	25460	332.252	538.951	5.789	1.509	0.491	1.480	332.238	538.853	5.796	327	535	5	12	10	3
138	1.975	12.033	12	12	259404	21617.000	8732.639	18970.500	12647	38201	314.583	627.417	5.917	0.731	0.337	0.917	314.576	627.439	5.855	314	627	5	3	2	3
139	19.754	56.372	120	83	2743293	22860.775	10014.131	21794.000	9607	48950	951.325	90.092	8.142	1.537	0.354	1.517	951.262	90.050	8.109	947	88	6	9	5	5
140	33.581	84.849	204	141	4433714	21733.893	8504.438	21431.000	9577	44929	825.010	129.975	8.230	1.747	0.332	1.742	824.998	129.911	8.159	821	125	6	9	11	5
141	29.301	72.333	178	120	3673973	20640.297	8098.183	19623.500	9589	39584	748.051	129.994	8.309	1.676	0.240	1.707	748.079	130.028	8.258	744	126	6	9	9	5
142	49.220	101.329	299	180	7262770	24290.201	12214.728	20434.000	9640	57412	982.860	143.344	7.930	2.076	0.355	2.054	982.451	143.490	7.874	978	139	6	12	9	5
143	42.306	87.435	257	152	8053494	31336.553	17783.189	25367.000	9565	65535	663.669	159.366	8.163	1.974	0.264	1.971	663.597	159.293	8.151	659	156	6	10	8	6
144	32.264	76.781	196	133	3937417	20088.861	8258.899	18889.000	9630	46558	908.383	218.224	7.730	1.721	0.285	1.725	908.535	218.373	7.731	904	214	6	10	9	5
145	26.338	69.713	160	115	3368333	21052.082	9319.622	19183.000	9572	52190	951.719	258.075	7.656	1.654	0.328	1.648	951.851	258.310	7.614	948	254	6	8	10	4
146	58.438	120.741	355	197	11681075	32904.438	18926.768	27076.000	9608	65535	482.876	261.634	8.817	2.248	0.406	2.213	482.867	261.470	8.819	479	256	6	10	13	7
147	1.975	16.240	12	12	135141	11261.750	1340.642	10784.000	9705	13697	432.000	316.583	6.417	0.853	0.240	0.789	431.943	316.654	6.409	430	314	6	4	5	2
148	33.746	80.264	205	139	5603016	27331.785	14392.367	24361.000	9598	64565	691.776	326.083	8.380	1.828	0.370	1.793	691.793	326.201	8.293	689	320	6	7	12	5
149	20.741	56.060	126	87	2416130	19175.635	7952.727	17018.500	9688	40306	842.437	354.595	7.627	1.506	0.212	1.542	842.446	354.528	7.565	839	351	6	8	8	4
150	20.906	58.681	127	91	2477554	19508.299	6021.661	19592.000	9563	32150	764.591	367.465	7.882	1.472	0.245	1.476	764.594	367.487	7.890	761	364	6	8	8	5
151	3.786	24.100	23	23	260165	11311.521	1454.351	10781.000	9698	14547	824.348	373.043	6.391	0.941	0.199	0.966	824.291	372.930	6.376	823	371	6	4	6	2
152	1.811	12.378	11	10	192933	17539.363	8613.050	12880.000	10457	38777	279.364	591.818	6.909	0.710	0.299	0.731	279.352	591.797	6.903	278	591	6	3	3	3
153	64.200	152.805	390	251	10488740	26894.205	14814.334	23613.000	9581	65535	913.059	42.731	9.169	2.306	0.647	2.444	912.882	42.906	9.137	907	37	7	14	14	5
154	19.424	53.785	118	92	2449326	20757.000	6564.118	20200.000	9745	37542	812.288	65.856	8.958	1.398	0.238	1.380	812.255	65.881	8.970	809	62	7	7	8	5
155	21.071	57.991	128	93	2544908	19882.094	7983.484	18566.500	9580	43769	966.438	71.516	8.844	1.484	0.249	1.470	966.391	71.471	8.869	963	68	7	8	8	5
156	34.898	86.297	212	134	5545082	26156.047	13781.276	22489.500	9706	59846	800.736	80.344	9.057	1.899	0.400	1.863	800.700	80.220	9.100	796	76	7	12	9	5
157	19.260	56.957	117	86	1992438	17029.385	5836.683	15648.000	9592	31851	567.094	213.256	9.085	1.613	0.490	1.552	567.119	213.434	8.976	565	208	7	5	10	5
158	47.573	100.951	289	164	8731102	30211.426	17907.234	22726.000	9582	65535	532.228	234.993	9.042	2.102	0.345	2.084	532.229	234.942	9.013	528	231	7	10	10	6
159	25.021	65.540	152	114	2639738	17366.697	5814.077	16134.500	9593	33121	773.197	270.026	8.164	1.545	0.306	1.550	773.162	270.084	8.168	770	265	7	8	11	4
160	52.183	106.984	317	176	9346903	29485.498	17373.988	24754.000	9691	65535	950.909	281.394	9.823	2.187	0.370	2.163	950.809	281.259	9.733	947	277	7	9	11	6
161	50.372	101.433	306	179	8724751	28512.258	16860.227	22327.000	9571	65535	493.209	285.520	9.000	2.103	0.309	2.130	493.257	285.691	8.971	490	280	7	8	12	5
162	52.018	109.052	316	186	8814954	27895.424	13556.808	25113.500	9596	62904	872.880	282.832	9.680	2.115	0.336	2.147	872.930	282.784	9.643	868	278	7	11	11	6
163	61.401	123.016	373	208	11286664	30259.152	18523.424	24254.000	9649	65535	407.448	320.426	9.971	2.299	0.412	2.288	407.320	320.037	9.944	403	315	7	10	13	7
164	71.278	125.395	433	223	15324698	35391.914	20473.152	30647.000	9797	65535	379.651	338.487	9.584	2.414	0.328	2.434	379.641	338.469	9.548	375	334	7	11	10	7
165	7.408	38.512	45	44	626234	13916.312	3257.202	13364.000	9576	22984	258.844	384.000	7.600	1.051	0.254	1.037	258.756	383.852	7.593	256	382	7	6	6	3
166	51.853	104.260	315	181	10409340	33045.523	18913.164	26108.000	9582	65535	665.105	503.035	9.089	2.116	0.263	2.081	665.096	503.058	9.053	661	498	7	10	10	6
167	35.886	90.504	218	144	4420760	20278.715	8236.760	19101.500	9585	40403	466.417	516.216	9.202	1.823	0.318	1.844	466.523	516.241	9.128	462	512	7	10	9	5
168	12.346	42.304	75	68	1158557	15447.427	3651.204	15110.000	9596	25864	623.480	528.733	8.693	1.161	0.304	1.180	623.403	528.729	8.632	621	526	7	7	6	4
169	44.610	99.505	271	148	9381865	34619.430	20569.553	29473.000	9592	65535	477.439	541.712	10.004	2.234	0.606	2.225	477.450	541.709	9.950	474	538	7	8	8	8
170	13.828	44.924	84	68	1333119	15870.464	4920.852	14888.000	9564	29480	593.190	550.500	7.940	1.265	0.223	1.256	593.325	550.426	7.934	589	548	7	8	7	3
171	62.883	129.153	382	220	11383589	29799.971	17147.277	26147.500	9562	65535	494.914	610.060	9.298	2.298	0.438	2.339	494.974	610.134	9.283	488	606	7	15	8	6
172	4.445	20.928	27	27	303614	11244.963	1296.947	10676.000	9672	13800	304.296	630.333	7.444	0.798	0.186	0.821	304.285	630.366	7.445	302	628	7	5	5	2
173	36.380	82.125	221	140	4834455	21875.361	8919.824	20017.000	9573	45382	959.285	36.955	10.403	1.826	0.268	1.814	959.287	36.947	10.370	954	33	8	11	8	5
174	38.520	98.916	234	168	4736182	20240.094	8893.480	18479.500	9589	53291	979.521	52.457	10.321	1.999	0.593	1.956	979.362	52.152	10.374	975	48	8	10	12	6
175	21.564	61.301	131	98	2113819	16136.022	4931.934	15328.000	9606	28999	972.076	80.809	9.695	1.486	0.294	1.479	972.103	80.894	9.694	968	78	8	9	7	4
176	25.186	61.990	153	105	2556884	16711.660	4497.604	16487.000	9592	28277	896.438	122.791	9.392	1.598	0.238	1.591	896.389	122.788	9.397	892	119	8	9	8	4
177	38.026	92.538	231	146	5739633	24846.896	13174.299	21411.000	9562	61802	805.268	136.039	10.273	1.911	0.358	1.889	805.297	136.017	10.293	801	132	8	11	10	6
178	25.680	70.024	156	110	3492123	22385.404	9512.543	20893.500	9567	46930	802.365	146.724	10.179	1.622	0.350	1.619	802.399	146.615	10.151	800	143	8	7	9	5
179	3.951	23.203	24	24	278363	11598.458	1808.020	11144.000	9637	17308	652.583	162.792	8.250	0.939	0.354	0.935	652.611	162.882	8.230	651	159	8	4	7	2
180	24.198	65.025	147	96	3339897	22720.389	11572.615	20244.000	9716	56234	616.558	179.442	9.769	1.651	0.295	1.662	616.479	179.459	9.743	613	176	8	8	8	5
181	13.663	41.855	83	69	1310748	15792.145	4743.189	15280.000	9570	31676	550.940	221.735	9.133	1.261	0.259	1.244	551.011	221.813	9.130	549	218	8	5	8	3
182	1.646	11.826	10	10	109364	10936.400	1192.503	10593.500	9636	12873	801.200	234.300	8.100	0.650	0.276	0.679	801.185	234.303	8.090	800	233	8	4	4	2
183	27.326	70.436	166	131	2878973	17343.211	4614.560	17213.000	9660	29624	965.639	276.072	9.018	1.634	0.445	1.575	965.610	276.107	8.995	962	270	8	8	12	4
184	3.292	17.377	20	19	366100	18305.000	6628.054	17071.500	10198	37419	819.150	326.750	9.050	0.821	0.274	0.961	819.148	326.744	9.114	818	326	8	4	3	3
185	48.890	105.813	297	166	9105041	30656.703	18635.328	25079.000	9626	65535	386.495	329.172	11.374	2.159	0.387	2.155	386.455	329.218	11.319	382	325	8	10	10	7
186	29.795	71.437	181	119	3334126	18420.586	6146.940	16922.000	9567	35253	541.243	335.072	9.569	1.691	0.208	1.688	541.207	335.163	9.580	537	331	8	9	9	5
187	8.889	33.202	54	45	697635	12919.167	2520.988	11921.000	9751	19023	733.759	335.963	8.852	1.101	0.214	1.141	733.796	336.029	8.857	731	333	8	6	7	3
188	42.306	93.401	257	142	8232459	32032.914	20013.977	24079.000	9740	65535	474.953	347.704	11.327	2.118	0.437	2.099	474.978	347.707	11.264	471	344	8	9	8	7
189	14.486	49.475	88	79	1224535	13915.171	3285.865	13211.000	9661	22742	751.580	359.057	8.784	1.217	0.324	1.297	751.513	358.945	8.745	749	356	8	7	7	3
190	53.500	110.260	325	179	8757965	26947.584	13963.321	24120.000	9565	59846	696.517	364.009	11.505	2.207	0.371	2.206	696.506	363.987	11.436	692	359	8	10	11	7
191	30.618	75.127	186	110	5021677	26998.264	14886.960	22855.000	9718	65535	430.274	371.108	10.484	1.822	0.355	1.766	430.232	371.072	10.472	427	367	8	7	9	6
192	22.058	63.543	134	90	2750942	20529.418	9283.282	17673.500	9726	47702	413.896	388.858	10.246	1.566	0.269	1.519	413.948	388.826	10.241	411	385	8	7	9	5
193	34.898	82.643	212	122	5500686	25946.633	13886.582	21621.500	9583	60730	834.109	400.170	10.519	1.874	0.298	1.832	834.157	400.185	10.524	830	396	8	9	9	6
194	27.161	68.094	165	104	3794499	22996.963	12457.163	18776.000	9655	62996	402.127	403.061	9.806	1.721	0.297	1.709	402.142	403.037	9.789	398	400	8	9	7	5
195	21.400	58.751	130	83	2926612	22512.400	11879.414	18631.000	9659	64588	710.923	417.754	10.115	1.607	0.312	1.525	710.856	417.734	10.150	708	415	8	7	7	5
196	27.161	67.886	165	104	3725935	22581.424	12079.567	18704.000	9599	61008	285.012	418.958	10.242	1.702	0.276	1.681	285.095	418.944	10.253	281	416	8	9	7	5
197	31.771	76.332	193	129	3643953	18880.586	7125.671	16364.000	9602	39558	669.710	459.466	10.570	1.742	0.298	1.705	669.607	459.563	10.566	666	455	8	9	10	5
198	30.289	75.680	184	111	4728168	25696.564	13594.031	21986.000	9655	63451	639.832	470.288	10.185	1.818	0.335	1.806	639.886	470.306	10.241	636	467	8	9	7	6
199	31.935	77.989	194	123	4646604	23951.566	12017.592	20906.500	9656	58455	393.598	481.479	9.778	1.790	0.312	1.826	393.612	481.512	9.751	390	477	8	8	10	5
200	60.578	117.672	368	200	10759721	29238.373	16601.422	23944.000	9605	65535	501.076	498.261	11.348	2.323	0.425	2.333	501.231	498.325	11.365	495	494	8	12	9	8
201	23.375	63.887	142	95	2686108	18916.254	7802.267	16748.000	9566	40336	612.380	544.739	10.077	1.612	0.323	1.549	612.354	544.853	10.072	609	541	8	7	8	5
202	40.989	94.298	249	140	8026038	32233.084	19262.156	27130.000	9582	65535	438.831	568.414	11.590	2.095	0.461	2.081	438.877	568.393	11.507	434	565	8	10	8	7
203	66.833	126.500	406	207	12522194	30842.842	17769.314	25525.500	9592	65535	510.901	584.773	11.616	2.390	0.372	2.372	511.062	584.720	11.560	507	580	8	9	11	8
204	16.626	53.233	101	80	1579909	15642.663	4967.210	13748.000	9786	27472	358.010	628.178	9.178	1.344	0.274	1.338	357.957	628.181	9.229	354	625	8	9	7	4
205	34.240	82.713	208	120	6196133	29789.102	17896.119	24984.000	9703	65535	447.024	633.986	10.356	1.941	0.396	1.840	446.995	634.020	10.363	443	630	8	8	9	6
206	60.907	116.327	370	200	9820658	26542.318	13069.162	23517.500	9581	61549	859.976	50.916	11.822	2.259	0.310	2.268	860.003	50.879	11.733	855	46	9	11	11	6
207	29.631	68.713	180	116	3703937	20577.428	8324.894	18020.500	9587	41390	963.706	54.744	10.522	1.687	0.182	1.675	963.809	54.815	10.510	960	51	9	9	8	4
208	12.346	43.682	75	67	954712	12729.493	2746.157	11836.000	9708	21706	719.680	141.813	10.267	1.215	0.311	1.243	719.509	141.800	10.262	716	139	9	9	7	3
209	42.635	92.297	259	144	6903083	26652.830	13651.486	22145.000	9586	62470	945.942	197.753	11.409	2.068	0.400	1.953	945.924	197.695	11.322	942	194	9	9	9	6
210	38.355	87.090	233	138	5336100	22901.717	11123.060	19680.000	9622	54097	664.897	209.206	10.811	1.906	0.254	1.887	664.917	209.225	10.819	660	205	9	10	9	5
211	52.018	136.565	316	215	6155243	19478.617	10488.913	15963.500	9575	57168	495.326	250.266	13.180	2.865	1.073	2.961	495.187	250.802	13.659	491	243	9	10	14	9
212	30.947	77.162	188	115	4888973	26005.176	14509.129	20636.000	9575	65535	582.644	339.340	11.314	1.830	0.366	1.770	582.635	339.298	11.264	579	336	9	8	8	6
213	14.651	49.716	89	72	1236680	13895.281	3240.906	13101.000	9628	22746	328.697	390.933	10.449	1.285	0.296	1.321	328.663	390.950	10.440	326	387	9	7	8	4
214	28.478	76.643	173	120	3309171	19128.156	7185.790	18754.000	9662	41316	543.983	393.630	10.902	1.664	0.306	1.659	543.939	393.677	10.904	540	389	9	8	10	5
215	4.280	22.962	26	26	302584	11637.846	1645.350	11436.500	9910	15688	583.885	406.231	9.577	0.849	0.171	0.861	583.853	406.216	9.575	582	404	9	5	5	2
216	19.589	55.267	119	88	1811729	15224.613	4245.605	14550.000	9594	25985	595.092	412.723	10.824	1.441	0.230	1.423	595.102	412.690	10.818	592	410	9	8	7	4
217	23.540	63.680	143	99	2882362	20156.377	7828.650	19084.000	9593	41030	631.028	409.839	11.196	1.568	0.282	1.514	631.045	409.870	11.179	628	406	9	8	9	5
218	24.528	62.438	149	107	2404404	16136.939	4892.042	15323.000	9585	30807	776.617	415.846	10.685	1.574	0.268	1.572	776.434	415.827	10.709	774	412	9	7	9	5
219	15.638	45.924	95	68	1869625	19680.264	7377.461	18822.000	9594	36565	592.274	441.600	10.326	1.385	0.230	1.373	592.291	441.531	10.283	589	439	9	7	6	4
220	10.371	41.752	63	55	853366	13545.492	3355.912	12386.000	9574	24478	306.698	569.365	9.889	1.120	0.213	1.131	306.699	569.358	9.911	304	566	9	7	7	3
221	12.017	38.753	73	52	1375777	18846.260	8051.683	16091.000	9735	39543	921.986	60.644	11.452	1.295	0.248	1.208	921.954	60.641	11.510	920	58	10	5	6	4
222	20.906	59.095	127	87	3020338	23782.189	11629.722	20885.000	9643	50551	855.984	122.323	11.654	1.598	0.336	1.623	855.904	122.332	11.637	853	119	10	8	7	5
223	19.260	53.855	117	79	2931663	25056.949	13643.814	20205.000	9630	63284	814.231	152.436	11.906	1.559	0.347	1.458	814.206	152.410	11.834	811	150	10	7	6	5
224	17.943	51.131	109	78	2689407	24673.459	13811.970	20030.000	9616	65535	812.798	174.046	12.239	1.513	0.349	1.462	812.800	174.038	12.207	810	172	10	7	5	5
225	20.412	56.475	124	79	3322977	26798.201	15388.817	22181.500	9927	65535	823.492	181.532	11.927	1.598	0.339	1.492	823.543	181.544	11.856	820	179	10	8	6	5
226	53.664	108.533	326	196	6629104	20334.676	8477.600	17987.000	9669	49836	915.745	203.359	12.264	2.069	0.245	2.065	915.669	203.305	12.215	910	199	10	12	10	6
227	3.292	18.067	20	18	314072	15703.600	6320.313	12267.000	10046	29861	750.400	225.400	11.100	0.818	0.256	0.901	750.415	225.440	11.147	749	224	10	4	4	3
228	13.334	54.956	81	80	995393	12288.803	1923.992	11695.000	9579	17205	953.877	299.370	11.494	1.285	0.445	1.263	953.840	299.450	11.492	950	295	10	8	9	4
229	4.115	21.721	25	25	280064	11202.560	1769.438	10632.000	9686	17397	451.320	321.040	11.160	0.811	0.293	0.851	451.341	321.090	11.151	449	319	10	6	5	3
230	19.260	55.923	117	80	2030403	17353.871	6053.058	15980.000	9609	30973	802.231	326.829	11.624	1.504	0.275	1.486	802.302	326.779	11.652	799	324	10	7	7	5
231	10.041	34.340	61	52	951384	15596.459	4438.727	15182.000	9608	28648	822.754	341.000	11.115	1.129	0.193	1.147	822.796	341.025	11.097	820	339	10	6	5	3
232	8.231	32.305	50	43	685403	13708.060	3588.810	12373.500	9798	26308	296.580	347.260	11.000	1.079	0.226	1.103	296.639	347.190	11.015	294	345	10	6	6	3
233	22.881	62.197	139	96	2640385	18995.576	7696.773	16504.000	9589	40686	584.424	357.842	11.496	1.595	0.284	1.621	584.462	357.953	11.448	582	353	10	6	10	4
234	2.963	19.445	18	18	198114	11006.333	1237.528	10654.500	9683	14211	615.722	385.667	10.278	0.816	0.271	0.855	615.766	385.584	10.265	613	384	10	6	5	2
235	9.218	34.236	56	50	807051	14411.625	3557.599	13941.500	9931	24946	270.232	410.143	11.250	1.068	0.270	1.062	270.191	410.140	11.227	267	408	10	7	6	3
236	19.095	51.613	116	86	2905369	25046.285	11451.296	22261.000	9860	58083	482.233	441.776	11.328	1.475	0.287	1.495	482.199	441.738	11.267	479	439	10	8	6	4
237	14.321	43.545	87	65	1487773	17100.840	5177.928	16505.000	9584	32809	472.276	450.437	11.230	1.338	0.267	1.310	472.292	450.359	11.246	469	448	10	7	6	4
238	13.005	45.924	79	62	1192349	15093.025	4357.306	14098.000	9602	26611	546.582	455.089	11.671	1.260	0.297	1.267	546.620	455.178	11.663	543	452	10	8	7	4
239	7.078	35.340	43	39	551056	12815.256	2837.430	12301.000	9567	23630	487.465	462.791	10.930	1.002	0.281	1.058	487.546	462.674	10.931	485	461	10	6	6	3
240	23.869	65.473	145	96	3019840	20826.482	8758.783	18883.000	9620	43353	484.862	560.241	11.931	1.684	0.370	1.659	484.867	560.280	11.887	481	557	10	9	7	5
241	34.240	79.608	208	141	4318905	20763.967	8940.142	17971.000	9585	43497	518.519	568.942	11.486	1.799	0.355	1.767	518.542	568.944	11.440	513	566	10	12	7	5
242	53.664	115.985	326	175	10802533	33136.605	18960.086	28942.500	9596	65535	567.822	580.043	13.577	2.401	0.714	2.367	567.931	580.106	13.468	563	577	10	11	7	8
243	35.063	91.367	213	138	5235390	24579.295	14272.373	20596.000	9593	65535	479.066	597.761	12.498	2.053	0.679	1.939	479.407	598.006	12.664	475	593	10	9	10	7
244	61.236	122.809	372	206	9446991	25395.137	13958.418	22352.500	9584	65535	370.054	647.591	12.645	2.257	0.383	2.278	370.208	647.743	12.556	365	642	10	10	13	6
245	6.420	28.169	39	37	577439	14806.128	3912.456	14088.000	9567	23611	990.410	151.462	12.744	1.063	0.348	1.079	990.481	151.479	12.746	989	149	11	3	6	4
246	7.901	31.719	48	46	642362	13382.542	2321.429	13164.500	9658	17458	991.021	159.688	12.208	1.035	0.329	1.088	991.060	159.695	12.210	989	156	11	4	8	3
247	51.030	111.020	310	162	9642421	31104.584	18529.615	24309.000	9602	65535	637.897	169.642	14.587	2.304	0.552	2.269	637.798	169.550	14.480	634	165	11	9	10	8
248	26.009	67.197	158	105	2822016	17860.861	7112.862	15689.500	9600	39713	632.386	191.316	13.310	1.664	0.287	1.659	632.370	191.442	13.265	629	187	11	8	9	5
249	7.572	36.478	46	42	549068	11936.261	1745.527	11558.000	9579	15812	992.804	246.043	12.261	1.029	0.284	1.027	992.761	246.039	12.263	990	244	11	6	6	4
250	6.749	24.237	41	41	594053	14489.098	2786.784	14189.000	9721	23929	311.854	345.976	11.488	0.876	0.206	0.945	311.910	345.953	11.463	309	344	11	6	5	2
251	56.133	108.948	341	196	9388565	27532.449	14973.535	22161.000	9684	65535	247.613	416.598	13.062	2.166	0.302	2.159	247.715	416.574	13.026	243	411	11	10	12	6
252	19.260	55.060	117	91	1768108	15112.034	3964.498	14715.000	9577	24752	685.171	453.085	12.034	1.428	0.295	1.358	685.179	453.140	12.017	682	450	11	8	8	4
253	3.292	20.135	20	20	223154	11157.700	1057.253	10837.500	9938	13480	484.250	474.150	11.200	0.849	0.376	0.849	484.241	474.196	11.199	482	471	11	6	6	2
254	1.975	11.585	12	12	167837	13986.417	2360.738	13200.500	11402	17801	231.167	476.000	11.500	0.644	0.103	0.637	231.132	476.056	11.498	230	475	11	3	3	2
255	4.938	20.479	30	30	365638	12187.934	1835.054	11499.000	9605	15815	531.833	553.700	11.467	0.807	0.197	0.800	531.873	553.706	11.474	530	551	11	4	6	2
256	7.243	38.787	44	44	494068	11228.818	1395.854	10904.000	9567	16711	351.886	603.295	11.750	1.114	0.421	1.084	351.880	603.219	11.743	349	600	11	7	9	3
257	24.363	66.129	148	98	4038469	27286.953	14661.021	22789.500	9970	62282	385.878	640.662	12.993	1.722	0.375	1.752	385.950	640.637	12.987	382	638	11	9	6	5
258	16.132	55.612	98	89	1280639	13067.745	2734.513	12413.000	9564	20319	782.551	80.939	13.194	1.270	0.328	1.319	782.568	81.008	13.198	780	78	12	7	8	3
259	13.005	42.615	79	59	1418430	17954.811	6789.847	16669.000	9671	38133	653.975	157.646	13.759	1.319	0.286	1.289	653.990	157.687	13.763	652	155	12	5	7	5
260	17.778	53.992	108	79	1967825	18220.602	7321.326	16116.500	9615	38748	908.574	339.935	13.352	1.455	0.282	1.498	908.604	339.963	13.286	905	337	12	8	7	4
261	3.951	20.550	24	21	486818	20284.084	9662.750	16633.500	9717	43778	307.625	415.833	13.417	0.963	0.378	0.783	307.639	415.789	13.370	306	415	12	4	3	4
262	6.091	29.307	37	36	474294	12818.757	2948.573	11763.000	9607	20845	282.243	600.432	13.892	1.005	0.362	1.060	282.127	600.312	13.842	281	598	12	4	6	4
263	40.330	89.637	245	188	3504430	14303.796	3233.255	13643.000	9633	24610	364.743	605.551	12.984	1.786	0.416	1.832	364.712	605.580	12.963	360	601	12	11	11	3
264	7.901	29.581	48	47	627713	13077.354	1753.734	13134.000	9646	16503	340.062	609.604	12.542	0.975	0.271	0.949	340.038	609.599	12.545	338	606	12	5	8	3
265	25.021	66.715	152	105	3549698	23353.275	11141.674	19713.500	9613	53978	939.632	26.316	15.322	1.678	0.346	1.694	939.587	26.352	15.338	935	24	13	10	6	5
266	1.975	15.446	12	12	128468	10705.667	1153.624	10390.500	9693	13137	792.417	90.083	13.500	0.749	0.204	0.699	792.421	90.070	13.498	790	89	13	5	3	2
267	5.268	33.513	32	32	388694	12146.688	1727.245	11823.000	9886	17293	979.594	111.500	13.469	1.000	0.214	1.003	979.625	111.561	13.466	977	109	13	6	6	2
268	67.492	134.534	410	202	12337071	30090.418	16858.865	25367.500	9591	65535	448.990	275.178	16.559	2.471	0.454	2.522	449.092	275.214	16.556	444	270	13	11	11	8
269	38.684	90.919	235	140	5804775	24701.170	12615.033	21562.000	9584	62007	377.340	321.213	15.106	1.989	0.371	2.038	377.304	321.175	15.072	373	317	13	10	9	6
270	64.529	130.743	392	198	11092990	28298.443	16723.930	22502.500	9608	65535	303.222	378.635	16.140	2.503	0.579	2.487	303.279	378.699	16.150	299	374	13	10	10	8
271	50.537	131.188	307	213	5071171	16518.473	5428.252	15590.000	9574	34326	709.394	485.423	15.612	2.574	0.927	2.711	709.782	485.281	15.484	700	480	13	18	11	6
272	33.087	84.748	201	120	4963423	24693.646	13625.345	20047.000	9576	65535	309.065	537.393	15.736	1.947	0.492	1.868	309.077	537.415	15.763	305	534	13	9	7	7
273	30.289	75.057	184	120	3285651	17856.799	6134.911	16854.000	9640	32110	287.690	565.777	15.266	1.714	0.259	1.694	287.697	565.759	15.275	284	561	13	8	10	5
274	38.026	91.263	231	134	5381980	23298.615	11828.373	19536.000	9754	56500	370.251	628.545	15.892	1.963	0.322	1.988	370.243	628.606	15.817	367	624	13	8	11	6
275	42.635	106.399	259	159	5184934	20019.051	9101.873	17829.000	9570	44926	391.031	632.950	15.625	2.039	0.413	1.983	390.884	633.066	15.533	386	629	13	12	9	6
276	9.877	33.650	60	51	857298	14288.300	2920.218	14275.000	9652	21291	396.583	655.983	13.950	1.124	0.184	1.110	396.545	655.965	13.956	394	654	13	6	5	3
277	56.792	125.121	345	201	8231490	23859.391	12228.494	20812.000	9585	65535	376.009	657.962	16.374	2.337	0.568	2.413	375.919	658.182	16.296	372	652	13	10	14	8
278	11.523	39.132	70	59	919827	13140.386	1990.532	12867.500	9577	18345	915.714	28.871	14.871	1.216	0.270	1.190	915.724	28.907	14.879	912	27	14	8	5	3
279	2.469	19.653	15	15	160218	10681.200	1065.277	10135.000	9590	12837	973.667	96.400	14.333	0.829	0.243	0.860	973.687	96.436	14.310	972	95	14	4	5	2
280	3.786	19.894	23	23	303475	13194.565	2729.837	12717.000	9605	19577	844.565	259.478	14.522	0.785	0.220	0.802	844.537	259.503	14.499	843	258	14	5	4	3
281	28.972	75.646	176	106	4969735	28237.131	17402.389	22175.500	9648	65535	655.455	297.943	17.045	1.927	0.537	1.990	655.537	297.921	16.983	652	295	14	7	7	7
282	40.330	91.400	245	145	6012210	24539.633	12968.823	21105.000	9609	60227	983.718	316.347	16.433	1.952	0.308	1.923	983.719	316.218	16.368	980	312	14	9	10	6
283	68.315	126.499	415	211	13152500	31692.771	18774.709	27227.000	9576	65535	360.773	322.672	17.154	2.456	0.427	2.415	360.876	322.580	17.132	356	318	14	11	10	7
284	45.763	99.468	278	159	6678741	24024.248	12354.903	20717.500	9667	60051	957.237	330.878	16.773	2.059	0.325	2.076	957.381	330.889	16.730	952	327	14	11	9	6
285	21.400	59.303	130	95	3283582	25258.322	13877.086	21690.000	10015	65535	873.554	340.538	15.846	1.642	0.437	1.687	873.503	340.264	15.824	871	337	14	5	9	5
286	33.746	90.089	205	153	3405876	16614.029	6186.588	14865.000	9591	36085	232.332	414.098	16.098	1.930	0.620	1.945	232.435	413.620	16.131	230	408	14	7	15	6
287	13.992	46.269	85	63	1234489	14523.400	4045.676	13421.000	9591	26845	685.776	484.435	15.518	1.338	0.264	1.412	685.763	484.469	15.498	683	482	14	7	6	4
288	20.083	62.164	122	88	2150743	17629.041	6742.927	15567.000	9702	35951	343.262	499.508	16.598	1.566	0.372	1.604	343.227	499.542	16.563	340	496	14	8	8	6
289	11.523	42.822	70	51	1155138	16501.971	5838.245	14989.000	9634	31886	314.243	513.471	15.814	1.336	0.379	1.291	314.275	513.479	15.821	312	511	14	5	6	5
290	15.474	52.199	94	76	1231260	13098.511	2855.305	12532.000	9631	21141	340.851	553.468	15.245	1.291	0.262	1.307	340.845	553.416	15.247	338	550	14	7	8	4
291	2.963	19.997	18	18	202079	11226.611	1483.806	10925.000	9639	14705	347.000	627.722	14.889	0.850	0.359	0.895	346.996	627.731	14.904	344	626	14	6	4	3
292	26.997	71.299	164	110	2891250	17629.572	6383.477	16377.000	9655	36158	320.726	648.817	15.720	1.680	0.331	1.670	320.823	648.856	15.733	316	645	14	10	8	5
293	6.585	27.858	40	39	491974	12299.350	2134.070	11659.500	9636	17092	863.025	223.400	16.400	0.913	0.243	0.911	863.048	223.402	16.402	861	221	15	5	6	3
294	33.581	77.885	204	120	4535324	22231.980	10429.986	19189.000	9634	52040	911.657	238.554	16.936	1.860	0.284	1.877	911.546	238.499	16.938	907	235	15	10	8	5
295	16.461	51.339	100	68	2118268	21182.680	9085.228	19350.500	9702	43307	579.010	253.970	16.890	1.533	0.403	1.417	579.066	253.966	16.823	576	252	15	7	5	5
296	16.955	48.682	103	74	1548093	15030.029	4245.895	14289.000	9651	26889	480.126	292.670	16.291	1.379	0.215	1.380	480.183	292.594	16.291	477	290	15	7	7	4
297	16.132	52.510	98	75	1578426	16106.388	4850.515	15278.500	9609	27082	892.378	335.337	16.684	1.415	0.369	1.445	892.369	335.393	16.686	890	332	15	6	8	5
298	38.355	80.160	233	144	5145231	22082.537	9822.323	19283.000	9593	52690	880.142	377.283	16.841	1.930	0.303	1.948	880.176	377.473	16.832	877	373	15	7	10	5
299	2.305	16.480	14	14	163293	11663.786	2090.957	10982.500	9613	16377	255.571	383.714	15.214	0.842	0.348	0.788	255.554	383.708	15.198	253	382	15	7	4	2
300	26.503	72.715	161	102	3467058	21534.521	9868.076	19011.000	9582	46011	273.758	516.696	17.335	1.747	0.367	1.722	273.703	516.682	17.334	270	513	15	9	8	6
301	13.498	44.683	82	64	1267398	15456.073	4235.226	14817.000	9711	29306	349.341	541.500	16.073	1.285	0.237	1.250	349.422	541.535	16.059	346	539	15	7	7	4
302	5.103	28.306	31	31	367455	11853.387	1852.588	11120.000	9606	16503	302.452	543.097	16.226	0.944	0.304	0.916	302.493	543.112	16.216	300	540	15	6	6	3
303	26.009	70.714	158	110	2928859	18537.082	6975.935	17071.000	9590	40268	286.981	579.563	17.006	1.672	0.381	1.662	287.128	579.602	17.002	282	577	15	10	7	5
304	23.704	69.921	144	104	2136353	14835.785	4492.479	13777.500	9586	28568	289.743	597.528	16.757	1.551	0.288	1.569	289.804	597.499	16.745	286	594	15	8	9	5
305	30.124	74.542	183	112	3894338	21280.535	9469.154	18996.000	9606	45317	462.235	595.011	17.705	1.829	0.367	1.758	462.214	594.970	17.632	459	592	15	8	7	6
306	7.737	32.409	47	40	537316	11432.255	1314.969	11529.000	9617	14348	692.702	189.638	17.085	1.036	0.205	1.079	692.686	189.609	17.071	690	187	16	6	6	3
307	15.803	47.959	96	71	1522799	15862.489	5000.114	14350.000	9828	30758	984.021	250.854	18.490	1.420	0.294	1.457	984.076	250.867	18.516	982	248	16	5	7	5
308	46.586	102.433	283	162	5997399	21192.223	9025.743	18668.000	9609	44052	615.279	267.590	18.265	2.077	0.351	1.998	615.270	267.509	18.266	610	263	16	11	10	6
309	46.421	142.087	282	193	4962257	17596.656	7296.228	15383.500	9562	43044	527.213	274.979	20.801	2.961	1.153	3.057	527.299	274.663	20.366	523	269	16	8	14	10
310	18.108	54.993	110	75	1768065	16073.318	5311.689	14471.500	9701	31733	643.800	324.527	17.991	1.543	0.369	1.452	643.784	324.531	17.981	641	322	16	7	6	5
311	45.269	102.952	275	155	5397122	19625.898	7460.376	18218.000	9564	43497	407.564	352.447	18.331	2.128	0.409	2.155	407.463	352.429	18.274	403	348	16	10	9	6
312	17.120	52.062	104	74	1586872	15258.385	4283.474	14119.000	9599	25589	494.087	362.365	17.471	1.465	0.255	1.484	494.092	362.337	17.477	491	359	16	7	7	4
313	75.393	186.803	458	276	7887315	17221.211	5649.836	16140.500	9580	33187	506.692	362.255	21.919	3.221	1.351	3.302	506.837	362.190	21.999	500	356	16	15	13	11
314	15.638	52.373	95	70	1605141	16896.221	5795.877	15645.000	9744	31943	518.926	374.032	18.053	1.472	0.421	1.358	518.926	374.131	18.009	516	371	16	6	7	5
315	14.321	44.131	87	71	1255421	14430.126	3343.530	14191.000	9564	22337	656.069	386.517	16.989	1.271	0.215	1.236	655.966	386.533	16.980	653	384	16	8	6	4
316	14.980	49.097	91	67	1458066	16022.703	4703.009	15296.000	9579	27323	549.714	395.538	18.088	1.359	0.296	1.294	549.695	395.545	18.067	547	393	16	7	6	5
317	24.692	65.129	150	99	2636768	17578.453	6060.199	16929.000	9718	35718	325.140	428.513	18.227	1.693	0.355	1.664	325.085	428.514	18.216	323	425	16	6	9	5
318	40.330	119.191	245	168	3978050	16236.938	5285.977	15402.000	9644	30226	325.053	450.376	21.000	2.920	1.295	2.985	325.026	450.571	21.147	322	443	16	7	14	10
319	52.841	108.085	321	199	5373782	16740.754	4853.095	16025.000	9598	31628	606.595	524.551	17.639	2.036	0.301	2.030	606.462	524.563	17.645	602	519	16	10	12	5
320	27.326	72.266	166	104	2806526	16906.783	5821.745	15689.500	9617	34412	546.133	532.102	19.175	1.784	0.412	1.732	546.091	532.064	19.112	543	529	16	8	7	7
321	32.264	80.368	196	130	3721089	18985.148	7053.337	17639.000	9624	35991	522.230	553.862	18.495	1.797	0.330	1.778	522.247	553.834	18.484	519	550	16	8	9	6
322	48.397	104.401	294	164	9005725	30631.717	19429.039	25127.500	9568	65535	362.044	598.333	18.667	2.223	0.549	2.156	362.102	598.320	18.712	359	594	16	7	10	7
323	53.993	127.226	328	197	6469668	19724.598	8667.987	17490.500	9630	44580	412.192	647.375	18.939	2.310	0.576	2.228	412.271	647.393	18.956	408	643	16	10	10	8
324	4.938	23.170	30	27	431865	14395.500	3771.695	13666.500	9663	25052	382.967	651.367	17.267	0.955	0.330	0.862	383.027	651.364	17.238	381	650	16	4	4	4
325	39.343	94.435	239	147	4781693	20007.084	9792.891	17076.000	9589	56194	356.766	659.644	18.146	2.000	0.394	2.034	356.840	659.406	18.168	353	655	16	9	11	6
326	27.820	78.437	169	113	2877811	17028.467	6161.160	15637.000	9583	37691	566.172	225.497	18.976	1.673	0.299	1.653	566.068	225.493	18.943	562	222	17	10	8	5
327	10.206	37.994	62	54	749059	12081.597	1961.542	11783.000	9601	18683	802.726	257.516	18.065	1.141	0.230	1.145	802.717	257.504	18.045	800	255	17	7	6	3
328	2.305	19.653	14	14	139520	9965.714	358.618	9807.500	9612	10761	822.000	289.000	18.143	0.799	0.334	0.918	821.991	289.002	18.143	820	288	17	5	3	3
329	31.112	81.402	189	122	3161570	16727.883	5542.752	15748.000	9614	31984	492.026	292.630	19.413	1.754	0.269	1.727	491.981	292.688	19.400	488	289	17	10	8	6
330	17.120	52.647	104	78	1444935	13893.605	2741.308	13845.000	9562	20425	831.750	300.192	18.606	1.386	0.267	1.418	831.761	300.148	18.593	829	297	17	7	8	4
331	47.738	106.124	290	158	6029163	20790.217	8938.210	18973.000	9565	50288	436.445	333.024	20.197	2.161	0.446	2.103	436.417	332.954	20.181	433	329	17	9	9	7
332	4.938	22.721	30	28	352563	11752.100	1679.885	11266.000	9598	16046	698.933	336.500	17.800	0.916	0.265	0.894	698.955	336.453	17.802	697	335	17	4	5	3
333	25.186	66.611	153	103	2653918	17345.869	6195.713	16130.000	9589	36694	351.033	337.275	19.301	1.615	0.267	1.592	351.097	337.244	19.286	348	334	17	7	8	6
334	23.869	67.404	145	96	2483664	17128.717	6347.223	15380.000	9570	35430	333.848	342.966	19.000	1.626	0.321	1.581	333.843	342.967	18.968	330	340	17	9	7	5
335	18.272	56.579	111	74	2014965	18152.838	6116.769	16980.000	9685	33076	531.685	373.730	19.324	1.530	0.370	1.476	531.667	373.712	19.285	529	371	17	7	6	6
336	7.408	33.513	45	42	537309	11940.200	1580.442	11931.000	9700	16036	450.956	382.756	18.422	1.042	0.351	0.994	450.936	382.776	18.409	449	381	17	5	4	4
337	30.124	74.301	183	110	4467126	24410.525	13778.377	19214.000	9572	65535	408.077	404.115	19.175	1.890	0.437	1.916	408.114	404.052	19.155	404	401	17	9	7	6
338	15.968	49.097	97	71	1524260	15714.021	4665.565	14124.000	9670	27420	267.082	417.722	18.474	1.440	0.284	1.489	267.044	417.767	18.458	264	415	17	7	7	4
339	82.307	183.564	500	276	10242262	20484.523	9433.496	17704.500	9610	52918	376.222	426.052	21.526	3.242	1.242	3.365	376.124	426.042	21.479	371	417	17	13	15	11
340	8.889	36.029	54	46	696185	12892.314	2604.324	12438.500	9585	22152	362.648	430.611	18.019	1.109	0.251	1.137	362.648	430.666	18.016	360	428	17	6	6	4
341	11.194	36.823	68	55	1122711	16510.455	4555.247	15727.500	9673	28658	403.882	443.074	18.956	1.197	0.245	1.202	403.834	443.097	18.935	402	441	17	5	6	5
342	36.544	84.092	222	130	4995442	22501.990	10598.088	19904.000	9606	50512	624.117	466.586	19.509	1.981	0.427	1.915	624.179	466.572	19.470	620	464	17	9	7	6
343	12.511	41.718	76	60	1092603	14376.355	3223.785	14160.500	9731	23257	689.974	476.053	18.829	1.249	0.241	1.220	689.974	476.037	18.814	687	473	17	7	6	4
344	16.461	57.439	100	87	1265794	12657.940	2656.484	12183.500	9566	21165	318.600	487.180	18.140	1.344	0.343	1.336	318.611	487.248	18.140	315	483	17	8	9	3
345	7.408	28.340	45	44	562494	12499.866	1847.925	12357.000	9597	17867	863.044	70.333	19.378	0.936	0.249	0.926	863.010	70.336	19.374	860	68	18	7	5	3
346	49.878	105.261	303	166	6931896	22877.545	11072.544	19916.000	9621	56519	757.264	133.007	21.149	2.152	0.343	2.143	757.119	133.115	21.136	753	128	18	9	11	7
347	45.269	100.365	275	156	5415948	19694.355	7734.298	18707.000	9607	38454	927.196	141.978	21.207	2.107	0.383	2.130	927.259	141.941	21.218	922	138	18	11	9	7
348	49.878	105.676	303	165	7843430	25885.908	13700.118	22280.000	9609	65535	505.178	270.997	21.396	2.223	0.468	2.186	505.238	270.772	21.395	502	267	18	8	10	7
349	52.183	150.670	317	225	4788668	15106.208	4822.938	13902.000	9565	31337	854.158	376.016	22.524	3.063	1.286	2.926	854.308	375.786	22.454	849	368	18	12	14	11
350	1.811	13.171	11	11	120033	10912.091	1074.556	10615.000	9645	13027	648.909	397.000	19.000	0.721	0.360	0.956	648.884	396.984	19.017	648	396	18	3	3	3
351	23.211	66.163	141	93	1992432	14130.724	3481.405	13149.000	9677	22366	633.652	409.702	19.702	1.604	0.271	1.583	633.693	409.695	19.679	630	406	18	8	8	5
352	10.206	37.890	62	60	751297	12117.693	1665.280	11704.500	9565	16183	340.790	429.468	18.516	1.058	0.297	1.081	340.797	429.436	18.506	338	427	18	7	6	3
353	1.975	16.136	12	12	124972	10414.333	722.413	10179.000	9617	11836	330.333	479.917	18.583	0.780	0.202	0.774	330.336	479.891	18.588	328	479	18	5	3	2
354	56.463	132.637	343	209	6172853	17996.656	6187.288	17403.000	9581	36495	643.577	523.481	20.697	2.335	0.652	2.417	643.620	523.480	20.687	637	518	18	14	12	6
355	57.944	118.017	352	198	7434684	21121.262	9097.500	18949.500	9581	47247	379.114	585.918	21.045	2.223	0.322	2.231	379.316	585.973	21.071	374	581	18	12	11	7
356	17.449	53.751	106	79	1740873	16423.330	6192.185	15248.000	9564	38167	312.472	594.670	19.792	1.486	0.369	1.481	312.462	594.621	19.803	309	593	18	8	5	5
357	16.791	59.095	102	82	1298876	12734.078	2457.587	12066.500	9598	21481	830.725	154.549	20.451	1.468	0.426	1.537	830.615	154.573	20.452	826	152	19	11	6	4
358	7.078	36.167	43	42	507507	11802.488	1978.194	10945.000	9622	16420	870.884	182.581	19.721	1.066	0.337	1.104	870.977	182.703	19.701	868	179	19	6	8	3
359	37.038	81.332	225	142	3953019	17568.973	5472.442	16181.000	9655	37227	913.684	190.764	21.480	1.822	0.238	1.815	913.610	190.684	21.449	910	186	19	9	10	5
360	24.528	67.956	149	100	2918838	19589.518	9314.335	17154.000	9567	47357	872.181	217.906	20.570	1.720	0.394	1.720	872.133	217.892	20.530	868	215	19	9	7	5
361	15.638	49.200	95	69	1441478	15173.452	4168.671	14226.000	9636	25847	890.663	237.495	20.653	1.400	0.294	1.415	890.641	237.547	20.676	888	235	19	6	7	5
362	42.964	94.298	261	146	6443627	24688.227	12794.900	20627.000	9600	61489	555.759	256.337	21.567	2.121	0.459	2.091	555.800	256.284	21.572	552	253	19	9	8	7
363	34.240	82.747	208	138	3692820	17753.941	5953.802	16290.500	9590	33476	846.120	258.038	20.990	1.898	0.446	1.976	846.096	258.041	21.005	841	256	19	12	6	5
364	23.046	62.576	140	108	1811003	12935.735	2364.454	12576.500	9566	20045	881.686	273.293	20.843	1.488	0.305	1.486	881.669	273.274	20.829	878	269	19	8	9	4
365	20.906	62.371	127	85	2657771	20927.330	9370.817	18713.000	9565	46863	847.646	273.969	21.535	1.635	0.419	1.640	847.562	274.061	21.514	844	271	19	8	7	6
366	34.075	82.402	207	128	3849695	18597.561	7405.164	17385.000	9581	38514	456.623	289.884	21.546	1.850	0.340	1.792	456.566	289.746	21.566	453	286	19	9	9	6
367	23.704	67.301	144	98	2097936	14569.000	4003.864	13998.500	9580	26614	437.417	296.306	21.257	1.589	0.266	1.569	437.361	296.189	21.224	434	293	19	8	9	5
368	1.811	13.067	11	11	119100	10827.272	708.256	10988.000	9770	11897	391.909	312.364	19.727	0.678	0.251	0.712	391.908	312.315	19.717	391	311	19	3	5	2
369	42.306	96.125	257	148	5981631	23274.828	12690.192	19316.000	9601	63290	382.840	328.428	22.424	2.118	0.493	2.024	382.721	328.452	22.366	379	325	19	9	8	7
370	4.609	22.825	28	25	468752	16741.143	5589.190	14459.500	9821	30580	528.536	503.786	20.536	1.006	0.373	0.859	528.563	503.727	20.478	527	502	19	4	4	4
371	59.096	118.120	359	201	7845949	21855.012	9106.256	20100.000	9604	50319	319.552	537.972	21.797	2.245	0.374	2.266	319.555	537.989	21.801	316	532	19	9	13	7
372	48.397	107.469	294	165	7277121	24752.111	12225.662	22358.000	9588	56494	345.752	571.609	22.255	2.212	0.471	2.202	345.796	571.548	22.233	341	568	19	10	8	7
373	52.841	133.363	321	203	6230719	19410.340	7543.143	17991.000	9571	40681	295.997	600.196	22.676	2.399	0.765	2.560	295.848	600.255	22.759	289	596	19	15	9	9
374	29.631	73.059	180	121	3477366	19318.699	7693.839	17496.500	9580	39792	977.056	18.889	22.111	1.791	0.364	1.842	977.216	18.901	22.070	973	16	20	9	7	6
375	48.232	107.121	293	177	5304254	18103.256	6044.332	17279.000	9608	34931	763.993	144.577	22.505	2.012	0.293	1.998	763.978	144.611	22.491	759	140	20	11	10	6
376	28.478	82.265	173	122	2989303	17279.209	6308.761	15939.000	9589	33818	976.509	144.780	22.462	1.842	0.514	1.773	976.445	144.792	22.451	971	143	20	12	5	6
377	43.294	99.572	263	157	4585976	17437.172	5801.957	16584.000	9565	34823	945.783	150.163	22.567	2.031	0.385	2.006	945.766	150.118	22.558	941	146	20	11	9	6
378	40.330	95.021	245	145	5074249	20711.221	9179.006	18343.000	9667	52605	773.747	153.743	22.690	1.977	0.354	1.912	773.662	153.578	22.714	770	150	20	9	9	7
379	9.712	35.996	59	50	1011417	17142.660	5832.233	16159.000	9579	30969	990.593	163.576	22.542	1.282	0.426	1.428	990.672	163.554	22.560	988	162	20	5	4	6
380	19.424	59.199	118	81	1936869	16414.145	5073.240	15921.500	9643	28266	980.627	171.008	22.466	1.557	0.379	1.530	980.661	171.019	22.451	977	168	20	8	6	6
381	37.038	85.678	225	130	5013685	22283.045	10576.376	20350.000	9624	51775	780.840	174.089	22.329	1.998	0.424	1.961	780.760	174.002	22.318	777	171	20	8	8	6
382	26.832	67.853	163	105	2456329	15069.503	4287.792	14173.000	9591	26397	631.190	199.325	21.847	1.714	0.302	1.696	631.094	199.276	21.826	628	196	20	7	8	5
383	3.292	21.239	20	18	227536	11376.800	1515.369	11068.500	9799	15545	608.900	208.550	21.450	0.935	0.368	0.787	608.899	208.556	21.442	607	207	20	5	4	4
384	17.614	54.200	107	73	1794045	16766.775	5359.364	15605.000	9789	31443	966.944	227.570	22.131	1.491	0.332	1.397	966.882	227.631	22.121	964	225	20	7	6	5
385	17.943	54.407	109	80	2266731	20795.697	9333.111	18610.000	9679	44633	841.578	280.165	22.789	1.625	0.482	1.592	841.515	280.182	22.744	839	278	20	7	5	6
386	20.412	59.407	124	85	1928963	15556.153	4038.179	15231.500	9573	24860	486.177	285.500	22.573	1.624	0.428	1.628	486.186	285.541	22.569	484	282	20	6	8	6
387	64.529	125.773	392	226	7327117	18691.625	6641.039	17498.000	9597	39933	749.885	296.786	23.010	2.264	0.375	2.258	749.710	296.650	23.004	745	292	20	11	11	7
388	7.078	29.444	43	38	509306	11844.325	2011.828	10880.000	9654	16528	960.558	303.093	21.767	1.016	0.268	0.998	960.559	303.123	21.755	959	301	20	5	6	4
389	3.622	28.617	22	22	241884	10994.728	1166.440	11039.500	9577	13853	397.318	315.000	21.182	1.033	0.372	1.127	397.333	314.992	21.172	394	313	20	7	5	3
390	2.963	24.307	18	18	197366	10964.777	845.645	10860.500	9872	12492	921.333	324.278	20.333	1.182	0.523	1.194	921.324	324.295	20.321	920	320	20	5	9	2
391	53.170	136.395	323	211	5783849	17906.652	6028.855	16761.000	9575	38131	749.183	320.542	22.607	2.342	0.668	2.490	749.101	320.631	22.584	742	315	20	15	12	6
392	27.326	68.094	166	110	2524003	15204.837	3843.172	14542.000	9620	24130	609.928	348.169	22.331	1.691	0.285	1.649	609.852	348.145	22.301	607	344	20	7	9	5
393	22.223	62.509	135	93	2114240	15661.037	5029.061	14339.000	9562	29862	859.681	359.837	22.200	1.613	0.362	1.614	859.611	359.803	22.168	856	357	20	9	6	5
394	35.557	87.987	216	131	3576201	16556.486	5100.267	15622.500	9583	30847	606.616	363.032	22.736	1.894	0.359	1.885	606.666	363.081	22.710	602	360	20	10	8	6
395	1.975	13.171	12	12	158841	13236.750	2978.058	12943.500	9817	18272	606.083	380.667	20.833	0.788	0.331	0.868	606.110	380.636	20.796	605	380	20	3	3	3
396	19.918	60.096	121	83	1999555	16525.248	5289.812	15260.000	9593	32055	481.967	392.537	22.678	1.596	0.387	1.553	481.968	392.583	22.642	479	390	20	7	6	6
397	27.326	70.921	166	110	3015526	18165.818	6130.122	17113.500	9580	32458	339.229	395.380	22.349	1.715	0.332	1.707	339.251	395.292	22.357	337	391	20	6	10	6
398	39.014	103.745	237	158	4483097	18916.021	7783.773	17175.000	9567	40142	347.654	401.658	23.494	2.061	0.542	2.068	347.607	401.438	23.397	343	398	20	10	10	7
399	45.763	100.020	278	157	5951908	21409.740	9249.633	19601.500	9591	45605	487.687	459.763	22.705	2.100	0.353	2.131	487.761	459.710	22.691	483	455	20	10	10	6
400	40.660	97.882	247	152	4188030	16955.588	5712.823	15686.000	9586	33017	319.409	465.409	22.279	1.945	0.329	1.947	319.540	465.441	22.275	314	462	20	12	8	6
401	13.005	54.926	79	71	1613654	20426.000	9273.336	17640.000	9658	45081	242.747	503.987	22.848	1.540	0.546	1.555	242.585	503.900	22.795	241	500	20	4	9	6
402	43.952	98.364	267	164	4929312	18461.842	6556.727	17148.000	9577	36171	621.086	529.468	22.498	1.941	0.273	1.941	621.184	529.443	22.497	617	525	20	9	11	6
403	17.120	56.475	104	77	1449281	13935.395	3428.157	12820.500	9598	22112	289.019	533.875	22.183	1.426	0.305	1.431	288.960	533.824	22.154	286	531	20	7	7	5
404	22.552	61.819	137	96	2279019	16635.176	5034.843	16053.000	9751	29550	323.277	549.927	22.080	1.601	0.373	1.594	323.329	549.902	22.106	319	548	20	9	5	5
405	26.174	64.921	159	104	2759042	17352.465	5846.831	15879.000	9582	33385	385.151	573.377	22.384	1.658	0.240	1.634	385.143	573.375	22.347	382	569	20	7	9	5
406	45.763	109.674	278	163	5382107	19360.098	8869.840	16555.000	9611	52599	356.496	631.813	22.586	2.150	0.479	2.276	356.553	631.939	22.509	352	626	20	9	12	7
407	21.564	68.749	131	100	2137184	16314.382	5345.871	15132.000	9587	31681	970.290	120.550	23.252	1.725	0.620	1.695	970.142	120.553	23.166	966	118	21	10	6	6
408	4.445	21.135	27	25	316280	11714.074	1645.235	11439.000	9672	15213	987.852	151.481	22.370	0.892	0.313	0.805	987.868	151.474	22.385	986	150	21	4	4	4
409	9.383	36.374	57	50	756386	13269.930	2710.678	12792.000	9620	20238	719.579	170.333	21.947	1.125	0.238	1.130	719.598	170.340	21.925	718	167	21	5	8	3
410	59.755	147.083	363	217	5812578	16012.611	4778.767	15176.000	9566	33741	936.435	191.295	23.791	2.361	0.701	2.337	936.618	191.347	23.759	929	186	21	15	12	7
411	30.289	82.436	184	120	2574760	13993.261	3537.543	13357.500	9652	24531	960.549	209.875	23.120	1.772	0.357	1.829	960.521	209.840	23.113	955	207	21	12	7	5
412	36.544	80.816	222	135	4205671	18944.465	7015.002	17019.500	9670	35361	664.149	211.198	23.982	1.936	0.317	1.989	664.204	211.182	23.998	661	207	21	8	9	6
413	7.243	39.891	44	42	499518	11352.682	1444.251	11009.500	9669	16818	623.000	216.295	21.841	1.044	0.334	1.101	622.959	216.271	21.856	620	213	21	6	7	3
414	17.778	54.648	108	77	1780433	16485.490	6044.285	14412.500	9568	32522	972.250	220.620	23.287	1.525	0.416	1.447	972.107	220.432	23.327	970	218	21	7	6	6
415	36.380	88.091	221	144	3113184	14086.806	3021.119	13646.000	9587	25715	933.416	228.376	22.837	1.890	0.359	1.900	933.429	228.366	22.819	928	225	21	11	8	5
416	16.955	57.509	103	75	1408595	13675.680	3053.395	13150.000	9576	20946	790.262	237.942	23.505	1.456	0.316	1.498	790.329	237.934	23.542	787	235	21	8	8	5
417	25.021	75.991	152	106	2532889	16663.744	6655.024	14254.000	9727	43929	603.711	250.349	23.533	1.774	0.479	1.724	603.614	250.432	23.393	600	246	21	9	8	6
418	2.469	12.274	15	15	175000	11666.667	1456.860	11111.000	9934	14652	589.400	255.467	21.467	0.676	0.130	0.609	589.431	255.484	21.499	588	255	21	4	2	2
419	21.235	65.440	129	90	2116992	16410.791	5605.471	14824.000	9568	36457	609.907	257.504	23.364	1.724	0.550	1.694	609.881	257.617	23.284	605	254	21	9	8	6
420	27.655	73.612	168	103	3450342	20537.750	9450.256	18411.000	9595	48089	735.815	258.595	24.137	1.833	0.481	1.819	735.854	258.619	24.132	732	256	21	8	7	7
421	22.058	63.613	134	87	2668071	19910.979	8351.451	18283.500	9598	42547	550.291	264.918	23.351	1.680	0.421	1.647	550.203	264.826	23.375	548	261	21	6	8	6
422	16.626	54.233	101	82	1305752	12928.237	2402.220	12309.000	9737	18982	826.951	284.436	22.089	1.350	0.276	1.337	826.911	284.404	22.114	823	282	21	9	6	4
423	17.449	54.578	106	80	1490264	14059.095	3401.302	12770.000	9564	24002	756.641	286.170	22.557	1.431	0.303	1.464	756.553	286.187	22.560	753	284	21	9	6	4
424	21.729	72.163	132	97	1653118	12523.621	1992.573	12273.000	9592	17409	804.265	288.644	23.303	1.560	0.357	1.583	804.297	288.655	23.322	800	285	21	9	8	5
425	54.323	112.776	330	192	5724546	17347.109	5627.262	16187.000	9563	33220	696.218	299.812	23.055	2.153	0.299	2.159	696.272	299.707	23.070	692	294	21	10	12	6
426	25.515	68.509	155	97	2917134	18820.219	7264.842	16636.000	9627	39671	932.697	305.781	23.277	1.790	0.485	1.687	932.721	305.853	23.284	930	302	21	6	8	6
427	51.689	127.259	314	199	5796165	18459.125	9108.902	15410.500	9579	56647	605.764	309.752	24.640	2.233	0.647	2.278	605.543	310.380	24.545	601	304	21	10	12	7
428	10.535	40.788	64	48	904197	14128.078	3354.712	13178.500	9586	21811	706.781	314.391	23.047	1.233	0.304	1.179	706.840	314.403	23.018	704	312	21	6	6	5
429	7.243	31.134	44	36	512900	11656.818	1450.479	11515.500	9591	15005	877.932	319.523	23.250	1.098	0.326	1.051	877.919	319.526	23.233	875	318	21	6	4	5
430	31.771	77.025	193	112	3879147	20099.207	8329.655	19313.000	9589	44955	400.332	323.363	23.575	1.914	0.441	1.855	400.368	323.246	23.554	397	320	21	7	8	6
431	10.700	37.960	65	51	792472	12191.877	2022.952	11682.000	9627	18176	660.354	325.015	23.092	1.223	0.296	1.177	660.406	325.035	23.110	657	323	21	7	5	5
432	9.054	35.892	55	44	786194	14294.437	3846.249	13081.000	9784	24498	589.200	328.236	22.527	1.206	0.314	1.157	589.208	328.280	22.526	587	326	21	6	5	4
433	56.627	118.294	344	181	7197723	20923.613	8986.178	18975.500	9593	45976	523.802	344.654	23.811	2.303	0.423	2.290	523.779	344.603	23.835	519	340	21	10	10	7
434	57.944	135.601	352	220	6870259	19517.781	7411.769	18429.500	9625	40348	332.750	354.293	22.773	2.280	0.612	2.408	332.533	354.337	22.716	326	351	21	15	9	5
435	16.461	67.371	100	81	1478936	14789.360	4426.029	13263.000	9564	30572	660.160	370.130	23.100	1.691	0.547	1.719	660.192	370.059	23.080	656	367	21	10	8	5
436	57.121	114.915	347	187	6948672	20024.992	8103.817	18505.000	9669	41666	417.954	378.231	23.542	2.256	0.352	2.236	417.953	378.302	23.572	413	373	21	11	11	6
437	19.095	54.856	116	81	2122253	18295.285	6827.678	17140.000	9588	35957	614.198	378.026	23.612	1.611	0.472	1.605	614.187	378.066	23.616	611	376	21	7	5	6
438	28.807	73.300	175	103	3158577	18049.012	6339.601	17033.000	9565	35116	707.343	381.143	23.663	1.822	0.411	1.749	707.391	380.985	23.678	704	378	21	7	8	6
439	29.795	78.748	181	112	2870246	15857.713	5311.117	14416.000	9567	33464	267.508	382.359	23.718	1.808	0.361	1.758	267.605	382.359	23.734	264	379	21	8	8	6
440	12.511	48.304	76	64	933144	12278.211	2075.848	11968.500	9623	18297	663.974	383.487	22.618	1.235	0.334	1.194	663.997	383.516	22.615	662	380	21	6	8	4
441	43.952	113.881	267	167	4816077	18037.742	6676.144	16204.000	9647	39700	466.184	411.232	23.011	2.046	0.514	2.110	466.137	411.546	23.060	463	405	21	8	13	6
442	37.367	90.607	227	139	3704222	16318.158	5591.955	14903.000	9612	33496	443.141	413.092	22.881	1.930	0.341	1.979	443.090	413.182	22.856	438	410	21	12	8	5
443	15.474	53.440	94	72	1244954	13244.191	2611.895	12750.500	9562	19210	825.734	412.798	23.074	1.335	0.267	1.295	825.751	412.822	23.068	822	410	21	8	7	5
444	19.754	58.199	120	84	1734544	14454.533	3340.568	13687.000	9563	23020	585.500	421.342	23.375	1.530	0.336	1.533	585.437	421.340	23.372	582	418	21	8	7	5
445	41.318	91.986	251	151	4814302	19180.486	6812.422	18053.000	9662	36083	659.243	418.375	23.833	1.987	0.346	2.013	659.355	418.439	23.860	653	415	21	13	8	6
446	38.684	90.196	235	143	5957152	25349.582	12626.290	22632.000	9564	57691	499.523	425.200	23.460	2.084	0.519	2.134	499.539	425.170	23.400	495	423	21	11	6	7
447	17.778	54.200	108	76	1681976	15573.852	4048.307	14782.500	9650	27132	618.602	430.148	23.509	1.498	0.306	1.511	618.600	430.135	23.534	616	427	21	6	7	6
448	21.894	67.545	133	89	3321833	24976.188	14769.928	20187.000	9672	65535	404.729	431.774	24.398	1.875	0.681	1.781	404.742	431.751	24.519	402	430	21	7	5	8
449	19.754	58.302	120	81	1794234	14951.950	4390.457	13529.000	9637	29640	457.283	440.158	23.133	1.548	0.335	1.472	457.303	440.133	23.117	454	437	21	7	7	5
450	19.589	58.784	119	91	1617349	13591.168	2663.653	13245.000	9568	20235	777.697	439.227	23.076	1.455	0.330	1.456	777.700	439.229	23.085	774	435	21	8	9	5
451	21.235	62.786	129	85	2919760	22633.799	10590.535	19435.000	9606	52693	388.465	439.690	23.868	1.817	0.673	1.665	388.464	439.672	23.944	385	437	21	7	6	7
452	16.297	49.890	99	70	1519649	15349.990	4216.176	14415.000	9613	29171	282.303	444.808	22.384	1.446	0.278	1.424	282.278	444.882	22.359	280	442	21	6	7	5
453	22.717	60.785	138	90	2538918	18397.957	6445.803	16547.000	9563	34947	455.333	462.739	23.109	1.704	0.396	1.697	455.361	462.735	23.112	452	460	21	7	7	6
454	16.297	51.924	99	73	1440694	14552.465	3815.658	13745.000	9588	24706	361.455	466.303	23.121	1.478	0.414	1.425	361.407	466.356	23.142	358	464	21	8	5	5
455	17.614	54.407	107	72	1909922	17849.738	6619.357	15602.000	9645	38513	461.234	467.224	22.860	1.575	0.403	1.518	461.258	467.219	22.847	459	464	21	6	7	5
456	14.651	45.235	89	67	1239973	13932.281	3027.115	13451.000	9574	21613	425.596	471.461	22.303	1.355	0.274	1.286	425.569	471.459	22.284	423	469	21	6	6	4
457	43.294	96.470	263	144	6072249	23088.398	11099.306	20756.000	9593	54638	477.441	478.597	24.449	2.111	0.432	2.055	477.458	478.464	24.399	473	475	21	9	8	7
458	17.943	52.580	109	78	2002821	18374.504	6767.861	16384.000	9701	37045	238.404	483.239	23.128	1.606	0.470	1.482	238.392	483.276	23.141	236	481	21	6	5	6
459	6.914	36.652	42	39	823453	19606.023	8914.257	16433.000	9596	46756	236.643	488.857	23.738	1.336	0.585	1.266	236.555	488.907	23.753	235	487	21	4	5	6
460	12.840	39.684	78	65	1194632	15315.795	3859.018	14426.000	9780	24000	252.936	504.795	21.974	1.257	0.265	1.268	252.956	504.785	21.958	249	503	21	8	5	4
461	40.660	95.951	247	147	4350615	17613.826	6110.466	16682.000	9571	35647	555.312	508.559	23.105	1.995	0.408	2.052	555.311	508.660	23.150	551	503	21	9	12	6
462	1.975	16.240	12	12	134207	11183.917	1127.708	11003.500	9683	13150	298.083	520.750	22.167	0.852	0.252	0.910	298.099	520.755	22.160	297	518	21	4	5	3
463	63.706	123.568	387	208	7981020	20622.791	8691.251	18560.000	9576	45034	416.034	545.289	23.589	2.341	0.425	2.363	416.095	545.402	23.608	412	540	21	9	12	7
464	20.248	59.303	123	85	2045974	16633.936	5295.513	15326.000	9621	29850	315.146	560.951	22.902	1.630	0.392	1.565	315.234	560.996	22.909	312	559	21	8	6	5
465	42.964	95.229	261	144	5121584	19622.928	7764.985	17628.000	9666	40634	519.199	568.199	23.402	2.092	0.401	2.050	519.154	568.240	23.398	515	564	21	9	9	6
466	14.321	46.165	87	70	1202639	13823.437	3220.762	13290.000	9601	25667	397.471	566.460	23.000	1.281	0.230	1.210	397.434	566.599	23.001	395	563	21	6	7	5
467	22.717	60.578	138	91	2365064	17138.145	5521.405	16198.500	9579	33288	394.841	576.725	23.239	1.618	0.300	1.590	394.854	576.658	23.253	391	574	21	8	6	5
468	9.054	32.616	55	47	762305	13860.091	2782.589	13486.000	9619	19767	302.200	579.127	21.982	1.111	0.231	1.094	302.156	579.116	21.962	300	577	21	6	5	4
469	12.017	46.028	73	58	945944	12958.137	2581.505	12218.000	9589	20684	414.562	594.370	22.274	1.308	0.331	1.284	414.515	594.451	22.289	412	590	21	6	8	4
470	38.849	88.365	236	151	3750625	15892.479	4343.819	15331.500	9578	27812	965.229	81.784	24.381	1.876	0.297	1.859	965.167	81.835	24.361	961	77	22	9	10	5
471	1.646	13.067	10	10	111517	11151.700	1060.185	11012.000	9990	13525	719.400	152.900	22.400	0.740	0.285	0.685	719.360	152.957	22.402	718	151	22	5	4	2
472	33.417	83.403	203	127	4177317	20577.916	8133.929	17960.000	9601	41065	766.296	167.645	24.182	1.886	0.350	1.892	766.279	167.707	24.163	763	163	22	8	10	6
473	14.815	49.167	90	67	1662134	18468.156	7881.518	16565.500	9705	40435	940.467	174.278	24.700	1.524	0.453	1.459	940.402	174.193	24.649	938	172	22	6	6	6
474	20.412	58.095	124	85	1802028	14532.483	3609.698	14116.500	9593	25499	970.847	212.766	24.524	1.520	0.251	1.496	970.838	212.767	24.538	968	209	22	7	8	5
475	2.305	14.309	14	14	160482	11463.000	1339.680	11280.000	9694	13758	812.714	220.357	22.857	0.760	0.326	0.855	812.700	220.384	22.824	812	219	22	3	4	3
476	6.749	29.203	41	38	468462	11425.902	1505.325	11378.000	9571	14463	666.951	227.439	23.610	1.014	0.336	0.949	666.959	227.416	23.633	665	225	22	4	6	4
477	24.692	70.128	150	100	2334070	15560.467	4568.703	14964.000	9630	28100	790.060	247.807	24.173	1.641	0.327	1.642	790.046	247.805	24.186	786	245	22	9	7	5
478	18.272	53.751	111	79	1709033	15396.693	4208.427	14842.000	9610	26695	802.847	252.117	23.766	1.486	0.340	1.458	802.821	252.088	23.746	799	250	22	8	5	5
479	8.725	38.409	53	47	663999	12528.283	2239.275	11848.000	9605	18311	753.792	255.868	23.830	1.167	0.365	1.168	753.808	255.875	23.841	751	253	22	8	6	4
480	8.725	37.649	53	51	589166	11116.340	1114.777	10923.000	9568	13963	622.736	260.170	23.491	1.009	0.286	1.030	622.732	260.202	23.487	620	257	22	6	7	4
481	32.429	79.471	197	122	3137062	15924.173	4973.534	14700.000	9586	28952	645.005	263.655	23.995	1.795	0.276	1.770	645.004	263.580	24.018	641	260	22	9	8	5
482	7.901	39.098	48	47	542835	11309.062	1122.008	11351.000	9615	14225	596.312	264.833	23.542	1.028	0.295	1.040	596.316	264.831	23.540	593	263	22	7	5	4
483	17.449	57.061	106	78	1477039	13934.330	3469.127	12971.000	9653	25731	945.019	269.585	23.519	1.444	0.274	1.499	945.010	269.483	23.510	942	266	22	6	9	4
484	22.717	63.302	138	92	2447395	17734.746	6024.912	16553.000	9693	34474	565.797	272.957	23.884	1.620	0.326	1.567	565.817	272.910	23.889	563	270	22	8	7	5
485	16.461	50.131	100	72	1442749	14427.490	3721.952	13286.500	9630	25322	624.170	273.400	23.490	1.418	0.273	1.490	624.160	273.300	23.497	622	270	22	6	8	4
486	11.852	46.821	72	59	911409	12658.458	2105.813	12285.500	9606	18430	645.597	281.889	23.806	1.228	0.296	1.224	645.598	281.878	23.806	643	279	22	7	7	5
487	25.186	68.231	153	108	1997120	13053.072	2728.016	12635.000	9589	19523	647.810	296.431	23.588	1.608	0.293	1.622	647.843	296.416	23.583	643	292	22	9	9	4
488	34.569	81.954	210	125	3869642	18426.867	6784.740	16605.000	9566	36902	837.300	310.062	24.448	1.911	0.399	1.834	837.231	310.135	24.455	834	306	22	8	9	6
489	11.852	51.717	72	63	835160	11599.444	1674.372	10926.000	9587	15410	423.431	319.208	23.417	1.209	0.328	1.207	423.449	319.223	23.427	421	316	22	7	8	4
490	20.412	59.095	124	90	1841486	14850.693	4228.021	13632.000	9688	27213	732.355	321.613	24.105	1.563	0.389	1.546	732.437	321.618	24.107	728	319	22	9	6	5
491	7.572	30.444	46	36	634763	13799.195	3063.676	13377.500	9770	22487	592.283	321.500	23.543	1.149	0.332	1.006	592.357	321.488	23.542	590	319	22	5	5	4
492	44.117	99.331	268	152	4810995	17951.475	6597.629	16553.000	9564	35664	617.985	323.369	24.959	2.054	0.333	2.042	618.061	323.607	24.949	613	319	22	10	10	6
493	2.798	19.549	17	17	180432	10613.647	582.689	10668.000	9687	12164	549.118	330.294	22.588	0.863	0.196	0.889	549.116	330.309	22.586	547	328	22	5	5	2
494	2.305	14.653	14	13	184409	13172.071	3109.051	12249.000	9782	19648	703.071	329.214	23.357	0.761	0.318	0.649	703.096	329.227	23.369	702	328	22	3	3	4
495	34.734	85.749	211	129	4582739	21719.143	9919.521	18965.000	9581	46263	413.123	329.995	25.033	1.984	0.476	2.040	413.161	329.992	25.014	410	326	22	7	9	7
496	13.828	47.614	84	66	1196504	14244.096	3581.170	13239.000	9918	24401	940.024	337.595	23.726	1.325	0.292	1.297	940.032	337.522	23.733	937	335	22	7	6	4
497	40.495	91.471	246	141	4842778	19686.090	7396.234	18247.500	9619	40903	714.256	340.398	24.472	2.048	0.414	2.005	714.320	340.422	24.504	711	336	22	8	9	6
498	27.655	68.405	168	105	3194960	19017.619	6994.135	17049.000	9689	38319	459.851	339.738	24.887	1.805	0.392	1.862	459.880	339.720	24.859	457	336	22	7	8	6
499	46.915	102.159	285	161	6012046	21094.898	9063.849	19115.000	9605	45617	446.218	352.032	24.607	2.136	0.396	2.098	446.326	351.949	24.646	442	348	22	10	9	6
500	17.943	53.648	109	76	1628442	14939.835	4297.210	13887.000	9617	26686	524.303	360.055	23.798	1.468	0.272	1.413	524.378	360.107	23.809	521	357	22	7	7	5
501	11.852	44.546	72	56	970538	13479.694	2750.990	13103.000	9569	20252	886.903	368.292	23.847	1.261	0.306	1.225	886.931	368.267	23.869	884	366	22	6	6	5
502	3.128	21.928	19	18	213112	11216.421	1574.525	10812.000	9562	14508	557.789	374.947	23.105	0.819	0.295	0.897	557.781	374.965	23.131	556	373	22	5	5	3
503	5.926	31.823	36	36	406896	11302.667	1472.368	11115.000	9625	14764	624.278	382.389	23.278	0.938	0.267	0.952	624.291	382.445	23.280	622	380	22	5	6	3
504	41.154	91.367	250	141	5836190	23344.760	11358.494	20932.500	9631	54038	731.888	384.488	24.396	2.047	0.389	2.010	731.870	384.496	24.404	728	380	22	9	9	6
505	18.766	56.890	114	77	2596834	22779.246	10598.561	20006.500	9565	50588	595.675	387.307	24.912	1.641	0.503	1.478	595.705	387.318	24.841	593	385	22	6	6	7
506	11.029	39.098	67	54	845444	12618.567	2316.668	12048.000	9570	18718	498.896	391.224	23.194	1.195	0.243	1.194	498.892	391.253	23.206	497	389	22	6	6	4
507	9.218	34.306	56	43	787747	14066.911	3362.044	13959.000	9755	23818	661.054	393.089	23.500	1.237	0.316	1.082	661.077	393.136	23.481	659	391	22	5	5	4
508	31.935	80.645	194	115	4399876	22679.773	12120.535	18200.500	9590	61370	423.407	401.876	24.474	1.966	0.475	1.936	423.306	401.886	24.494	420	399	22	9	7	6
509	28.807	78.163	175	114	3318657	18963.754	7102.114	17933.000	9725	37476	241.611	404.520	24.457	1.841	0.448	1.823	241.659	404.511	24.451	239	400	22	6	10	6
510	12.017	42.374	73	59	1033556	14158.302	3363.705	13681.000	9574	22572	584.973	404.534	23.795	1.311	0.353	1.300	584.913	404.522	23.791	582	403	22	7	4	5
511	20.248	60.303	123	80	2617387	21279.568	9444.333	19248.000	9670	47554	703.618	407.122	24.106	1.700	0.500	1.587	703.667	407.199	24.139	701	404	22	7	7	6
512	22.717	61.923	138	91	2314720	16773.334	5770.286	14979.500	9653	30959	672.174	411.529	24.014	1.675	0.375	1.634	672.154	411.511	24.034	669	409	22	8	6	5
513	40.824	102.744	248	147	4205823	16958.963	5959.356	15530.000	9574	35943	256.657	416.298	24.532	2.003	0.399	2.015	256.786	416.149	24.570	252	411	22	10	11	6
514	22.388	60.785	136	87	2165157	15920.272	4605.856	16124.000	9583	25501	684.184	417.294	24.081	1.666	0.350	1.650	684.189	417.260	24.068	681	415	22	8	6	5
515	19.095	58.751	116	83	1782646	15367.638	4601.573	14414.500	9599	26500	517.052	431.862	24.276	1.538	0.350	1.529	516.998	431.952	24.286	514	429	22	8	7	6
516	11.029	40.202	67	51	1261159	18823.270	8417.296	15543.000	9672	40513	490.119	432.433	23.806	1.395	0.466	1.314	490.122	432.452	23.835	488	430	22	5	6	5
517	39.178	101.573	238	142	4030069	16933.062	5384.688	16184.000	9564	31255	599.252	441.639	24.458	2.035	0.472	2.007	599.257	441.755	24.449	596	436	22	8	11	6
518	3.951	20.101	24	23	321984	13416.000	2792.695	12669.000	9671	20256	285.917	454.917	23.625	0.901	0.352	0.748	285.940	454.921	23.579	284	454	22	4	3	4
519	3.951	20.894	24	22	363591	15149.625	4648.398	14803.500	9577	27336	271.125	461.792	23.250	0.930	0.391	0.861	271.138	461.762	23.279	270	460	22	3	4	4
520	14.815	49.856	90	65	1402453	15582.812	4455.014	14559.000	9823	27438	358.889	461.211	24.400	1.475	0.437	1.501	358.959	461.252	24.394	356	459	22	6	5	6
521	39.672	92.264	241	139	5236258	21727.211	10375.879	18412.000	9569	51807	424.261	501.817	24.419	2.063	0.447	2.078	424.403	501.881	24.437	421	497	22	8	10	6
522	19.260	55.408	117	78	2307661	19723.598	7865.333	17993.000	9564	40638	359.342	502.231	24.359	1.705	0.543	1.691	359.259	502.211	24.369	357	500	22	6	5	6
523	43.294	94.710	263	151	5020473	19089.250	6998.071	17789.000	9583	39500	395.167	534.278	24.137	2.007	0.261	1.998	395.244	534.245	24.143	391	530	22	10	10	6
524	14.486	53.440	88	72	1105175	12558.807	2445.429	11597.500	9633	18236	388.114	561.955	23.591	1.271	0.282	1.336	388.137	561.960	23.582	385	559	22	7	8	4
525	16.626	49.441	101	71	1552981	15376.050	4415.260	14330.000	9580	27293	461.218	580.525	23.465	1.464	0.281	1.485	461.181	580.447	23.443	458	578	22	7	6	5
526	6.255	29.203	38	36	453168	11925.474	1584.492	11428.000	9747	15751	824.158	105.026	24.237	1.008	0.364	0.955	824.146	105.022	24.266	823	102	23	4	7	4
527	25.351	80.472	154	117	2189065	14214.708	4214.018	13085.000	9600	26514	961.506	157.974	24.994	1.655	0.487	1.684	961.508	158.295	24.959	958	154	23	9	9	5
528	14.651	44.442	89	65	1166339	13104.933	2461.985	12684.000	9567	20292	936.056	181.022	24.449	1.365	0.275	1.397	936.104	180.981	24.456	933	179	23	7	5	4
529	4.280	23.273	26	25	312942	12036.230	2107.147	11259.500	9628	16823	715.962	207.385	24.000	0.906	0.315	0.989	715.963	207.374	24.016	714	206	23	5	4	3
530	9.548	39.098	58	51	729653	12580.225	2361.570	12255.000	9576	19112	710.172	222.103	24.224	1.103	0.285	1.135	710.126	222.050	24.210	708	219	23	6	6	4
531	2.634	19.308	16	16	176841	11052.562	1164.153	10766.500	9615	13280	673.312	224.812	23.625	0.758	0.237	0.738	673.330	224.810	23.634	672	223	23	4	4	3
532	4.115	22.377	25	23	280539	11221.560	1454.596	10594.000	9705	14740	994.000	224.520	24.120	0.870	0.244	0.868	993.983	224.516	24.111	992	223	23	5	4	3
533	5.761	29.099	35	34	380429	10869.400	1181.730	10461.000	9604	14322	992.229	232.000	23.543	0.921	0.259	0.947	992.269	232.001	23.546	989	230	23	6	5	3
534	2.305	15.687	14	14	152462	10890.143	830.513	10753.000	9730	12333	667.214	241.500	24.071	0.689	0.300	0.669	667.195	241.504	24.077	666	240	23	4	5	3
535	1.646	12.723	10	10	113110	11311.000	949.955	11135.500	9944	12698	944.000	245.600	23.300	0.637	0.193	0.638	944.032	245.595	23.303	942	245	23	4	3	2
536	5.761	28.514	35	31	401486	11471.028	1521.647	11056.000	9614	16123	929.143	246.800	24.457	0.997	0.346	0.890	929.133	246.848	24.458	927	245	23	5	5	4
537	9.218	35.477	56	49	660965	11802.946	1651.497	11631.000	9578	16411	629.214	249.339	24.036	1.097	0.250	1.119	629.248	249.386	24.051	627	247	23	6	5	3
538	19.589	56.716	119	87	1871404	15726.084	4889.557	14176.000	9626	27631	969.513	263.345	25.445	1.514	0.301	1.523	969.462	263.288	25.432	967	260	23	7	7	5
539	7.901	31.271	48	42	549360	11445.000	1420.601	11330.000	9582	14830	821.438	316.354	24.167	1.040	0.236	1.063	821.437	316.341	24.170	819	314	23	6	6	3
540	23.869	68.990	145	95	2204183	15201.262	4890.403	13957.000	9566	31850	449.469	318.490	25.083	1.612	0.328	1.582	449.628	318.506	25.075	445	315	23	9	8	5
541	2.963	15.446	18	17	221038	12279.889	2712.665	10835.500	9617	17349	714.833	328.056	23.778	0.785	0.266	0.820	714.856	328.053	23.764	714	327	23	3	3	3
542	22.717	63.268	138	91	2660041	19275.660	7015.798	16919.500	9626	36174	468.681	337.036	25.283	1.743	0.490	1.710	468.644	337.086	25.263	465	334	23	8	6	6
543	11.358	41.270	69	56	939772	13619.884	2929.974	12612.000	9731	23050	429.478	349.304	24.377	1.209	0.326	1.195	429.419	349.414	24.364	427	346	23	7	7	4
544	12.181	44.994	74	60	954736	12901.838	2480.465	12620.000	9573	18902	769.568	351.649	25.162	1.283	0.326	1.267	769.549	351.704	25.154	767	349	23	6	7	5
545	11.358	38.168	69	53	1053560	15268.985	4110.801	14714.000	9650	25495	783.290	351.536	25.058	1.274	0.353	1.215	783.230	351.544	25.049	781	350	23	6	4	5
546	23.540	67.026	143	92	2621162	18329.805	6640.771	16916.000	9638	35717	870.385	371.580	25.720	1.712	0.422	1.670	870.388	371.572	25.769	867	369	23	8	6	6
547	4.774	23.652	29	28	333221	11490.379	1359.666	11019.000	9583	13953	802.793	385.241	24.379	0.834	0.212	0.812	802.816	385.252	24.356	801	383	23	5	6	3
548	24.198	68.509	147	98	2342555	15935.748	4168.635	15525.000	9589	27751	629.306	387.435	25.565	1.666	0.346	1.639	629.196	387.419	25.583	625	384	23	9	7	6
549	40.989	89.366	249	150	4021155	16149.217	4605.614	15415.000	9713	28777	726.438	393.522	25.020	1.959	0.302	2.005	726.501	393.460	25.053	722	390	23	10	8	5
550	9.548	36.685	58	48	777828	13410.827	2894.581	12336.000	9802	20699	612.345	400.224	24.466	1.249	0.341	1.363	612.366	400.217	24.472	609	399	23	7	4	4
551	16.626	49.545	101	71	1466255	14517.376	3600.560	13554.000	9631	25011	795.960	427.901	24.772	1.463	0.327	1.447	795.957	427.896	24.770	794	425	23	6	7	5
552	8.560	47.166	52	51	588280	11313.077	1525.397	11109.000	9587	15663	248.077	434.385	23.750	1.189	0.364	1.198	247.982	434.482	23.731	245	431	23	8	7	3
553	14.815	45.924	90	66	1175604	13062.267	2350.094	12660.000	9609	19316	502.544	450.567	24.856	1.360	0.300	1.290	502.532	450.598	24.830	500	448	23	6	6	5
554	11.523	58.717	70	67	859159	12273.700	2103.875	11672.000	9572	18348	554.357	460.657	25.357	1.423	0.538	1.442	554.316	460.686	25.362	550	458	23	11	5	5
555	6.749	39.065	41	40	535144	13052.293	3211.383	12176.000	9765	22976	299.000	472.073	24.780	1.165	0.340	1.196	299.059	472.163	24.768	297	469	23	5	7	4
556	2.963	17.136	18	17	269181	14954.500	4180.841	14439.500	9843	24335	288.222	477.833	24.056	0.908	0.377	1.015	288.262	477.776	24.043	287	477	23	3	3	4
557	21.400	61.716	130	86	2070093	15923.792	4526.288	15257.500	9598	28467	569.731	486.000	25.223	1.579	0.290	1.535	569.740	485.956	25.198	566	483	23	8	7	5
558	39.672	93.505	241	141	3962446	16441.686	4777.326	16420.000	9591	31448	332.319	489.444	25.531	1.984	0.358	1.937	332.284	489.503	25.526	328	486	23	10	8	6
559	52.841	106.502	321	173	6969626	21712.230	8876.395	20085.000	9564	44055	498.184	507.760	25.589	2.219	0.362	2.217	498.081	507.716	25.549	494	503	23	9	10	6
560	23.046	64.854	140	93	2669750	19069.643	7732.051	16681.500	9719	39574	278.807	533.764	25.286	1.762	0.529	1.718	278.834	533.687	25.270	276	531	23	6	7	6
561	6.091	33.858	37	33	412586	11150.973	1419.898	10683.000	9662	15084	377.919	532.730	23.919	0.994	0.278	1.031	377.952	532.685	23.921	376	530	23	5	6	3
562	9.218	43.753	56	49	651813	11639.518	1665.904	11213.000	9577	15898	316.536	627.214	24.304	1.193	0.384	1.213	316.597	627.188	24.325	313	623	23	7	8	4
563	48.561	111.087	295	178	4563659	15470.030	4485.425	14272.000	9565	27949	335.136	644.681	25.014	2.059	0.305	2.072	335.206	644.503	25.034	329	640	23	11	11	6
564	16.955	53.648	103	79	1382071	13418.165	3070.687	12990.000	9728	21220	869.291	350.854	25.350	1.448	0.338	1.485	869.228	350.943	25.347	866	348	24	8	7	4
565	29.960	76.369	182	115	3366752	18498.637	6612.457	16679.000	9841	37669	836.923	358.280	26.148	1.836	0.383	1.881	836.922	358.311	26.179	833	355	24	10	7	6
566	10.206	44.201	62	53	715292	11536.968	1384.671	11288.000	9583	15124	357.323	668.323	25.387	1.196	0.321	1.179	357.335	668.357	25.388	355	666	24	6	6	4
567	18.272	54.578	111	86	1487232	13398.486	2681.055	13072.000	9583	21668	825.982	373.459	26.216	1.413	0.277	1.393	825.975	373.476	26.219	823	370	25	7	8	4
568	12.511	46.510	76	72	859534	11309.658	1133.856	11245.500	9574	14008	833.145	381.026	26.382	1.156	0.355	1.146	833.092	381.027	26.390	830	378	25	8	7	4
569	2.963	20.446	18	18	194356	10797.556	983.812	10787.500	9591	13407	325.944	676.833	25.667	0.805	0.277	0.764	325.927	676.889	25.676	325	674	25	3	6	3
