 	Volume (micron^3)	Surface (micron^2)	Nb of obj. voxels	Nb of surf. voxels	IntDen	Mean	StdDev	Median	Min	Max	X	Y	Z	Mean dist. to surf. (micron)	SD dist. to surf. (micron)	Median dist. to surf. (micron)	XM	YM	ZM	BX	BY	BZ	B-width	B-height	B-depth
1	68.315	158.423	415	270	14711858	35450.262	18477.744	29012.000	12628	65535	99.311	481.039	3.605	2.378	0.622	2.504	99.247	480.775	3.635	94	474	1	13	15	6
2	40.989	90.745	249	151	8733122	35072.777	18352.234	31111.000	12555	65535	294.626	639.422	3.145	1.944	0.279	1.953	294.652	639.299	3.168	290	635	1	10	10	5
3	59.590	121.393	362	224	11890339	32846.242	16562.432	29621.000	12550	65535	303.017	725.251	3.182	2.138	0.312	2.143	302.954	725.016	3.199	297	720	1	13	11	5
4	20.577	56.509	125	92	3877273	31018.184	15103.668	25774.000	12548	65535	298.984	778.944	3.288	1.496	0.284	1.502	298.886	779.054	3.279	295	776	1	9	7	5
5	52.018	147.769	316	263	6840355	21646.693	8942.572	18838.000	12588	55633	602.253	416.930	5.500	2.811	1.031	2.800	602.944	416.470	5.203	592	411	2	19	14	7
6	46.257	112.432	281	189	9214626	32792.262	15678.301	29524.000	12625	65535	497.890	436.192	5.093	2.227	0.688	2.258	498.242	435.958	5.219	492	433	2	13	9	7
7	30.618	84.089	186	144	4953672	26632.645	10532.271	24914.000	12545	50969	526.710	442.032	3.704	1.728	0.475	1.665	526.698	442.171	3.688	521	437	2	12	11	4
8	28.972	79.816	176	124	5943560	33770.227	16787.391	31506.500	12602	65535	710.392	449.080	3.841	1.726	0.378	1.764	710.258	449.210	3.858	706	445	2	10	10	5
9	21.894	62.783	133	101	3443884	25893.865	11841.430	23767.000	12559	58128	484.729	465.286	3.774	1.551	0.382	1.537	484.668	465.478	3.715	482	461	2	8	10	4
10	50.866	113.463	309	210	8617439	27888.152	13688.266	23158.000	12548	65535	291.883	474.223	3.327	2.095	0.577	2.020	292.007	474.509	3.318	286	467	2	11	16	4
11	51.689	99.947	314	204	9844506	31351.930	14805.295	26822.000	12612	65535	52.478	472.443	3.618	2.008	0.323	1.984	52.561	472.319	3.638	47	468	2	12	10	5
12	30.289	79.504	184	133	5675484	30845.021	15019.738	27508.000	12621	65535	539.152	469.424	4.005	1.699	0.436	1.711	539.091	469.545	3.997	535	464	2	9	11	5
13	25.680	70.848	156	142	3298730	21145.705	6089.535	20798.500	12589	39467	591.526	470.776	3.660	1.516	0.466	1.587	591.435	470.737	3.631	588	466	2	9	12	4
14	30.618	75.643	186	128	5691388	30598.859	14761.980	26677.500	12743	65535	443.968	485.790	3.677	1.702	0.266	1.696	443.854	485.882	3.695	440	482	2	10	9	4
15	40.001	93.224	243	180	6572291	27046.465	10112.493	26998.000	12729	55641	112.354	493.181	3.152	1.817	0.429	1.816	112.453	493.168	3.221	107	488	2	12	11	4
16	15.474	48.889	94	78	2724798	28987.213	13173.565	25057.000	12804	57416	6.170	506.989	3.340	1.415	0.388	1.438	6.091	507.090	3.342	5	503	2	5	10	4
17	8.560	28.788	52	50	1047595	20146.059	4297.917	19724.000	13546	31986	72.981	504.596	3.423	0.971	0.238	0.962	72.971	504.653	3.401	71	502	2	5	6	3
18	36.215	93.017	220	180	5189602	23589.100	7945.595	22929.500	12700	45142	325.809	516.436	3.200	1.761	0.542	1.736	325.899	516.614	3.270	321	510	2	11	14	3
19	23.704	69.469	144	136	3026005	21013.924	5982.384	20217.000	12637	37003	187.111	522.264	3.375	1.496	0.469	1.519	187.169	522.439	3.373	184	516	2	8	13	3
20	31.771	82.155	193	188	4548104	23565.307	5663.812	23583.000	12569	40128	587.207	525.492	3.523	1.828	0.678	1.822	587.101	525.401	3.522	580	522	2	15	8	4
21	36.215	93.880	220	167	5568652	25312.055	10014.205	24382.000	12579	50899	200.282	532.823	3.468	1.814	0.479	1.795	200.202	532.756	3.478	196	527	2	9	13	4
22	27.161	71.989	165	117	4662238	28255.988	14139.680	23702.000	12543	65535	76.309	531.830	3.388	1.678	0.349	1.672	76.257	531.706	3.393	72	528	2	10	9	4
23	39.014	86.431	237	180	6287173	26528.156	10181.604	25976.000	12563	59840	51.814	534.979	3.907	1.777	0.414	1.788	52.021	534.906	3.873	47	529	2	11	12	4
24	67.327	175.938	409	294	11554196	28249.867	12487.613	24590.000	12551	65535	35.460	542.929	3.416	2.710	0.873	2.708	35.497	542.868	3.408	28	534	2	15	21	4
25	17.778	55.886	108	100	2355932	21814.186	5571.169	22076.500	12618	36952	100.648	539.370	3.380	1.321	0.407	1.309	100.705	539.394	3.400	97	535	2	9	10	3
26	37.532	86.813	228	156	6302277	27641.566	12096.350	24301.500	12689	56225	332.768	540.443	3.509	1.847	0.368	1.812	332.619	540.380	3.498	327	536	2	13	9	4
27	12.181	42.407	74	60	1911645	25833.041	10303.055	23680.000	12737	49461	378.365	551.689	3.338	1.220	0.262	1.236	378.400	551.689	3.402	375	549	2	8	6	4
28	32.264	79.675	196	154	5516016	28142.939	11285.257	26875.500	12575	59758	720.770	554.643	4.163	1.693	0.404	1.683	720.696	554.653	4.184	717	549	2	9	13	5
29	51.853	120.978	315	224	9201974	29212.615	15485.936	23531.000	12584	65535	308.340	564.670	3.505	2.114	0.522	2.080	308.417	564.303	3.523	303	558	2	12	16	4
30	41.154	97.571	250	171	8696258	34785.031	17542.334	30596.000	12571	65535	615.684	558.712	4.296	1.914	0.375	1.917	615.739	558.915	4.292	611	553	2	12	10	6
31	29.795	78.608	181	136	4998375	27615.332	13005.088	24365.000	12752	65535	8.718	565.431	3.204	1.704	0.422	1.697	8.679	565.796	3.203	6	559	2	8	13	4
32	54.487	136.287	331	234	9587927	28966.547	14743.047	25416.000	12543	65535	78.861	576.133	4.024	2.428	0.821	2.528	79.758	576.529	4.011	69	570	2	17	14	5
33	35.063	81.777	213	176	4801797	22543.648	7732.025	20381.000	12736	48186	246.258	581.601	3.192	1.719	0.415	1.720	246.190	581.709	3.216	241	577	2	12	10	3
34	22.717	65.403	138	107	3364320	24379.131	8230.621	25182.000	12620	40907	289.080	580.638	3.377	1.493	0.328	1.512	289.155	580.718	3.405	285	577	2	9	8	4
35	20.906	55.645	127	97	3333178	26245.496	10182.521	22433.000	12601	51368	786.732	579.606	3.913	1.428	0.245	1.437	786.687	579.619	3.862	783	576	2	8	8	4
36	34.898	93.743	212	163	5498977	25938.570	11181.922	23022.500	12564	56101	584.566	586.462	3.750	1.951	0.643	1.923	584.759	586.567	3.710	576	583	2	15	9	4
37	13.992	46.544	85	72	1679824	19762.635	5566.814	18757.000	12719	34245	321.918	592.365	3.165	1.243	0.260	1.263	321.934	592.328	3.176	319	589	2	7	8	3
38	31.771	80.398	193	153	4140709	21454.451	7391.774	19367.000	12563	48164	230.585	596.446	3.078	1.701	0.449	1.697	230.456	596.407	3.093	227	590	2	10	13	3
39	37.038	81.365	225	150	6689489	29731.062	14668.697	24894.000	12565	65535	816.036	595.747	3.689	1.792	0.285	1.803	816.117	595.856	3.689	812	590	2	9	11	4
40	25.021	62.646	152	104	5625465	37009.637	18872.701	32865.500	12611	65535	672.671	601.882	3.592	1.627	0.253	1.658	672.738	601.878	3.629	670	598	2	7	9	4
41	24.692	76.814	150	139	3452344	23015.627	6868.353	22637.000	12615	39426	543.213	618.527	3.413	1.893	0.822	1.752	543.338	618.544	3.428	535	615	2	17	8	4
42	17.284	49.371	105	83	2753604	26224.801	11648.839	23579.000	12672	62809	754.657	615.895	3.924	1.335	0.214	1.323	754.604	615.906	3.876	751	612	2	8	8	4
43	8.725	32.994	53	52	976857	18431.264	3722.042	17405.000	12737	29091	372.245	619.245	3.434	1.035	0.297	1.044	372.150	619.387	3.410	370	616	2	6	7	3
44	8.889	34.581	54	50	1098151	20336.129	6195.241	19260.000	12567	39491	377.370	625.796	3.333	1.076	0.300	1.035	377.450	625.659	3.352	374	622	2	7	8	3
45	35.227	105.880	214	165	6029330	28174.439	13372.690	25584.000	12608	65535	570.103	627.332	3.701	2.217	0.804	2.078	569.874	627.333	3.697	562	623	2	18	9	4
46	33.417	85.812	203	159	4969573	24480.654	8945.631	23725.000	12542	46888	360.369	630.808	3.369	1.720	0.394	1.707	360.229	630.924	3.397	356	627	2	12	9	4
47	29.631	75.506	180	130	5901195	32784.418	16407.883	29484.500	12564	65535	404.067	645.939	3.833	1.744	0.426	1.773	403.872	645.954	3.851	399	643	2	12	7	5
48	24.198	68.816	147	112	3994935	27176.428	11230.443	24096.000	12621	52570	385.150	651.776	3.789	1.508	0.302	1.526	385.043	651.722	3.758	381	648	2	10	9	4
49	32.264	70.988	196	132	6952906	35474.012	17885.598	28147.500	12542	65535	370.740	654.474	3.628	1.728	0.235	1.719	370.803	654.509	3.621	367	651	2	9	8	4
50	35.557	87.639	216	164	5512709	25521.801	10168.315	23740.500	12658	56400	331.954	657.268	3.176	1.810	0.514	1.769	332.066	657.173	3.204	326	653	2	14	10	4
51	66.010	167.455	401	284	10693125	26666.146	11794.190	22836.000	12548	59093	135.601	655.125	6.509	3.055	1.053	3.291	135.716	655.323	6.474	130	646	2	12	15	9
52	37.203	88.640	226	161	6676483	29541.961	13954.785	25518.000	12640	65535	762.615	658.509	3.735	1.838	0.483	1.849	762.450	658.645	3.732	758	655	2	12	9	4
53	37.697	86.572	229	151	8012235	34987.926	17688.350	29628.000	12621	65535	576.096	661.965	3.646	1.872	0.358	1.816	576.016	662.005	3.683	571	658	2	13	9	4
54	25.844	70.436	157	123	4025121	25637.713	9810.619	24908.000	12646	49205	635.611	661.783	3.484	1.548	0.270	1.573	635.647	661.681	3.489	632	658	2	9	9	4
55	5.761	27.995	35	33	580530	16586.572	4045.690	15391.000	12613	27931	66.857	671.629	3.143	0.943	0.302	0.996	66.881	671.598	3.119	64	669	2	6	7	3
56	36.544	86.813	222	162	6133524	27628.486	11264.250	25159.500	12564	60044	175.806	679.667	3.297	1.835	0.484	1.788	175.849	679.725	3.300	171	674	2	9	13	4
57	17.284	54.956	105	84	2091153	19915.742	6576.674	18347.000	12542	39992	53.543	682.133	2.981	1.393	0.318	1.332	53.510	682.176	2.967	49	678	2	9	9	3
58	15.803	55.508	96	87	1927383	20076.906	6049.719	19047.000	12562	35805	88.573	685.719	3.646	1.389	0.499	1.320	88.537	685.693	3.637	86	680	2	7	12	4
59	30.947	83.744	188	144	4928320	26214.469	10969.685	24298.000	12564	53862	634.261	694.229	3.505	1.707	0.381	1.665	634.318	694.327	3.487	630	689	2	10	11	4
60	47.409	119.221	288	213	7449850	25867.535	10263.637	24719.500	12605	57210	349.816	695.896	3.271	1.974	0.481	1.989	349.923	695.907	3.308	343	691	2	14	12	4
61	27.161	72.641	165	146	4074015	24691.000	7709.044	24811.000	12644	43693	503.012	694.248	3.515	1.626	0.533	1.668	502.919	694.295	3.514	498	690	2	13	9	4
62	24.034	65.540	146	115	3657574	25051.877	9848.601	23146.000	12782	52108	386.651	698.644	3.226	1.502	0.308	1.519	386.551	698.632	3.258	382	695	2	10	8	4
63	28.478	72.126	173	127	4792192	27700.531	13347.309	24251.000	12601	65535	105.266	698.798	3.740	1.689	0.360	1.700	105.075	698.821	3.727	100	696	2	12	7	4
64	25.680	78.022	156	118	4264542	27336.809	11084.130	25978.500	12636	58156	280.506	701.455	3.263	1.826	0.607	1.884	280.514	701.341	3.294	274	699	2	14	7	4
65	21.235	58.748	129	121	3098264	24017.551	8524.190	21643.000	12686	48839	562.124	703.054	3.403	1.623	0.657	1.574	561.911	703.060	3.424	556	701	2	14	5	4
66	24.528	69.814	149	134	3007839	20186.840	5729.624	19234.000	12599	37399	169.201	705.087	3.302	1.534	0.442	1.505	169.327	705.148	3.306	164	700	2	11	11	3
67	23.704	67.438	144	108	3830367	26599.771	12026.851	23225.000	12605	61492	381.660	706.889	3.299	1.627	0.395	1.663	381.426	706.836	3.352	377	704	2	11	6	4
68	29.466	79.364	179	163	4325620	24165.475	6591.250	24496.000	12568	37009	610.676	711.223	3.363	1.568	0.457	1.650	610.597	711.172	3.387	606	707	2	11	10	4
69	57.944	117.706	352	204	12646136	35926.523	18969.566	30681.000	12613	65535	712.304	710.486	4.679	2.248	0.423	2.296	712.291	710.539	4.629	706	707	2	14	8	6
70	26.174	65.714	159	107	5560721	34973.090	17675.082	31178.000	12574	65535	271.415	713.459	3.711	1.664	0.305	1.654	271.410	713.497	3.712	267	711	2	10	6	5
71	9.712	31.753	59	57	1151425	19515.678	4495.258	18786.000	12772	27969	328.356	713.525	3.424	1.005	0.267	1.069	328.306	713.398	3.404	326	711	2	6	6	3
72	45.598	112.084	277	195	7504567	27092.299	11449.016	24784.000	12576	55490	561.354	718.379	3.307	2.170	0.705	2.084	561.363	718.363	3.328	553	715	2	17	9	4
73	17.120	52.473	104	98	2263934	21768.596	6057.137	21056.500	12539	36671	483.346	721.231	3.413	1.331	0.425	1.334	483.417	721.141	3.414	479	717	2	9	9	3
74	14.486	53.025	88	87	1773992	20159.000	5882.475	18813.000	12569	35817	609.557	726.250	3.489	1.343	0.613	1.236	609.613	726.044	3.472	606	722	2	8	13	3
75	27.820	78.778	169	146	3713939	21975.971	7056.412	20463.000	12700	45367	263.633	737.544	3.651	1.741	0.569	1.646	263.677	737.633	3.639	258	732	2	12	12	4
76	44.117	110.946	268	197	6219140	23205.746	8584.731	21772.000	12546	50331	228.119	745.216	3.728	1.936	0.491	1.937	228.319	745.324	3.779	222	739	2	13	13	5
77	32.100	89.399	195	146	5442071	27908.057	14653.782	22885.000	12612	65535	179.646	751.262	3.549	1.885	0.557	1.843	179.503	751.714	3.576	176	745	2	9	13	4
78	49.384	108.945	300	214	7826806	26089.354	11316.183	22592.500	12547	60845	402.987	766.903	3.390	2.023	0.518	1.944	402.934	766.576	3.378	398	760	2	10	15	4
79	13.828	42.407	84	67	2372434	28243.262	12386.708	26179.500	12618	61982	286.655	771.345	3.060	1.260	0.202	1.253	286.568	771.244	3.086	284	769	2	7	6	4
80	24.692	67.886	150	112	4543737	30291.580	14335.940	26164.500	12621	65535	707.453	378.020	4.200	1.617	0.385	1.607	707.418	377.888	4.208	703	374	3	10	9	4
81	28.149	75.917	171	135	4237583	24781.188	9817.988	22276.000	12549	55298	752.702	400.520	4.199	1.625	0.383	1.599	752.617	400.576	4.213	748	395	3	11	11	4
82	10.041	45.028	61	55	1067938	17507.180	4816.591	15646.000	12614	32443	733.115	410.180	4.180	1.303	0.467	1.252	732.957	410.267	4.167	730	407	3	9	8	3
83	28.972	80.053	176	159	3897133	22142.801	6535.489	21034.500	12597	41498	800.858	412.608	4.347	1.755	0.664	1.737	800.631	412.761	4.363	794	407	3	15	11	3
84	26.009	73.712	158	121	3945474	24971.354	10571.874	21730.000	12626	58708	625.196	419.101	4.158	1.624	0.381	1.630	625.191	418.920	4.172	620	414	3	10	10	5
85	30.124	74.917	183	144	3736583	20418.486	6433.719	18166.000	12646	41046	740.093	421.153	4.016	1.627	0.376	1.607	740.156	421.084	4.033	735	417	3	11	10	3
86	30.124	67.987	183	144	5128280	28023.389	11208.071	25872.000	12585	58200	663.322	425.667	3.934	1.604	0.327	1.622	663.453	425.543	3.921	658	421	3	10	10	3
87	38.355	92.572	233	154	7269844	31201.047	15156.247	29207.000	12617	65535	621.013	428.468	5.245	1.863	0.329	1.831	621.104	428.579	5.175	616	424	3	10	10	6
88	44.610	116.534	271	182	7725005	28505.553	14262.317	24712.000	12553	65535	581.952	430.520	5.974	2.192	0.620	2.146	582.019	430.826	5.738	578	425	3	10	11	7
89	26.667	91.983	162	162	2584908	15956.223	2369.262	15535.000	12567	21462	638.827	438.648	3.481	1.701	0.644	1.717	638.901	438.674	3.481	633	433	3	14	12	2
90	10.535	37.649	64	56	1358505	21226.641	6851.343	19004.000	12592	36183	515.125	436.797	3.797	1.191	0.300	1.194	515.121	436.774	3.789	511	434	3	8	6	3
91	36.215	106.670	220	203	4398530	19993.318	5612.566	18718.000	12679	43901	664.518	440.368	3.723	2.165	0.840	2.102	664.663	440.291	3.761	656	433	3	16	15	3
92	22.058	63.058	134	117	3131657	23370.574	9259.124	20112.000	12561	50752	556.873	437.604	4.269	1.497	0.448	1.462	556.372	437.639	4.299	552	434	3	11	8	3
93	26.997	71.092	164	118	4586880	27968.781	14376.800	23541.500	12554	65535	827.677	440.091	4.573	1.622	0.268	1.641	827.648	440.041	4.586	824	435	3	9	10	4
94	27.655	69.780	168	137	4488610	26717.916	11049.663	23710.500	12544	65535	753.845	443.661	4.214	1.583	0.335	1.573	753.758	443.573	4.217	749	439	3	10	10	4
95	17.778	51.924	108	73	3821628	35385.445	17992.492	29948.500	13093	65535	425.435	446.037	4.843	1.542	0.380	1.489	425.501	446.060	4.789	422	443	3	7	6	5
96	11.852	42.752	72	62	1420161	19724.459	6048.649	17813.000	12561	36782	515.222	449.222	3.903	1.276	0.347	1.226	515.220	449.245	3.878	511	447	3	10	5	3
97	17.284	52.440	105	81	2844044	27086.133	11160.821	23723.000	12757	57358	837.657	451.276	3.990	1.421	0.329	1.390	837.663	451.292	3.986	834	447	3	8	9	3
98	26.667	76.985	162	152	3316134	20469.963	6050.946	18200.000	12592	34275	604.482	467.586	3.654	1.582	0.542	1.611	604.648	467.475	3.654	600	461	3	10	13	3
99	7.737	35.548	47	46	1173520	24968.510	10236.521	22667.000	12776	49376	294.085	463.489	4.021	1.231	0.470	1.236	293.976	463.395	4.015	290	463	3	10	3	4
100	26.503	87.228	161	141	3894695	24190.652	10459.868	22214.000	12546	65535	314.230	465.957	4.286	2.040	0.789	2.045	313.580	466.052	4.376	308	463	3	15	7	5
101	19.260	56.954	117	117	2205056	18846.633	4442.448	18292.000	12619	35073	445.949	468.350	3.479	1.360	0.455	1.362	445.780	468.426	3.501	443	463	3	9	11	2
102	6.749	39.546	41	41	627715	15310.122	2187.369	14918.000	12618	21786	397.146	468.439	3.415	1.068	0.324	1.052	397.200	468.424	3.399	394	466	3	7	7	2
103	13.498	52.336	82	75	1488371	18150.865	5092.265	16265.000	12566	32491	642.402	470.707	4.049	1.302	0.416	1.358	642.359	470.635	4.038	639	467	3	9	8	3
104	8.231	32.857	50	41	1020258	20405.160	6542.614	19257.000	12564	38467	670.800	469.460	3.920	1.088	0.216	1.117	670.761	469.510	3.939	668	467	3	7	5	3
105	22.881	73.712	139	112	3373633	24270.740	9733.396	20881.000	12559	55856	233.540	471.878	4.345	1.808	0.742	1.640	233.707	471.945	4.338	225	469	3	16	7	4
106	14.157	43.164	86	86	1682343	19562.127	4328.041	19590.000	12684	29572	388.547	471.512	3.465	1.221	0.409	1.187	388.648	471.408	3.460	383	469	3	11	6	2
107	14.651	46.510	89	72	1984552	22298.338	8987.941	19444.000	12556	49014	302.831	476.506	4.067	1.296	0.257	1.287	302.606	476.526	4.124	299	474	3	8	6	4
108	20.083	67.334	122	100	2974762	24383.295	10358.393	20629.000	12539	52182	550.279	486.230	4.254	1.565	0.478	1.520	550.391	485.990	4.326	546	481	3	9	12	4
109	21.729	60.093	132	106	3256348	24669.303	9454.679	22493.000	12553	55199	840.144	486.538	4.205	1.467	0.326	1.475	840.104	486.729	4.246	837	481	3	8	11	4
110	11.194	36.408	68	60	1440918	21189.971	6225.083	20228.000	12545	38887	801.015	487.574	4.250	1.146	0.291	1.118	801.037	487.555	4.257	799	484	3	5	8	3
111	4.938	23.892	30	29	546168	18205.600	5024.365	16974.500	12593	33649	572.800	492.700	3.767	0.920	0.306	0.894	572.820	492.581	3.809	571	490	3	4	7	3
112	14.486	54.715	88	79	1624513	18460.375	5469.147	17173.500	12712	35303	649.909	496.636	3.818	1.380	0.458	1.404	650.051	496.773	3.840	645	493	3	10	8	3
113	14.157	63.335	86	80	1532275	17817.150	4984.242	16479.000	12564	34516	770.372	495.535	4.023	1.385	0.424	1.436	770.342	495.515	4.025	766	492	3	9	8	3
114	12.017	41.062	73	63	1552958	21273.396	7173.423	19992.000	12607	45899	804.123	495.877	4.192	1.227	0.328	1.227	804.117	495.903	4.241	802	492	3	6	9	3
115	17.614	51.302	107	83	2637238	24647.084	9471.768	22409.000	12836	51904	754.907	497.411	3.981	1.357	0.237	1.360	754.808	497.432	3.928	751	494	3	9	8	3
116	14.651	59.474	89	83	1637711	18401.248	4977.666	17113.000	12606	34669	576.652	505.056	3.719	1.356	0.420	1.371	576.682	505.099	3.733	572	500	3	9	10	3
117	10.700	40.959	65	57	1235417	19006.416	5950.326	16432.000	12793	34810	704.938	503.185	3.831	1.228	0.369	1.203	704.927	503.164	3.835	700	501	3	10	6	3
118	22.881	59.196	139	113	3380493	24320.094	9436.883	21780.000	12835	54253	819.568	504.619	4.137	1.481	0.324	1.479	819.601	504.823	4.165	816	500	3	8	10	3
119	29.466	68.850	179	129	5219509	29159.268	13310.879	25498.000	12561	65535	556.285	511.961	4.151	1.619	0.266	1.653	556.371	511.810	4.151	552	508	3	9	9	4
120	29.795	74.227	181	138	3798388	20985.568	6738.775	19473.000	12703	40304	125.387	516.320	3.917	1.648	0.399	1.609	125.359	516.272	3.882	121	511	3	11	11	3
121	4.774	21.617	29	29	492704	16989.793	3627.183	16197.000	12606	26016	479.552	517.034	3.621	0.802	0.194	0.808	479.605	516.942	3.666	477	515	3	5	5	2
122	31.441	77.433	191	163	4361516	22835.162	6722.071	22509.000	12712	38829	289.984	522.393	3.796	1.741	0.526	1.679	289.923	522.370	3.744	284	518	3	12	10	3
123	2.305	14.205	14	14	215954	15425.286	2935.546	14301.000	12634	20867	475.857	520.929	3.429	0.690	0.166	0.668	475.902	520.927	3.417	474	520	3	5	3	2
124	2.469	15.343	15	15	223871	14924.733	1838.217	14732.000	12839	19588	474.600	525.600	3.600	0.776	0.218	0.806	474.571	525.568	3.611	473	524	3	5	4	2
125	25.515	62.887	155	101	4868095	31407.064	15333.584	25712.000	12635	65535	496.258	532.735	4.587	1.617	0.181	1.617	496.201	532.735	4.601	493	529	3	8	8	4
126	18.766	61.542	114	95	2381576	20891.018	6121.218	20085.500	12583	36874	173.202	535.833	3.833	1.445	0.424	1.435	173.217	535.802	3.804	168	533	3	10	8	3
127	7.243	35.822	44	44	754435	17146.250	3423.938	16318.000	12593	26060	359.114	535.545	3.614	1.098	0.468	0.981	359.168	535.307	3.615	357	532	3	5	9	2
128	8.395	37.994	51	46	871933	17096.725	4606.983	16090.000	12564	34785	763.333	535.765	4.196	1.065	0.293	1.104	763.484	535.785	4.146	760	533	3	7	7	3
129	5.103	25.961	31	30	498802	16090.387	2663.154	16016.000	12590	21250	291.323	542.935	3.935	0.945	0.370	0.921	291.348	542.998	3.949	289	539	3	5	9	3
130	9.712	36.304	59	59	1078160	18273.898	3759.430	18324.000	12633	30194	392.678	554.847	3.492	1.123	0.365	1.137	392.692	554.968	3.507	389	552	3	9	6	2
131	11.358	36.167	69	56	1950665	28270.508	11994.800	25640.000	12863	63124	381.362	558.609	4.058	1.177	0.162	1.154	381.361	558.652	4.025	379	556	3	6	6	3
132	13.992	40.095	85	85	1625785	19126.883	4089.037	18735.000	12740	30358	410.306	563.612	3.518	1.189	0.376	1.209	410.229	563.649	3.517	406	560	3	9	7	2
133	3.622	19.894	22	22	340830	15492.272	2545.690	14874.500	12731	22110	173.227	563.818	3.591	0.762	0.207	0.730	173.257	563.823	3.600	171	562	3	5	4	2
134	18.437	58.266	112	101	2526341	22556.615	7190.652	21450.500	12706	42478	481.821	568.473	3.688	1.493	0.484	1.533	481.814	568.338	3.692	479	563	3	7	11	3
135	41.977	93.191	255	180	8114622	31822.047	14326.932	28949.000	12621	65535	859.486	569.541	4.208	1.902	0.427	1.877	859.447	569.658	4.175	856	564	3	9	13	4
136	15.968	55.853	97	87	1975295	20363.865	6046.728	19360.000	12607	41569	113.175	573.361	3.773	1.563	0.598	1.580	113.142	573.468	3.778	110	567	3	7	13	3
137	5.103	27.650	31	30	534011	17226.162	3326.727	15973.000	13022	24938	647.710	569.419	4.065	1.105	0.430	1.153	647.749	569.372	4.052	644	568	3	9	4	3
138	23.704	85.642	144	125	3384838	23505.820	9001.614	21391.500	12585	49336	524.333	574.410	4.319	1.783	0.661	1.704	524.272	574.343	4.364	517	569	3	15	11	4
139	2.634	16.377	16	16	246838	15427.375	2029.602	15170.000	12698	19283	653.938	577.312	3.812	0.737	0.320	0.740	653.925	577.283	3.834	651	576	3	7	4	2
140	24.528	81.847	149	145	2775573	18628.006	4489.016	18053.000	12585	35313	108.188	588.597	3.577	2.178	0.920	2.192	108.134	588.631	3.588	102	581	3	14	16	3
141	2.963	16.273	18	18	279309	15517.167	2749.163	14879.500	12639	21457	658.500	581.778	3.833	0.733	0.260	0.783	658.446	581.735	3.860	657	580	3	4	5	2
142	43.952	117.776	267	178	8966301	33581.652	17323.729	29718.000	12576	65535	835.154	581.378	5.618	2.226	0.679	2.249	835.013	581.276	5.608	829	575	3	14	12	6
143	40.001	96.259	243	169	6663134	27420.305	11743.750	23312.000	12610	61581	612.877	592.741	4.457	1.935	0.508	1.896	612.905	592.854	4.495	609	585	3	10	14	4
144	69.961	160.976	425	265	12159338	28610.207	13732.623	23642.000	12575	65535	793.176	594.136	6.746	2.885	1.077	2.817	793.293	594.235	6.869	786	589	3	14	14	9
145	8.066	35.822	49	49	784144	16002.938	2489.219	15679.000	12636	22920	281.429	600.184	3.510	1.089	0.365	1.047	281.458	600.204	3.508	277	597	3	9	7	2
146	23.704	64.747	144	117	3714690	25796.459	9732.834	24112.000	12564	53713	845.264	603.132	4.146	1.560	0.422	1.523	845.273	603.275	4.186	842	598	3	8	11	3
147	20.741	59.199	126	86	4266880	33864.129	17440.260	29117.500	12625	65535	721.698	610.476	5.310	1.598	0.333	1.633	721.772	610.448	5.292	718	607	3	8	7	5
148	10.371	35.959	63	61	1287506	20436.604	5878.025	18795.000	12790	35971	618.333	612.492	4.413	1.049	0.268	1.089	618.397	612.390	4.415	616	610	3	6	7	3
149	19.095	55.853	116	90	2972611	25625.957	9807.267	23374.000	12650	51225	668.828	614.509	3.905	1.461	0.346	1.446	668.688	614.630	3.834	665	610	3	9	9	3
150	8.725	33.443	53	53	966037	18227.113	3150.067	18206.000	12663	26397	109.660	627.924	3.509	1.083	0.394	0.991	109.669	627.982	3.506	106	625	3	8	7	2
151	8.066	32.305	49	49	888542	18133.510	4227.987	17374.000	13070	28707	618.061	627.429	3.469	1.002	0.317	0.951	618.010	627.499	3.463	615	625	3	7	6	2
152	20.412	54.852	124	98	2916548	23520.549	9059.444	21509.500	12548	50941	799.371	627.492	3.992	1.409	0.246	1.430	799.536	627.592	3.944	796	624	3	8	8	3
153	13.828	42.993	84	70	1898337	22599.250	7358.374	21413.500	12730	43831	630.690	628.012	4.048	1.259	0.234	1.238	630.671	627.874	4.033	628	625	3	8	7	3
154	11.688	46.062	71	68	1509140	21255.492	6787.153	20274.000	12583	41759	50.197	633.732	3.563	1.430	0.608	1.479	50.341	634.068	3.557	48	627	3	6	13	3
155	37.203	86.883	226	145	6806568	30117.557	16251.386	25953.000	12599	65535	14.527	663.350	5.000	1.904	0.362	1.943	14.621	663.528	4.941	11	659	3	9	10	5
156	28.149	68.643	171	138	4590501	26845.035	10960.912	25741.000	12592	61846	464.608	671.135	4.158	1.580	0.325	1.568	464.688	671.348	4.160	460	667	3	10	9	4
157	2.305	19.997	14	14	198759	14197.071	1298.316	14018.000	12676	17388	715.143	676.857	3.571	1.081	0.409	1.027	715.115	676.927	3.562	714	672	3	4	8	2
158	2.469	14.791	15	14	242082	16138.800	2699.127	15781.000	13078	22939	14.733	675.067	4.000	0.705	0.316	0.687	14.655	675.068	3.997	13	674	3	6	3	3
159	8.889	42.889	54	54	819820	15181.852	1694.381	15101.500	12545	19745	691.093	688.333	3.315	1.083	0.345	1.088	691.078	688.350	3.296	688	685	3	7	8	2
160	7.078	34.340	43	43	683268	15889.953	2142.918	15969.000	12620	19783	427.233	696.977	3.465	1.144	0.499	1.002	427.070	696.960	3.457	422	696	3	11	4	2
161	7.572	37.649	46	46	709345	15420.544	2582.374	14675.000	12598	25350	318.326	704.522	3.326	1.061	0.375	1.012	318.383	704.583	3.300	315	702	3	8	6	2
162	5.761	29.340	35	35	520034	14858.114	1806.714	14599.000	12835	19803	481.314	707.600	3.600	1.001	0.355	0.941	481.331	707.661	3.604	479	704	3	5	8	2
163	18.601	63.954	113	95	2287871	20246.646	7693.149	17520.000	12554	48434	645.699	719.044	3.929	1.512	0.463	1.413	645.828	719.072	3.912	640	714	3	10	11	3
164	16.626	51.680	101	90	2139283	21181.020	6984.390	19567.000	12610	45882	131.663	728.703	3.703	1.292	0.349	1.321	131.650	728.869	3.682	128	724	3	9	9	3
165	14.157	48.474	86	75	1783739	20741.150	7268.456	18479.000	12552	44863	501.698	746.198	3.814	1.240	0.265	1.238	501.682	746.317	3.802	498	743	3	8	8	3
166	3.951	19.790	24	24	451149	18797.875	5378.597	17728.000	13023	32943	541.500	746.292	3.667	0.787	0.228	0.745	541.580	746.245	3.708	539	745	3	6	4	2
167	28.643	75.951	174	152	3955711	22733.971	6763.056	22171.000	12631	46900	574.063	751.000	3.828	1.791	0.645	1.695	574.072	750.910	3.806	567	748	3	15	7	3
168	2.963	14.998	18	17	356635	19813.055	6884.449	17239.000	13060	35423	532.944	751.000	3.722	0.752	0.235	0.690	532.908	751.061	3.743	532	750	3	3	3	3
169	24.857	75.295	151	151	2917842	19323.457	4092.366	19387.000	12800	31185	440.755	756.967	3.523	1.680	0.693	1.623	440.641	757.191	3.530	435	750	3	11	14	2
170	13.498	46.406	82	70	1706364	20809.316	7645.346	17854.000	12745	49203	474.512	760.329	3.890	1.254	0.318	1.259	474.736	760.395	3.824	470	758	3	9	6	3
171	35.227	86.261	214	156	5034969	23527.893	9126.553	20966.500	12662	51966	760.547	355.308	5.383	1.813	0.431	1.786	760.553	355.261	5.394	757	349	4	9	13	4
172	33.252	95.951	202	147	5780217	28614.936	13856.226	23385.000	12630	61037	767.327	380.856	5.584	2.168	0.777	2.176	767.388	380.720	5.569	764	373	4	8	17	4
173	23.046	64.781	140	118	3188107	22772.193	9184.887	19564.000	12714	52657	717.064	383.171	5.029	1.549	0.416	1.488	717.266	383.306	4.949	713	377	4	8	12	4
174	22.388	75.295	136	132	2469567	18158.580	4153.624	17355.000	12759	31597	698.721	395.184	5.044	1.585	0.533	1.600	698.609	395.191	5.051	695	388	4	10	14	3
175	22.223	75.021	135	124	2942457	21795.979	6598.056	21351.000	12567	36759	795.096	430.911	5.348	1.590	0.623	1.517	794.897	430.754	5.334	791	425	4	11	13	4
176	24.363	66.334	148	115	3725450	25171.959	10182.716	23336.500	12578	56200	594.905	434.399	5.149	1.519	0.280	1.529	594.858	434.447	5.151	590	431	4	10	8	4
177	4.445	22.996	27	27	424493	15721.963	2413.697	15199.000	12892	22242	571.518	445.815	4.852	0.876	0.352	0.812	571.501	445.776	4.866	570	443	4	4	7	2
178	9.383	33.754	57	46	1465208	25705.404	10852.439	22120.000	13406	50065	469.053	445.789	5.754	1.143	0.272	1.123	468.997	445.884	5.654	467	444	4	6	5	4
179	8.725	31.616	53	49	1225340	23119.623	7314.329	21579.000	12649	42325	363.491	462.660	4.623	1.014	0.265	1.023	363.454	462.590	4.596	361	461	4	7	5	3
180	2.798	15.239	17	17	281746	16573.295	2770.099	17004.000	12638	21343	9.529	470.529	4.588	0.699	0.151	0.752	9.534	470.530	4.592	8	469	4	4	4	2
181	2.305	13.757	14	14	251147	17939.072	4993.907	16703.500	12901	29953	4.357	471.786	4.857	0.708	0.293	0.784	4.374	471.744	4.877	4	470	4	2	5	3
182	8.066	38.097	49	49	775833	15833.326	2776.742	15165.000	12772	24017	367.673	527.265	4.449	1.071	0.391	1.003	367.717	527.291	4.419	364	524	4	8	7	2
183	2.305	12.274	14	14	220538	15752.714	1697.685	15790.000	13384	18924	849.571	525.357	4.571	0.677	0.142	0.676	849.560	525.357	4.591	849	524	4	2	4	2
184	6.749	35.718	41	41	703030	17147.072	3888.612	16304.000	12643	26534	738.024	546.829	4.293	1.345	0.647	1.207	738.000	546.997	4.258	736	540	4	5	13	2
185	22.552	68.402	137	122	2883055	21044.197	6403.089	19516.000	12649	38978	706.431	593.737	4.745	1.623	0.621	1.533	706.585	593.665	4.714	700	589	4	13	10	3
186	32.758	86.160	199	133	6355574	31937.559	15601.497	27375.000	12833	65535	142.518	621.608	5.824	1.863	0.449	1.870	142.406	621.433	5.823	137	618	4	12	9	5
187	47.738	111.706	290	190	8417722	29026.627	12322.055	28672.500	12601	65514	491.786	644.576	5.969	1.991	0.442	2.017	491.726	644.618	5.972	487	637	4	10	14	5
188	4.115	21.376	25	25	418225	16729.000	3992.033	15312.000	12879	26267	368.960	644.640	5.280	0.911	0.376	0.854	368.956	644.602	5.243	366	643	4	6	6	3
189	2.798	15.928	17	17	278114	16359.647	2854.148	16061.000	12608	21589	39.529	658.412	4.824	0.705	0.263	0.701	39.465	658.417	4.854	38	657	4	4	5	2
190	19.424	58.543	118	85	3547579	30064.229	14567.302	26791.500	12707	65535	212.542	658.347	6.246	1.510	0.343	1.515	212.597	658.364	6.182	210	654	4	6	9	5
191	22.388	60.611	136	100	3573702	26277.221	10437.292	22500.000	12564	54572	33.860	709.735	5.647	1.522	0.275	1.536	33.712	709.829	5.603	30	706	4	9	8	4
192	42.800	113.566	260	191	5744066	22092.562	8668.300	19216.500	12567	53013	271.869	763.196	5.919	2.251	0.840	2.079	271.984	763.172	5.697	267	757	4	10	12	7
193	2.963	21.376	18	18	257948	14330.444	1297.311	14040.500	12852	17780	487.944	775.444	4.111	0.895	0.303	0.885	487.904	775.448	4.101	485	774	4	6	4	2
194	2.963	17.033	18	18	411999	22888.834	9064.757	19475.000	13614	42632	234.778	777.722	4.778	0.817	0.305	0.821	234.722	777.810	4.749	233	777	4	5	2	3
195	27.161	68.576	165	113	4506408	27311.564	11883.901	22865.000	12720	57467	432.230	785.661	5.406	1.699	0.345	1.699	432.387	785.653	5.389	427	783	4	11	6	4
196	42.964	109.119	261	191	7213893	27639.438	11878.927	25333.000	12550	61356	672.973	393.644	6.307	2.027	0.636	1.871	672.859	393.898	6.274	667	386	5	13	14	4
197	29.960	80.850	182	123	5549663	30492.654	15573.068	25732.000	12541	65535	643.544	405.198	6.714	1.718	0.328	1.712	643.577	405.081	6.761	639	401	5	10	10	5
198	20.741	64.436	126	110	2389314	18962.809	5440.724	17611.500	12610	36301	652.762	408.817	5.786	1.441	0.391	1.412	652.668	408.731	5.781	649	404	5	10	11	3
199	28.314	77.022	172	127	4555278	26484.174	11828.949	24170.000	12561	65535	536.035	434.442	7.134	1.621	0.373	1.599	536.203	434.495	7.137	531	430	5	11	9	5
200	2.140	14.309	13	13	249122	19163.230	5611.845	17996.000	12549	28251	579.462	441.538	5.692	0.703	0.253	0.724	579.378	441.521	5.670	578	440	5	4	3	3
201	28.972	68.713	176	123	5278324	29990.477	13594.008	27172.000	12629	65424	692.761	459.676	6.273	1.642	0.232	1.666	692.801	459.735	6.219	689	455	5	9	9	4
202	28.478	85.708	173	148	3454238	19966.693	6029.615	18708.000	12545	37258	40.260	694.566	6.000	1.927	0.756	1.761	40.269	694.761	6.019	37	685	5	10	16	3
203	22.552	65.336	137	98	4200493	30660.533	14792.542	27490.000	12556	65535	691.197	722.555	6.803	1.648	0.403	1.737	691.386	722.606	6.775	686	720	5	10	6	5
204	6.255	35.514	38	38	1218742	32072.158	15540.120	28175.000	14323	65535	655.342	735.579	6.447	1.232	0.466	1.415	655.522	735.624	6.505	652	735	5	8	3	4
205	15.638	51.647	95	80	1872400	19709.475	5975.727	18362.000	12732	39260	189.853	766.726	5.863	1.367	0.391	1.330	189.834	766.792	5.839	185	764	5	11	7	3
206	32.758	83.470	199	140	5227214	26267.406	10716.098	23966.000	12575	65535	538.040	765.231	7.151	1.861	0.470	1.837	538.069	765.169	7.140	531	762	5	14	7	5
207	1.811	14.861	11	11	200104	18191.273	5096.914	17094.000	13097	27132	534.636	427.727	7.091	0.837	0.338	0.915	534.686	427.703	7.102	533	427	6	4	2	3
208	18.766	60.648	114	89	3663668	32137.439	16219.822	27269.000	12683	65535	206.789	461.711	8.184	1.609	0.466	1.623	206.924	461.524	8.156	203	460	6	9	5	5
209	42.470	89.125	258	156	9933527	38502.043	19855.852	33041.000	12594	65535	268.190	498.899	7.984	2.027	0.360	2.089	268.269	499.023	7.946	265	493	6	7	12	5
210	43.787	108.915	266	170	8178368	30745.744	15435.793	26219.500	12555	65535	103.808	510.583	8.120	2.140	0.568	2.113	103.912	510.653	8.104	99	505	6	12	13	5
211	31.606	77.333	192	126	5786870	30139.947	15079.077	25916.000	12722	65535	243.380	548.156	7.719	1.749	0.274	1.748	243.505	547.984	7.724	240	544	6	8	10	5
212	41.812	95.985	254	159	6853058	26980.543	11775.365	23890.000	12650	63320	507.587	598.409	7.827	1.989	0.340	2.001	507.345	598.132	7.736	503	594	6	11	11	5
213	34.404	87.402	209	133	7004542	33514.555	16905.283	29284.000	12571	65535	192.565	600.292	7.981	1.951	0.416	2.023	192.619	600.204	7.994	188	596	6	11	9	5
214	25.186	81.539	153	118	3264875	21339.053	6411.947	20725.000	12566	36760	690.340	615.216	7.569	1.533	0.373	1.603	690.266	615.112	7.558	687	611	6	9	10	4
215	3.622	18.860	22	20	539933	24542.408	10144.508	20892.000	12738	51044	7.545	644.318	6.955	0.849	0.262	0.961	7.428	644.292	6.929	7	642	6	3	5	3
216	27.491	78.678	167	112	4934321	29546.832	15774.875	24167.000	12562	65535	119.365	668.281	8.281	1.735	0.381	1.709	119.517	668.510	8.174	115	663	6	9	10	5
217	23.375	62.197	142	102	3926581	27651.979	13358.349	23611.500	12637	65535	111.169	677.106	8.049	1.582	0.340	1.555	111.188	676.874	8.050	109	673	6	6	10	5
218	8.231	33.202	50	42	943406	18868.119	5552.154	18138.500	12623	33859	77.700	695.240	7.060	1.127	0.270	1.113	77.591	695.285	7.092	75	694	6	8	4	3
219	5.268	27.513	32	32	507437	15857.406	2753.907	15279.000	12798	23588	169.500	464.156	7.781	0.915	0.330	0.881	169.441	464.084	7.800	166	463	7	7	4	3
220	37.367	120.463	227	193	5153119	22700.965	8978.773	20456.000	12570	49089	260.423	466.485	8.775	2.165	0.810	2.271	260.320	466.534	8.762	256	459	7	11	16	5
221	39.343	93.535	239	173	5802934	24280.059	9140.552	22182.000	12552	50215	35.347	475.841	8.339	1.871	0.443	1.844	35.571	475.660	8.366	30	472	7	13	9	4
222	26.667	71.370	162	106	5659334	34934.160	18130.734	29940.500	12553	65535	653.432	498.315	9.537	1.702	0.348	1.637	653.427	498.396	9.495	650	494	7	8	9	6
223	30.947	75.850	188	118	5955205	31676.623	16309.537	27209.500	12661	65535	38.622	505.559	8.702	1.768	0.283	1.738	38.657	505.560	8.701	34	502	7	10	8	5
224	16.626	51.784	101	95	2199694	21779.148	5362.582	21623.000	12609	33954	319.030	503.713	8.554	1.261	0.329	1.323	319.073	503.672	8.534	315	500	7	9	8	4
225	55.640	148.046	338	248	9885668	29247.539	15980.108	22786.500	12562	65535	581.645	512.663	9.124	2.765	1.031	2.706	582.767	512.640	9.099	570	509	7	23	8	5
226	30.947	73.886	188	119	6736561	35832.770	19033.445	31603.000	12632	65535	649.766	518.872	9.037	1.800	0.299	1.850	649.709	518.901	9.066	646	516	7	9	7	5
227	30.124	73.093	183	114	6055213	33088.594	17484.264	27574.000	12863	65535	471.962	522.541	8.945	1.784	0.289	1.739	471.953	522.450	8.915	469	519	7	8	8	5
228	14.815	44.683	90	67	2381227	26458.078	11984.943	22384.500	12701	56633	599.756	522.789	8.567	1.353	0.270	1.379	599.722	522.765	8.566	597	520	7	7	6	4
229	27.820	69.436	169	127	4033997	23869.805	8285.438	22782.000	12787	50121	360.314	529.462	8.858	1.568	0.315	1.576	360.189	529.470	8.784	355	525	7	11	9	4
230	31.606	77.711	192	136	5182931	26994.432	12683.134	22513.500	12718	64469	780.115	536.031	8.526	1.733	0.356	1.691	779.987	536.284	8.501	777	530	7	8	12	4
231	40.166	87.054	244	168	6720813	27544.316	11873.979	25150.000	12551	64084	549.639	535.348	9.443	1.894	0.361	1.865	549.576	535.331	9.394	546	530	7	9	12	5
232	12.346	43.371	75	70	1420228	18936.373	4308.221	18272.000	12663	31108	666.280	562.547	8.360	1.135	0.333	1.150	666.293	562.641	8.354	663	559	7	7	8	3
233	32.594	79.608	198	133	5462390	27587.828	12236.755	24406.500	12636	65535	315.414	570.692	9.354	1.777	0.315	1.766	315.355	570.691	9.322	310	567	7	12	9	5
234	54.817	147.357	333	227	8372169	25141.648	10918.289	21687.000	12541	60435	770.450	574.694	9.255	2.263	0.558	2.241	770.202	574.779	9.317	764	568	7	14	15	6
235	18.766	57.302	114	84	2743072	24062.035	9608.701	21666.500	12613	50456	130.553	592.009	8.763	1.471	0.341	1.458	130.700	592.012	8.752	127	588	7	8	9	4
236	24.528	69.231	149	106	4559621	30601.482	15305.277	27328.000	12663	65535	168.839	623.839	8.866	1.646	0.383	1.620	168.871	623.984	8.865	166	619	7	7	10	5
237	15.968	50.268	97	78	2049144	21125.195	6626.977	19951.000	12553	44282	148.216	634.464	8.856	1.348	0.304	1.324	148.194	634.368	8.848	145	630	7	7	10	4
238	10.700	42.063	65	57	1149289	17681.369	4105.121	16469.000	12697	28330	91.723	686.569	8.123	1.158	0.282	1.146	91.752	686.609	8.133	89	683	7	7	7	3
239	6.914	31.271	42	39	750199	17861.881	4036.684	16713.000	12657	30656	110.738	738.286	8.452	1.018	0.331	0.935	110.761	738.428	8.446	109	735	7	5	7	4
240	14.321	47.785	87	79	1710526	19661.219	5219.087	18485.000	12765	35838	168.851	762.011	8.218	1.288	0.394	1.237	168.802	762.020	8.215	165	759	7	10	7	3
241	57.450	134.116	349	253	9709417	27820.680	12330.720	24730.000	12552	65535	243.358	773.765	9.261	2.257	0.654	2.189	243.352	774.138	9.254	236	767	7	16	12	5
242	1.975	14.757	12	12	223741	18645.084	4483.161	17138.500	12794	25083	785.750	364.833	8.667	0.760	0.262	0.783	785.738	364.766	8.715	785	363	8	3	4	3
243	14.815	54.026	90	82	2088458	23205.090	7593.259	22163.000	12643	41132	733.333	367.733	9.500	1.433	0.554	1.422	733.398	367.710	9.495	729	364	8	10	10	4
244	23.540	61.990	143	101	3641449	25464.678	10456.754	21845.000	12544	52861	757.147	396.105	9.699	1.565	0.289	1.574	757.069	396.113	9.678	753	393	8	10	7	4
245	10.535	38.546	64	53	1516683	23698.172	9843.043	21326.500	12632	48085	738.844	399.594	9.188	1.156	0.219	1.149	738.804	399.675	9.235	736	397	8	7	6	4
246	11.358	41.788	69	59	2387301	34598.566	17889.344	29227.000	12690	65535	629.406	404.754	9.609	1.330	0.389	1.424	629.466	404.610	9.533	626	403	8	7	4	5
247	6.914	31.616	42	42	739939	17617.596	3672.508	18047.500	12579	27404	736.548	411.619	9.214	0.980	0.345	1.011	736.584	411.554	9.198	734	409	8	6	7	3
248	23.540	75.194	143	116	2675450	18709.441	4695.181	17525.000	12707	33377	667.545	426.944	9.706	1.679	0.539	1.617	667.585	426.914	9.714	661	422	8	13	9	4
249	3.622	18.997	22	22	345415	15700.682	2382.864	15028.500	12730	19889	677.500	426.727	8.682	0.793	0.238	0.781	677.550	426.792	8.679	675	425	8	6	4	2
250	20.083	67.642	122	118	2409882	19753.131	5705.750	18106.000	12617	36291	544.352	442.820	9.598	1.487	0.557	1.457	544.602	442.990	9.596	538	439	8	13	8	4
251	27.820	74.368	169	115	4817202	28504.154	13472.164	26124.000	12565	63307	631.515	451.941	10.030	1.651	0.297	1.645	631.592	451.982	9.969	627	448	8	10	8	5
252	13.334	41.407	81	65	2061891	25455.445	11674.909	22139.000	12593	61056	605.790	453.086	9.926	1.241	0.215	1.240	605.759	453.096	9.895	603	451	8	7	6	4
253	11.523	39.372	70	62	1359065	19415.215	5611.666	18026.000	12630	34738	443.200	455.429	9.257	1.185	0.291	1.195	443.207	455.455	9.243	439	453	8	9	6	3
254	31.112	79.675	189	141	4468463	23642.662	8604.999	21152.000	12552	47061	508.296	460.656	9.825	1.677	0.420	1.623	508.343	460.753	9.783	503	456	8	12	9	4
255	17.449	55.575	106	106	1984302	18719.830	3963.873	18754.000	12602	29281	369.094	468.179	9.274	1.368	0.483	1.375	369.269	468.214	9.303	363	465	8	12	7	3
256	13.334	42.752	81	63	2121332	26189.283	11470.211	23433.000	12570	55471	795.370	466.358	9.790	1.288	0.246	1.268	795.362	466.409	9.795	792	464	8	7	6	4
257	14.157	44.027	86	69	1958058	22768.117	9401.513	19851.000	12651	57242	21.279	494.895	9.012	1.308	0.302	1.286	21.447	494.860	8.989	17	493	8	9	5	3
258	66.175	170.038	402	321	9603170	23888.482	11691.137	19433.500	12566	65535	719.070	498.843	9.577	2.397	0.751	2.384	719.137	498.768	9.542	712	490	8	15	19	4
259	37.861	85.190	230	175	5192737	22577.117	7646.752	20599.000	12609	48543	510.130	497.761	9.926	1.772	0.438	1.762	510.257	497.790	9.887	505	493	8	11	11	4
260	21.564	61.542	131	98	3025843	23098.039	8789.987	20998.000	12756	48605	151.214	509.550	9.244	1.501	0.306	1.503	151.180	509.540	9.259	147	506	8	9	9	4
261	18.601	65.092	113	103	2147072	19000.637	4892.621	18330.000	12654	32307	301.496	510.779	9.097	1.568	0.589	1.540	301.651	510.759	9.100	296	508	8	13	6	3
262	16.791	57.887	102	83	2147210	21051.078	7175.895	19483.500	12543	36750	540.676	510.892	9.627	1.396	0.394	1.426	540.838	511.052	9.601	537	506	8	8	10	4
263	14.486	48.889	88	68	1924020	21863.863	8405.426	19063.500	12705	45213	178.443	515.409	9.693	1.332	0.279	1.284	178.535	515.559	9.614	175	512	8	7	7	4
264	17.778	52.440	108	83	2645667	24496.916	8293.694	23291.500	12546	47136	368.759	520.648	9.222	1.366	0.237	1.373	368.790	520.608	9.210	365	517	8	8	8	4
265	16.791	50.131	102	74	2528172	24786.000	10228.967	21683.000	12577	51599	178.206	522.049	9.667	1.403	0.236	1.389	178.211	522.051	9.634	175	520	8	8	6	4
266	37.532	114.359	228	190	4657333	20426.898	6933.785	18202.500	12548	42037	13.140	557.820	9.452	2.052	0.789	2.008	13.467	557.357	9.446	6	551	8	13	16	4
267	3.128	17.963	19	18	340733	17933.316	5092.935	16559.000	12779	32137	531.474	553.842	9.211	0.768	0.258	0.785	531.484	553.887	9.186	529	552	8	6	4	3
268	37.861	118.425	230	216	4452940	19360.609	5062.083	18519.000	12557	35639	515.278	550.239	9.583	2.277	0.984	2.196	515.123	550.413	9.563	507	541	8	18	17	4
269	2.634	13.757	16	16	244309	15269.312	2432.707	14769.000	12878	21648	662.625	557.312	8.625	0.681	0.152	0.683	662.612	557.310	8.656	661	556	8	4	3	2
270	7.572	31.960	46	45	783601	17034.805	3886.821	15737.500	12615	26140	102.739	558.783	9.391	1.034	0.366	0.980	102.732	558.862	9.392	100	556	8	7	7	3
271	4.609	34.202	28	28	385741	13776.464	1021.540	13545.000	12628	16761	91.857	566.214	8.643	1.242	0.419	1.184	91.870	566.232	8.646	89	563	8	7	9	2
272	15.145	48.474	92	85	1805616	19626.262	5164.111	18564.000	12708	35440	388.870	572.565	9.370	1.306	0.408	1.322	388.934	572.610	9.384	385	569	8	8	9	3
273	7.078	39.684	43	42	671323	15612.163	2869.843	14313.000	12600	25238	370.070	582.907	8.744	1.235	0.327	1.219	370.059	582.901	8.750	367	579	8	7	8	3
274	8.725	35.477	53	44	1120496	21141.434	6294.240	19493.000	12630	37953	769.981	591.245	8.887	1.134	0.271	1.149	769.980	591.132	8.843	768	588	8	5	8	3
275	26.338	78.678	160	123	4668063	29175.395	13576.213	26270.500	12742	65535	824.513	588.694	10.113	1.716	0.458	1.711	824.435	588.478	10.025	820	584	8	10	12	5
276	16.626	53.059	101	95	1725024	17079.445	3756.157	15825.000	12554	27824	530.812	596.416	9.356	1.278	0.337	1.309	530.851	596.430	9.314	527	593	8	9	8	3
277	3.457	18.963	21	20	464750	22130.953	8703.402	18942.000	12666	42701	868.429	595.857	9.857	0.899	0.366	0.917	868.482	596.063	9.813	867	593	8	3	5	4
278	4.609	22.721	28	25	573456	20480.572	7706.196	17686.500	12652	38085	124.893	600.679	9.107	0.914	0.247	0.972	124.863	600.664	9.108	123	599	8	5	4	3
279	41.318	96.052	251	176	5197557	20707.398	6486.896	18867.000	12543	46874	319.530	600.610	9.789	1.906	0.438	1.905	319.333	600.768	9.737	314	596	8	13	9	5
280	9.712	38.235	59	59	919998	15593.187	2063.227	15305.000	12570	21282	762.966	606.508	8.424	1.258	0.509	1.187	762.983	606.562	8.421	761	601	8	6	11	2
281	12.181	52.647	74	67	1240139	16758.635	3185.317	16275.500	12622	24307	482.865	613.527	9.622	1.317	0.508	1.276	482.872	613.531	9.591	479	609	8	8	10	4
282	13.334	43.923	81	70	1422894	17566.592	3611.897	17110.000	12725	28747	200.383	626.210	9.247	1.221	0.314	1.224	200.516	626.193	9.222	196	623	8	9	7	3
283	11.358	43.960	69	57	2173321	31497.406	16225.825	25695.000	12841	65535	810.072	638.319	9.362	1.325	0.390	1.382	810.296	638.340	9.334	807	636	8	7	6	5
284	4.609	24.893	28	28	448514	16018.357	3008.856	14996.500	12789	26373	778.714	638.786	8.571	0.991	0.416	0.892	778.640	638.824	8.594	776	637	8	8	4	2
285	27.820	73.090	169	129	3785259	22397.982	7970.049	20435.000	12581	48521	338.621	655.692	8.923	1.590	0.395	1.567	338.490	655.656	8.898	334	652	8	12	9	3
286	14.651	56.301	89	77	1455467	16353.562	3493.280	15063.000	12560	26145	164.854	656.169	9.124	1.283	0.314	1.272	164.852	656.238	9.089	161	653	8	9	7	3
287	6.585	28.099	40	38	681402	17035.051	2943.715	16659.000	12729	23931	277.975	666.950	9.450	0.917	0.254	0.959	277.957	666.902	9.428	276	665	8	5	6	3
288	2.798	17.411	17	17	250001	14705.941	1163.661	15240.000	12790	16393	742.235	671.176	8.059	0.787	0.319	0.823	742.179	671.158	8.061	740	669	8	6	5	2
289	6.914	31.616	42	39	735776	17518.477	4520.962	16333.000	12632	28176	99.571	677.976	9.262	1.000	0.319	1.006	99.465	678.006	9.242	97	676	8	7	5	3
290	1.975	13.653	12	12	169760	14146.667	1420.498	14427.500	12570	16475	524.750	696.167	8.000	0.671	0.320	0.696	524.749	696.173	8.000	523	694	8	5	5	1
291	4.609	24.686	28	26	453761	16205.750	3486.773	15049.500	12623	27579	78.071	703.786	9.179	0.903	0.273	0.894	78.078	703.745	9.157	76	702	8	6	5	3
292	18.601	64.058	113	96	2310621	20447.973	6181.559	19271.000	12566	38302	622.363	707.389	9.239	1.445	0.427	1.379	622.303	707.460	9.255	617	704	8	12	7	4
293	22.881	79.849	139	121	3142878	22610.633	7727.614	21416.000	12539	44102	331.094	710.353	9.540	1.815	0.537	1.834	331.190	710.277	9.519	326	704	8	10	13	4
294	24.034	61.575	146	114	3540593	24250.637	9122.261	23168.000	12569	50218	312.562	734.130	8.993	1.521	0.332	1.473	312.569	734.157	9.004	308	730	8	10	9	3
295	10.041	37.063	61	49	1321737	21667.820	7333.775	19723.000	12865	40265	640.180	730.869	9.787	1.161	0.259	1.178	640.174	730.888	9.761	638	728	8	6	7	4
296	34.240	81.951	208	155	5735270	27573.414	10606.560	26236.000	12568	59305	386.846	741.082	9.894	1.757	0.452	1.677	386.910	741.094	9.857	382	735	8	10	13	4
297	4.609	25.030	28	28	420131	15004.679	1789.431	14785.500	12724	19827	437.143	763.786	9.286	0.987	0.356	0.966	437.093	763.748	9.284	435	761	8	5	6	3
298	20.741	60.782	126	106	2539324	20153.365	5529.415	19756.500	12591	34145	445.452	776.341	9.222	1.466	0.426	1.476	445.517	776.392	9.239	440	773	8	11	8	3
299	8.066	33.891	49	44	865033	17653.734	4301.802	16565.000	12596	31798	796.673	383.939	9.918	1.049	0.253	1.054	796.740	383.937	9.919	793	382	9	8	5	3
300	27.161	70.573	165	128	3566884	21617.479	6871.907	19104.000	12890	43196	709.455	396.315	10.024	1.643	0.446	1.538	709.458	396.327	10.026	704	393	9	12	8	3
301	11.688	48.715	71	66	1241328	17483.492	4063.804	16469.000	12621	27179	683.239	396.099	10.056	1.181	0.364	1.228	683.256	396.157	10.063	679	392	9	9	8	3
302	16.461	62.127	100	96	1761336	17613.359	4586.460	16105.500	12619	36953	801.220	398.110	10.350	1.350	0.394	1.361	801.316	398.185	10.330	796	394	9	10	9	3
303	4.774	27.754	29	29	452186	15592.621	2673.910	14862.000	12598	24173	745.517	404.828	9.793	0.963	0.230	1.006	745.547	404.778	9.829	743	402	9	6	6	2
304	14.815	46.440	90	78	1814815	20164.611	5220.554	19131.000	12814	35394	764.644	411.533	10.233	1.239	0.244	1.259	764.648	411.586	10.219	761	408	9	8	8	3
305	5.268	24.686	32	28	536495	16765.469	3953.215	15328.500	12571	26499	695.000	411.125	10.094	0.913	0.212	0.948	694.950	411.142	10.067	693	409	9	6	5	3
306	6.420	29.685	39	39	733604	18810.359	4584.393	17342.000	12753	29041	692.103	418.769	9.487	1.016	0.361	0.981	691.989	418.752	9.503	688	417	9	9	5	2
307	19.260	54.267	117	90	3335490	28508.461	12181.471	24007.000	12564	62959	782.291	436.761	9.966	1.430	0.310	1.381	782.269	436.801	9.915	778	433	9	9	8	3
308	23.375	63.921	142	101	3254544	22919.324	8418.483	21027.500	12571	44052	662.218	444.585	10.423	1.567	0.279	1.576	662.235	444.532	10.382	658	441	9	10	8	4
309	6.420	27.513	39	35	894722	22941.590	7505.534	21927.000	12647	39936	441.128	446.718	9.692	0.940	0.206	0.923	441.231	446.677	9.661	439	444	9	5	6	3
310	12.017	43.475	73	73	1276987	17492.973	3587.385	16682.000	12653	26591	424.247	451.986	9.493	1.264	0.528	1.197	424.412	451.857	9.494	419	447	9	10	9	2
311	16.297	60.645	99	85	1691623	17087.102	4159.882	15817.000	12562	28419	580.343	450.808	10.091	1.439	0.458	1.391	580.184	450.950	10.064	576	446	9	10	10	3
312	3.457	20.583	21	21	320080	15241.904	2314.956	14490.000	12686	20679	746.952	456.952	9.762	0.912	0.423	0.880	747.056	456.912	9.750	743	455	9	7	5	2
313	10.535	38.891	64	57	1324220	20690.938	6870.385	19205.000	12609	42549	344.562	458.812	10.000	1.189	0.301	1.157	344.704	458.708	10.002	340	457	9	9	5	3
314	16.297	53.474	99	86	1947784	19674.586	5848.503	17928.000	12668	43081	834.071	464.949	10.040	1.337	0.325	1.305	834.044	464.790	10.019	831	462	9	8	8	3
315	2.305	15.343	14	14	206821	14772.929	1448.626	14673.500	12924	17332	119.571	478.786	9.286	0.830	0.303	0.839	119.588	478.747	9.282	118	477	9	4	5	2
316	18.437	65.989	112	98	2016765	18006.830	4662.135	16511.000	12560	32870	83.500	482.973	9.777	1.522	0.512	1.469	83.605	482.806	9.758	79	479	9	11	11	3
317	7.901	29.926	48	48	847031	17646.479	3539.222	17401.000	12616	25694	96.229	487.042	9.479	1.035	0.351	1.010	96.089	487.041	9.482	93	485	9	8	5	2
318	4.115	22.962	25	25	362337	14493.480	1827.687	14205.000	12591	19142	204.400	498.360	9.560	0.884	0.306	0.830	204.378	498.449	9.575	203	495	9	4	7	2
319	5.761	26.961	35	35	541295	15465.571	2252.877	15268.000	12586	19818	454.714	498.257	9.457	0.895	0.257	0.865	454.736	498.273	9.439	451	496	9	7	6	2
320	6.585	28.788	40	40	635119	15877.975	2217.286	15489.000	12572	21707	353.900	505.325	9.350	0.970	0.328	0.927	353.889	505.356	9.320	351	502	9	6	7	2
321	11.852	40.855	72	67	1358085	18862.291	4512.955	18237.000	12646	30215	193.875	505.681	9.653	1.205	0.364	1.211	194.009	505.678	9.626	189	503	9	10	6	3
322	9.218	42.715	56	56	807477	14419.232	1601.098	14036.500	12553	18579	224.946	506.411	9.911	1.163	0.388	1.206	224.908	506.382	9.915	221	503	9	9	8	3
323	23.211	69.091	141	117	2637999	18709.213	5197.917	17407.000	12551	37087	118.809	527.277	10.156	1.591	0.474	1.561	118.886	527.313	10.142	113	523	9	12	9	3
324	10.206	43.304	62	56	1272253	20520.209	7228.089	18462.500	12613	40748	830.968	542.839	9.742	1.277	0.437	1.258	831.103	542.739	9.736	828	539	9	6	9	3
325	2.469	16.721	15	15	215781	14385.400	1395.941	14243.000	12543	17260	792.333	549.000	9.200	0.791	0.379	0.829	792.358	548.976	9.198	789	547	9	7	5	2
326	4.445	27.065	27	27	385793	14288.630	1424.408	13865.000	12548	18577	583.148	551.444	9.667	1.009	0.368	0.965	583.149	551.410	9.683	580	549	9	8	6	2
327	10.206	43.027	62	62	964826	15561.710	2459.309	15075.500	12546	22508	479.194	552.000	10.081	1.369	0.568	1.367	479.029	551.918	10.091	474	549	9	12	7	3
328	15.309	55.575	93	86	1565140	16829.463	3305.070	16181.000	12560	25060	468.398	558.161	10.140	1.319	0.418	1.329	468.384	558.139	10.130	464	554	9	10	9	3
329	7.243	34.236	44	43	720718	16379.954	3154.149	15735.500	12650	25081	628.795	558.841	9.568	0.980	0.301	0.978	628.702	558.798	9.574	626	556	9	7	6	3
330	4.938	24.100	30	30	490542	16351.400	2890.536	15993.500	12702	24933	798.067	558.100	9.567	0.865	0.260	0.849	798.107	558.046	9.576	795	556	9	7	5	2
331	10.535	40.959	64	63	1073540	16774.062	3218.254	15932.000	12578	27526	615.000	561.016	9.594	1.112	0.375	1.083	614.921	560.954	9.622	612	559	9	9	6	3
332	12.675	40.269	77	65	1807080	23468.572	8726.643	20791.000	12865	45829	733.000	564.948	9.922	1.217	0.222	1.211	732.932	564.996	9.888	730	561	9	7	8	3
333	3.951	17.170	24	24	370920	15455.000	2000.315	15142.000	12541	20209	561.833	587.042	9.542	0.758	0.169	0.724	561.828	587.050	9.553	561	585	9	3	5	2
334	17.778	55.542	108	88	1950349	18058.787	4463.125	16763.000	12551	30376	752.102	586.056	10.120	1.369	0.306	1.352	752.190	586.184	10.110	748	582	9	9	8	3
335	10.206	35.855	62	60	1222092	19711.162	4878.680	19572.500	12541	28158	162.742	599.484	9.629	1.055	0.292	1.060	162.756	599.499	9.608	160	596	9	7	8	3
336	15.309	46.647	93	76	1883909	20257.086	6712.965	19186.000	12578	39238	829.097	606.624	9.946	1.306	0.252	1.285	829.126	606.671	9.959	826	603	9	8	7	3
337	5.761	25.030	35	35	592222	16920.629	2779.601	16565.000	12748	22651	114.800	609.029	9.429	0.883	0.262	0.852	114.842	609.037	9.409	113	606	9	5	6	2
338	6.914	31.064	42	39	768407	18295.404	4531.091	16581.000	12646	27639	462.595	614.738	9.857	1.069	0.338	1.097	462.569	614.721	9.866	459	613	9	8	5	3
339	27.820	94.017	169	156	2876895	17023.047	3447.898	16400.000	12546	28037	395.905	619.320	9.905	1.743	0.589	1.728	395.868	619.329	9.923	390	615	9	14	9	3
340	15.638	49.475	95	77	2097697	22081.021	8172.861	20683.000	12620	46581	708.916	622.168	9.947	1.393	0.386	1.328	708.911	622.241	9.913	704	619	9	11	6	3
341	6.420	24.237	39	39	612152	15696.205	1988.018	15353.000	12751	20972	321.923	632.051	9.436	0.863	0.203	0.910	321.947	632.089	9.439	320	630	9	5	5	2
342	14.815	48.923	90	74	1723529	19150.322	5567.969	17729.500	12623	33895	732.056	634.700	9.878	1.271	0.236	1.274	732.081	634.779	9.871	729	631	9	7	9	3
343	11.523	37.579	70	69	1218955	17413.643	3067.677	17168.000	12549	23705	183.000	634.857	9.543	1.091	0.320	1.051	182.972	634.789	9.547	180	632	9	7	8	3
344	20.083	65.333	122	114	2279446	18683.984	4009.899	18297.000	12686	28549	408.492	638.607	9.648	1.541	0.608	1.513	408.570	638.600	9.653	402	635	9	13	8	3
345	13.498	38.442	82	68	1773641	21629.768	6561.611	21060.500	12582	37505	484.780	640.598	10.037	1.227	0.182	1.204	484.788	640.528	9.972	482	638	9	6	6	3
346	23.375	71.263	142	135	2730293	19227.416	4934.031	18019.000	12561	34546	219.634	653.613	9.585	1.929	0.850	1.911	219.736	653.920	9.556	214	646	9	10	16	3
347	20.083	77.985	122	120	2025768	16604.656	3139.779	15926.000	12549	24373	743.590	651.918	9.705	1.512	0.528	1.508	743.632	651.919	9.729	738	646	9	13	11	3
348	4.774	28.788	29	29	428325	14769.827	1716.089	14728.000	12658	18585	758.690	648.586	10.034	0.998	0.395	0.975	758.675	648.569	10.030	755	646	9	9	6	3
349	7.243	29.926	44	44	785044	17841.908	3980.101	17011.500	12564	28319	357.318	662.409	9.386	0.935	0.240	0.930	357.236	662.320	9.337	355	660	9	6	6	2
350	2.963	19.653	18	18	257189	14288.277	1118.102	14078.500	13022	17020	77.444	669.500	9.444	0.824	0.276	0.794	77.430	669.516	9.447	76	667	9	4	6	2
351	14.815	56.991	90	85	1590198	17668.867	3909.026	16542.000	12551	28149	419.867	670.844	9.822	1.458	0.556	1.427	419.893	670.817	9.832	414	669	9	12	6	3
352	24.857	84.571	151	129	2753549	18235.424	4791.086	16999.000	12588	34205	725.874	672.152	9.987	1.568	0.419	1.576	726.066	672.201	9.956	721	667	9	12	11	3
353	34.569	84.812	210	161	4853486	23111.838	8153.397	21631.000	12616	47748	628.495	674.314	9.948	1.744	0.439	1.734	628.579	674.328	9.947	623	670	9	13	10	4
354	4.938	26.031	30	30	476655	15888.500	2566.041	14878.000	12572	22096	173.433	687.900	9.467	1.010	0.345	1.020	173.335	687.848	9.450	171	686	9	7	6	2
355	6.914	33.235	42	40	714908	17021.619	4040.360	15440.500	12643	26293	599.857	688.786	9.952	0.995	0.336	1.030	599.912	688.750	9.964	596	687	9	8	5	3
356	6.914	32.891	42	41	675730	16088.810	2820.401	15643.000	12605	22276	549.310	697.405	9.833	0.992	0.358	0.995	549.347	697.404	9.850	547	693	9	6	8	3
357	9.877	38.338	60	56	1102660	18377.666	4207.784	17878.000	12630	29678	662.600	699.883	10.317	1.056	0.281	1.083	662.621	699.839	10.308	659	697	9	8	7	3
358	10.700	35.166	65	61	1269907	19537.031	4771.456	19492.000	12668	31463	418.431	706.031	9.600	1.117	0.348	1.113	418.510	705.920	9.601	416	702	9	5	9	3
359	2.305	17.170	14	14	205539	14681.357	2158.067	13831.500	12582	20172	495.357	702.714	9.929	0.771	0.377	0.782	495.441	702.769	9.935	492	701	9	7	5	2
360	3.457	17.963	21	21	328236	15630.286	2659.413	15153.000	12591	19735	216.095	716.619	9.619	0.779	0.209	0.765	216.126	716.671	9.622	215	715	9	3	5	2
361	31.606	117.324	192	170	3459468	18018.062	4684.684	16967.500	12690	35296	510.146	724.156	9.885	2.073	0.803	2.034	510.208	724.185	9.897	502	720	9	18	11	3
362	2.469	17.722	15	15	217021	14468.066	1310.643	14030.000	12897	16740	566.467	745.133	9.533	0.792	0.179	0.796	566.484	745.125	9.519	564	744	9	5	4	2
363	9.218	37.994	56	56	933693	16673.090	3083.238	16303.000	12657	29474	269.214	749.518	9.429	1.026	0.284	1.051	269.239	749.528	9.388	267	746	9	6	8	2
364	4.938	31.375	30	30	436866	14562.200	1455.667	14330.500	12561	17221	532.800	752.733	9.600	1.306	0.615	1.265	532.698	752.787	9.593	529	750	9	11	6	2
365	8.725	34.925	53	53	860645	16238.585	3127.727	15463.000	12683	25578	506.566	763.623	9.472	1.030	0.342	0.976	506.517	763.675	9.486	503	761	9	9	6	2
366	4.938	26.375	30	30	446495	14883.167	1962.912	14602.000	12565	18905	802.333	417.200	10.400	0.858	0.211	0.854	802.292	417.172	10.376	800	415	10	6	5	2
367	2.634	13.445	16	16	240234	15014.625	2274.669	14223.000	12694	21309	769.312	417.875	10.000	0.640	0.242	0.686	769.266	417.848	10.000	768	416	10	4	5	1
368	4.280	19.720	26	26	417798	16069.154	2138.321	15959.000	12693	19753	787.038	462.654	10.038	0.849	0.344	0.859	787.055	462.691	10.031	784	461	10	7	4	2
369	5.103	24.719	31	31	500681	16151.000	2601.400	15856.000	12540	22668	580.677	575.903	10.097	0.883	0.319	0.919	580.744	575.945	10.077	578	573	10	6	7	2
370	4.115	28.443	25	25	344396	13775.840	927.206	13713.000	12541	16471	618.720	609.200	10.000	1.353	0.643	1.362	618.702	609.224	10.000	614	606	10	10	8	1
371	5.597	29.581	34	34	516210	15182.647	1832.011	14846.500	12654	19021	263.029	666.765	10.265	0.963	0.375	0.885	263.010	666.720	10.245	259	665	10	9	5	2
