 	Volume (pixel^3)	Surface (pixel^2)	Nb of obj. voxels	Nb of surf. voxels	IntDen	Mean	StdDev	Median	Min	Max	X	Y	Z	Mean dist. to surf. (pixel)	SD dist. to surf. (pixel)	Median dist. to surf. (pixel)	XM	YM	ZM	BX	BY	BZ	B-width	B-height	B-depth
1	2435	1646	2435	948	501610	206	0	206	206	206	870.993	128.719	9.739	8.567	2.185	8.636	870.994	128.719	9.739	861	117	3	19	22	13
2	1906	1292	1906	772	24778	13	0	13	13	13	887.495	123.395	8.167	7.760	1.910	7.914	887.486	123.395	8.167	880	111	3	16	24	12
3	2169	1518	2169	864	136647	63	0	63	63	63	963.132	138.129	9.207	8.366	2.378	8.193	963.137	138.129	9.207	949	126	3	27	20	11
4	1512	1114	1512	677	21168	14	0	14	14	14	849.515	143.102	7.981	7.064	1.579	7.025	849.515	143.102	7.981	840	134	3	16	18	12
5	3493	2404	3493	1376	237524	68	0	68	68	68	866.316	148.888	9.318	9.894	2.769	9.927	866.298	148.888	9.318	856	135	3	28	29	14
6	2657	1676	2657	1026	47826	18	0	18	18	18	812.472	178.163	8.313	9.276	3.011	9.102	812.466	178.163	8.313	795	168	3	29	26	11
7	3118	2164	3118	1194	732730	235	0	235	235	235	1000.437	185.512	10.001	9.978	3.118	10.276	1000.442	185.512	10.001	987	175	3	29	22	13
8	5022	3110	5022	1883	507222	101	0	101	101	101	916.461	217.838	9.041	12.011	3.757	11.974	916.462	217.837	9.041	901	201	3	36	32	13
9	4731	2850	4731	1686	1215867	257	0	257	257	257	841.011	215.447	9.420	11.813	3.900	11.525	840.993	215.447	9.420	821	200	3	36	31	13
10	4721	2822	4721	1710	1218018	258	0	258	258	258	891.722	221.280	9.049	12.452	4.757	12.210	891.734	221.280	9.049	877	203	3	28	41	13
11	1488	1068	1488	647	148800	100	0	100	100	100	878.003	215.950	9.112	7.318	2.198	6.974	877.995	215.950	9.112	871	206	3	16	21	11
12	3115	2130	3115	1236	336420	108	0	108	108	108	812.885	231.429	8.893	9.754	2.936	9.796	812.895	231.429	8.893	800	217	3	24	30	14
13	4024	2026	4024	1313	458736	114	0	114	114	114	985.861	236.609	8.998	10.155	2.566	10.154	985.859	236.608	8.998	974	224	3	23	28	13
14	2054	1424	2054	782	538148	262	0	262	262	262	970.349	221.500	9.745	7.971	2.012	7.789	970.350	221.500	9.745	960	209	3	17	26	13
15	4008	2122	4008	1418	440880	110	0	110	110	110	830.844	235.101	8.899	10.265	2.714	10.437	830.847	235.101	8.899	818	221	3	23	27	13
16	4163	2358	4163	1488	1115684	268	0	268	268	268	936.594	234.724	9.628	10.950	3.575	10.480	936.596	234.724	9.628	926	216	3	21	38	13
17	11532	5492	11532	3523	1429968	124	0	124	124	124	651.892	255.169	8.507	17.135	6.289	16.914	651.900	255.170	8.507	627	231	3	47	51	12
18	4810	2704	4810	1666	567580	118	0	118	118	118	918.152	245.260	9.090	11.683	3.889	11.489	918.156	245.261	9.090	897	233	3	38	26	12
19	3552	2030	3552	1301	92352	26	0	26	26	26	638.084	238.809	8.564	10.214	3.240	10.004	638.070	238.809	8.564	629	228	3	26	27	12
20	5264	3060	5264	1885	626416	119	0	119	119	119	961.033	249.576	8.978	12.516	4.444	12.630	961.036	249.575	8.978	942	227	3	38	36	13
21	5300	2814	5300	1720	609500	115	0	115	115	115	616.712	243.349	9.046	11.515	3.081	11.769	616.714	243.348	9.046	605	228	3	24	33	13
22	4781	2646	4781	1584	607187	127	0	127	127	127	824.821	259.593	8.901	10.927	2.910	11.350	824.808	259.593	8.901	811	248	3	31	27	13
23	673	546	673	337	19517	29	0	29	29	29	1011.018	253.630	8.056	5.069	0.775	5.132	1011.016	253.630	8.056	1006	250	3	11	8	11
24	2708	1706	2708	993	346624	128	0	128	128	128	989.578	257.642	8.661	8.879	2.265	8.767	989.578	257.642	8.661	977	248	3	28	20	12
25	1949	1356	1949	800	54572	28	0	28	28	28	805.774	249.433	8.304	8.060	2.296	7.956	805.774	249.433	8.304	797	238	3	18	26	12
26	3492	1964	3492	1260	995220	285	0	285	285	285	901.180	264.662	9.358	9.761	2.536	9.980	901.181	264.661	9.358	890	252	3	22	25	12
27	2593	1742	2593	990	326718	126	0	126	126	126	767.017	254.348	9.086	8.838	2.360	9.085	767.021	254.348	9.086	752	241	3	25	27	12
28	3432	2230	3432	1295	466752	136	0	136	136	136	980.580	273.799	8.685	9.990	3.050	10.045	980.563	273.799	8.685	970	260	3	31	27	13
29	2686	1634	2686	970	370668	138	0	138	138	138	1007.143	268.327	8.782	8.773	2.204	8.968	1007.140	268.327	8.782	994	259	3	23	20	12
30	2041	1628	2041	873	295945	145	0	145	145	145	898.089	281.403	8.466	9.374	4.039	8.112	898.086	281.404	8.466	876	275	3	42	15	11
31	1607	1158	1607	600	234622	146	0	146	146	146	941.752	283.558	8.862	7.118	1.650	7.383	941.748	283.557	8.862	932	274	3	20	19	11
32	2950	2260	2950	1262	91450	31	0	31	31	31	841.691	274.604	8.209	10.202	3.726	10.081	841.701	274.604	8.209	825	254	3	30	33	12
33	3061	1784	3061	1137	101013	33	0	33	33	33	1010.134	293.782	7.465	9.643	2.887	9.447	1010.128	293.781	7.465	1002	279	3	16	29	12
34	5813	3522	5813	2027	935893	161	0	161	161	161	990.391	300.965	8.529	12.853	4.345	12.612	990.389	300.968	8.529	973	280	3	31	42	12
35	1435	1230	1435	659	430500	300	0	300	300	300	922.874	291.059	9.484	7.048	1.972	7.409	922.877	291.059	9.484	910	283	3	22	17	11
36	2413	1518	2413	915	82042	34	0	34	34	34	838.783	295.295	8.623	8.584	2.237	8.658	838.769	295.295	8.623	829	287	3	23	18	11
37	5202	3068	5202	1771	821916	158	0	158	158	158	815.497	294.474	8.868	11.830	3.675	11.969	815.500	294.475	8.868	801	275	3	30	34	12
38	500	494	500	279	80000	160	0	160	160	160	961.536	302.592	8.532	4.622	0.915	4.515	961.536	302.592	8.532	956	298	3	10	9	11
39	2704	1688	2704	997	413712	153	0	153	153	153	786.644	297.953	9.435	8.928	2.450	8.971	786.643	297.953	9.435	775	287	3	28	22	13
40	322	402	322	191	1932	6	0	6	6	6	759.016	304.484	6.972	4.089	0.942	4.130	759.016	304.484	6.972	755	300	3	10	10	8
41	3315	2462	3315	1315	119340	36	0	36	36	36	925.088	313.010	7.977	10.203	3.210	10.390	925.069	313.010	7.977	909	300	3	33	31	12
42	869	762	869	440	140778	162	0	162	162	162	971.664	306.550	8.650	5.991	1.622	5.686	971.662	306.550	8.650	967	298	3	10	19	11
43	1834	1356	1834	745	302610	165	0	165	165	165	881.673	309.167	9.404	7.650	1.920	7.503	881.672	309.167	9.404	869	300	3	25	18	12
44	408	486	408	245	123624	303	0	303	303	303	624.108	303.912	9.051	4.467	1.134	4.420	624.108	303.912	9.051	620	298	3	10	12	13
45	1295	1016	1295	585	47915	37	0	37	37	37	1007.400	314.946	7.988	6.900	1.933	6.764	1007.393	314.946	7.988	1001	308	3	17	20	11
46	2110	1420	2110	852	360810	171	0	171	171	171	846.592	319.409	8.556	8.125	2.088	7.917	846.592	319.409	8.556	837	309	3	20	25	11
47	3189	1722	3189	1044	551697	173	0	173	173	173	787.223	320.218	8.716	9.103	1.861	9.151	787.224	320.217	8.716	775	310	3	22	23	13
48	1626	1160	1626	710	265038	163	0	163	163	163	799.844	311.219	8.524	7.439	2.040	7.488	799.846	311.219	8.524	790	301	3	18	22	11
49	5039	3548	5039	1979	1572168	312	0	312	312	312	685.606	311.484	9.567	13.482	5.540	12.496	685.613	311.484	9.567	663	295	3	49	32	13
50	2200	1350	2200	874	83600	38	0	38	38	38	814.976	316.681	8.011	8.245	2.226	8.125	814.986	316.681	8.011	806	310	3	25	18	11
51	3006	2042	3006	1142	532062	177	0	177	177	177	831.033	327.500	9.333	9.515	2.649	9.250	831.032	327.499	9.333	820	314	3	25	28	13
52	1192	1102	1192	583	46488	39	0	39	39	39	894.422	321.959	7.821	7.012	2.245	6.956	894.428	321.959	7.821	886	315	3	22	18	10
53	1547	1074	1547	656	266084	172	0	172	172	172	550.651	323.876	9.597	7.053	1.559	7.088	550.656	323.876	9.597	544	317	3	14	17	12
54	2055	1362	2055	796	86310	42	0	42	42	42	853.492	334.870	8.036	7.874	1.924	7.862	853.482	334.870	8.036	845	322	3	17	24	13
55	3620	2036	3620	1303	637120	176	0	176	176	176	871.054	325.068	8.814	10.154	2.934	9.960	871.074	325.068	8.814	858	315	3	31	19	12
56	1393	1198	1393	651	57113	41	0	41	41	41	747.744	334.459	8.559	7.297	2.419	6.921	747.739	334.459	8.559	735	323	3	20	24	12
57	1911	1388	1911	782	347802	182	0	182	182	182	795.540	346.134	9.597	7.832	1.969	7.728	795.543	346.134	9.597	789	335	3	19	24	12
58	2395	1700	2395	989	426310	178	0	178	178	178	804.943	331.964	8.415	8.913	2.747	8.730	804.941	331.964	8.415	793	322	3	29	28	12
59	2910	2106	2910	1203	133860	46	0	46	46	46	694.501	344.835	8.702	9.726	3.035	9.655	694.510	344.835	8.702	683	330	3	26	30	13
60	5130	2866	5130	1782	1687770	329	0	329	329	329	776.760	339.820	9.442	11.651	3.600	11.362	776.764	339.819	9.442	768	320	3	24	41	13
61	1950	1272	1950	736	368550	189	0	189	189	189	683.251	359.851	9.044	7.719	1.768	7.598	683.251	359.851	9.044	678	350	3	15	23	13
62	4866	2726	4866	1642	924540	190	0	190	190	190	636.225	362.137	9.074	11.472	3.451	11.576	636.229	362.137	9.074	617	347	3	32	31	13
63	1157	930	1157	560	60164	52	0	52	52	52	586.213	368.735	8.432	6.831	2.187	6.652	586.213	368.735	8.432	580	358	3	11	23	12
64	2718	1706	2718	985	549036	202	0	202	202	202	907.248	124.883	9.811	8.890	2.192	8.860	907.246	124.883	9.811	894	115	4	26	19	12
65	3805	2476	3805	1375	787635	207	0	207	207	207	831.734	131.007	9.686	10.991	3.846	10.272	831.734	131.007	9.686	820	112	4	24	39	13
66	1547	1226	1547	681	314041	203	0	203	203	203	850.418	125.587	9.963	7.359	2.091	7.497	850.418	125.587	9.963	843	111	4	18	23	11
67	2283	1450	2283	879	139263	61	0	61	61	61	769.865	138.462	9.067	8.418	2.318	8.598	769.860	138.462	9.067	760	128	4	25	20	10
68	2100	1320	2100	774	804300	383	0	383	383	383	925.220	138.708	10.177	7.785	1.595	7.789	925.224	138.707	10.177	915	132	4	21	17	13
69	5127	3360	5127	1914	343509	67	0	67	67	67	742.197	143.264	9.230	12.491	4.197	12.186	742.201	143.264	9.230	723	122	4	36	44	11
70	2774	2128	2774	1146	568670	205	0	205	205	205	643.076	132.019	9.849	9.371	2.953	9.243	643.075	132.019	9.849	631	120	4	29	29	12
71	3860	2250	3860	1320	254760	66	0	66	66	66	815.384	140.614	9.096	10.466	3.138	10.111	815.375	140.614	9.096	804	124	4	28	30	12
72	3302	2128	3302	1185	214630	65	0	65	65	65	675.180	141.234	9.331	10.047	2.990	9.756	675.174	141.234	9.331	662	125	4	24	33	12
73	1463	1320	1463	708	563255	385	0	385	385	385	621.095	140.809	10.422	7.353	2.421	7.207	621.090	140.809	10.422	612	127	4	19	23	13
74	3366	2046	3366	1163	249084	74	0	74	74	74	657.869	150.371	8.815	9.782	2.867	9.633	657.862	150.371	8.815	646	132	4	24	33	11
75	780	850	780	423	11700	15	0	15	15	15	786.353	153.760	8.712	5.926	1.943	5.963	786.353	153.760	8.712	780	145	4	15	18	9
76	2217	1450	2217	865	860196	388	0	388	388	388	906.776	142.236	10.873	8.176	2.056	8.209	906.773	142.236	10.873	896	135	4	22	16	13
77	3663	1982	3663	1310	787545	215	0	215	215	215	551.664	151.786	9.069	10.162	3.023	10.033	551.664	151.786	9.069	539	138	4	24	25	12
78	601	576	601	295	234390	390	0	390	390	390	518.769	149.950	9.968	4.919	0.918	4.949	518.770	149.950	9.968	513	146	4	14	9	11
79	2073	1496	2073	843	147183	71	0	71	71	71	934.566	153.912	9.034	8.412	2.524	8.386	934.570	153.912	9.034	925	143	4	20	27	10
80	2121	1762	2121	925	464499	219	0	219	219	219	643.019	161.046	10.043	9.089	3.278	8.558	643.020	161.046	10.043	628	148	4	28	26	12
81	2041	2056	2041	1084	430651	211	0	211	211	211	692.530	154.360	8.707	9.365	3.493	9.255	692.530	154.360	8.707	679	138	4	28	32	10
82	2629	1500	2629	909	562606	214	0	214	214	214	845.998	158.038	9.828	8.386	1.641	8.280	846.000	158.039	9.828	835	150	4	24	16	13
83	420	526	420	244	30660	73	0	73	73	73	1004.355	151.040	8.876	4.637	1.354	4.832	1004.352	151.040	8.876	996	145	4	15	12	9
84	1678	1108	1678	668	26848	16	0	16	16	16	807.288	160.167	8.322	7.193	1.442	7.360	807.288	160.167	8.322	797	152	4	18	16	10
85	1613	1078	1613	658	27421	17	0	17	17	17	822.366	161.702	8.246	7.151	1.638	7.344	822.360	161.702	8.246	816	154	4	15	18	10
86	939	732	939	446	72303	77	0	77	77	77	532.805	159.819	9.420	5.854	1.227	5.796	532.802	159.819	9.420	528	151	4	11	17	11
87	3808	2244	3808	1370	308448	81	0	81	81	81	555.671	169.309	9.504	10.661	3.591	10.280	555.668	169.308	9.504	539	146	4	27	35	12
88	3945	2224	3945	1363	852120	216	0	216	216	216	967.616	156.532	9.485	10.369	2.937	10.355	967.627	156.532	9.485	953	145	4	34	26	11
89	1149	862	1149	478	252780	220	0	220	220	220	752.285	161.967	9.560	6.239	1.353	6.457	752.289	161.967	9.560	744	153	4	17	18	10
90	2014	1642	2014	860	157092	78	0	78	78	78	709.017	164.661	8.421	8.724	3.316	8.285	709.025	164.661	8.421	690	155	4	37	22	10
91	2334	1590	2334	896	515814	221	0	221	221	221	987.500	165.210	9.972	8.451	2.220	8.738	987.501	165.210	9.972	977	154	4	23	25	12
92	4957	3004	4957	1701	2508242	506	0	506	506	506	466.418	165.578	10.416	11.695	3.638	11.518	466.414	165.578	10.416	456	147	4	24	38	14
93	1469	1036	1469	626	123396	84	0	84	84	84	537.020	179.530	9.183	6.985	1.705	7.111	537.020	179.530	9.183	530	170	4	15	19	11
94	2445	1694	2445	981	48900	20	0	20	20	20	828.793	191.225	8.605	8.890	2.747	9.047	828.793	191.225	8.605	820	175	4	21	31	11
95	2208	1608	2208	923	41952	19	0	19	19	19	795.799	186.494	8.726	8.794	2.823	8.947	795.810	186.494	8.726	784	174	4	22	28	11
96	1218	938	1218	505	107184	88	0	88	88	88	561.030	186.749	9.036	6.483	1.462	6.409	561.030	186.749	9.036	551	182	4	19	13	11
97	4820	2966	4820	1795	1923180	399	0	399	399	399	850.436	174.651	10.338	12.130	4.361	12.119	850.434	174.651	10.338	831	162	4	44	27	12
98	2817	2098	2817	1134	656361	233	0	233	233	233	878.201	183.690	9.469	9.421	2.854	9.368	878.201	183.690	9.469	862	171	4	32	24	12
99	1606	1228	1606	675	372592	232	0	232	232	232	120.382	183.258	9.596	7.454	2.190	7.371	120.382	183.258	9.596	111	170	4	23	23	11
100	1767	1250	1767	676	425847	241	0	241	241	241	979.464	190.769	10.015	7.455	1.649	7.659	979.464	190.769	10.015	969	182	4	20	22	12
101	4336	2492	4336	1445	1756080	405	0	405	405	405	58.234	194.371	10.755	10.808	2.990	10.290	58.234	194.370	10.755	42	185	4	30	28	15
102	1335	1346	1335	685	122820	92	0	92	92	92	742.951	198.001	8.911	7.395	2.577	7.420	742.955	198.001	8.911	731	184	4	24	25	9
103	429	578	429	284	99099	231	0	231	231	231	481.758	183.159	9.079	5.820	2.646	5.340	481.759	183.159	9.079	475	176	4	16	18	10
104	2232	1354	2232	827	200880	90	0	90	90	90	90.853	190.752	9.035	7.992	1.732	8.292	90.853	190.752	9.035	81	181	4	20	21	12
105	3926	2614	3926	1447	954018	243	0	243	243	243	527.132	195.853	10.009	11.606	4.446	10.859	527.133	195.854	10.009	509	185	4	42	28	14
106	3715	2162	3715	1244	906460	244	0	244	244	244	107.470	197.723	9.829	10.120	2.778	9.834	107.468	197.723	9.829	97	179	4	24	33	14
107	2263	1584	2263	896	201407	89	0	89	89	89	599.304	188.379	9.645	8.478	2.397	8.816	599.301	188.379	9.645	589	178	4	26	24	11
108	3043	2176	3043	1269	66946	22	0	22	22	22	620.728	199.424	8.631	9.877	3.034	9.910	620.735	199.424	8.631	609	180	4	22	33	12
109	2206	1474	2206	871	542676	246	0	246	246	246	809.360	198.624	9.297	8.433	2.454	8.502	809.361	198.624	9.297	798	190	4	24	22	11
110	982	894	982	498	243536	248	0	248	248	248	882.514	199.787	8.643	6.248	1.750	6.143	882.519	199.787	8.643	875	195	4	18	12	10
111	4177	2226	4177	1363	413523	99	0	99	99	99	863.194	211.911	9.183	10.578	3.049	10.223	863.190	211.911	9.183	854	194	4	20	33	12
112	176	238	176	103	880	5	0	5	5	5	942.148	202.148	7.324	3.109	0.398	3.130	942.148	202.148	7.324	939	199	4	7	8	7
113	2021	1478	2021	874	210184	104	0	104	104	104	690.523	215.986	8.893	8.270	2.492	8.178	690.521	215.986	8.893	680	203	4	20	26	10
114	3259	2222	3259	1277	74957	23	0	23	23	23	637.976	207.732	8.955	9.933	3.149	9.765	637.988	207.732	8.955	630	192	4	22	34	11
115	995	904	995	467	93530	94	0	94	94	94	600.543	206.244	9.471	6.266	1.714	6.318	600.546	206.244	9.471	595	198	4	13	19	11
116	405	524	405	236	9720	24	0	24	24	24	745.289	211.479	8.716	4.699	1.417	4.331	745.289	211.479	8.716	738	208	4	16	9	12
117	1495	1104	1495	631	145015	97	0	97	97	97	661.993	208.746	9.206	7.073	1.896	7.272	661.989	208.746	9.206	653	200	4	19	20	10
118	1795	1222	1795	740	466700	260	0	260	260	260	987.403	217.613	9.713	7.572	1.779	7.656	987.399	217.613	9.713	977	209	4	21	17	12
119	1548	1114	1548	659	157896	102	0	102	102	102	621.059	218.174	8.670	7.254	1.929	7.292	621.064	218.174	8.670	609	212	4	21	16	10
120	2373	1766	2373	980	249165	105	0	105	105	105	716.771	222.249	9.143	9.098	2.951	9.095	716.768	222.249	9.143	707	210	4	24	25	11
121	1812	1474	1812	806	186636	103	0	103	103	103	468.413	220.631	9.365	8.378	2.930	7.900	468.415	220.631	9.365	453	214	4	31	16	11
122	2413	1522	2413	926	255778	106	0	106	106	106	650.736	222.696	8.889	8.677	2.589	8.424	650.731	222.696	8.889	634	211	4	29	21	10
123	4458	2636	4458	1559	1172454	263	0	263	263	263	782.910	225.326	9.212	11.392	3.693	11.435	782.912	225.326	9.212	767	209	4	28	33	12
124	5207	3246	5207	1939	557149	107	0	107	107	107	1005.476	228.448	8.996	12.258	4.218	12.104	1005.476	228.448	8.996	992	208	4	25	42	12
125	1430	1234	1430	664	373230	261	0	261	261	261	592.645	220.194	10.074	7.258	2.169	7.050	592.644	220.194	10.074	585	208	4	18	20	13
126	998	974	998	544	24950	25	0	25	25	25	800.506	221.298	8.416	6.943	2.570	6.222	800.505	221.298	8.416	796	210	4	16	26	10
127	1363	1088	1363	632	353017	259	0	259	259	259	676.416	217.046	9.537	6.873	1.678	6.860	676.417	217.046	9.537	668	207	4	15	20	11
128	780	690	780	384	205920	264	0	264	264	264	669.130	227.109	9.360	5.592	1.387	5.551	669.129	227.109	9.360	661	222	4	17	10	10
129	1743	1570	1743	826	193473	111	0	111	111	111	707.251	235.929	9.378	8.660	3.223	8.379	707.254	235.930	9.378	696	221	4	24	29	11
130	2509	1490	2509	932	281008	112	0	112	112	112	865.002	234.552	9.116	8.492	2.071	8.616	865.002	234.552	9.116	855	225	4	22	24	11
131	1949	1332	1949	789	220237	113	0	113	113	113	960.012	234.128	9.028	7.934	2.123	7.856	960.012	234.129	9.028	950	221	4	22	21	13
132	455	504	455	252	49595	109	0	109	109	109	694.042	233.712	8.609	4.597	1.080	4.443	694.040	233.712	8.609	689	227	4	11	13	9
133	1691	1106	1691	688	456570	270	0	270	270	270	846.681	237.512	9.397	7.208	1.405	7.090	846.683	237.512	9.397	841	229	4	13	18	11
134	2256	1412	2256	827	624912	277	0	277	277	277	590.790	246.000	9.906	8.133	1.828	7.911	590.791	246.001	9.906	582	238	4	22	18	13
135	2237	1480	2237	952	275151	123	0	123	123	123	784.567	252.258	8.893	8.700	2.677	8.486	784.569	252.258	8.893	776	239	4	17	31	11
136	1974	1294	1974	811	236880	120	0	120	120	120	872.432	249.247	9.545	8.114	2.446	7.808	872.441	249.247	9.545	859	241	4	27	16	10
137	2771	1788	2771	1116	335291	121	0	121	121	121	685.776	250.742	8.964	9.418	2.902	9.318	685.774	250.742	8.964	674	237	4	27	25	11
138	1543	1314	1543	706	428954	278	0	278	278	278	727.671	245.835	9.769	7.485	2.196	7.572	727.674	245.836	9.769	716	236	4	22	19	12
139	423	416	423	253	49068	116	0	116	116	116	1000.400	247.296	8.891	4.379	0.957	4.305	1000.400	247.296	8.891	998	243	4	7	12	10
140	1952	1562	1952	875	554368	284	0	284	284	284	596.526	258.395	9.760	8.356	2.681	8.261	596.529	258.395	9.760	584	243	4	24	25	12
141	1870	1310	1870	771	809710	433	0	433	433	433	572.539	251.520	10.591	7.608	1.637	7.728	572.538	251.521	10.591	564	240	4	19	21	13
142	2236	1506	2236	842	643968	288	0	288	288	288	939.421	263.518	9.571	8.215	2.057	8.594	939.416	263.518	9.571	929	254	4	23	21	11
143	2197	1466	2197	813	955695	435	0	435	435	435	555.776	262.167	11.365	8.159	1.987	7.980	555.778	262.167	11.365	546	249	4	18	24	13
144	2894	2026	2894	1207	382008	132	0	132	132	132	864.906	263.818	8.916	9.904	3.230	9.892	864.898	263.818	8.916	849	247	4	31	29	10
145	1658	1128	1658	715	223830	135	0	135	135	135	919.147	266.435	8.709	7.402	1.810	7.304	919.147	266.435	8.709	912	260	4	18	17	11
146	3442	2292	3442	1344	994738	289	0	289	289	289	572.706	271.346	9.961	10.522	3.558	10.446	572.709	271.344	9.961	559	259	4	25	36	13
147	1948	1422	1948	888	255188	131	0	131	131	131	796.984	261.057	8.860	8.828	3.592	8.304	796.985	261.057	8.860	790	239	4	18	32	11
148	3007	1856	3007	1131	399931	133	0	133	133	133	682.346	271.016	9.769	9.321	2.573	9.798	682.346	271.016	9.769	669	261	4	26	24	11
149	3351	2688	3351	1480	482544	144	0	144	144	144	751.397	278.316	9.540	10.372	3.466	10.492	751.386	278.316	9.540	738	265	4	27	34	13
150	1335	908	1335	578	388485	291	0	291	291	291	882.703	267.899	9.666	6.649	1.581	6.692	882.704	267.899	9.666	877	259	4	12	19	10
151	8106	5210	8106	2955	1159158	143	0	143	143	143	710.403	285.250	9.668	15.049	5.215	15.435	710.405	285.251	9.668	693	262	4	36	48	11
152	1607	1040	1607	622	224980	140	0	140	140	140	778.618	270.979	9.144	7.016	1.298	7.286	778.625	270.979	9.144	770	264	4	17	16	11
153	2755	1646	2755	970	815480	296	0	296	296	296	795.928	281.331	9.605	8.699	1.937	9.189	795.923	281.331	9.605	786	272	4	21	20	13
154	2273	1614	2273	867	338677	149	0	149	149	149	665.908	285.066	9.178	8.510	2.456	8.648	665.906	285.066	9.178	655	269	4	22	29	12
155	1328	1496	1328	754	39840	30	0	30	30	30	590.855	279.395	9.739	7.890	2.992	7.544	590.855	279.395	9.739	581	269	4	24	23	13
156	4791	2728	4791	1610	1432509	299	0	299	299	299	497.081	291.284	9.900	11.928	4.256	11.467	497.085	291.283	9.900	486	269	4	29	44	12
157	1072	914	1072	489	158656	148	0	148	148	148	534.575	285.243	8.768	6.431	1.828	6.339	534.572	285.243	8.768	527	275	4	17	17	9
158	2430	1720	2430	966	724140	298	0	298	298	298	631.231	284.588	9.843	8.513	2.117	8.667	631.229	284.589	9.843	619	276	4	24	21	12
159	2964	2072	2964	1167	1298232	438	0	438	438	438	510.665	273.147	10.071	9.507	2.727	9.132	510.665	273.147	10.071	498	257	4	25	27	13
160	2329	1656	2329	942	342363	147	0	147	147	147	336.136	285.301	9.246	8.602	2.535	8.569	336.138	285.300	9.246	319	273	4	29	23	15
161	2134	1548	2134	891	330770	155	0	155	155	155	870.694	296.669	8.624	8.406	2.415	8.517	870.695	296.668	8.624	861	283	4	22	29	10
162	1410	1110	1410	648	212910	151	0	151	151	151	513.647	290.021	9.104	7.182	1.982	7.052	513.648	290.021	9.104	506	285	4	21	16	11
163	2429	1826	2429	1018	364350	150	0	150	150	150	769.003	288.550	9.375	8.932	2.720	8.910	769.006	288.550	9.375	758	272	4	25	32	10
164	2860	1878	2860	1119	446160	156	0	156	156	156	326.327	300.543	8.970	9.583	3.125	9.253	326.333	300.543	8.970	316	285	4	25	30	11
165	4763	3392	4763	1913	804947	169	0	169	169	169	534.384	309.039	9.393	12.147	4.430	11.832	534.382	309.039	9.393	520	292	4	25	44	12
166	1102	1084	1102	535	492594	447	0	447	447	447	615.711	298.018	10.343	6.693	2.076	6.782	615.714	298.018	10.343	602	290	4	24	17	14
167	5943	3382	5943	1958	1860159	313	0	313	313	313	737.758	312.278	9.590	12.219	3.549	12.443	737.759	312.280	9.590	718	294	4	36	37	13
168	2850	1824	2850	1039	857850	301	0	301	301	301	476.193	294.608	9.763	9.149	2.492	9.050	476.194	294.607	9.763	460	285	4	28	19	13
169	583	654	583	315	176066	302	0	302	302	302	635.647	300.386	9.319	5.221	1.444	5.116	635.648	300.386	9.319	631	295	4	12	13	12
170	2632	2048	2632	1095	1200192	456	0	456	456	456	762.733	317.976	9.785	10.389	4.152	10.113	762.728	317.975	9.785	752	301	4	26	30	14
171	597	560	597	308	97908	164	0	164	164	164	838.787	309.100	8.990	4.966	0.983	4.964	838.785	309.100	8.990	832	305	4	13	9	11
172	734	664	734	361	25690	35	0	35	35	35	860.559	311.229	8.198	5.310	1.025	5.310	860.561	311.229	8.198	855	305	4	13	14	11
173	1888	1190	1888	729	313408	166	0	166	166	166	480.961	310.849	9.242	7.588	1.756	7.517	480.964	310.849	9.242	472	305	4	21	14	11
174	1878	1400	1878	798	298602	159	0	159	159	159	947.577	301.121	8.891	8.004	2.392	7.972	947.575	301.120	8.891	938	290	4	23	26	10
175	2451	1616	2451	917	416670	170	0	170	170	170	960.061	317.013	8.787	8.594	2.214	8.840	960.058	317.013	8.787	947	308	4	29	19	10
176	2376	1522	2376	950	396792	167	0	167	167	167	553.905	307.334	9.420	8.451	2.115	8.600	553.905	307.334	9.420	545	296	4	19	21	13
177	4829	3036	4829	1766	1554938	322	0	322	322	322	671.875	322.931	10.074	12.262	4.310	11.749	671.878	322.928	10.074	656	303	4	39	35	13
178	1905	1418	1905	747	605790	318	0	318	318	318	329.008	323.652	9.554	7.770	1.958	7.900	329.010	323.652	9.554	317	315	4	22	23	13
179	2035	1786	2035	920	638990	314	0	314	314	314	619.033	318.879	10.039	8.599	2.849	8.639	619.032	318.879	10.039	609	309	4	25	26	13
180	5956	3536	5956	2049	1929744	324	0	324	324	324	489.303	327.745	10.077	12.806	4.349	12.545	489.298	327.745	10.077	469	312	4	40	33	14
181	1951	1278	1951	698	618467	317	0	317	317	317	298.213	317.808	9.966	7.641	1.613	7.673	298.212	317.809	9.966	289	307	4	17	23	12
182	1676	1242	1676	689	293300	175	0	175	175	175	464.427	325.115	8.706	7.563	2.052	7.543	464.429	325.116	8.706	452	316	4	22	20	10
183	1100	882	1100	462	347600	316	0	316	316	316	589.030	318.231	9.674	6.227	1.429	6.220	589.034	318.231	9.674	580	311	4	19	15	11
184	2576	1504	2576	907	839776	326	0	326	326	326	578.163	334.750	9.677	8.434	1.972	8.895	578.163	334.750	9.677	570	324	4	19	21	11
185	3711	2602	3711	1447	1217208	328	0	328	328	328	517.057	337.709	9.923	10.309	2.946	10.762	517.049	337.708	9.923	503	323	4	30	27	14
186	640	772	640	369	346880	542	0	542	542	542	603.850	325.861	10.873	5.282	1.618	5.324	603.850	325.861	10.873	597	319	4	13	15	14
187	1626	1258	1626	697	521946	321	0	321	321	321	645.854	321.453	9.924	7.434	1.983	7.558	645.850	321.451	9.924	636	312	4	20	21	13
188	1229	944	1229	564	399425	325	0	325	325	325	688.987	332.039	9.616	6.610	1.543	6.399	688.987	332.040	9.616	682	328	4	19	10	12
189	157	250	157	104	1099	7	0	7	7	7	913.535	333.344	6.541	3.201	0.938	3.029	913.535	333.344	6.541	907	330	4	11	7	6
190	1921	1242	1921	760	84524	44	0	44	44	44	561.235	340.189	8.376	7.805	2.003	7.928	561.235	340.189	8.376	550	331	4	21	19	10
191	2076	1472	2076	833	967416	466	0	466	466	466	639.272	340.276	10.247	7.882	1.881	8.053	639.270	340.275	10.247	626	332	4	24	16	12
192	2177	1492	2177	913	400568	184	0	184	184	184	659.244	347.772	8.082	8.645	2.885	8.041	659.254	347.772	8.082	650	333	4	16	29	11
193	2597	2070	2597	1136	470057	181	0	181	181	181	870.598	342.040	8.853	9.823	3.554	9.361	870.600	342.040	8.853	857	335	4	35	22	12
194	555	606	555	290	24975	45	0	45	45	45	816.483	343.348	8.827	4.905	1.293	4.868	816.482	343.348	8.827	811	339	4	12	16	11
195	2916	2064	2916	1190	962280	330	0	330	330	330	378.946	340.648	10.671	9.717	3.069	9.699	378.945	340.649	10.671	364	331	4	36	22	13
196	3615	2230	3615	1410	1196565	331	0	331	331	331	672.328	352.306	9.642	11.379	4.455	11.315	672.329	352.306	9.642	664	335	4	18	39	12
197	1523	1200	1523	666	830035	545	0	545	545	545	492.276	344.045	11.723	7.156	1.757	6.908	492.273	344.046	11.723	481	339	4	23	16	13
198	2879	1982	2879	1213	1347372	468	0	468	468	468	761.276	344.172	10.008	10.297	3.805	9.894	761.271	344.172	10.008	755	327	4	12	37	14
199	433	572	433	272	20351	47	0	47	47	47	826.603	347.226	8.349	4.972	1.872	4.626	826.603	347.226	8.349	819	335	4	15	17	9
200	1083	1236	1083	621	198189	183	0	183	183	183	749.168	351.549	8.719	7.174	2.724	7.041	749.169	351.550	8.719	743	343	4	12	24	11
201	1909	1424	1909	807	645242	338	0	338	338	338	563.507	358.216	9.059	7.870	2.086	7.829	563.506	358.215	9.059	552	349	4	25	17	13
202	2621	1922	2621	1003	878035	335	0	335	335	335	712.929	354.479	9.787	9.243	2.825	8.853	712.929	354.478	9.787	699	344	4	33	23	13
203	3359	2324	3359	1291	1158855	345	0	345	345	345	601.761	370.335	9.286	10.186	3.167	10.080	601.762	370.337	9.286	592	356	4	24	35	12
204	3415	2234	3415	1325	631775	185	0	185	185	185	332.506	355.264	9.523	10.492	3.534	10.577	332.504	355.263	9.523	315	342	4	31	31	13
205	6828	4364	6828	2441	2382972	349	0	349	349	349	516.760	374.808	10.315	14.237	5.293	13.891	516.759	374.808	10.314	500	351	4	33	49	13
206	1771	1228	1771	691	848309	479	0	479	479	479	550.552	370.993	10.615	7.446	1.800	7.782	550.558	370.991	10.615	541	362	4	22	19	12
207	2143	1448	2143	846	409313	191	0	191	191	191	328.916	375.372	9.505	8.152	2.176	8.585	328.917	375.372	9.505	318	365	4	21	21	11
208	2367	1520	2367	840	811881	343	0	343	343	343	499.696	367.506	10.542	8.278	1.875	8.432	499.697	367.505	10.542	489	358	4	22	22	14
209	3939	2780	3939	1552	2166450	550	0	550	550	550	182.002	373.582	10.985	10.923	3.497	10.515	182.002	373.579	10.985	168	354	4	25	40	14
210	1730	1430	1730	821	591660	342	0	342	342	342	654.497	363.977	9.849	8.502	3.210	7.772	654.500	363.977	9.849	649	346	4	14	34	12
211	1735	1282	1735	735	600310	346	0	346	346	346	573.741	372.497	9.282	7.634	2.035	7.557	573.739	372.497	9.282	563	361	4	19	23	12
212	370	514	370	233	3330	9	0	9	9	9	666.073	379.065	8.692	4.734	1.638	4.639	666.073	379.065	8.692	658	375	4	15	9	12
213	2661	1742	2661	978	941994	354	0	354	354	354	436.898	391.023	10.294	8.860	2.397	9.011	436.897	391.023	10.294	420	381	4	29	22	13
214	3564	1842	3564	1147	1710720	480	0	480	480	480	459.413	380.496	11.092	9.454	2.081	9.510	459.422	380.496	11.092	449	370	4	24	20	14
215	2639	1566	2639	910	1277276	484	0	484	484	484	461.058	398.232	10.856	8.580	1.932	8.664	461.057	398.231	10.856	451	391	4	21	21	13
216	1970	1550	1970	867	701320	356	0	356	356	356	479.710	398.389	10.311	9.282	3.916	8.523	479.707	398.389	10.311	472	389	4	26	24	12
217	1898	1254	1898	730	679484	358	0	358	358	358	511.644	396.928	9.709	7.565	1.597	7.477	511.645	396.928	9.709	505	387	4	16	20	12
218	2852	1728	2852	1021	1018164	357	0	357	357	357	495.197	392.913	10.360	9.030	2.390	8.816	495.197	392.912	10.360	487	376	4	18	30	13
219	3408	2244	3408	1237	657744	193	0	193	193	193	327.942	399.868	9.387	9.988	2.974	9.955	327.940	399.866	9.387	315	386	4	25	34	12
220	2688	1722	2688	1036	521472	194	0	194	194	194	170.482	396.559	9.248	8.857	2.323	9.235	170.480	396.559	9.248	158	386	4	24	21	12
221	2038	1356	2038	748	739794	363	0	363	363	363	218.012	405.069	10.334	7.704	1.675	7.967	218.013	405.069	10.334	209	395	4	19	19	12
222	851	1044	851	487	46805	55	0	55	55	55	290.978	407.649	8.629	6.558	2.110	6.440	290.978	407.649	8.629	285	398	4	19	21	9
223	7515	4184	7515	2480	2742975	365	0	365	365	365	272.176	418.523	9.632	14.138	4.856	13.992	272.176	418.522	9.632	256	397	4	38	46	13
224	2506	1874	2506	1003	142842	57	0	57	57	57	302.371	427.216	8.622	9.379	3.412	8.963	302.366	427.216	8.622	289	413	4	26	33	10
225	5391	2938	5391	1762	1989279	369	0	369	369	369	235.453	426.119	10.365	12.123	3.898	11.537	235.453	426.119	10.365	225	409	4	26	39	13
226	3874	2294	3874	1403	1433380	370	0	370	370	370	214.565	425.220	9.664	10.549	3.317	10.387	214.564	425.219	9.664	198	411	4	27	30	15
227	2328	1826	2328	1043	458616	197	0	197	197	197	201.321	446.493	10.011	10.643	4.559	10.342	201.320	446.493	10.011	186	432	4	28	33	12
228	252	468	252	204	3024	12	0	12	12	12	947.659	118.214	8.508	5.059	2.191	5.028	947.659	118.214	8.508	939	114	5	17	12	8
229	2284	1482	2284	864	134756	59	0	59	59	59	756.115	125.913	9.504	8.336	2.261	8.600	756.120	125.913	9.504	742	116	5	25	22	10
230	600	762	600	360	120600	201	0	201	201	201	581.703	123.202	9.685	6.063	2.505	5.622	581.703	123.202	9.685	568	118	5	23	11	13
231	542	652	542	318	206502	381	0	381	381	381	815.926	119.328	10.229	5.533	2.161	5.255	815.926	119.328	10.229	805	115	5	19	11	11
232	1154	1120	1154	591	71548	62	0	62	62	62	887.902	141.360	9.920	6.995	2.191	6.893	887.907	141.360	9.920	881	134	5	17	20	10
233	1972	1612	1972	857	986000	500	0	500	500	500	577.663	135.698	11.566	8.103	2.409	7.861	577.661	135.698	11.566	566	126	5	28	21	12
234	2818	2246	2818	1236	169080	60	0	60	60	60	607.106	137.624	9.467	10.723	4.418	9.980	607.115	137.624	9.467	595	118	5	28	39	10
235	887	682	887	401	61203	69	0	69	69	69	979.228	144.534	9.351	5.691	1.095	5.570	979.223	144.534	9.351	973	139	5	15	11	9
236	1365	1140	1365	594	528255	387	0	387	387	387	477.661	143.210	10.855	6.787	1.555	6.967	477.661	143.210	10.855	468	134	5	20	19	11
237	2883	1754	2883	1017	1447266	502	0	502	502	502	533.694	141.963	10.978	9.109	2.424	9.252	533.694	141.963	10.978	522	130	5	24	24	12
238	420	526	420	252	29400	70	0	70	70	70	725.102	147.598	8.817	4.628	1.462	4.663	725.102	147.598	8.817	719	141	5	13	13	11
239	1742	1182	1742	700	371046	213	0	213	213	213	571.401	153.927	11.295	7.418	1.702	7.230	571.401	153.927	11.295	565	146	5	19	15	13
240	1083	898	1083	509	229596	212	0	212	212	212	765.272	155.934	9.443	6.416	1.829	6.496	765.268	155.934	9.443	759	149	5	15	20	10
241	3253	2018	3253	1180	683130	210	0	210	210	210	349.346	152.132	10.460	9.808	2.921	9.899	349.344	152.132	10.460	337	140	5	28	25	12
242	1708	1312	1708	756	672952	394	0	394	394	394	911.371	162.762	9.859	7.676	2.308	7.610	911.371	162.762	9.859	906	152	5	15	22	11
243	3874	2490	3874	1371	1518608	392	0	392	392	392	378.751	162.495	10.565	10.502	3.118	10.393	378.744	162.495	10.565	364	152	5	33	26	12
244	1715	1562	1715	835	130340	76	0	76	76	76	210.275	155.189	9.617	8.739	3.646	8.040	210.275	155.189	9.617	204	134	5	18	40	10
245	2631	2144	2631	1172	197325	75	0	75	75	75	326.452	153.060	9.350	9.931	3.544	9.449	326.456	153.061	9.350	311	136	5	28	34	10
246	2380	1484	2380	836	516460	217	0	217	217	217	407.856	160.398	10.742	8.386	2.086	8.495	407.855	160.398	10.742	397	149	5	24	21	12
247	1747	1430	1747	778	387834	222	0	222	222	222	509.147	164.674	9.054	7.797	2.258	8.004	509.149	164.674	9.054	498	156	5	21	20	10
248	1742	1258	1742	680	379756	218	0	218	218	218	429.158	163.251	10.057	7.461	1.917	7.653	429.155	163.251	10.057	421	150	5	19	24	10
249	1846	1244	1846	741	145834	79	0	79	79	79	896.726	163.437	9.375	7.613	1.927	7.891	896.730	163.437	9.375	887	154	5	19	20	10
250	2702	1736	2702	1057	602546	223	0	223	223	223	574.330	170.165	9.623	9.230	2.707	8.935	574.328	170.165	9.623	567	160	5	25	26	11
251	2466	1752	2466	1033	562248	228	0	228	228	228	522.979	172.036	9.928	9.459	3.475	9.109	522.974	172.036	9.928	512	153	5	24	33	11
252	1699	1456	1699	794	135920	80	0	80	80	80	352.471	168.493	9.781	7.528	2.153	7.732	352.471	168.493	9.781	341	160	5	23	19	11
253	398	528	398	258	158006	397	0	397	397	397	590.726	170.628	10.407	4.645	1.550	4.556	590.726	170.628	10.407	587	165	5	10	14	10
254	663	586	663	309	336141	507	0	507	507	507	132.836	166.778	11.694	5.183	0.933	5.038	132.836	166.778	11.694	128	161	5	12	11	12
255	512	732	512	355	114688	224	0	224	224	224	485.482	168.861	10.273	5.163	1.602	5.298	485.482	168.861	10.273	479	162	5	14	14	10
256	1322	1080	1322	599	297450	225	0	225	225	225	972.281	175.382	9.615	7.046	2.117	7.151	972.281	175.382	9.615	963	167	5	18	20	10
257	914	932	914	513	206564	226	0	226	226	226	937.879	175.795	9.927	6.653	2.411	6.494	937.877	175.795	9.927	930	168	5	20	19	9
258	1426	1074	1426	629	724408	508	0	508	508	508	449.252	173.186	11.487	6.992	1.698	6.904	449.254	173.186	11.487	437	166	5	20	13	12
259	1268	996	1268	557	504664	398	0	398	398	398	126.455	172.994	11.184	6.857	1.793	6.674	126.456	172.994	11.184	118	161	5	21	19	12
260	509	720	509	338	203600	400	0	400	400	400	618.063	177.195	10.853	5.646	2.269	5.620	618.063	177.195	10.853	611	172	5	19	12	12
261	2009	1352	2009	772	478142	238	0	238	238	238	355.844	188.143	9.800	7.856	1.995	8.158	355.847	188.143	9.800	347	178	5	19	23	10
262	606	770	606	368	51510	85	0	85	85	85	775.728	176.960	9.003	6.016	2.160	6.152	775.726	176.960	9.003	769	166	5	14	20	8
263	607	650	607	328	52202	86	0	86	86	86	954.705	181.341	8.353	5.226	1.396	5.446	954.708	181.341	8.353	948	175	5	14	14	8
264	163	266	163	116	489	3	0	3	3	3	585.380	185.669	7.761	3.445	1.188	3.216	585.380	185.669	7.761	582	182	5	8	9	9
265	2275	1912	2275	984	1319500	580	0	580	580	580	148.587	199.070	12.171	9.233	3.186	9.176	148.585	199.070	12.171	137	184	5	26	30	14
266	2905	1984	2905	1135	688485	237	0	237	237	237	449.521	188.317	10.278	9.786	3.191	9.454	449.520	188.317	10.278	434	180	5	31	23	11
267	967	1284	967	603	240783	249	0	249	249	249	700.149	197.458	9.462	7.759	3.085	7.439	700.148	197.458	9.462	686	184	5	29	21	10
268	3158	2472	3158	1350	745288	236	0	236	236	236	496.516	186.699	10.164	10.657	3.988	10.466	496.521	186.699	10.164	478	171	5	33	32	12
269	3073	2158	3073	1160	1776194	578	0	578	578	578	388.771	186.408	11.827	9.885	3.156	9.812	388.770	186.408	11.827	375	174	5	29	26	13
270	1230	1092	1230	569	295200	240	0	240	240	240	944.563	191.373	9.774	7.116	2.260	6.846	944.563	191.373	9.774	933	181	5	25	19	10
271	1059	962	1059	520	259455	245	0	245	245	245	897.474	194.947	10.199	6.494	1.989	6.284	897.474	194.947	10.199	890	185	5	18	17	10
272	3602	2574	3602	1376	1480422	411	0	411	411	411	415.080	206.571	10.228	11.126	4.154	10.494	415.081	206.571	10.228	402	190	5	32	35	12
273	1800	1308	1800	744	167400	93	0	93	93	93	77.315	202.783	9.427	7.595	1.918	7.468	77.315	202.782	9.427	70	194	5	23	19	14
274	2073	1590	2073	888	199008	96	0	96	96	96	126.795	205.038	9.409	8.497	2.709	8.732	126.795	205.038	9.409	116	191	5	24	24	10
275	774	1038	774	490	195822	253	0	253	253	253	765.650	208.123	9.588	6.245	2.292	5.910	765.650	208.123	9.588	756	199	5	19	22	11
276	1489	1058	1489	621	609001	409	0	409	409	409	992.676	204.328	10.096	7.010	1.727	7.012	992.674	204.329	10.096	982	197	5	21	14	10
277	2692	1592	2692	987	1103720	410	0	410	410	410	8.996	204.993	11.613	8.716	2.024	8.635	8.996	204.993	11.613	1	197	5	20	24	13
278	1719	1264	1719	716	431469	251	0	251	251	251	467.791	205.155	10.376	7.411	1.672	7.346	467.790	205.155	10.376	461	195	5	20	19	11
279	189	302	189	138	17955	95	0	95	95	95	396.513	205.995	9.238	3.439	1.028	3.521	396.513	205.995	9.238	392	201	5	9	10	7
280	2066	1398	2066	800	1059858	513	0	513	513	513	378.153	201.633	11.384	7.821	1.717	8.010	378.157	201.633	11.384	367	193	5	24	17	12
281	2412	1740	2412	954	1247004	517	0	517	517	517	492.953	214.678	11.079	8.817	2.722	8.817	492.954	214.678	11.079	482	202	5	21	25	12
282	1250	1058	1250	583	518750	415	0	415	415	415	511.783	211.546	10.428	6.825	1.941	6.947	511.783	211.547	10.428	504	204	5	20	17	10
283	995	890	995	497	250740	252	0	252	252	252	544.594	205.154	10.429	6.415	2.019	6.306	544.598	205.154	10.429	534	199	5	19	16	11
284	1391	1096	1391	578	809562	582	0	582	582	582	435.695	216.796	12.344	6.699	1.505	6.978	435.696	216.796	12.344	428	208	5	17	17	13
285	1624	1190	1624	639	414120	255	0	255	255	255	324.243	213.301	9.826	7.356	1.931	7.447	324.244	213.301	9.826	315	205	5	24	17	10
286	1483	1330	1483	702	616928	416	0	416	416	416	141.168	216.198	12.116	7.161	1.967	7.231	141.168	216.198	12.116	134	208	5	19	19	13
287	2247	1500	2247	874	930258	414	0	414	414	414	90.428	211.183	10.793	8.168	1.915	8.122	90.429	211.182	10.793	79	203	5	26	18	13
288	1496	1344	1496	739	382976	256	0	256	256	256	374.475	216.431	9.793	7.896	2.646	7.825	374.475	216.431	9.793	363	210	5	21	21	11
289	4654	3226	4654	1780	1954680	420	0	420	420	420	573.539	229.882	10.720	12.354	4.598	12.103	573.537	229.881	10.720	553	212	5	40	33	13
290	1360	1006	1360	572	361760	266	0	266	266	266	318.692	229.732	9.865	6.761	1.661	7.034	318.690	229.732	9.865	310	223	5	19	16	10
291	4066	2624	4066	1477	2106188	518	0	518	518	518	121.578	224.364	10.929	10.824	3.284	10.543	121.579	224.365	10.929	103	211	5	34	26	13
292	2062	1330	2062	740	546430	265	0	265	265	265	300.415	230.234	9.923	7.770	1.713	8.060	300.414	230.234	9.923	290	220	5	20	21	10
293	3026	1702	3026	997	1267894	419	0	419	419	419	276.735	228.842	10.768	8.900	1.837	9.208	276.735	228.843	10.768	266	218	5	24	23	13
294	1806	1252	1806	740	754908	418	0	418	418	418	519.973	226.220	10.441	7.689	2.140	7.781	519.972	226.220	10.441	510	217	5	23	18	11
295	805	652	805	381	214935	267	0	267	267	267	598.404	232.581	10.309	5.444	0.799	5.342	598.404	232.582	10.309	593	227	5	12	12	11
296	1246	1056	1246	597	524566	421	0	421	421	421	476.811	233.815	11.164	6.709	1.881	6.876	476.810	233.816	11.164	468	225	5	18	18	11
297	3443	2680	3443	1454	933053	271	0	271	271	271	432.503	235.040	10.289	11.061	4.145	10.658	432.504	235.040	10.289	411	218	5	41	30	12
298	2574	2206	2574	1201	1099098	427	0	427	427	427	546.410	245.832	10.777	10.384	4.096	10.089	546.411	245.831	10.777	530	235	5	34	27	11
299	983	848	983	457	417775	425	0	425	425	425	488.710	240.019	10.880	6.134	1.701	5.939	488.710	240.019	10.880	480	233	5	17	16	11
300	1577	1170	1577	663	430521	273	0	273	273	273	511.833	239.406	9.789	7.263	1.902	7.539	511.833	239.406	9.789	502	230	5	21	19	10
301	2081	1430	2081	782	574356	276	0	276	276	276	96.961	245.778	10.659	8.199	2.193	8.066	96.961	245.778	10.659	87	231	5	21	25	11
302	2393	1894	2393	1037	655682	274	0	274	274	274	74.855	242.124	9.826	8.891	2.848	9.157	74.854	242.124	9.826	60	231	5	28	23	12
303	1633	1184	1633	647	455607	279	0	279	279	279	498.566	251.541	9.849	7.281	1.839	7.525	498.566	251.541	9.849	488	243	5	22	18	10
304	1687	1374	1687	776	882301	523	0	523	523	523	120.090	242.906	11.059	7.904	2.426	7.738	120.091	242.906	11.059	109	236	5	24	19	12
305	321	434	321	201	40125	125	0	125	125	125	709.103	255.072	9.237	4.048	1.112	4.110	709.102	255.072	9.237	704	251	5	12	9	8
306	2407	1546	2407	884	678774	282	0	282	282	282	70.921	259.247	9.563	8.303	1.798	8.327	70.920	259.246	9.563	61	250	5	21	21	13
307	4113	2850	4113	1547	1797381	437	0	437	437	437	216.028	266.708	10.374	11.551	4.114	11.217	216.027	266.708	10.375	201	242	5	30	41	12
308	2018	1600	2018	906	270412	134	0	134	134	134	727.656	261.817	9.655	8.814	3.197	8.651	727.660	261.816	9.655	710	250	5	34	23	10
309	781	814	781	419	335049	429	0	429	429	429	421.875	247.567	10.492	6.201	2.261	5.951	421.874	247.567	10.492	413	241	5	16	19	10
310	495	548	495	278	141570	286	0	286	286	286	306.935	263.145	9.984	4.777	1.209	4.777	306.936	263.145	9.984	302	258	5	13	10	10
311	2278	1492	2278	853	312086	137	0	137	137	137	326.681	267.296	9.110	8.192	2.017	8.735	326.680	267.296	9.110	316	257	5	21	21	11
312	2047	1462	2047	898	288627	141	0	141	141	141	961.073	272.747	9.421	8.551	2.733	8.518	961.072	272.747	9.421	950	262	5	20	27	9
313	763	752	763	403	106057	139	0	139	139	139	622.385	266.949	9.565	5.769	1.593	5.661	622.387	266.949	9.565	616	257	5	14	18	9
314	1451	1112	1451	659	420790	290	0	290	290	290	129.719	268.425	10.325	6.982	1.684	7.238	129.718	268.425	10.325	124	259	5	15	21	12
315	4156	2692	4156	1549	1217708	293	0	293	293	293	109.023	271.995	11.550	11.158	3.480	11.174	109.022	271.994	11.550	91	256	5	32	30	13
316	429	444	429	238	60918	142	0	142	142	142	348.401	273.848	9.191	4.362	0.859	4.272	348.401	273.848	9.191	342	271	5	13	8	9
317	2122	1578	2122	833	1137392	536	0	536	536	536	413.533	281.486	11.599	8.329	2.422	8.217	413.537	281.486	11.599	398	271	5	28	20	13
318	1196	1120	1196	536	531024	444	0	444	444	444	561.281	287.446	10.787	6.658	1.814	6.625	561.284	287.446	10.787	553	279	5	18	16	12
319	318	434	318	194	93810	295	0	295	295	295	455.585	281.393	9.648	4.178	1.229	3.893	455.585	281.393	9.648	452	275	5	10	13	9
320	335	458	335	222	99495	297	0	297	297	297	442.406	284.549	9.857	4.153	1.152	4.160	442.405	284.549	9.857	436	281	5	14	10	9
321	951	910	951	454	144552	152	0	152	152	152	355.081	294.652	10.137	6.532	2.513	6.071	355.081	294.652	10.137	340	289	5	23	13	11
322	377	510	377	234	58058	154	0	154	154	154	445.509	296.533	8.806	4.696	1.665	4.361	445.509	296.533	8.806	438	292	5	17	9	10
323	1741	1260	1741	724	273337	157	0	157	157	157	308.685	298.846	9.133	7.612	1.910	7.636	308.682	298.847	9.133	297	288	5	20	20	10
324	8447	4722	8447	2598	4544486	538	0	538	538	538	32.102	298.779	11.127	14.272	4.629	14.393	32.101	298.783	11.127	11	276	5	50	42	14
325	3102	2066	3102	1129	946110	305	0	305	305	305	367.642	302.787	9.939	9.649	2.852	9.782	367.642	302.787	9.939	353	290	5	29	28	12
326	3158	1942	3158	1124	966348	306	0	306	306	306	575.400	307.420	9.892	9.567	2.801	9.805	575.399	307.420	9.892	565	295	5	30	26	12
327	464	596	464	275	142448	307	0	307	307	307	443.453	305.282	8.864	5.145	1.811	4.880	443.453	305.282	8.864	436	302	5	18	9	9
328	462	536	462	253	207900	450	0	450	450	450	603.149	307.405	10.496	4.693	1.245	4.602	603.148	307.405	10.496	597	304	5	14	9	11
329	1335	924	1335	558	415185	311	0	311	311	311	314.157	313.759	9.551	6.639	1.454	6.975	314.158	313.758	9.551	307	307	5	17	16	9
330	298	436	298	198	50064	168	0	168	168	168	899.698	310.433	9.587	4.406	1.646	3.989	899.698	310.433	9.587	895	307	5	13	7	12
331	1929	1328	1929	739	596061	309	0	309	309	309	124.186	311.802	10.408	7.880	2.405	8.095	124.185	311.803	10.408	115	295	5	20	28	11
332	3341	2242	3341	1235	1530178	458	0	458	458	458	107.103	327.586	10.777	10.321	3.446	9.926	107.102	327.585	10.777	90	314	5	32	31	13
333	1071	816	1071	472	342720	320	0	320	320	320	564.604	323.321	9.251	6.131	1.146	6.109	564.604	323.321	9.251	559	317	5	16	13	11
334	462	534	462	270	80388	174	0	174	174	174	944.740	322.753	8.838	4.786	1.507	4.505	944.742	322.753	8.838	939	317	5	15	12	10
335	1449	1322	1449	716	468027	323	0	323	323	323	366.267	325.356	9.690	7.676	2.745	7.308	366.268	325.356	9.690	355	313	5	21	23	11
336	2632	1766	2632	966	1197560	455	0	455	455	455	241.755	322.353	10.323	9.421	3.363	9.013	241.756	322.354	10.323	220	314	5	38	18	11
337	2036	1404	2036	807	934524	459	0	459	459	459	727.479	331.805	10.398	7.902	1.972	8.220	727.479	331.806	10.398	717	324	5	22	20	11
338	3682	2102	3682	1210	1708448	464	0	464	464	464	34.268	338.223	10.920	9.790	2.233	9.829	34.268	338.224	10.920	21	327	5	26	23	14
339	3110	1950	3110	1136	1430600	460	0	460	460	460	133.268	326.409	10.877	10.312	3.880	9.719	133.270	326.409	10.877	122	307	5	23	36	11
340	178	302	178	134	7654	43	0	43	43	43	959.376	335.247	7.809	4.309	2.130	4.037	959.376	335.247	7.809	950	332	5	16	7	5
341	238	330	238	155	42840	180	0	180	180	180	317.609	339.349	9.294	3.705	1.015	3.687	317.609	339.349	9.294	312	337	5	11	9	9
342	2811	2122	2811	1117	1318359	469	0	469	469	469	144.783	345.228	10.025	9.487	3.118	9.427	144.783	345.227	10.025	123	336	5	38	24	12
343	1697	1286	1697	764	565101	333	0	333	333	333	357.018	344.633	9.592	7.789	2.258	7.789	357.018	344.635	9.592	345	336	5	25	17	11
344	2715	1646	2715	996	1254330	462	0	462	462	462	285.651	331.390	10.927	8.843	2.191	8.950	285.651	331.392	10.927	272	318	5	24	25	12
345	1349	1020	1349	576	447868	332	0	332	332	332	170.488	345.519	9.918	6.834	1.745	6.939	170.488	345.519	9.918	159	338	5	22	15	9
346	1659	1202	1659	711	554106	334	0	334	334	334	281.493	347.863	9.973	7.424	1.957	7.455	281.495	347.862	9.973	271	342	5	22	17	11
347	1167	866	1167	531	56016	48	0	48	48	48	578.261	351.623	8.166	6.425	1.532	6.532	578.261	351.623	8.166	571	346	5	18	14	9
348	1075	1126	1075	576	199950	186	0	186	186	186	608.529	352.412	9.800	6.960	2.317	6.639	608.527	352.412	9.800	597	342	5	21	20	10
349	2108	1738	2108	926	992868	471	0	471	471	471	296.974	354.439	10.667	8.844	2.967	8.346	296.975	354.439	10.667	288	338	5	23	31	12
350	2846	1886	2846	1056	1562454	549	0	549	549	549	163.687	362.783	11.410	9.064	2.313	8.967	163.687	362.783	11.410	153	348	5	22	27	13
351	253	326	253	169	12397	49	0	49	49	49	175.715	356.431	7.984	3.664	0.891	3.485	175.715	356.431	7.984	170	354	5	11	6	9
352	458	484	458	285	85646	187	0	187	187	187	364.461	356.504	9.373	4.704	1.373	4.657	364.461	356.504	9.373	360	351	5	9	14	9
353	2969	2486	2969	1403	1760617	593	0	593	593	593	138.302	366.937	10.943	10.671	3.938	10.521	138.302	366.938	10.943	116	354	5	39	23	12
354	1735	1206	1735	735	584695	337	0	337	337	337	352.529	360.606	9.454	7.558	1.955	7.707	352.528	360.605	9.454	342	351	5	19	22	10
355	1610	1090	1610	640	549010	341	0	341	341	341	462.595	362.350	9.642	7.180	1.709	7.153	462.594	362.349	9.642	452	354	5	22	15	10
356	209	334	209	151	10659	51	0	51	51	51	55.565	366.196	7.976	4.135	1.688	3.935	55.565	366.196	7.976	49	359	5	12	14	6
357	2834	1882	2834	1023	1561534	551	0	551	551	551	203.653	371.069	11.414	9.125	2.513	9.188	203.653	371.068	11.414	193	357	5	27	25	13
358	3410	1780	3410	1149	1186680	348	0	348	348	348	478.327	377.870	10.554	9.509	2.272	9.913	478.330	377.871	10.554	468	367	5	22	23	12
359	191	268	191	119	1528	8	0	8	8	8	644.361	377.288	7.178	3.232	0.603	3.174	644.361	377.288	7.178	640	373	5	9	9	6
360	593	928	593	416	203992	344	0	344	344	344	310.723	375.624	9.229	6.713	2.799	6.306	310.723	375.624	9.229	303	363	5	18	27	8
361	4026	2776	4026	1593	1936506	481	0	481	481	481	148.912	382.597	10.574	12.168	5.346	11.015	148.912	382.597	10.574	119	374	5	50	24	12
362	980	978	980	500	343000	350	0	350	350	350	421.910	381.339	9.530	6.428	1.946	6.276	421.912	381.339	9.530	412	373	5	19	20	9
363	238	366	238	164	12614	53	0	53	53	53	617.487	378.576	8.534	3.720	1.043	3.700	617.487	378.576	8.534	612	373	5	11	11	8
364	193	288	193	133	10422	54	0	54	54	54	36.964	387.694	8.181	3.623	1.296	3.433	36.964	387.694	8.181	32	382	5	11	10	6
365	1753	1296	1753	701	971162	554	0	554	554	554	277.286	383.769	11.596	7.453	1.773	7.507	277.285	383.769	11.596	269	375	5	18	22	13
366	207	330	207	139	73485	355	0	355	355	355	602.406	393.082	10.150	3.638	1.140	3.506	602.406	393.082	10.150	597	389	5	11	9	9
367	2377	1608	2377	907	853343	359	0	359	359	359	197.074	399.144	10.586	8.506	2.263	8.544	197.075	399.145	10.586	184	386	5	24	25	12
368	935	850	935	443	336600	360	0	360	360	360	253.082	398.798	10.407	6.294	1.953	5.799	253.082	398.798	10.407	249	388	5	11	22	10
369	1684	1510	1684	805	948092	563	0	563	563	563	124.737	413.228	12.121	7.802	2.381	7.854	124.737	413.228	12.121	116	403	5	20	25	12
370	1380	1012	1380	542	775560	562	0	562	562	562	185.349	409.372	12.133	6.564	1.012	6.640	185.348	409.372	12.133	178	402	5	17	15	13
371	3407	2192	3407	1268	1240148	364	0	364	364	364	159.667	409.217	10.498	10.355	3.476	10.056	159.670	409.215	10.498	147	395	5	30	27	11
372	2773	1904	2773	1088	1353224	488	0	488	488	488	253.417	431.516	10.166	9.730	3.343	8.767	253.413	431.516	10.166	243	413	5	19	35	12
373	366	420	366	212	71736	196	0	196	196	196	318.484	415.667	8.686	4.314	1.120	4.310	318.484	415.667	8.686	315	408	5	10	13	8
374	747	846	747	396	274149	367	0	367	367	367	58.912	417.178	10.232	5.669	1.522	5.477	58.912	417.177	10.232	52	412	5	18	14	14
375	1360	1240	1360	623	820080	603	0	603	603	603	148.010	421.954	12.319	7.067	1.943	7.118	148.011	421.954	12.319	140	412	5	18	20	13
376	2723	1812	2723	1048	1535772	564	0	564	564	564	106.795	413.243	11.914	9.465	3.145	9.416	106.794	413.242	11.914	97	398	5	22	32	13
377	5973	3470	5973	1971	3398637	569	0	569	569	569	87.915	426.910	12.070	12.637	4.192	12.714	87.915	426.909	12.070	70	405	5	34	43	14
378	3652	2482	3652	1369	1358544	372	0	372	372	372	187.661	440.355	10.143	10.972	4.343	10.328	187.658	440.355	10.143	176	424	5	23	41	13
379	1172	940	1172	549	437156	373	0	373	373	373	266.824	440.590	9.833	7.010	2.259	6.667	266.824	440.590	9.833	258	436	5	20	13	10
380	2496	1820	2496	1003	1223040	490	0	490	490	490	115.071	439.084	11.137	9.103	2.860	8.785	115.069	439.084	11.137	104	423	5	24	25	13
381	2324	1622	2324	893	869176	374	0	374	374	374	67.321	445.188	9.882	8.519	2.378	8.803	67.321	445.187	9.882	57	432	5	22	30	10
382	3567	2950	3567	1517	1754964	492	0	492	492	492	162.624	453.570	10.616	11.061	3.754	10.889	162.626	453.571	10.616	144	435	5	34	35	12
383	1438	1070	1438	625	539250	375	0	375	375	375	216.963	448.604	10.414	6.980	1.674	7.173	216.964	448.605	10.414	209	441	5	18	16	12
384	3644	2280	3644	1368	1796492	493	0	493	493	493	111.576	455.023	10.665	10.782	3.682	10.596	111.575	455.023	10.665	97	443	5	31	30	13
385	862	1060	862	500	170676	198	0	198	198	198	232.684	455.653	9.524	6.397	2.209	6.379	232.685	455.653	9.524	226	444	5	16	23	13
386	1858	1600	1858	888	912278	491	0	491	491	491	133.948	448.878	10.645	9.177	4.017	8.516	133.949	448.878	10.645	127	429	5	18	37	11
387	1982	1430	1982	837	396400	200	0	200	200	200	928.232	122.913	10.160	8.009	1.980	7.980	928.221	122.913	10.160	919	112	6	22	19	10
388	207	350	207	157	12006	58	0	58	58	58	561.580	123.522	9.705	4.036	1.499	4.116	561.580	123.522	9.705	556	118	6	10	13	8
389	1216	1062	1216	587	464512	382	0	382	382	382	549.541	131.258	10.982	6.879	2.187	6.883	549.543	131.258	10.982	537	124	6	26	16	9
390	1800	1410	1800	781	691200	384	0	384	384	384	507.240	138.569	11.016	8.008	2.525	8.121	507.240	138.569	11.016	497	128	6	24	27	10
391	2102	1466	2102	873	1057306	503	0	503	503	503	263.959	148.163	11.828	8.308	2.329	8.162	263.959	148.163	11.828	253	132	6	22	25	12
392	1503	1076	1503	652	312624	208	0	208	208	208	376.740	145.555	10.011	7.308	2.097	7.022	376.740	145.555	10.011	366	139	6	21	15	11
393	2861	1734	2861	991	1441944	504	0	504	504	504	194.998	151.985	11.626	9.091	2.312	8.931	195.001	151.985	11.626	185	139	6	19	29	13
394	2064	1562	2064	816	1186800	575	0	575	575	575	238.601	155.897	12.711	8.934	3.523	8.143	238.602	155.897	12.711	229	145	6	20	32	12
395	2130	1564	2130	858	1075650	505	0	505	505	505	156.839	156.885	11.363	8.206	2.207	8.454	156.838	156.886	11.363	146	144	6	24	24	12
396	212	292	212	144	44308	209	0	209	209	209	501.392	150.665	9.684	3.453	0.867	3.364	501.391	150.665	9.684	497	147	6	9	8	7
397	2325	1524	2325	866	913725	393	0	393	393	393	264.529	165.620	11.477	8.206	1.820	8.312	264.529	165.620	11.477	254	158	6	22	20	12
398	2286	1600	2286	855	1163574	509	0	509	509	509	100.599	171.858	11.186	8.351	2.127	8.528	100.599	171.858	11.186	91	158	6	23	25	11
399	278	440	278	213	109810	395	0	395	395	395	621.054	167.899	10.356	4.274	1.562	4.257	621.055	167.899	10.356	616	161	6	11	13	8
400	157	330	157	136	35953	229	0	229	229	229	142.478	177.968	9.185	3.815	1.583	3.795	142.478	177.968	9.185	138	171	6	12	13	7
401	3341	1832	3341	1137	1707251	511	0	511	511	511	61.411	175.565	11.962	9.353	2.110	9.299	61.411	175.565	11.962	49	165	6	25	21	13
402	182	326	182	143	41314	227	0	227	227	227	665.412	174.264	10.302	3.959	1.680	3.610	665.413	174.264	10.302	659	169	6	14	9	8
403	601	612	601	324	138230	230	0	230	230	230	430.005	180.050	9.767	5.113	1.236	5.183	430.007	180.050	9.767	425	175	6	13	14	8
404	2170	1546	2170	864	870170	401	0	401	401	401	40.985	178.827	11.271	8.506	2.617	8.125	40.984	178.827	11.271	28	166	6	22	25	11
405	1515	1034	1515	638	131805	87	0	87	87	87	338.830	182.241	9.105	7.040	1.693	7.354	338.833	182.241	9.105	327	174	6	21	16	10
406	1949	1364	1949	777	783498	402	0	402	402	402	413.935	179.480	11.530	7.939	2.134	8.029	413.934	179.481	11.530	404	171	6	22	19	11
407	730	798	730	391	176660	242	0	242	242	242	851.974	192.771	9.560	5.804	1.807	5.358	851.972	192.771	9.560	843	188	6	20	11	8
408	2128	1310	2128	786	859712	404	0	404	404	404	31.054	193.297	10.929	7.842	1.687	8.129	31.054	193.297	10.929	22	183	6	20	20	11
409	3642	2670	3642	1473	1478652	406	0	406	406	406	341.310	202.200	11.098	11.479	4.261	11.030	341.311	202.200	11.098	323	185	6	37	34	12
410	798	1008	798	478	197106	247	0	247	247	247	194.253	202.627	9.689	6.960	3.367	6.371	194.254	202.626	9.689	182	193	6	22	23	10
411	371	542	371	255	33761	91	0	91	91	91	679.396	199.914	9.027	4.824	1.917	4.812	679.398	199.914	9.027	669	195	6	17	11	6
412	1455	1118	1455	654	599460	412	0	412	412	412	453.983	208.280	10.757	7.162	1.959	6.980	453.986	208.281	10.757	441	197	6	20	21	10
413	1610	1162	1610	631	829150	515	0	515	515	515	578.725	212.548	11.899	7.171	1.566	7.149	578.726	212.548	11.899	570	203	6	18	19	11
414	462	614	462	298	188034	407	0	407	407	407	166.279	200.829	10.444	5.369	2.173	4.861	166.280	200.829	10.444	161	194	6	12	18	8
415	1224	942	1224	538	751536	614	0	614	614	614	64.618	207.570	13.977	6.435	1.247	6.457	64.619	207.570	13.977	57	200	6	14	16	14
416	1203	908	1203	543	618342	514	0	514	514	514	274.273	212.775	12.328	6.399	1.407	6.590	274.272	212.775	12.328	268	205	6	15	16	11
417	363	388	363	222	35574	98	0	98	98	98	704.289	210.124	9.468	4.151	0.911	4.157	704.289	210.124	9.468	701	206	6	9	10	8
418	2166	1358	2166	833	1117656	516	0	516	516	516	259.126	216.393	11.488	8.207	2.084	8.036	259.124	216.393	11.488	250	205	6	17	25	12
419	1619	1280	1619	745	675123	417	0	417	417	417	245.576	221.481	11.168	8.068	2.914	7.395	245.575	221.480	11.168	235	207	6	18	26	11
420	3918	2358	3918	1304	1657314	423	0	423	423	423	31.645	234.391	11.757	10.575	3.251	10.331	31.645	234.391	11.757	17	223	6	33	25	13
421	884	712	884	401	237796	269	0	269	269	269	680.060	236.992	10.468	5.632	1.001	5.672	680.060	236.992	10.468	674	230	6	14	13	9
422	2153	1684	2153	921	1123866	522	0	522	522	522	394.682	236.822	10.909	8.623	2.808	8.528	394.682	236.822	10.909	383	226	6	27	23	12
423	1316	1192	1316	630	565880	430	0	430	430	430	55.065	250.172	10.898	7.000	1.858	6.926	55.065	250.173	10.898	44	239	6	19	22	11
424	1010	780	1010	469	436320	432	0	432	432	432	401.896	250.970	10.310	6.116	1.385	6.052	401.896	250.970	10.310	394	246	6	18	11	11
425	312	508	312	243	85800	275	0	275	275	275	183.122	244.285	10.250	4.631	1.659	4.685	183.122	244.285	10.250	177	237	6	13	14	8
426	509	748	509	347	66170	130	0	130	130	130	471.959	257.809	10.639	5.637	2.371	5.584	471.959	257.809	10.639	464	245	6	15	20	11
427	4240	2794	4240	1516	2268400	535	0	535	535	535	11.433	272.351	12.397	11.023	3.333	10.700	11.433	272.352	12.397	2	256	6	25	34	14
428	340	382	340	193	43860	129	0	129	129	129	87.112	260.029	9.194	4.078	0.857	4.128	87.112	260.029	9.194	83	256	6	10	10	7
429	371	476	371	243	106477	287	0	287	287	287	539.434	263.588	10.895	4.703	1.653	4.734	539.435	263.588	10.895	531	259	6	15	10	10
430	2471	1742	2471	1023	1309630	530	0	530	530	530	378.256	257.030	11.148	9.750	3.884	9.273	378.256	257.029	11.148	367	239	6	21	33	12
431	3534	2722	3534	1518	1883622	533	0	533	533	533	292.335	273.528	11.540	11.054	3.860	10.894	292.335	273.526	11.540	278	258	6	37	33	12
432	1719	1264	1719	698	917946	534	0	534	534	534	391.684	274.396	11.751	7.441	1.879	7.745	391.684	274.396	11.751	380	267	6	22	19	12
433	371	482	371	229	162869	439	0	439	439	439	87.916	276.094	10.326	4.724	1.631	4.797	87.916	276.094	10.326	83	270	6	10	15	9
434	356	486	356	224	104664	294	0	294	294	294	444.584	276.787	9.376	4.360	1.287	4.317	444.585	276.787	9.376	438	272	6	13	9	10
435	2700	1950	2700	1072	1188000	440	0	440	440	440	68.522	278.716	10.689	9.861	3.587	9.066	68.522	278.716	10.689	50	270	6	36	19	11
436	377	466	377	237	166257	441	0	441	441	441	123.408	281.260	11.597	4.369	1.100	4.207	123.408	281.260	11.597	120	277	6	12	12	12
437	1674	1570	1674	842	488808	292	0	292	292	292	199.300	274.010	10.455	9.328	4.124	8.449	199.299	274.010	10.455	191	260	6	20	35	11
438	846	1074	846	533	377316	446	0	446	446	446	216.074	293.853	10.877	6.249	2.102	6.436	216.075	293.854	10.877	207	284	6	18	20	10
439	1072	994	1072	572	325888	304	0	304	304	304	853.589	299.258	9.257	7.352	2.838	6.976	853.589	299.258	9.257	846	285	6	14	24	8
440	1390	1234	1390	668	818710	589	0	589	589	589	111.065	289.817	12.706	7.200	2.095	7.028	111.064	289.816	12.706	100	284	6	25	15	13
441	492	540	492	292	217956	443	0	443	443	443	600.506	287.461	10.634	4.823	1.377	4.777	600.507	287.461	10.634	595	281	6	12	14	9
442	1560	1318	1560	739	837720	537	0	537	537	537	403.890	295.019	11.206	8.036	3.052	7.520	403.891	295.018	11.206	390	287	6	32	17	10
443	398	544	398	249	178304	448	0	448	448	448	69.337	303.136	10.573	5.017	1.828	4.755	69.337	303.136	10.573	65	296	6	11	16	9
444	719	768	719	389	322831	449	0	449	449	449	246.740	304.681	10.805	5.745	1.874	5.428	246.740	304.682	10.805	241	294	6	13	20	9
445	2506	2040	2506	1080	1137724	454	0	454	454	454	428.040	314.912	10.334	9.595	3.415	9.308	428.040	314.912	10.334	415	298	6	25	34	10
446	1294	1498	1294	722	591358	457	0	457	457	457	10.175	324.206	10.239	7.886	3.229	7.412	10.175	324.205	10.239	2	308	6	20	28	12
447	2242	1488	2242	866	695020	310	0	310	310	310	228.240	310.793	10.224	8.569	2.669	8.399	228.242	310.793	10.224	217	302	6	28	20	10
448	1891	1258	1891	724	854732	452	0	452	452	452	462.699	308.123	11.209	7.533	1.603	7.750	462.696	308.123	11.209	453	299	6	18	19	11
449	426	666	426	287	192978	453	0	453	453	453	166.300	314.629	10.507	5.054	1.895	4.908	166.300	314.629	10.507	161	309	6	16	16	9
450	1921	1422	1921	751	1039261	541	0	541	541	541	350.717	317.742	12.304	7.929	2.133	7.964	350.718	317.742	12.304	341	305	6	20	24	12
451	1850	1334	1850	761	590150	319	0	319	319	319	385.482	321.558	10.436	7.699	1.997	7.883	385.483	321.559	10.436	377	311	6	20	22	11
452	1326	1334	1326	673	782340	590	0	590	590	590	270.031	322.406	12.262	7.304	2.250	7.034	270.032	322.406	12.262	258	313	6	22	20	12
453	2197	1622	2197	908	1192971	543	0	543	543	543	53.487	338.329	11.186	8.649	2.631	8.123	53.487	338.328	11.186	43	326	6	21	27	12
454	378	482	378	247	67662	179	0	179	179	179	162.722	333.111	9.116	4.701	1.649	4.506	162.722	333.111	9.116	158	327	6	12	14	7
455	2067	1396	2067	751	961155	465	0	465	465	465	449.045	336.848	11.321	7.829	1.788	8.217	449.045	336.848	11.321	439	328	6	22	20	11
456	1386	1036	1386	615	638946	461	0	461	461	461	148.726	329.078	10.887	6.950	1.743	7.051	148.725	329.078	10.887	142	320	6	16	17	11
457	654	846	654	401	213858	327	0	327	327	327	186.469	335.214	9.566	5.976	2.125	5.984	186.470	335.214	9.566	176	328	6	21	16	8
458	2228	1502	2228	815	1040476	467	0	467	467	467	247.230	341.816	11.182	8.166	2.059	8.495	247.230	341.816	11.182	233	331	6	25	22	11
459	1713	1244	1713	720	805110	470	0	470	470	470	113.787	343.175	10.651	7.538	2.027	7.731	113.788	343.176	10.651	103	334	6	21	20	10
460	1620	1768	1620	911	887760	548	0	548	548	548	70.011	355.247	11.229	8.693	3.260	8.806	70.011	355.246	11.229	60	341	6	27	28	12
461	766	734	766	374	419002	547	0	547	547	547	394.111	350.121	11.356	5.594	1.479	5.470	394.111	350.121	11.356	388	343	6	14	15	11
462	3066	2234	3066	1212	1815072	592	0	592	592	592	10.315	355.845	12.054	9.955	3.362	9.758	10.315	355.845	12.054	0	338	6	25	33	13
463	3537	2516	3537	1367	1188432	336	0	336	336	336	36.157	359.241	11.274	10.901	3.795	10.361	36.157	359.241	11.274	16	348	6	39	25	12
464	286	442	286	188	135850	475	0	475	475	475	536.455	363.007	10.962	4.120	1.258	4.054	536.455	363.007	10.962	531	357	6	11	12	11
465	370	560	370	262	125800	340	0	340	340	340	116.451	362.484	9.395	5.082	1.903	4.962	116.451	362.484	9.395	113	354	6	9	18	7
466	3212	2492	3212	1356	1528912	476	0	476	476	476	380.090	365.462	10.882	10.934	3.938	10.644	380.092	365.463	10.882	368	350	6	31	34	11
467	2738	2202	2738	1155	1626372	594	0	594	594	594	96.577	371.864	12.237	9.865	3.477	9.276	96.577	371.865	12.237	84	353	6	28	35	13
468	1952	1472	1952	777	1077504	552	0	552	552	552	108.366	385.188	12.031	8.004	2.381	7.840	108.366	385.187	12.031	97	373	6	22	26	13
469	1875	1368	1875	773	896250	478	0	478	478	478	271.466	366.616	11.314	7.832	2.117	7.978	271.467	366.615	11.314	259	357	6	24	19	13
470	495	560	495	268	171765	347	0	347	347	347	70.582	374.091	10.485	4.882	1.329	4.849	70.582	374.091	10.485	64	368	6	13	12	12
471	465	562	465	275	163215	351	0	351	351	351	638.923	385.288	9.452	5.043	1.643	5.069	638.923	385.289	9.452	633	378	6	14	13	9
472	2389	2026	2389	1041	1325895	555	0	555	555	555	69.720	386.940	11.617	9.475	3.475	8.819	69.720	386.938	11.617	50	371	6	35	27	13
473	1431	1112	1431	567	689742	482	0	482	482	482	216.610	385.556	11.397	7.024	1.911	7.004	216.609	385.556	11.397	207	378	6	25	16	10
474	1330	1316	1330	740	469490	353	0	353	353	353	240.364	393.602	10.683	7.945	3.065	7.639	240.364	393.602	10.683	228	382	6	22	27	12
475	820	900	820	470	457560	558	0	558	558	558	393.546	395.449	11.571	6.041	1.881	6.241	393.547	395.448	11.571	384	386	6	18	17	9
476	2049	1628	2049	874	995814	486	0	486	486	486	55.992	403.196	10.576	8.286	2.410	8.251	55.992	403.196	10.576	45	392	6	24	24	12
477	1698	1648	1698	844	614676	362	0	362	362	362	32.722	402.134	10.978	7.995	2.772	7.610	32.722	402.133	10.978	15	391	6	30	22	13
478	953	1026	953	506	538445	565	0	565	565	565	438.101	414.682	11.999	6.451	2.201	6.161	438.101	414.682	11.999	429	406	6	20	19	12
479	411	614	411	293	200157	487	0	487	487	487	6.190	409.051	12.012	4.338	1.282	4.311	6.190	409.052	12.012	1	404	6	12	10	13
480	1453	1202	1453	655	905219	623	0	623	623	623	19.343	415.991	13.025	7.156	2.030	7.377	19.343	415.991	13.025	11	406	6	17	20	12
481	695	958	695	466	38920	56	0	56	56	56	32.935	424.436	9.980	6.556	2.500	6.718	32.935	424.436	9.980	23	414	6	22	18	10
482	816	808	816	409	302736	371	0	371	371	371	160.645	434.197	10.536	6.021	1.875	5.458	160.645	434.197	10.536	155	423	6	13	19	12
483	1019	962	1019	461	498291	489	0	489	489	489	325.104	434.789	10.714	6.280	1.771	6.258	325.104	434.789	10.714	316	429	6	20	14	10
484	2729	1832	2729	1035	1555530	570	0	570	570	570	22.900	440.715	11.364	9.460	3.215	9.344	22.900	440.715	11.364	10	429	6	32	24	11
485	3669	2476	3669	1394	1812486	494	0	494	494	494	35.655	452.839	11.682	10.693	3.464	10.529	35.656	452.839	11.682	20	435	6	33	33	12
486	1009	984	1009	520	381402	378	0	378	378	378	260.853	453.298	10.510	6.371	1.710	6.275	260.852	453.297	10.510	253	448	6	20	14	11
487	453	468	453	258	258663	571	0	571	571	571	91.510	453.066	11.757	4.423	0.805	4.337	91.510	453.066	11.757	88	447	6	9	11	11
488	1470	1466	1470	760	554190	377	0	377	377	377	80.181	455.595	10.995	8.788	3.786	7.983	80.180	455.594	10.995	72	440	6	17	34	12
489	2585	1896	2585	996	1478620	572	0	572	572	572	53.230	464.097	11.933	8.970	2.650	8.919	53.230	464.097	11.933	41	450	6	27	31	13
490	478	570	478	295	181162	379	0	379	379	379	83.598	466.887	10.582	5.291	1.990	4.732	83.598	466.887	10.582	78	459	6	12	17	10
491	454	574	454	257	225638	497	0	497	497	497	114.923	467.802	11.683	4.941	1.508	4.857	114.923	467.802	11.683	107	463	6	14	10	11
492	329	508	329	234	67116	204	0	204	204	204	947.398	127.559	10.638	4.578	1.640	4.506	947.398	127.559	10.638	942	122	7	15	12	9
493	1370	1110	1370	600	528820	386	0	386	386	386	253.344	138.660	12.091	7.169	2.168	6.884	253.343	138.660	12.091	243	128	7	19	20	10
494	1449	990	1449	555	563661	389	0	389	389	389	394.427	147.321	11.167	6.804	1.431	6.932	394.426	147.321	11.167	388	139	7	16	18	9
495	246	320	246	159	17712	72	0	72	72	72	949.012	151.207	9.480	3.716	0.970	3.750	949.012	151.207	9.480	946	147	7	7	11	6
496	1940	1406	1940	796	1117440	576	0	576	576	576	80.872	175.638	12.459	8.047	2.406	7.923	80.872	175.638	12.459	73	161	7	18	28	11
497	1210	1012	1210	528	698170	577	0	577	577	577	320.721	184.300	12.645	6.545	1.604	6.767	320.721	184.300	12.645	313	176	7	16	19	10
498	1801	1312	1801	776	725803	403	0	403	403	403	11.872	188.319	11.435	7.795	2.098	7.759	11.872	188.319	11.435	2	178	7	21	18	9
499	585	722	585	363	241605	413	0	413	413	413	173.911	206.882	10.928	6.005	2.615	5.639	173.911	206.882	10.928	166	194	7	16	21	7
500	382	536	382	251	95500	250	0	250	250	250	961.390	204.869	10.626	5.040	1.947	4.865	961.389	204.869	10.626	952	198	7	18	15	7
501	2022	1270	2022	765	1174782	581	0	581	581	581	28.988	210.134	13.303	7.689	1.578	7.995	28.987	210.134	13.303	20	201	7	20	19	12
502	250	366	250	173	63500	254	0	254	254	254	757.252	215.944	10.176	4.276	1.627	4.298	757.253	215.944	10.176	754	210	7	8	14	8
503	1619	1158	1619	653	995685	615	0	615	615	615	42.040	221.087	13.999	7.109	1.607	7.293	42.041	221.087	13.999	33	213	7	19	18	12
504	969	994	969	509	503880	520	0	520	520	520	6.906	235.281	11.624	6.633	2.345	6.362	6.906	235.281	11.624	2	225	7	13	23	12
505	2472	1604	2472	924	1441176	583	0	583	583	583	261.004	239.981	12.868	8.663	2.357	8.719	261.005	239.981	12.868	252	226	7	20	27	12
506	1693	1436	1693	773	882053	521	0	521	521	521	233.104	233.579	12.233	8.513	3.381	8.215	233.104	233.578	12.233	222	222	7	22	30	10
507	203	334	203	152	55216	272	0	272	272	272	460.158	240.975	10.039	4.169	1.565	4.104	460.158	240.975	10.039	456	236	7	11	12	6
508	221	280	221	133	94146	426	0	426	426	426	245.928	242.335	10.552	3.372	0.540	3.333	245.928	242.335	10.552	243	238	7	8	8	8
509	1722	1480	1722	783	902328	524	0	524	524	524	355.367	244.235	11.404	8.534	3.203	8.201	355.369	244.235	11.404	344	235	7	24	25	11
510	683	626	683	354	292324	428	0	428	428	428	305.685	243.302	11.262	5.526	1.653	5.295	305.686	243.302	11.262	297	239	7	19	9	9
511	960	1150	960	572	413760	431	0	431	431	431	238.543	250.601	11.864	6.780	2.352	6.878	238.543	250.601	11.864	228	241	7	22	20	11
512	797	718	797	385	420019	527	0	527	527	527	335.976	253.246	10.610	5.578	1.311	5.667	335.977	253.246	10.610	330	245	7	13	15	10
513	394	500	394	242	207244	526	0	526	526	526	290.924	254.439	11.761	4.746	1.561	4.564	290.924	254.439	11.761	283	249	7	16	10	10
514	1202	914	1202	514	521668	434	0	434	434	434	487.275	262.398	10.478	6.460	1.686	6.722	487.274	262.398	10.478	479	253	7	18	18	9
515	1714	1256	1714	734	911848	532	0	532	532	532	344.773	262.095	11.480	7.655	2.033	7.638	344.771	262.095	11.480	336	251	7	20	22	11
516	254	330	254	159	71374	281	0	281	281	281	44.224	258.870	9.996	3.615	0.775	3.521	44.224	258.870	9.996	41	254	7	9	10	7
517	1396	1016	1396	630	738484	529	0	529	529	529	395.660	259.352	11.977	7.083	1.982	6.950	395.660	259.350	11.977	389	249	7	18	18	10
518	1116	932	1116	529	592596	531	0	531	531	531	415.168	259.790	11.944	6.522	1.791	6.743	415.168	259.791	11.944	407	250	7	17	19	9
519	417	512	417	249	184314	442	0	442	442	442	47.863	280.741	10.504	4.589	1.307	4.461	47.863	280.741	10.504	43	272	7	11	16	7
520	1240	1380	1240	672	551800	445	0	445	445	445	91.294	295.511	11.139	7.001	2.217	7.051	91.293	295.511	11.139	82	286	7	19	23	9
521	362	488	362	235	212494	587	0	587	587	587	129.826	284.895	12.367	4.767	1.719	4.505	129.826	284.895	12.367	125	279	7	11	15	10
522	422	414	422	224	129976	308	0	308	308	308	651.166	308.325	9.555	4.397	0.905	4.379	651.165	308.325	9.555	646	304	7	11	9	7
523	305	480	305	220	137555	451	0	451	451	451	262.013	311.279	10.787	4.566	1.739	4.393	262.013	311.279	10.787	255	305	7	14	12	9
524	329	406	329	204	61852	188	0	188	188	188	840.456	358.699	9.128	4.255	1.301	4.083	840.456	358.699	9.128	836	351	7	10	15	6
525	166	272	166	111	78518	473	0	473	473	473	108.831	356.681	11.151	3.310	0.952	3.167	108.831	356.681	11.151	104	353	7	9	8	8
526	168	318	168	136	56952	339	0	339	339	339	810.137	360.173	9.054	3.699	1.326	3.679	810.137	360.172	9.054	804	357	7	13	8	7
527	495	670	495	313	273735	553	0	553	553	553	247.018	381.731	11.156	5.624	2.222	5.303	247.018	381.732	11.156	238	376	7	20	13	10
528	1290	1018	1290	566	767550	595	0	595	595	595	437.328	374.636	13.361	6.627	1.579	6.898	437.328	374.635	13.361	429	366	7	18	16	11
529	176	258	176	117	61952	352	0	352	352	352	628.170	388.597	9.898	3.358	0.981	3.228	628.170	388.597	9.898	625	383	7	7	11	7
530	442	654	442	277	159562	361	0	361	361	361	557.719	397.889	10.579	6.074	2.941	5.343	557.719	397.889	10.579	547	385	7	20	20	9
531	879	836	879	462	426315	485	0	485	485	485	234.275	401.377	10.779	5.885	1.448	5.960	234.275	401.376	10.779	227	395	7	14	15	11
532	1235	970	1235	567	691600	560	0	560	560	560	358.374	404.105	12.002	6.763	1.945	6.682	358.374	404.106	12.002	351	395	7	13	22	10
533	1313	964	1313	540	736593	561	0	561	561	561	370.130	405.888	12.145	6.758	1.689	6.643	370.129	405.888	12.145	364	397	7	14	22	10
534	180	304	180	130	35100	195	0	195	195	195	532.678	404.017	9.944	4.351	1.844	4.407	532.678	404.017	9.944	527	400	7	15	8	7
535	404	464	404	246	148672	368	0	368	368	368	323.067	424.473	9.577	4.540	1.390	4.268	323.067	424.473	9.577	316	421	7	16	8	7
536	1709	1270	1709	694	1037363	607	0	607	607	607	7.356	453.124	12.680	7.468	2.038	7.474	7.356	453.129	12.680	1	442	7	16	23	12
537	556	642	556	293	336380	605	0	605	605	605	306.635	445.068	12.754	5.056	1.348	4.978	306.635	445.069	12.754	300	439	7	16	14	11
538	509	562	509	287	191384	376	0	376	376	376	274.202	449.138	10.538	4.861	1.226	4.800	274.202	449.138	10.538	268	444	7	14	10	9
539	251	324	251	166	152106	606	0	606	606	606	249.147	451.769	12.482	3.811	1.138	3.726	249.148	451.769	12.482	244	449	7	9	8	10
540	1312	1586	1312	780	797696	608	0	608	608	608	25.477	471.855	12.107	8.627	3.591	8.120	25.477	471.855	12.107	8	465	7	33	18	11
541	1422	1120	1422	627	712422	501	0	501	501	501	274.745	136.949	12.062	7.119	1.953	7.097	274.746	136.949	12.062	268	125	8	18	23	9
542	218	356	218	161	85238	391	0	391	391	391	83.028	158.179	11.587	3.999	1.482	3.949	83.028	158.179	11.587	76	155	8	13	7	9
543	198	362	198	157	16434	83	0	83	83	83	20.525	175.914	9.192	4.854	2.248	4.827	20.525	175.914	9.192	10	171	8	19	12	4
544	982	772	982	454	515550	525	0	525	525	525	307.748	251.377	11.644	6.214	1.779	6.213	307.748	251.377	11.644	298	246	8	19	12	8
545	369	500	369	241	103320	280	0	280	280	280	36.851	254.615	10.659	4.602	1.565	4.624	36.851	254.615	10.659	32	249	8	11	15	7
546	429	458	429	235	226512	528	0	528	528	528	253.387	257.928	11.636	4.394	0.934	4.410	253.387	257.928	11.636	248	253	8	13	10	8
547	1270	972	1270	583	750570	591	0	591	591	591	39.613	321.831	13.407	6.678	1.729	6.872	39.614	321.833	13.407	29	316	8	20	15	10
548	217	300	217	145	100471	463	0	463	463	463	316.327	332.926	11.332	3.556	0.952	3.470	316.328	332.926	11.332	311	329	8	11	8	7
549	221	352	221	159	104312	472	0	472	472	472	850.394	355.357	10.805	4.229	1.719	3.935	850.394	355.357	10.805	844	350	8	13	11	7
550	272	414	272	193	129744	477	0	477	477	477	752.945	367.239	10.574	5.143	2.230	4.892	752.945	367.239	10.574	743	362	8	17	10	7
551	166	292	166	132	31872	192	0	192	192	192	307.795	389.898	9.139	4.169	1.995	3.986	307.795	389.898	9.139	302	383	8	14	12	4
552	233	428	233	180	129781	557	0	557	557	557	542.026	393.369	11.236	4.375	1.675	4.259	542.026	393.369	11.236	538	386	8	11	14	8
553	162	272	162	122	78246	483	0	483	483	483	589.339	395.519	11.296	3.676	1.350	3.532	589.340	395.519	11.296	585	393	8	11	6	8
554	1874	1220	1874	713	1122526	599	0	599	599	599	123.200	394.507	12.575	7.585	1.809	7.953	123.200	394.508	12.575	113	382	8	22	23	9
555	505	752	505	357	303000	600	0	600	600	600	418.354	402.097	13.123	6.449	2.485	6.193	418.354	402.097	13.123	406	396	8	23	13	10
556	183	352	183	144	103761	567	0	567	567	567	464.929	415.787	12.628	3.684	1.297	3.638	464.929	415.787	12.628	459	411	8	13	10	8
557	1402	1050	1402	581	842602	601	0	601	601	601	340.568	416.511	12.387	6.940	1.827	7.086	340.568	416.510	12.387	330	408	8	20	18	9
558	509	604	509	309	306418	602	0	602	602	602	46.485	418.825	12.623	4.952	1.523	4.777	46.485	418.825	12.623	42	412	8	11	15	10
559	212	294	212	131	119992	566	0	566	566	566	452.042	417.250	12.118	3.411	0.744	3.291	452.043	417.250	12.118	449	412	8	8	10	8
560	647	866	647	416	402434	622	0	622	622	622	420.241	414.085	13.391	6.289	2.303	6.350	420.242	414.085	13.391	411	408	8	21	16	10
561	824	904	824	450	468032	568	0	568	568	568	355.056	421.885	13.013	6.085	1.825	5.981	355.057	421.885	13.013	348	413	8	17	19	10
562	300	526	300	236	187800	626	0	626	626	626	296.570	451.890	12.690	4.500	1.744	4.278	296.570	451.890	12.690	288	446	8	16	12	9
563	502	606	502	295	287646	573	0	573	573	573	215.570	461.175	11.548	5.050	1.679	5.198	215.569	461.176	11.548	209	457	8	16	10	9
564	618	650	618	353	305910	495	0	495	495	495	93.348	464.176	11.981	5.286	1.476	5.217	93.348	464.176	11.981	88	459	8	11	15	9
565	224	286	224	136	111104	496	0	496	496	496	196.339	465.830	10.688	3.483	0.784	3.280	196.339	465.830	10.688	191	463	8	12	7	6
566	185	296	185	137	70300	380	0	380	380	380	69.043	476.114	10.768	3.789	1.537	3.515	69.043	476.114	10.768	63	474	8	13	6	8
567	188	266	188	126	93812	499	0	499	499	499	662.840	127.426	11.782	3.365	0.926	3.298	662.841	127.426	11.782	660	123	9	7	11	6
568	785	924	785	491	400350	510	0	510	510	510	603.990	170.045	11.801	6.388	2.385	6.303	603.991	170.045	11.801	595	161	9	21	17	6
569	1676	1128	1676	636	1032416	616	0	616	616	616	88.569	227.036	13.510	7.203	1.601	7.537	88.569	227.036	13.510	80	219	9	18	20	9
570	301	460	301	216	127624	424	0	424	424	424	191.777	236.944	10.894	4.480	1.596	4.465	191.777	236.944	10.894	186	232	9	13	14	5
571	416	456	416	237	243360	585	0	585	585	585	255.252	267.861	12.736	4.334	0.887	4.301	255.252	267.861	12.736	251	263	9	11	11	9
572	289	432	289	204	169354	586	0	586	586	586	166.128	274.917	13.028	4.919	1.938	4.600	166.128	274.917	13.028	161	267	9	10	16	8
573	374	514	374	248	201586	539	0	539	539	539	272.754	304.634	11.468	4.847	1.745	4.739	272.754	304.634	11.468	264	299	9	15	13	6
574	162	350	162	144	76788	474	0	474	474	474	737.358	356.179	10.679	4.316	1.932	4.038	737.357	356.179	10.679	733	348	9	13	15	5
575	294	434	294	209	164346	559	0	559	559	559	7.592	400.490	12.626	4.408	1.691	4.185	7.592	400.490	12.626	2	396	9	15	9	10
576	233	334	233	151	133742	574	0	574	574	574	183.129	467.446	12.408	3.719	1.015	3.675	183.129	467.446	12.408	179	464	9	11	9	7
577	186	312	186	142	92628	498	0	498	498	498	9.102	470.995	10.769	3.449	1.043	3.507	9.102	470.994	10.769	4	467	9	11	10	5
578	192	276	192	129	111168	579	0	579	579	579	581.693	194.812	12.536	3.414	0.976	3.309	581.693	194.813	12.536	579	189	10	7	11	6
579	203	308	203	145	82824	408	0	408	408	408	244.749	203.951	11.660	3.810	1.372	3.770	244.749	203.951	11.660	238	200	10	14	9	5
580	451	648	451	301	234069	519	0	519	519	519	339.510	223.404	12.574	4.973	1.667	5.044	339.510	223.404	12.574	333	215	10	14	18	7
581	395	442	395	229	232260	588	0	588	588	588	355.101	285.243	12.947	4.501	1.349	4.343	355.102	285.243	12.947	348	281	10	15	9	7
582	234	350	234	171	127296	544	0	544	544	544	593.167	342.842	11.620	3.920	1.402	3.882	593.167	342.842	11.620	588	339	10	12	10	4
583	338	462	338	220	201448	596	0	596	596	596	535.249	377.178	12.497	4.484	1.538	4.454	535.248	377.177	12.497	532	370	10	8	15	7
584	329	474	329	216	203651	619	0	619	619	619	358.733	374.274	14.073	4.788	2.062	4.174	358.733	374.273	14.073	351	371	10	19	7	9
585	362	602	362	276	216476	598	0	598	598	598	351.682	382.981	12.768	5.384	2.163	5.283	351.683	382.981	12.768	340	377	10	19	14	7
586	347	496	347	232	209588	604	0	604	604	604	366.297	430.738	13.369	4.795	1.909	4.365	366.297	430.738	13.369	362	421	10	9	19	7
587	156	220	156	96	95004	609	0	609	609	609	150.429	472.192	13.071	3.037	0.585	3.017	150.429	472.192	13.071	147	470	10	8	6	7
588	253	410	253	178	154583	611	0	611	611	611	12.257	168.984	13.838	4.541	1.875	4.530	12.257	168.984	13.838	4	166	11	17	10	7
589	399	710	399	317	244587	613	0	613	613	613	307.063	202.637	13.474	5.665	2.091	5.728	307.063	202.637	13.474	301	196	11	15	18	7
590	195	306	195	139	113880	584	0	584	584	584	240.421	262.969	12.856	3.786	1.432	3.739	240.421	262.969	12.856	234	259	11	13	8	5
591	274	500	274	231	147960	540	0	540	540	540	448.825	318.088	12.383	4.675	1.711	4.869	448.825	318.088	12.383	441	311	11	14	15	6
592	358	466	358	238	222318	621	0	621	621	621	363.282	384.578	13.919	4.475	1.472	4.605	363.282	384.578	13.919	359	378	11	10	14	7
593	309	452	309	208	194052	628	0	628	628	628	136.615	470.660	13.479	4.405	1.552	4.380	136.615	470.660	13.479	130	466	11	13	12	7
594	181	256	181	126	110772	612	0	612	612	612	645.840	178.541	13.785	3.241	0.794	3.309	645.840	178.541	13.785	642	174	12	8	9	5
595	219	358	219	157	138627	633	0	633	633	633	230.982	356.918	15.205	4.060	1.560	4.159	230.982	356.918	15.205	223	353	12	14	11	7
596	183	276	183	123	113460	620	0	620	620	620	674.874	377.475	13.738	3.376	0.934	3.254	674.875	377.475	13.738	670	373	12	10	10	5
597	160	248	160	112	100960	631	0	631	631	631	395.950	424.812	14.863	3.309	1.021	3.382	395.950	424.813	14.863	392	421	12	9	8	6
598	184	286	184	131	116288	632	0	632	632	632	48.973	431.087	14.685	3.432	1.033	3.466	48.973	431.087	14.685	43	428	12	12	7	7
599	241	322	241	155	151589	629	0	629	629	629	47.000	206.050	14.892	3.737	1.076	3.667	47.000	206.050	14.892	41	202	13	13	8	5
600	179	312	179	149	112770	630	0	630	630	630	253.279	362.905	15.128	4.121	1.856	3.889	253.279	362.905	15.128	247	356	14	11	13	4
