 	Volume (pixel^3)	Surface (pixel^2)	Nb of obj. voxels	Nb of surf. voxels	IntDen	Mean	StdDev	Median	Min	Max	X	Y	Z	Mean dist. to surf. (pixel)	SD dist. to surf. (pixel)	Median dist. to surf. (pixel)	XM	YM	ZM	BX	BY	BZ	B-width	B-height	B-depth
1	3402	2100	3402	1206	248346	73	0	73	73	73	545.413	587.771	9.154	10.075	3.148	9.768	545.410	587.771	9.154	533	573	3	28	26	13
2	6548	3312	6548	2121	517292	79	0	79	79	79	729.308	599.436	8.772	12.595	3.689	12.829	729.308	599.438	8.772	714	580	3	28	37	12
3	934	718	934	443	14010	15	0	15	15	15	759.418	617.636	7.969	5.735	1.026	5.837	759.418	617.636	7.969	754	612	3	12	14	12
4	1207	1154	1207	590	106216	88	0	88	88	88	810.668	614.934	8.539	7.663	3.155	6.987	810.668	614.934	8.539	801	604	3	24	22	11
5	3534	2268	3534	1325	332196	94	0	94	94	94	774.557	626.636	9.059	10.572	4.155	9.884	774.563	626.636	9.059	759	609	3	39	33	13
6	3246	1940	3246	1140	301878	93	0	93	93	93	742.800	630.760	9.278	9.397	2.370	9.616	742.798	630.762	9.278	730	621	3	27	24	12
7	2650	1720	2650	979	257050	97	0	97	97	97	794.718	631.174	9.176	8.747	2.074	8.805	794.717	631.176	9.176	787	618	3	19	26	13
8	2962	1922	2962	1100	793816	268	0	268	268	268	781.724	644.822	9.409	9.771	3.463	9.227	781.726	644.822	9.409	769	620	3	24	37	13
9	3334	2180	3334	1167	340068	102	0	102	102	102	755.931	648.138	8.773	9.668	2.495	9.843	755.936	648.139	8.773	744	635	3	25	30	12
10	4516	2520	4516	1533	465148	103	0	103	103	103	821.226	650.721	9.433	11.024	3.258	11.184	821.227	650.722	9.433	807	638	3	28	30	12
11	2163	1310	2163	833	229278	106	0	106	106	106	879.411	655.522	8.893	7.986	1.761	8.030	879.407	655.521	8.893	872	647	3	21	19	12
12	4108	2360	4108	1488	86268	21	0	21	21	21	854.566	670.908	8.830	10.975	3.593	10.695	854.551	670.910	8.830	838	662	3	37	21	12
13	3039	1740	3039	1144	367719	121	0	121	121	121	701.003	682.088	8.788	9.100	2.201	9.207	701.002	682.087	8.788	688	674	3	25	21	14
14	2549	1532	2549	1006	61176	24	0	24	24	24	893.652	676.065	8.689	8.691	2.327	9.049	893.652	676.065	8.689	883	665	3	22	20	11
15	4190	2938	4190	1723	511180	122	0	122	122	122	825.180	683.744	8.859	11.945	4.341	11.554	825.176	683.744	8.859	814	661	3	24	42	12
16	3283	2156	3283	1301	91924	28	0	28	28	28	849.899	703.545	8.180	10.051	3.074	10.170	849.908	703.545	8.180	834	693	3	29	27	11
17	1975	1394	1975	783	270575	137	0	137	137	137	959.395	706.093	9.190	7.878	2.050	8.302	959.393	706.092	9.190	949	695	3	20	23	11
18	3296	2192	3296	1274	105472	32	0	32	32	32	890.090	717.815	8.259	10.009	3.021	10.203	890.090	717.815	8.259	877	703	3	25	33	11
19	1846	1324	1846	795	258440	140	0	140	140	140	1004.397	705.010	8.512	8.344	2.769	8.476	1004.403	705.009	8.512	994	692	3	20	22	11
20	3311	2342	3311	1374	483406	146	0	146	146	146	723.475	715.198	8.929	9.837	2.742	10.097	723.472	715.195	8.929	710	704	3	28	27	12
21	1590	1100	1590	594	233730	147	0	147	147	147	908.478	716.888	8.389	7.018	1.379	7.075	908.478	716.888	8.389	902	708	3	16	19	11
22	2365	1934	2365	1106	82775	35	0	35	35	35	836.074	727.700	8.193	9.345	3.206	9.329	836.081	727.701	8.193	820	715	3	30	27	11
23	574	564	574	290	19516	34	0	34	34	34	854.781	725.134	8.124	4.949	1.108	4.943	854.781	725.134	8.124	848	721	3	15	11	10
24	6699	3872	6699	2294	1118733	167	0	167	167	167	953.680	743.844	8.996	13.644	4.602	13.348	953.682	743.841	8.996	932	724	3	38	41	12
25	2142	1546	2142	828	79254	37	0	37	37	37	872.077	733.034	8.361	8.224	2.224	8.338	872.069	733.035	8.361	863	719	3	21	28	11
26	988	846	988	472	37544	38	0	38	38	38	1007.673	734.397	8.038	6.080	1.423	5.984	1007.675	734.397	8.038	998	728	3	16	14	10
27	4959	2718	4959	1654	1601757	323	0	323	323	323	697.860	742.452	9.274	11.373	3.317	11.291	697.858	742.445	9.274	688	729	3	25	34	13
28	2262	1494	2262	948	755508	334	0	334	334	334	755.648	748.341	9.511	8.933	3.078	8.497	755.648	748.341	9.511	748	732	3	14	31	13
29	2842	1684	2842	1018	485982	171	0	171	171	171	839.579	747.830	9.031	9.107	2.465	8.941	839.576	747.828	9.031	828	734	3	23	25	12
30	3998	2334	3998	1451	655672	164	0	164	164	164	785.770	736.784	9.333	10.611	3.126	10.346	785.762	736.783	9.333	771	724	3	35	25	12
31	1830	1222	1830	713	71370	39	0	39	39	39	885.028	745.210	8.233	7.571	1.759	7.547	885.035	745.211	8.233	873	736	3	20	23	11
32	6097	3432	6097	2107	1054781	173	0	173	173	173	733.150	746.971	9.481	12.686	4.081	12.879	733.149	746.972	9.481	713	731	3	39	38	13
33	2685	1550	2685	978	461820	172	0	172	172	172	783.355	753.000	9.039	8.911	2.480	8.720	783.362	753.000	9.039	772	747	3	27	16	12
34	4374	2598	4374	1630	774198	177	0	177	177	177	852.295	762.162	8.628	11.338	3.631	11.190	852.293	762.165	8.628	837	739	3	31	39	12
35	2280	1376	2280	816	93480	41	0	41	41	41	875.590	758.701	8.237	8.075	1.848	8.417	875.584	758.702	8.237	867	748	3	19	21	11
36	5357	3264	5357	1893	974974	182	0	182	182	182	992.677	780.020	8.625	13.533	5.495	12.790	992.678	780.021	8.625	978	753	3	29	48	12
37	2175	1382	2175	845	91350	42	0	42	42	42	894.974	762.836	8.411	8.274	2.206	8.203	894.963	762.837	8.411	885	755	3	22	21	11
38	1991	1330	1991	813	89595	45	0	45	45	45	876.083	778.052	7.674	7.958	2.118	8.295	876.077	778.052	7.674	866	768	3	22	20	10
39	3524	2498	3524	1437	169152	48	0	48	48	48	967.160	776.678	8.338	10.707	3.479	10.740	967.160	776.678	8.338	951	760	3	31	33	11
40	2828	1952	2828	1093	130088	46	0	46	46	46	900.948	778.987	8.525	9.594	3.097	9.283	900.960	778.986	8.525	888	770	3	32	19	11
41	4996	2822	4996	1654	914268	183	0	183	183	183	783.054	780.706	9.310	11.227	3.157	11.762	783.051	780.706	9.310	768	766	3	32	31	13
42	4869	3248	4869	1894	262926	54	0	54	54	54	932.508	837.671	7.933	12.340	4.264	12.494	932.517	837.670	7.933	918	817	3	37	41	11
43	3180	2208	3180	1221	636000	200	0	200	200	200	969.003	842.769	9.040	9.808	2.875	9.971	968.992	842.768	9.040	957	827	3	24	34	12
44	2439	1668	2439	985	146340	60	0	60	60	60	975.333	871.358	8.094	8.905	2.725	9.051	975.348	871.359	8.094	963	862	3	24	26	10
45	1034	878	1034	503	61006	59	0	59	59	59	992.910	867.726	7.977	6.295	1.639	6.167	992.913	867.726	7.977	987	861	3	13	19	11
46	2548	1616	2548	939	945308	371	0	371	371	371	1006.328	874.560	9.441	8.616	2.166	8.727	1006.323	874.556	9.441	992	864	3	25	22	12
47	2256	1620	2256	926	485040	215	0	215	215	215	492.179	543.648	9.998	8.594	2.377	8.533	492.181	543.649	9.998	484	529	4	20	24	13
48	4586	2302	4586	1410	1004334	219	0	219	219	219	445.380	551.476	9.580	10.546	2.535	10.796	445.381	551.475	9.580	430	540	4	28	23	13
49	1710	1130	1710	675	661770	387	0	387	387	387	475.699	546.220	10.509	7.179	1.278	7.235	475.699	546.220	10.509	468	538	4	15	19	13
50	511	716	511	339	5110	10	0	10	10	10	516.824	540.491	7.986	6.040	2.314	5.914	516.824	540.491	7.986	508	529	4	18	18	9
51	406	560	406	259	89726	221	0	221	221	221	525.761	549.722	9.502	4.769	1.627	4.838	525.760	549.722	9.502	523	543	4	10	15	10
52	5049	3286	5049	1891	1964061	389	0	389	389	389	292.669	553.822	10.874	12.497	4.463	12.431	292.669	553.824	10.874	269	539	4	41	29	14
53	2525	1588	2525	840	563075	223	0	223	223	223	389.958	561.969	9.718	8.383	1.722	8.391	389.959	561.963	9.718	380	552	4	22	23	13
54	1604	1264	1604	768	622352	388	0	388	388	388	462.533	554.166	10.595	8.009	2.946	7.456	462.531	554.165	10.595	458	543	4	11	27	13
55	8818	4628	8818	2873	1975232	224	0	224	224	224	493.190	565.119	9.972	16.002	6.259	15.884	493.219	565.120	9.972	474	546	4	49	45	13
56	4595	2330	4595	1474	1033875	225	0	225	225	225	626.536	564.286	9.498	10.751	2.942	10.659	626.539	564.290	9.498	613	550	4	24	31	12
57	3489	2100	3489	1280	774558	222	0	222	222	222	644.367	565.069	9.448	10.386	3.499	10.176	644.372	565.068	9.448	638	548	4	20	36	12
58	1662	1244	1662	715	111354	67	0	67	67	67	541.189	559.981	9.004	7.568	2.118	7.573	541.193	559.981	9.004	529	552	4	26	19	10
59	4016	2446	4016	1463	277104	69	0	69	69	69	353.026	571.581	9.347	10.742	3.329	10.726	353.022	571.581	9.347	338	560	4	34	29	13
60	1268	922	1268	570	86224	68	0	68	68	68	448.460	568.248	8.800	6.689	1.587	6.446	448.460	568.248	8.800	438	564	4	20	12	11
61	1926	1294	1926	794	442980	230	0	230	230	230	426.990	571.767	9.927	7.784	1.980	7.621	426.992	571.766	9.927	418	565	4	20	20	12
62	2161	1400	2161	871	488386	226	0	226	226	226	469.308	566.071	10.482	8.293	2.421	8.022	469.305	566.071	10.482	461	554	4	15	25	12
63	4143	2244	4143	1402	1640628	396	0	396	396	396	327.804	574.769	11.070	10.587	3.016	10.786	327.807	574.770	11.070	318	561	4	23	32	13
64	1851	1372	1851	768	427581	231	0	231	231	231	531.511	574.041	10.026	7.767	2.049	7.744	531.512	574.040	10.026	525	562	4	16	26	12
65	1326	1020	1326	612	519792	392	0	392	392	392	518.768	568.594	10.658	6.663	1.571	6.737	518.764	568.594	10.658	511	559	4	14	18	12
66	3235	2022	3235	1215	226450	70	0	70	70	70	577.085	576.364	8.868	9.925	2.995	9.773	577.093	576.364	8.868	561	565	4	32	26	11
67	3401	2020	3401	1275	789032	232	0	232	232	232	597.195	575.620	9.859	10.452	3.598	9.991	597.185	575.619	9.859	588	555	4	20	38	12
68	3014	2124	3014	1245	714318	237	0	237	237	237	386.149	585.378	9.674	9.668	2.864	9.592	386.148	585.375	9.674	373	573	4	29	25	12
69	2399	1702	2399	973	952403	397	0	397	397	397	504.165	581.047	10.659	8.332	1.953	8.557	504.166	581.046	10.659	495	572	4	20	21	13
70	3398	2124	3398	1201	798530	235	0	235	235	235	406.925	579.108	10.298	10.056	3.114	9.966	406.926	579.107	10.298	394	561	4	26	34	12
71	2781	1876	2781	1094	197451	71	0	71	71	71	703.648	580.849	9.337	9.245	2.572	9.031	703.652	580.849	9.337	692	568	4	26	22	11
72	2629	1762	2629	1103	612557	233	0	233	233	233	611.664	573.362	9.703	9.913	3.917	8.994	611.664	573.362	9.703	604	555	4	30	30	11
73	5086	2938	5086	1787	1200296	236	0	236	236	236	664.891	580.938	10.381	12.031	4.018	11.778	664.895	580.938	10.381	642	565	4	40	29	13
74	1470	996	1470	575	105840	72	0	72	72	72	519.663	585.742	9.569	6.806	1.265	6.821	519.663	585.742	9.569	513	578	4	15	18	11
75	2846	1648	2846	1041	210604	74	0	74	74	74	632.582	594.762	9.707	9.060	2.454	9.180	632.575	594.761	9.707	624	584	4	20	24	11
76	3858	2158	3858	1331	918204	238	0	238	238	238	439.663	586.859	10.329	10.221	2.737	10.286	439.665	586.861	10.329	423	566	4	28	33	13
77	2535	1582	2535	982	1008930	398	0	398	398	398	304.480	588.225	11.485	8.675	2.180	8.718	304.482	588.228	11.485	294	582	4	24	17	13
78	3175	1794	3175	1091	241300	76	0	76	76	76	458.781	593.538	9.254	9.463	2.602	9.331	458.789	593.537	9.254	450	579	4	22	26	12
79	2983	1952	2983	1244	718903	241	0	241	241	241	659.655	600.214	10.163	10.165	3.377	10.256	659.655	600.215	10.163	645	593	4	29	23	12
80	2943	2286	2943	1321	1177200	400	0	400	400	400	688.344	588.145	9.809	11.360	4.811	10.429	688.333	588.144	9.809	675	565	4	26	42	12
81	1672	1298	1672	761	130416	78	0	78	78	78	380.313	604.873	9.157	7.554	1.927	7.524	380.316	604.874	9.157	375	595	4	17	21	11
82	2371	1584	2371	904	192051	81	0	81	81	81	781.836	602.051	9.092	8.475	2.256	8.791	781.833	602.051	9.092	771	588	4	24	26	10
83	2446	1728	2446	1063	594378	243	0	243	243	243	365.415	605.309	10.305	8.994	2.605	8.879	365.416	605.307	10.305	355	596	4	19	27	12
84	2851	1680	2851	1022	1157506	406	0	406	406	406	682.991	606.980	10.025	8.877	2.007	9.265	682.988	606.980	10.025	671	597	4	25	23	13
85	1915	1392	1915	804	153200	80	0	80	80	80	533.227	603.092	8.911	7.986	2.165	8.003	533.227	603.092	8.911	521	593	4	27	20	11
86	3035	1846	3035	1140	233695	77	0	77	77	77	754.384	597.792	9.039	9.895	3.405	9.558	754.382	597.792	9.039	746	578	4	18	35	11
87	1871	1246	1871	733	155293	83	0	83	83	83	705.611	609.719	9.107	7.685	1.825	7.844	705.614	609.719	9.107	697	602	4	18	22	12
88	1560	1180	1560	791	134160	86	0	86	86	86	745.619	609.851	9.186	8.497	3.655	7.791	745.624	609.851	9.186	739	590	4	14	32	11
89	7178	3738	7178	2298	1765788	246	0	246	246	246	549.577	615.026	9.574	13.585	4.552	13.591	549.578	615.024	9.574	529	597	4	46	36	12
90	1067	898	1067	516	89628	84	0	84	84	84	769.324	609.586	9.147	6.697	2.135	6.432	769.324	609.586	9.147	765	595	4	12	24	11
91	1751	1274	1751	718	148835	85	0	85	85	85	518.094	614.088	8.709	7.547	1.893	7.773	518.092	614.088	8.709	511	604	4	18	20	10
92	2882	2394	2882	1372	51876	18	0	18	18	18	846.890	631.414	8.931	11.167	4.760	10.414	846.880	631.414	8.931	831	611	4	39	34	10
93	1139	884	1139	503	283611	249	0	249	249	249	404.489	618.075	9.699	6.232	1.293	6.230	404.488	618.074	9.699	398	611	4	13	16	12
94	1841	1202	1841	707	456568	248	0	248	248	248	238.374	619.583	9.568	7.471	1.680	7.865	238.374	619.583	9.568	230	611	4	18	19	11
95	1211	1084	1211	582	107779	89	0	89	89	89	671.742	620.437	9.353	6.790	1.859	6.645	671.740	620.437	9.353	658	613	4	23	15	10
96	3130	2196	3130	1295	272310	87	0	87	87	87	456.598	616.309	9.071	10.025	3.167	9.968	456.603	616.310	9.071	447	600	4	26	35	13
97	912	1114	912	510	233472	256	0	256	256	256	598.060	628.387	9.458	7.891	4.040	6.492	598.060	628.387	9.458	590	619	4	15	30	13
98	1627	1168	1627	704	26032	16	0	16	16	16	723.718	620.687	8.259	7.499	2.186	7.188	723.718	620.687	8.259	713	615	4	26	13	10
99	1130	914	1130	553	283630	251	0	251	251	251	441.113	620.565	10.196	6.450	1.589	6.377	441.115	620.565	10.196	433	612	4	15	17	11
100	2310	1586	2310	907	963270	417	0	417	417	417	427.597	627.156	10.228	8.482	2.367	8.208	427.590	627.159	10.228	420	618	4	18	25	13
101	4569	3220	4569	1821	1114836	244	0	244	244	244	606.430	612.597	9.434	12.748	5.224	12.517	606.426	612.597	9.434	585	600	4	38	45	12
102	707	714	707	377	180285	255	0	255	255	255	857.622	623.844	8.972	5.845	2.121	5.396	857.623	623.844	8.972	851	618	4	17	15	10
103	2226	1798	2226	1013	211470	95	0	95	95	95	525.312	634.640	8.714	9.578	3.803	8.969	525.315	634.640	8.714	510	623	4	28	29	13
104	3287	2166	3287	1241	848046	258	0	258	258	258	651.310	633.774	9.849	9.723	2.674	9.896	651.306	633.776	9.849	638	623	4	28	25	12
105	4664	2706	4664	1635	1235960	265	0	265	265	265	719.990	638.729	9.557	11.407	3.566	11.552	719.995	638.728	9.557	707	626	4	34	30	13
106	2979	1644	2979	961	765603	257	0	257	257	257	817.698	629.870	9.769	8.815	1.796	9.007	817.707	629.882	9.769	807	618	4	22	21	12
107	6042	3474	6042	2053	2531598	419	0	419	419	419	574.950	632.105	10.235	12.771	4.179	12.821	574.949	632.106	10.235	559	616	4	39	37	13
108	6443	3634	6443	2139	1752496	272	0	272	272	272	451.077	655.201	9.559	13.089	4.327	12.878	451.060	655.201	9.559	433	633	4	32	44	12
109	154	244	154	119	154	1	0	1	1	1	482.383	638.500	6.532	3.403	1.220	3.561	482.383	638.500	6.532	479	634	4	8	10	5
110	2477	1612	2477	946	245223	99	0	99	99	99	886.567	639.781	8.425	8.799	2.609	8.778	886.568	639.781	8.425	873	631	4	30	17	10
111	3500	2024	3500	1193	924000	264	0	264	264	264	624.880	635.925	10.053	9.920	2.763	9.787	624.871	635.925	10.053	614	621	4	24	28	12
112	2632	1614	2632	912	718536	273	0	273	273	273	637.595	650.302	9.994	8.494	1.835	8.785	637.595	650.300	9.994	627	637	4	21	24	13
113	2549	1720	2549	1030	1073129	421	0	421	421	421	672.345	640.591	10.547	8.916	2.571	9.182	672.345	640.591	10.547	663	629	4	20	25	12
114	2533	1596	2533	976	663646	262	0	262	262	262	695.991	637.659	9.827	8.885	2.544	8.773	695.991	637.657	9.827	682	629	4	28	19	12
115	3366	2030	3366	1271	922284	274	0	274	274	274	848.902	650.557	9.240	10.101	3.085	9.990	848.900	650.555	9.240	834	639	4	29	23	12
116	3661	2438	3661	1380	1555925	425	0	425	425	425	517.617	655.057	9.921	10.748	3.693	10.478	517.616	655.058	9.921	507	637	4	33	33	13
117	2063	1498	2063	870	872649	423	0	423	423	423	696.587	651.628	10.387	8.708	3.069	8.443	696.587	651.631	10.387	683	644	4	30	16	13
118	1569	1190	1569	650	431475	275	0	275	275	275	469.782	656.187	9.746	7.256	1.944	7.310	469.782	656.187	9.746	464	646	4	19	20	11
119	6809	3766	6809	2282	1892902	278	0	278	278	278	626.226	665.104	9.901	14.104	5.187	14.272	626.227	665.105	9.901	603	649	4	47	42	13
120	1733	1300	1733	784	34660	20	0	20	20	20	896.585	656.876	8.571	8.058	2.758	7.682	896.585	656.876	8.571	886	642	4	25	24	9
121	1406	944	1406	629	153254	109	0	109	109	109	865.971	657.511	9.046	6.890	1.667	6.835	865.971	657.511	9.046	861	646	4	12	20	11
122	5395	3494	5395	1940	593450	110	0	110	110	110	371.773	658.281	9.196	13.097	5.074	12.426	371.778	658.278	9.196	349	640	4	52	35	11
123	6216	3508	6216	2100	696192	112	0	112	112	112	779.962	670.549	9.271	12.683	4.003	12.841	779.995	670.550	9.271	763	654	4	37	34	12
124	682	674	682	360	191642	281	0	281	281	281	410.405	661.639	9.519	5.669	1.729	5.523	410.404	661.638	9.519	402	655	4	18	13	10
125	3646	2102	3646	1283	1556842	427	0	427	427	427	684.598	666.443	10.442	9.807	2.537	10.046	684.605	666.440	10.442	675	653	4	22	31	13
126	1765	1172	1765	726	758950	430	0	430	430	430	703.126	667.784	11.068	7.327	1.461	7.476	703.126	667.781	11.068	695	660	4	18	14	14
127	3199	1976	3199	1226	905317	283	0	283	283	283	665.951	670.161	10.093	9.741	2.884	9.624	665.950	670.162	10.093	653	660	4	27	25	12
128	2018	1606	2018	907	44396	22	0	22	22	22	914.546	667.611	8.490	8.621	2.819	8.644	914.552	667.611	8.490	905	652	4	25	25	9
129	1716	1174	1716	702	193908	113	0	113	113	113	808.084	673.520	8.658	7.387	1.771	7.714	808.081	673.520	8.658	801	663	4	16	21	10
130	2583	2176	2583	1180	1115856	432	0	432	432	432	418.147	673.822	10.472	9.844	3.437	9.302	418.154	673.821	10.472	407	658	4	23	34	12
131	3535	2290	3535	1387	420665	119	0	119	119	119	723.412	678.482	9.266	10.572	3.465	10.370	723.412	678.483	9.266	712	663	4	30	29	11
132	2372	1576	2372	882	664160	280	0	280	280	280	499.414	665.388	10.148	8.336	2.005	8.517	499.420	665.388	10.148	486	654	4	23	23	14
133	2107	1832	2107	1090	604709	287	0	287	287	287	620.470	682.893	9.839	9.454	3.812	9.054	620.475	682.897	9.839	610	673	4	28	29	11
134	2404	1504	2404	926	274056	114	0	114	114	114	752.884	677.966	8.431	8.552	2.332	8.617	752.877	677.967	8.431	745	667	4	19	25	10
135	6407	4192	6407	2346	1806774	282	0	282	282	282	322.626	667.674	9.674	14.251	5.436	13.766	322.625	667.670	9.674	300	649	4	44	42	13
136	613	558	613	346	16551	27	0	27	27	27	840.378	686.409	8.290	5.086	1.196	5.029	840.378	686.409	8.290	837	680	4	8	15	10
137	547	524	547	297	14222	26	0	26	26	26	849.552	685.470	7.850	4.841	0.994	4.807	849.552	685.470	7.850	846	681	4	10	11	9
138	1814	1198	1814	753	217680	120	0	120	120	120	738.718	683.263	9.178	7.708	2.072	7.422	738.723	683.263	9.178	731	672	4	14	23	10
139	2677	1778	2677	1014	66925	25	0	25	25	25	954.934	683.480	8.444	9.167	2.891	9.254	954.922	683.480	8.444	943	672	4	32	25	10
140	1997	1278	1997	751	255616	128	0	128	128	128	684.207	693.929	9.191	7.689	1.643	7.949	684.207	693.929	9.191	675	683	4	17	21	11
141	3666	2454	3666	1442	1070472	292	0	292	292	292	599.864	682.117	9.789	10.611	3.253	10.496	599.862	682.116	9.789	587	664	4	25	34	11
142	1688	1192	1688	751	209312	124	0	124	124	124	792.446	684.867	9.208	7.618	2.212	7.253	792.455	684.866	9.208	778	678	4	28	14	11
143	3151	2082	3151	1212	400177	127	0	127	127	127	898.927	693.867	8.752	10.131	3.552	9.824	898.930	693.863	8.752	886	684	4	35	21	11
144	3483	2224	3483	1310	1044900	300	0	300	300	300	799.583	695.516	9.592	10.603	3.740	10.242	799.584	695.514	9.592	779	684	4	35	22	12
145	1921	1488	1921	862	236283	123	0	123	123	123	872.055	684.666	8.697	8.344	2.713	8.349	872.056	684.667	8.697	857	674	4	28	21	10
146	1047	798	1047	542	135063	129	0	129	129	129	700.167	694.925	9.076	6.314	1.644	6.373	700.165	694.925	9.076	693	691	4	17	8	12
147	787	790	787	441	232952	296	0	296	296	296	919.822	687.422	9.555	6.131	2.034	5.787	919.818	687.422	9.555	911	682	4	17	16	10
148	217	300	217	149	64449	297	0	297	297	297	931.161	691.171	9.442	3.619	1.076	3.450	931.161	691.170	9.442	927	688	4	11	8	9
149	1028	1086	1028	558	133640	130	0	130	130	130	757.518	697.302	8.993	7.192	2.819	6.783	757.515	697.301	8.993	750	687	4	21	23	10
150	837	828	837	411	109647	131	0	131	131	131	995.398	694.513	9.079	6.187	2.051	5.847	995.399	694.512	9.079	990	683	4	15	20	10
151	888	744	888	433	117216	132	0	132	132	132	718.979	697.339	8.887	5.829	1.307	5.714	718.976	697.339	8.887	711	693	4	17	10	10
152	2342	1552	2342	950	323196	138	0	138	138	138	980.176	700.618	8.697	8.771	2.819	8.785	980.173	700.617	8.697	969	685	4	23	26	10
153	3577	1928	3577	1238	504357	141	0	141	141	141	699.681	708.900	9.557	9.616	2.255	9.820	699.681	708.897	9.557	688	700	4	25	19	12
154	1913	1276	1913	762	254429	133	0	133	133	133	553.741	697.970	8.981	7.768	1.924	7.751	553.738	697.970	8.981	546	687	4	17	22	10
155	4152	2672	4152	1543	556368	134	0	134	134	134	575.400	699.970	9.363	10.922	3.414	11.319	575.404	699.969	9.363	562	686	4	34	30	11
156	469	496	469	258	63784	136	0	136	136	136	730.989	702.772	8.932	4.570	0.972	4.498	730.989	702.772	8.932	727	697	4	11	10	10
157	6772	3638	6772	2098	2979680	440	0	440	440	440	400.758	703.559	10.788	12.737	3.748	12.933	400.764	703.559	10.788	384	686	4	35	36	14
158	2757	1678	2757	1036	829857	301	0	301	301	301	455.726	695.256	9.835	8.975	2.536	9.223	455.724	695.259	9.835	445	680	4	19	30	11
159	1786	1264	1786	713	789412	442	0	442	442	442	682.435	713.590	10.284	7.470	1.704	7.532	682.433	713.589	10.284	673	704	4	16	20	13
160	507	500	507	260	15717	31	0	31	31	31	813.075	707.992	7.791	4.696	1.040	4.631	813.075	707.992	7.791	807	703	4	14	9	9
161	3625	2276	3625	1407	551000	152	0	152	152	152	982.762	721.922	9.065	10.733	3.560	10.735	982.778	721.923	9.065	966	705	4	35	33	11
162	2693	2032	2693	1175	818672	304	0	304	304	304	373.534	705.242	9.111	10.319	3.992	9.991	373.536	705.240	9.111	353	688	4	36	26	11
163	2571	1574	2571	952	365082	142	0	142	142	142	592.893	714.447	9.084	8.666	2.231	8.952	592.896	714.448	9.084	581	702	4	23	23	11
164	2422	1846	2422	1021	1060836	438	0	438	438	438	430.560	707.463	10.382	9.081	2.936	8.706	430.562	707.464	10.382	417	694	4	25	27	12
165	2115	1544	2115	877	319365	151	0	151	151	151	805.422	719.045	9.426	8.542	2.802	8.175	805.423	719.044	9.426	790	711	4	33	19	11
166	3910	2468	3910	1449	1196460	306	0	306	306	306	868.876	709.234	9.216	10.772	3.460	10.603	868.875	709.232	9.216	857	694	4	29	31	11
167	1796	1132	1796	736	258624	144	0	144	144	144	371.801	720.343	9.302	7.443	1.701	7.532	371.801	720.343	9.302	365	713	4	14	19	11
168	1822	1162	1822	737	278766	153	0	153	153	153	386.265	720.195	9.080	7.539	1.686	7.476	386.263	720.195	9.080	379	712	4	20	17	11
169	2948	2222	2948	1246	442200	150	0	150	150	150	746.162	719.095	8.651	10.062	3.432	9.899	746.165	719.096	8.651	734	700	4	30	33	10
170	1536	1260	1536	687	677376	441	0	441	441	441	790.347	713.501	9.818	7.191	1.904	7.162	790.348	713.499	9.818	781	705	4	20	18	12
171	790	728	790	389	114550	145	0	145	145	145	662.908	715.046	8.862	5.519	1.233	5.633	662.906	715.047	8.862	656	709	4	16	12	9
172	1306	1064	1306	639	193288	148	0	148	148	148	1005.910	718.800	8.995	6.956	1.942	6.890	1005.904	718.800	8.995	995	713	4	19	15	10
173	1299	1102	1299	580	645603	497	0	497	497	497	444.411	719.447	11.135	6.675	1.632	6.785	444.412	719.447	11.135	437	710	4	16	18	12
174	3605	2054	3605	1318	558775	155	0	155	155	155	673.941	729.541	8.996	10.192	3.018	10.082	673.945	729.538	8.996	657	717	4	31	22	12
175	1044	740	1044	504	34452	33	0	33	33	33	696.973	723.577	8.294	6.292	1.774	6.150	696.969	723.576	8.294	688	720	4	19	8	9
176	2367	1596	2367	968	747972	316	0	316	316	316	578.404	731.192	9.337	8.569	2.325	8.786	578.408	731.192	9.337	570	716	4	22	28	11
177	8957	4984	8957	3138	1406249	157	0	157	157	157	630.281	732.172	9.222	16.620	6.568	16.313	630.280	732.180	9.222	602	716	4	57	50	11
178	2209	1366	2209	870	79524	36	0	36	36	36	595.795	735.182	8.762	8.121	1.979	8.262	595.795	735.182	8.762	586	725	4	22	20	11
179	1678	1150	1678	676	531926	317	0	317	317	317	715.825	732.619	9.999	7.197	1.564	7.148	715.823	732.621	9.999	707	724	4	19	19	12
180	2804	1782	2804	1084	448640	160	0	160	160	160	491.510	733.296	9.371	9.530	3.162	8.967	491.510	733.296	9.371	485	716	4	20	33	11
181	2614	1794	2614	999	407784	156	0	156	156	156	816.717	731.668	8.515	8.926	2.362	9.046	816.725	731.667	8.515	804	720	4	24	26	11
182	4048	2770	4048	1587	1262976	312	0	312	312	312	416.135	735.376	9.996	11.362	3.982	11.480	416.142	735.372	9.996	400	721	4	31	34	12
183	3923	2174	3923	1354	1227899	313	0	313	313	313	555.333	725.270	9.926	10.530	3.241	10.576	555.333	725.269	9.926	541	712	4	28	25	12
184	1510	1066	1510	612	243110	161	0	161	161	161	986.793	737.291	8.693	6.948	1.450	6.984	986.793	737.289	8.693	978	731	4	20	15	10
185	4670	2728	4670	1629	761210	163	0	163	163	163	442.540	743.612	9.660	11.303	3.453	11.631	442.541	743.610	9.660	430	728	4	27	34	12
186	1414	1036	1414	624	462378	327	0	327	327	327	859.412	743.354	9.418	6.971	1.727	6.821	859.410	743.355	9.418	852	732	4	20	19	11
187	2203	1418	2203	878	718178	326	0	326	326	326	529.000	741.469	9.640	8.135	2.056	8.480	529.001	741.471	9.640	518	733	4	21	20	11
188	2180	1368	2180	870	361880	166	0	166	166	166	544.685	744.104	9.052	8.403	2.553	7.846	544.688	744.104	9.052	537	733	4	15	27	11
189	5768	2860	5768	1835	1845760	320	0	320	320	320	390.842	738.930	10.243	12.309	3.896	12.126	390.842	738.928	10.243	375	727	4	37	25	13
190	1227	926	1227	516	391413	319	0	319	319	319	936.917	732.667	10.243	6.471	1.501	6.684	936.924	732.665	10.243	929	724	4	17	17	11
191	5792	3372	5792	2061	2612192	451	0	451	451	451	673.413	751.408	10.307	12.424	3.846	12.775	673.414	751.405	10.307	652	739	4	36	33	13
192	5557	3152	5557	1860	2495093	449	0	449	449	449	474.491	734.482	10.198	12.611	4.458	11.965	474.480	734.478	10.198	461	711	4	26	44	13
193	1898	1238	1898	741	322660	170	0	170	170	170	643.985	748.941	9.101	7.678	1.795	7.386	643.982	748.941	9.101	637	743	4	21	17	12
194	1406	1314	1406	686	222148	158	0	158	158	158	918.415	733.058	8.572	8.043	2.966	7.833	918.418	733.058	8.572	909	721	4	20	26	9
195	2951	1982	2951	1186	1336803	453	0	453	453	453	293.664	756.581	10.220	9.958	3.520	9.649	293.663	756.583	10.220	283	735	4	21	39	12
196	2381	1476	2381	919	400008	168	0	168	168	168	561.463	745.588	9.442	8.394	2.037	8.473	561.454	745.589	9.442	551	737	4	24	23	11
197	2806	1848	2806	1106	491050	175	0	175	175	175	592.362	753.860	9.746	9.381	2.797	9.443	592.363	753.858	9.746	580	745	4	27	24	11
198	2139	1418	2139	854	710148	332	0	332	332	332	975.843	748.818	9.653	8.247	2.192	8.256	975.846	748.817	9.653	968	738	4	20	21	12
199	2726	1816	2726	1062	1232152	452	0	452	452	452	392.075	756.274	10.837	9.108	2.724	9.350	392.072	756.275	10.837	378	748	4	29	21	12
200	1005	964	1005	509	337680	336	0	336	336	336	813.146	751.435	9.978	6.208	1.739	6.342	813.146	751.435	9.978	804	744	4	19	15	10
201	1142	866	1142	532	45680	40	0	40	40	40	278.527	750.780	8.529	6.333	1.524	6.640	278.527	750.780	8.529	271	745	4	17	15	10
202	1635	1210	1635	736	276315	169	0	169	169	169	902.394	746.666	8.544	7.680	2.280	7.579	902.394	746.666	8.544	893	738	4	22	18	10
203	3352	2314	3352	1293	1528512	456	0	456	456	456	719.843	766.641	10.339	10.362	3.463	9.980	719.838	766.640	10.339	704	752	4	30	33	13
204	400	504	400	239	135200	338	0	338	338	338	927.028	759.497	8.825	4.879	1.841	4.653	927.026	759.497	8.825	918	756	4	17	9	9
205	4686	2878	4686	1678	834108	178	0	178	178	178	752.070	769.671	9.237	11.821	4.084	11.291	752.068	769.669	9.237	732	755	4	40	30	11
206	1570	1160	1570	715	533800	340	0	340	340	340	773.224	763.164	9.904	8.155	3.183	7.401	773.221	763.165	9.904	763	758	4	29	13	11
207	2128	1616	2128	896	968240	455	0	455	455	455	349.460	764.625	10.470	8.328	2.391	8.161	349.460	764.622	10.470	337	757	4	26	18	14
208	2893	1872	2893	1085	998085	345	0	345	345	345	806.888	770.011	9.414	9.155	2.363	9.569	806.886	770.011	9.414	795	759	4	23	24	11
209	1748	1332	1748	780	76912	44	0	44	44	44	1009.287	768.598	8.344	8.891	3.971	7.849	1009.292	768.598	8.344	1003	747	4	12	36	10
210	3514	2442	3514	1497	646576	184	0	184	184	184	827.221	783.455	9.218	11.365	4.557	10.972	827.235	783.455	9.218	815	761	4	24	47	11
211	2885	1934	2885	1197	1009750	350	0	350	350	350	844.097	795.496	9.789	10.096	3.558	9.395	844.097	795.496	9.789	828	777	4	26	38	11
212	5907	3438	5907	1993	2729034	462	0	462	462	462	290.305	797.247	10.124	12.608	4.096	12.603	290.305	797.251	10.124	277	781	4	29	39	13
213	1662	1106	1662	695	84762	51	0	51	51	51	886.071	796.468	8.228	7.248	1.640	7.600	886.075	796.468	8.228	877	788	4	18	16	10
214	4404	2644	4404	1645	823548	187	0	187	187	187	903.760	805.781	8.445	11.670	4.012	11.395	903.762	805.782	8.445	894	789	4	28	38	10
215	2577	1730	2577	987	904527	351	0	351	351	351	1005.610	798.331	9.783	9.082	2.940	8.837	1005.609	798.333	9.783	992	786	4	23	26	11
216	1654	1048	1654	653	82700	50	0	50	50	50	964.273	796.353	8.284	7.149	1.477	7.357	964.263	796.354	8.284	955	790	4	19	15	10
217	2735	1776	2735	1119	508710	186	0	186	186	186	863.920	798.247	9.186	9.245	2.699	9.497	863.919	798.248	9.186	854	789	4	24	23	10
218	1481	1086	1481	631	279909	189	0	189	189	189	948.830	802.813	8.775	7.027	1.732	7.306	948.830	802.811	8.775	940	794	4	19	19	10
219	1991	1514	1991	814	374308	188	0	188	188	188	930.943	805.742	9.023	8.269	2.484	8.203	930.950	805.743	9.023	917	796	4	24	21	11
220	4580	2678	4580	1585	870200	190	0	190	190	190	268.298	806.256	10.100	10.977	2.991	11.358	268.301	806.261	10.100	251	792	4	30	28	13
221	1510	1284	1510	743	289920	192	0	192	192	192	872.050	818.523	9.080	8.285	2.946	8.263	872.050	818.523	9.080	861	806	4	20	27	10
222	567	796	567	389	29484	52	0	52	52	52	1007.914	825.018	8.688	5.639	2.043	5.581	1007.914	825.018	8.688	1000	813	4	15	18	9
223	2788	1898	2788	1068	552024	198	0	198	198	198	252.362	838.778	9.265	9.332	2.775	9.377	252.364	838.781	9.265	240	829	4	28	26	11
224	2304	1516	2304	875	470016	204	0	204	204	204	988.218	853.612	9.092	8.299	1.903	8.375	988.224	853.613	9.092	977	844	4	22	20	11
225	4101	2408	4101	1424	2091510	510	0	510	510	510	13.803	846.746	10.457	10.365	2.728	10.495	13.803	846.771	10.457	1	834	4	28	26	15
226	927	746	927	401	51912	56	0	56	56	56	941.990	852.008	8.038	6.001	1.421	5.801	941.990	852.008	8.038	936	847	4	17	13	9
227	1332	1078	1332	617	77256	58	0	58	58	58	959.070	862.978	8.221	7.160	2.308	7.145	959.062	862.978	8.221	950	852	4	23	21	8
228	1751	1158	1751	747	644368	368	0	368	368	368	1007.278	855.235	9.749	7.573	1.931	7.819	1007.289	855.235	9.749	999	845	4	17	19	10
229	5643	3308	5643	1886	2116125	375	0	375	375	375	168.840	900.204	10.729	12.375	3.919	11.829	168.839	900.206	10.728	158	879	4	22	43	14
230	2779	1522	2779	931	1047683	377	0	377	377	377	148.713	903.499	10.402	8.561	1.489	8.770	148.712	903.497	10.402	139	895	4	19	20	13
231	4038	2350	4038	1403	880284	218	0	218	218	218	415.641	548.024	10.375	10.534	3.033	10.347	415.639	548.022	10.375	401	531	5	32	27	12
232	1354	1064	1354	597	293818	217	0	217	217	217	546.189	547.055	10.081	7.083	2.217	6.844	546.188	547.054	10.081	532	539	5	25	15	10
233	2462	1788	2462	1060	162492	66	0	66	66	66	578.072	556.307	9.480	9.048	2.775	9.079	578.064	556.306	9.480	565	542	5	27	24	10
234	2315	1566	2315	1011	525505	227	0	227	227	227	418.652	562.765	10.228	9.410	3.589	9.058	418.653	562.765	10.228	403	557	5	35	15	11
235	2402	1810	2402	967	1167372	486	0	486	486	486	369.954	563.166	11.238	9.287	3.487	8.590	369.955	563.164	11.238	357	544	5	25	33	12
236	2400	1806	2400	1002	938400	391	0	391	391	391	229.904	564.994	11.064	9.012	2.697	9.013	229.905	564.993	11.064	218	552	5	26	27	12
237	2251	1610	2251	883	884643	393	0	393	393	393	258.436	576.637	11.171	8.442	2.345	8.626	258.436	576.638	11.171	247	566	5	24	23	11
238	1451	1182	1451	685	332279	229	0	229	229	229	284.591	569.204	9.506	7.737	2.935	7.383	284.589	569.205	9.506	268	562	5	28	17	9
239	2392	1390	2392	918	559728	234	0	234	234	234	307.421	573.887	10.825	8.343	1.961	8.441	307.418	573.886	10.825	294	565	5	24	16	11
240	1555	1054	1555	606	614225	395	0	395	395	395	213.588	577.226	11.267	7.052	1.572	7.215	213.589	577.226	11.267	205	569	5	19	16	11
241	297	386	297	182	3267	11	0	11	11	11	468.569	583.842	7.801	4.207	1.369	4.016	468.569	583.842	7.801	464	579	5	12	11	7
242	2902	2056	2902	1086	1143388	394	0	394	394	394	190.761	577.613	10.725	9.417	2.665	9.432	190.759	577.614	10.725	177	566	5	30	24	12
243	2959	1828	2959	1146	1180641	399	0	399	399	399	363.622	589.056	10.265	9.786	3.294	9.211	363.622	589.058	10.265	343	580	5	38	16	12
244	2357	1442	2357	957	563323	239	0	239	239	239	612.997	592.211	9.837	8.953	2.917	8.703	612.998	592.213	9.837	596	584	5	27	18	11
245	315	446	315	203	3780	12	0	12	12	12	275.857	594.102	7.863	4.632	1.704	4.507	275.857	594.102	7.863	270	586	5	11	16	9
246	1716	1258	1716	710	694980	405	0	405	405	405	252.346	605.104	10.911	7.884	2.522	7.719	252.345	605.104	10.911	243	592	5	20	24	11
247	1282	912	1282	591	307680	240	0	240	240	240	708.035	595.179	9.548	6.708	1.605	6.550	708.035	595.179	9.548	700	588	5	17	13	10
248	2309	1806	2309	1057	189338	82	0	82	82	82	406.807	603.995	9.445	9.466	3.546	9.410	406.801	603.994	9.445	388	594	5	31	20	11
249	1431	1032	1431	615	696897	487	0	487	487	487	214.917	593.022	11.803	6.834	1.677	7.127	214.917	593.023	11.803	206	586	5	18	17	11
250	972	1080	972	536	238140	245	0	245	245	245	348.609	608.458	9.995	6.397	2.020	6.053	348.608	608.458	9.995	341	599	5	15	22	10
251	1145	916	1145	531	462580	404	0	404	404	404	429.527	605.730	10.902	6.516	1.723	6.405	429.525	605.730	10.902	423	595	5	12	22	12
252	1195	1116	1195	603	480390	402	0	402	402	402	505.875	600.516	10.151	7.829	3.174	6.982	505.874	600.516	10.151	492	593	5	28	18	10
253	1653	1166	1653	654	679383	411	0	411	411	411	502.848	614.767	10.168	7.226	1.497	7.185	502.848	614.768	10.168	495	606	5	15	19	11
254	1554	1078	1554	635	634032	408	0	408	408	408	484.119	609.694	10.463	7.062	1.577	7.204	484.124	609.694	10.463	475	601	5	19	17	11
255	280	474	280	210	3920	14	0	14	14	14	278.589	611.625	8.354	4.872	1.978	4.719	278.589	611.625	8.354	273	605	5	10	17	7
256	2231	1590	2231	919	564443	253	0	253	253	253	393.071	623.272	9.835	8.477	2.425	8.478	393.070	623.273	9.835	384	610	5	21	26	13
257	1654	1446	1654	873	416808	252	0	252	252	252	417.080	617.455	9.799	8.859	3.661	8.574	417.083	617.455	9.799	406	597	5	23	33	11
258	1420	1030	1420	586	582200	410	0	410	410	410	626.325	614.070	10.660	6.916	1.518	6.918	626.324	614.069	10.660	619	604	5	17	18	11
259	1118	1042	1118	574	461734	413	0	413	413	413	187.775	617.735	10.628	6.794	2.172	6.204	187.774	617.734	10.628	181	605	5	16	24	12
260	1575	1112	1575	634	141750	90	0	90	90	90	159.503	620.569	9.562	7.150	1.650	7.320	159.503	620.569	9.562	151	612	5	20	18	10
261	1695	1270	1695	675	701730	414	0	414	414	414	334.371	624.992	10.770	7.506	1.992	7.466	334.373	624.993	10.770	326	612	5	18	23	12
262	2018	1432	2018	800	986802	489	0	489	489	489	174.596	612.778	11.284	7.899	1.957	7.936	174.595	612.778	11.284	165	599	5	19	25	12
263	1469	1094	1469	601	609635	415	0	415	415	415	253.296	625.871	10.332	7.127	1.970	7.049	253.296	625.867	10.332	246	618	5	18	22	10
264	271	344	271	163	24661	91	0	91	91	91	349.292	621.915	8.919	3.909	1.025	3.886	349.292	621.915	8.919	345	619	5	10	9	8
265	610	710	610	349	56120	92	0	92	92	92	469.123	625.657	9.223	5.217	1.437	5.278	469.123	625.657	9.223	461	620	5	16	12	9
266	1579	1060	1579	654	401066	254	0	254	254	254	690.623	622.308	9.954	7.118	1.616	7.280	690.625	622.310	9.954	682	613	5	18	17	10
267	1778	1298	1778	718	739648	416	0	416	416	416	486.822	625.326	10.631	7.547	1.775	7.640	486.822	625.326	10.631	478	618	5	22	16	12
268	687	612	687	358	287166	418	0	418	418	418	183.422	628.575	10.831	5.212	0.990	5.127	183.421	628.574	10.831	179	623	5	12	12	11
269	2617	1864	2617	1055	680420	260	0	260	260	260	364.861	633.872	9.514	9.626	3.478	9.158	364.856	633.872	9.514	345	624	5	36	21	10
270	2308	1672	2308	960	602388	261	0	261	261	261	171.164	635.408	10.081	8.898	2.823	8.417	171.163	635.409	10.081	156	624	5	31	20	11
271	1576	1066	1576	603	419216	266	0	266	266	266	237.255	637.705	10.268	7.032	1.487	7.348	237.253	637.705	10.268	228	630	5	19	17	10
272	523	560	523	303	137549	263	0	263	263	263	537.704	637.174	10.159	4.928	1.345	4.976	537.704	637.174	10.159	534	631	5	8	16	12
273	1627	1388	1627	718	421393	259	0	259	259	259	284.621	636.833	11.122	8.081	2.806	7.650	284.622	636.833	11.122	276	627	5	19	28	13
274	2137	1318	2137	786	897540	420	0	420	420	420	551.097	639.120	10.907	7.818	1.725	7.994	551.093	639.120	10.907	543	631	5	18	20	12
275	3816	2482	3816	1466	373968	98	0	98	98	98	410.219	640.071	9.811	10.780	3.525	10.809	410.213	640.072	9.811	391	630	5	37	24	12
276	338	472	338	212	32448	96	0	96	96	96	206.743	634.766	8.666	4.762	1.872	4.612	206.743	634.766	8.666	203	628	5	9	17	8
277	2907	1936	2907	1088	1226754	422	0	422	422	422	565.018	650.689	10.825	9.524	3.006	9.209	565.016	650.692	10.825	554	637	5	24	32	12
278	422	456	422	240	42622	101	0	101	101	101	388.211	646.491	9.365	4.478	1.071	4.391	388.211	646.490	9.365	385	640	5	8	13	8
279	1374	1372	1374	712	137400	100	0	100	100	100	498.249	645.088	10.000	7.783	2.804	7.440	498.249	645.087	10.000	486	635	5	24	21	11
280	867	774	867	452	16473	19	0	19	19	19	799.679	649.706	8.381	5.916	1.593	6.152	799.679	649.706	8.381	794	643	5	14	16	7
281	845	766	845	428	88725	105	0	105	105	105	8.895	654.354	9.008	5.911	1.825	6.092	8.895	654.353	9.008	2	647	5	18	16	8
282	719	672	719	369	74776	104	0	104	104	104	426.890	651.665	9.298	5.398	1.222	5.257	426.890	651.665	9.298	421	644	5	12	15	10
283	1242	986	1242	573	334098	269	0	269	269	269	262.089	644.445	9.733	6.659	1.799	6.936	262.088	644.443	9.733	254	635	5	17	18	9
284	1401	1082	1401	651	386676	276	0	276	276	276	664.697	654.193	10.204	7.743	2.814	7.150	664.692	654.192	10.204	651	649	5	28	10	11
285	242	352	242	164	26136	108	0	108	108	108	273.041	657.748	8.628	3.625	0.911	3.656	273.041	657.748	8.628	268	654	5	10	9	8
286	756	890	756	436	210924	279	0	279	279	279	739.704	659.902	9.471	6.189	2.144	6.148	739.704	659.902	9.471	729	653	5	22	17	9
287	1697	1300	1697	716	734801	433	0	433	433	433	284.463	671.713	11.108	7.732	2.367	7.378	284.463	671.713	11.108	275	655	5	21	24	13
288	736	674	736	363	317216	431	0	431	431	431	435.111	665.787	10.346	5.433	1.312	5.477	435.112	665.785	10.346	428	658	5	15	14	10
289	1492	1090	1492	641	165612	111	0	111	111	111	26.876	667.483	9.458	7.111	1.998	7.534	26.876	667.483	9.458	15	658	5	23	19	9
290	1259	1086	1259	609	348743	277	0	277	277	277	257.461	659.789	9.586	6.880	2.075	6.973	257.460	659.790	9.586	249	652	5	20	20	9
291	1315	1306	1315	670	380035	289	0	289	289	289	562.643	676.597	9.500	7.614	2.616	7.423	562.641	676.597	9.500	557	665	5	16	23	11
292	1085	1270	1085	659	124775	115	0	115	115	115	928.799	676.500	8.535	8.653	3.777	8.195	928.801	676.499	8.535	911	661	5	28	26	9
293	1485	1274	1485	707	421740	284	0	284	284	284	587.023	670.106	9.954	7.775	2.657	7.867	587.027	670.106	9.954	575	661	5	24	22	9
294	1842	1582	1842	876	534180	290	0	290	290	290	651.041	679.411	9.643	8.687	3.147	8.469	651.041	679.412	9.643	641	662	5	26	30	11
295	1418	1054	1418	584	404130	285	0	285	285	285	76.826	673.737	10.279	6.848	1.632	7.004	76.825	673.736	10.279	69	665	5	17	18	10
296	1461	1084	1461	595	417846	286	0	286	286	286	108.209	675.180	9.640	6.918	1.691	7.316	108.210	675.181	9.640	99	667	5	18	19	9
297	2071	1346	2071	846	610945	295	0	295	295	295	474.221	683.836	9.813	8.131	2.170	8.101	474.221	683.836	9.813	464	675	5	23	17	11
298	1776	1520	1776	829	207792	117	0	117	117	117	319.766	685.784	9.374	8.262	2.744	8.008	319.764	685.784	9.374	306	678	5	25	22	10
299	2340	1658	2340	924	276120	118	0	118	118	118	435.930	682.692	9.612	8.491	2.268	8.941	435.935	682.693	9.612	422	673	5	28	21	11
300	5348	3522	5348	2040	2326380	435	0	435	435	435	280.545	687.965	10.288	13.225	4.977	12.884	280.547	687.969	10.288	259	667	5	44	39	12
301	1880	1270	1880	694	552720	294	0	294	294	294	25.178	686.689	10.787	7.617	1.788	7.784	25.178	686.690	10.787	15	678	5	21	19	11
302	725	842	725	419	91350	126	0	126	126	126	344.327	691.451	8.503	6.007	2.146	5.897	344.327	691.451	8.503	332	684	5	21	17	8
303	1621	1210	1621	746	484679	299	0	299	299	299	471.293	699.891	10.468	7.623	2.233	7.551	471.294	699.892	10.468	463	693	5	17	20	11
304	3242	1986	3242	1195	1413512	436	0	436	436	436	489.798	697.890	10.544	9.946	3.063	9.724	489.796	697.890	10.544	481	684	5	19	33	12
305	3901	2182	3901	1309	1178102	302	0	302	302	302	514.262	702.284	9.779	10.177	2.844	10.576	514.263	702.284	9.779	499	691	5	30	23	11
306	1947	1578	1947	872	580206	298	0	298	298	298	660.209	696.367	9.583	8.362	2.678	8.421	660.207	696.369	9.583	648	685	5	22	23	10
307	1494	1212	1494	663	207666	139	0	139	139	139	225.732	704.483	8.711	7.451	2.299	7.510	225.733	704.484	8.711	216	693	5	24	20	8
308	289	416	289	196	8670	30	0	30	30	30	338.522	703.336	8.408	4.084	1.167	4.192	338.522	703.336	8.408	333	698	5	11	11	7
309	320	458	320	213	9280	29	0	29	29	29	766.869	700.628	8.200	4.462	1.652	4.058	766.869	700.628	8.200	764	693	5	8	17	8
310	1439	1012	1439	605	194265	135	0	135	135	135	275.213	702.653	9.260	6.897	1.606	6.943	275.214	702.654	9.260	266	696	5	20	14	10
311	2468	1468	2468	897	752740	305	0	305	305	305	321.767	713.225	9.949	8.320	1.869	8.713	321.766	713.224	9.949	313	703	5	20	20	11
312	2290	1442	2290	883	703030	307	0	307	307	307	298.550	712.011	9.826	8.414	2.342	8.454	298.549	712.014	9.826	287	698	5	20	25	10
313	795	716	795	453	240885	303	0	303	303	303	310.014	708.494	10.196	6.263	2.336	6.149	310.013	708.494	10.196	308	697	5	7	23	10
314	977	830	977	480	145573	149	0	149	149	149	359.050	718.572	8.798	6.625	2.186	6.225	359.048	718.573	8.798	353	711	5	11	20	9
315	2130	1462	2130	815	658170	309	0	309	309	309	340.770	723.208	10.040	8.119	2.141	8.346	340.770	723.205	10.040	331	714	5	22	21	10
316	2018	1382	2018	812	895992	444	0	444	444	444	426.070	722.435	10.111	7.848	1.884	7.832	426.073	722.435	10.111	413	715	5	25	18	11
317	2661	1736	2661	1044	827571	311	0	311	311	311	528.110	722.971	9.812	9.025	2.446	9.100	528.109	722.973	9.812	518	710	5	22	23	11
318	956	758	956	462	136708	143	0	143	143	143	278.946	716.074	9.355	5.960	1.525	6.087	278.947	716.074	9.355	271	710	5	17	14	9
319	2146	1422	2146	879	682428	318	0	318	318	318	457.050	732.556	9.564	8.371	2.609	8.106	457.051	732.557	9.564	448	721	5	16	29	10
320	1943	1250	1943	717	602330	310	0	310	310	310	224.894	722.508	10.374	7.684	1.894	7.989	224.896	722.507	10.374	215	714	5	25	18	11
321	2120	1336	2120	843	949760	448	0	448	448	448	280.975	735.541	10.267	7.968	1.889	8.291	280.975	735.541	10.267	273	723	5	18	21	11
322	1616	1240	1616	695	518736	321	0	321	321	321	264.536	739.231	9.624	7.591	2.253	7.447	264.536	739.227	9.624	254	726	5	18	25	10
323	1399	1028	1399	570	440685	315	0	315	315	315	74.410	730.910	9.706	6.857	1.714	7.118	74.411	730.908	9.706	65	723	5	18	22	9
324	1402	1162	1402	693	431816	308	0	308	308	308	510.529	723.349	9.767	7.367	2.191	7.374	510.527	723.349	9.767	499	715	5	19	22	10
325	1371	1006	1371	579	222102	162	0	162	162	162	60.280	738.979	9.071	6.828	1.655	6.843	60.280	738.979	9.071	53	730	5	17	20	9
326	1413	1484	1413	751	464877	329	0	329	329	329	307.664	744.062	9.590	8.306	3.227	8.217	307.663	744.061	9.590	298	728	5	26	29	10
327	2370	1436	2370	887	376830	159	0	159	159	159	319.146	732.606	9.765	8.303	2.061	8.687	319.148	732.603	9.765	308	724	5	23	19	11
328	2795	2064	2795	1122	1397500	500	0	500	500	500	367.677	751.204	10.481	9.459	2.822	9.255	367.675	751.203	10.481	356	736	5	21	32	13
329	2495	1582	2495	924	803390	322	0	322	322	322	505.209	744.983	9.788	8.582	2.318	8.766	505.208	744.979	9.788	495	733	5	23	24	11
330	2273	1522	2273	940	756909	333	0	333	333	333	621.361	749.052	10.045	8.283	2.089	8.102	621.360	749.052	10.045	608	742	5	23	18	12
331	277	462	277	210	90856	328	0	328	328	328	1002.440	745.700	9.231	4.189	1.361	4.333	1002.440	745.700	9.231	995	741	5	14	11	8
332	1504	974	1504	666	497824	331	0	331	331	331	765.900	746.984	9.856	7.228	2.024	7.042	765.901	746.983	9.856	762	734	5	9	23	11
333	1910	1258	1910	689	859500	450	0	450	450	450	219.241	742.285	11.379	7.507	1.633	7.876	219.240	742.279	11.379	210	733	5	19	21	11
334	2163	1566	2163	876	376362	174	0	174	174	174	238.418	752.757	8.823	8.583	2.756	8.505	238.421	752.757	8.823	222	744	5	30	18	10
335	3529	2166	3529	1282	1146925	325	0	325	325	325	343.747	747.037	10.356	10.162	3.040	10.075	343.747	747.040	10.356	330	736	5	30	29	12
336	213	298	213	139	1491	7	0	7	7	7	532.986	760.563	7.192	3.615	1.070	3.522	532.986	760.563	7.192	529	756	5	9	12	5
337	1933	1452	1933	824	968433	501	0	501	501	501	183.674	756.310	11.842	8.025	2.383	7.890	183.673	756.310	11.842	177	745	5	18	27	12
338	1632	1090	1632	627	556512	341	0	341	341	341	704.135	766.908	10.694	7.135	1.426	7.345	704.135	766.908	10.694	695	758	5	17	19	11
339	1036	832	1036	480	355348	343	0	343	343	343	307.324	767.041	10.220	6.152	1.496	6.004	307.324	767.040	10.220	302	759	5	11	18	11
340	1892	1462	1892	849	338668	179	0	179	179	179	284.183	774.523	9.374	9.039	3.519	8.630	284.185	774.526	9.374	267	766	5	33	18	10
341	2056	1370	2056	836	707264	344	0	344	344	344	323.037	766.788	10.160	8.060	2.076	8.280	323.041	766.789	10.160	314	755	5	21	22	11
342	436	540	436	252	78480	180	0	180	180	180	336.429	775.991	8.732	4.647	1.244	4.539	336.429	775.991	8.732	332	769	5	11	13	9
343	1523	1050	1523	681	275663	181	0	181	181	181	857.587	781.281	8.882	7.310	2.122	7.245	857.586	781.280	8.882	845	773	5	22	16	9
344	536	752	536	322	25192	47	0	47	47	47	352.864	782.731	8.700	5.758	1.991	5.549	352.864	782.731	8.700	347	776	5	16	16	10
345	2093	1590	2093	868	964873	461	0	461	461	461	322.885	785.884	11.344	8.353	2.555	8.325	322.884	785.881	11.344	309	777	5	29	22	12
346	182	230	182	115	8918	49	0	49	49	49	176.934	791.665	7.934	3.160	0.572	3.138	176.934	791.665	7.934	174	788	5	7	8	6
347	2443	1858	2443	1024	1228829	503	0	503	503	503	83.219	793.955	12.877	9.104	2.960	9.073	83.219	793.955	12.877	70	783	5	28	23	13
348	2039	1434	2039	796	944057	463	0	463	463	463	188.192	801.807	10.766	8.050	2.234	8.274	188.192	801.807	10.766	172	792	5	28	22	11
349	1353	1142	1353	626	681912	504	0	504	504	504	315.047	798.018	11.445	7.114	2.141	7.072	315.050	798.018	11.445	307	787	5	21	20	13
350	1958	1636	1958	958	683342	349	0	349	349	349	812.393	794.869	9.557	9.083	3.310	8.869	812.393	794.869	9.557	801	783	5	20	30	10
351	1839	1176	1839	805	351249	191	0	191	191	191	884.697	812.438	9.100	7.686	1.957	7.870	884.694	812.438	9.100	877	803	5	16	21	9
352	1790	1184	1790	700	345470	193	0	193	193	193	253.411	819.437	9.424	7.607	2.026	7.619	253.409	819.440	9.424	245	806	5	19	22	10
353	494	674	494	307	173888	352	0	352	352	352	150.275	804.751	9.413	5.357	1.978	5.169	150.275	804.751	9.413	141	798	5	18	13	9
354	1539	1138	1539	665	544806	354	0	354	354	354	833.458	808.910	10.117	7.152	1.852	7.457	833.456	808.909	10.117	826	801	5	17	20	10
355	3451	2430	3451	1413	1611617	467	0	467	467	467	7.484	811.841	10.892	10.117	3.324	9.582	7.484	811.841	10.893	0	792	5	21	31	14
356	2056	1422	2056	793	731936	356	0	356	356	356	172.639	811.224	10.787	8.062	2.115	8.061	172.636	811.224	10.787	163	801	5	23	21	12
357	988	1088	988	581	192660	195	0	195	195	195	914.073	827.140	8.855	7.055	2.597	7.056	914.074	827.140	8.855	905	816	5	18	25	8
358	1186	1170	1186	628	600116	506	0	506	506	506	27.856	816.883	11.517	7.026	2.363	6.885	27.856	816.883	11.517	19	807	5	17	22	13
359	1508	1150	1508	684	545896	362	0	362	362	362	8.482	828.027	11.042	7.107	1.723	6.864	8.482	828.027	11.042	0	824	5	21	11	14
360	1072	1182	1072	635	390208	364	0	364	364	364	987.322	832.365	9.905	7.298	2.704	7.427	987.324	832.365	9.905	976	822	5	23	21	9
361	1715	1142	1715	678	622545	363	0	363	363	363	159.005	831.049	10.009	7.319	1.652	7.593	159.005	831.049	10.009	151	822	5	19	17	10
362	1018	832	1018	480	53954	53	0	53	53	53	143.199	829.915	8.754	6.166	1.589	6.334	143.199	829.913	8.754	135	822	5	15	17	8
363	1849	1162	1849	718	667489	361	0	361	361	361	206.349	825.738	10.203	7.482	1.639	7.610	206.349	825.737	10.203	198	816	5	18	18	11
364	975	840	975	466	192075	197	0	197	197	197	22.359	834.227	9.108	6.068	1.468	6.073	22.359	834.225	9.108	15	826	5	15	15	12
365	1025	916	1025	520	374125	365	0	365	365	365	1006.056	838.075	9.730	6.438	1.921	6.365	1006.055	838.074	9.730	997	831	5	19	14	9
366	1520	1068	1520	661	305520	201	0	201	201	201	157.730	847.140	8.639	7.166	1.880	7.440	157.728	847.139	8.639	145	840	5	22	17	9
367	2134	1454	2134	811	1005114	471	0	471	471	471	217.296	847.661	11.141	8.174	2.084	7.866	217.296	847.662	11.141	207	841	5	23	20	12
368	1076	856	1076	487	393816	366	0	366	366	366	173.022	843.395	9.499	6.312	1.642	6.368	173.023	843.395	9.499	167	835	5	14	19	9
369	428	612	428	278	86884	203	0	203	203	203	232.231	850.311	8.600	5.607	2.406	5.334	232.231	850.311	8.600	228	839	5	11	22	8
370	463	576	463	281	26391	57	0	57	57	57	141.026	860.030	7.747	5.017	1.596	5.117	141.026	860.030	7.747	136	852	5	14	15	6
371	2484	1940	2484	1110	509220	205	0	205	205	205	26.762	867.092	9.674	9.127	3.057	9.023	26.762	867.091	9.674	17	857	5	30	27	13
372	2568	1768	2568	1068	947592	369	0	369	369	369	7.285	870.139	9.898	9.681	3.563	9.312	7.285	870.141	9.898	1	854	5	16	35	11
373	1759	1334	1759	774	107299	61	0	61	61	61	162.410	866.246	8.300	8.272	3.030	7.999	162.410	866.246	8.300	152	855	5	26	22	8
374	229	350	229	159	14427	63	0	63	63	63	177.651	879.996	7.664	3.782	1.143	3.606	177.651	879.996	7.664	172	876	5	13	10	6
375	3456	2428	3456	1362	1292544	374	0	374	374	374	17.132	896.672	10.659	10.639	3.735	10.190	17.132	896.673	10.659	7	879	5	21	37	12
376	3901	2804	3901	1561	811408	208	0	208	208	208	189.857	894.242	10.201	11.399	3.958	11.064	189.857	894.243	10.201	179	874	5	27	40	11
377	1688	1248	1688	699	638064	378	0	378	378	378	132.245	904.040	9.907	7.288	1.665	7.226	132.244	904.040	9.907	124	892	5	15	22	12
378	3433	2506	3433	1383	1630675	475	0	475	475	475	78.963	902.137	11.124	10.991	3.976	10.714	78.963	902.139	11.124	66	881	5	32	38	12
379	337	530	337	227	173218	514	0	514	514	514	69.504	924.866	11.341	4.768	1.704	4.715	69.504	924.866	11.341	64	918	5	14	15	11
380	4299	2860	4299	1572	2054922	478	0	478	478	478	128.892	933.474	11.500	11.163	3.321	10.951	128.893	933.477	11.500	113	913	5	30	40	14
381	2372	1632	2372	928	1131444	477	0	477	477	477	6.579	927.238	10.888	9.480	3.652	8.851	6.579	927.236	10.888	1	913	5	15	35	11
382	1794	1182	1794	669	376740	210	0	210	210	210	80.138	938.021	9.107	7.351	1.688	7.761	80.138	938.020	9.107	71	929	5	19	19	10
383	1770	1322	1770	758	373470	211	0	211	211	211	90.198	953.676	8.689	8.038	2.584	7.916	90.199	953.673	8.689	78	945	5	29	18	8
384	616	770	616	377	235312	382	0	382	382	382	10.742	962.878	9.362	5.972	2.222	5.821	10.742	962.879	9.362	3	953	5	16	19	8
385	4670	2862	4670	1586	1788610	383	0	383	383	383	89.583	974.418	10.217	11.683	4.004	11.712	89.584	974.385	10.217	74	963	5	39	26	12
386	2256	1546	2256	858	868560	385	0	385	385	385	72.318	995.932	9.881	8.553	2.584	8.516	72.318	995.945	9.881	60	986	5	27	22	10
387	2078	1790	2078	934	1074326	517	0	517	517	517	42.258	998.288	11.783	9.010	3.478	8.674	42.257	998.290	11.783	31	990	5	31	21	12
388	686	602	686	345	148176	216	0	216	216	216	384.966	545.891	9.991	5.341	1.249	5.314	384.966	545.891	9.991	380	539	6	11	15	8
389	644	606	644	324	141680	220	0	220	220	220	376.927	548.915	9.793	5.363	1.502	5.177	376.927	548.915	9.793	372	540	6	10	17	8
390	2565	1660	2565	1050	1000350	390	0	390	390	390	320.165	555.558	10.715	9.080	2.773	9.099	320.166	555.559	10.715	311	542	6	26	25	11
391	1684	1444	1684	761	816740	485	0	485	485	485	348.321	552.930	11.681	8.170	3.058	7.561	348.321	552.929	11.681	337	536	6	24	25	12
392	795	706	795	388	181260	228	0	228	228	228	555.481	564.679	10.147	5.585	1.274	5.412	555.478	564.679	10.147	551	556	6	12	16	11
393	1182	870	1182	500	473982	401	0	401	401	401	287.717	592.612	10.783	6.387	1.409	6.401	287.717	592.612	10.783	280	584	6	14	17	10
394	2218	1412	2218	772	1082384	488	0	488	488	488	322.971	602.016	12.000	7.897	1.695	8.237	322.967	602.016	12.000	314	592	6	20	21	11
395	1131	880	1131	497	279357	247	0	247	247	247	87.508	614.638	10.084	6.331	1.548	6.713	87.508	614.639	10.084	79	607	6	17	16	8
396	1315	1072	1315	567	537835	409	0	409	409	409	296.113	612.975	10.599	6.971	2.133	6.870	296.113	612.974	10.599	283	605	6	23	16	9
397	1510	1376	1510	707	741410	491	0	491	491	491	219.711	621.895	11.352	7.675	2.530	7.467	219.711	621.893	11.352	209	611	6	20	25	11
398	1175	946	1175	529	575750	490	0	490	490	490	203.184	615.338	11.730	6.671	1.967	6.772	203.183	615.337	11.730	196	606	6	15	21	10
399	1302	1060	1302	592	347634	267	0	267	267	267	297.210	643.909	9.978	6.927	2.026	7.126	297.211	643.909	9.978	289	631	6	19	24	9
400	718	642	718	343	76826	107	0	107	107	107	175.877	656.851	9.513	5.369	1.284	5.534	175.877	656.851	9.513	169	650	6	14	15	7
401	775	930	775	453	330150	426	0	426	426	426	294.572	661.034	10.191	6.442	2.343	6.315	294.571	661.033	10.191	284	654	6	22	15	9
402	1541	1332	1541	700	758172	492	0	492	492	492	222.856	655.816	12.117	7.856	2.732	7.497	222.858	655.816	12.117	214	646	6	19	26	11
403	1235	936	1235	534	143260	116	0	116	116	116	89.802	681.758	8.914	6.517	1.616	6.724	89.802	681.758	8.914	82	673	6	17	18	7
404	595	642	595	324	174335	293	0	293	293	293	402.916	680.247	9.768	5.171	1.480	5.255	402.915	680.247	9.768	396	672	6	14	15	8
405	942	810	942	452	274122	291	0	291	291	291	550.489	681.163	10.006	6.103	1.502	5.991	550.490	681.164	10.006	540	673	6	17	15	10
406	931	952	931	525	116375	125	0	125	125	125	5.845	684.031	10.148	7.552	3.338	6.925	5.845	684.031	10.148	0	672	6	19	24	9
407	741	848	741	452	323817	437	0	437	437	437	253.644	701.004	10.189	6.773	2.770	6.527	253.643	701.004	10.189	241	690	6	26	17	8
408	1339	1178	1339	647	206206	154	0	154	154	154	175.944	721.184	9.033	7.140	2.222	7.352	175.944	721.183	9.033	165	712	6	23	19	8
409	1561	1438	1561	722	777378	498	0	498	498	498	12.851	725.069	11.719	7.573	2.291	7.225	12.851	725.070	11.719	2	712	6	21	24	12
410	1186	1016	1186	554	530142	447	0	447	447	447	144.944	736.598	10.594	6.877	2.344	6.884	144.945	736.600	10.594	137	725	6	18	22	9
411	618	856	618	397	275628	446	0	446	446	446	199.155	729.699	10.903	6.062	2.321	5.839	199.156	729.697	10.903	188	723	6	21	14	10
412	1661	1316	1661	718	521554	314	0	314	314	314	46.201	730.837	10.203	7.884	2.786	7.707	46.201	730.839	10.203	27	722	6	30	19	10
413	759	616	759	359	245916	324	0	324	324	324	799.820	745.007	9.991	5.408	1.049	5.311	799.817	745.007	9.991	796	740	6	11	15	9
414	191	354	191	154	31515	165	0	165	165	165	192.199	741.272	9.147	4.194	1.725	3.920	192.199	741.273	9.147	185	734	6	16	12	6
415	2036	1386	2036	785	1015964	499	0	499	499	499	168.064	747.927	11.599	7.873	1.895	8.082	168.065	747.926	11.599	157	737	6	21	24	11
416	672	612	672	332	226464	337	0	337	337	337	577.150	756.100	10.246	5.218	1.081	5.091	577.151	756.099	10.246	570	750	6	12	15	9
417	1114	848	1114	475	505756	454	0	454	454	454	553.561	758.479	10.706	6.185	1.293	6.201	553.562	758.479	10.706	545	753	6	18	13	10
418	150	246	150	110	6450	43	0	43	43	43	520.940	765.820	8.040	3.216	1.091	3.136	520.940	765.820	8.040	518	761	6	8	10	5
419	446	652	446	300	152532	342	0	342	342	342	66.731	767.969	10.027	5.130	1.584	5.148	66.731	767.968	10.027	60	763	6	15	13	8
420	1029	928	1029	505	348831	339	0	339	339	339	166.070	764.077	10.282	6.726	2.453	6.360	166.071	764.075	10.282	150	758	6	26	15	9
421	1160	1098	1160	582	531280	458	0	458	458	458	102.416	774.846	11.300	7.378	2.822	7.022	102.416	774.844	11.300	92	762	6	20	24	10
422	341	526	341	230	118327	347	0	347	347	347	649.364	776.097	9.971	4.515	1.496	4.540	649.364	776.097	9.971	642	770	6	14	12	9
423	1461	1212	1461	667	515733	353	0	353	353	353	63.678	806.057	10.105	7.415	2.368	7.380	63.677	806.051	10.105	56	796	6	23	22	9
424	1527	1036	1527	600	710055	465	0	465	465	465	213.675	807.671	10.749	6.961	1.584	7.370	213.674	807.671	10.749	204	799	6	19	18	10
425	424	458	424	239	214120	505	0	505	505	505	35.528	802.330	11.450	4.513	1.115	4.517	35.528	802.330	11.450	29	798	6	12	9	11
426	745	808	745	431	399320	536	0	536	536	536	20.384	812.141	13.109	5.796	1.758	5.515	20.384	812.141	13.109	16	803	6	9	20	13
427	1545	1080	1545	616	716880	464	0	464	464	464	89.829	806.445	10.970	7.045	1.620	7.348	89.829	806.444	10.970	81	799	6	20	20	10
428	469	616	469	287	168371	359	0	359	359	359	102.968	825.631	10.520	5.141	1.817	4.986	102.968	825.631	10.520	91	820	6	19	13	10
429	868	938	868	500	406224	468	0	468	468	468	45.787	826.900	10.634	6.220	2.106	6.096	45.787	826.901	10.634	39	819	6	13	21	10
430	779	662	779	365	365351	469	0	469	469	469	272.702	824.813	10.561	5.577	1.424	5.365	272.702	824.814	10.561	265	821	6	17	10	9
431	680	710	680	366	244800	360	0	360	360	360	123.541	828.013	9.447	6.100	2.409	5.577	123.541	828.013	9.447	115	820	6	17	18	8
432	437	552	437	266	86963	199	0	199	199	199	898.947	841.847	9.293	4.787	1.530	4.738	898.948	841.846	9.293	893	837	6	15	11	7
433	163	226	163	110	8965	55	0	55	55	55	114.540	842.117	8.110	3.114	0.743	2.929	114.540	842.117	8.110	112	839	6	8	8	6
434	922	768	922	434	186244	202	0	202	202	202	194.746	845.531	9.690	5.913	1.538	6.053	194.746	845.531	9.690	187	836	6	16	18	8
435	970	1006	970	520	355990	367	0	367	367	367	33.024	848.250	11.092	6.379	1.840	6.033	33.024	848.250	11.092	25	838	6	18	19	12
436	159	250	159	108	9858	62	0	62	62	62	238.849	873.987	8.289	3.282	1.013	3.131	238.849	873.987	8.289	235	870	6	9	9	6
437	1113	1220	1113	613	568743	511	0	511	511	511	65.978	875.537	11.746	7.291	2.631	7.125	65.978	875.542	11.746	53	868	6	25	17	10
438	1231	898	1231	537	459163	373	0	373	373	373	150.187	887.763	10.428	6.602	1.651	6.476	150.186	887.761	10.428	142	880	6	19	14	9
439	1213	992	1213	553	251091	207	0	207	207	207	65.249	892.984	9.115	6.822	2.071	6.625	65.249	892.981	9.115	57	885	6	18	20	7
440	536	730	536	350	201536	376	0	376	376	376	118.289	901.642	9.978	5.542	2.008	5.359	118.289	901.642	9.978	109	893	6	15	17	9
441	6078	3396	6078	1980	3118014	513	0	513	513	513	34.630	921.228	11.869	12.720	4.176	12.138	34.629	921.256	11.869	19	902	6	33	42	13
442	1115	858	1115	494	587605	527	0	527	527	527	110.947	916.491	12.652	6.133	1.055	6.130	110.947	916.491	12.652	104	908	6	12	16	13
443	942	932	942	536	448392	476	0	476	476	476	118.306	920.027	11.329	6.640	2.341	6.338	118.306	920.026	11.329	107	909	6	17	21	12
444	1295	1018	1295	577	492100	380	0	380	380	380	141.999	919.379	10.426	6.684	1.629	6.895	141.999	919.380	10.426	133	913	6	20	15	11
445	716	920	716	445	272796	381	0	381	381	381	11.316	947.346	10.436	6.741	2.873	6.379	11.316	947.346	10.436	3	935	6	19	24	9
446	150	266	150	108	31800	212	0	212	212	212	124.600	954.980	8.620	3.486	1.463	3.109	124.600	954.980	8.620	117	953	6	14	7	6
447	699	782	699	382	359985	515	0	515	515	515	32.674	955.883	11.671	6.107	2.171	6.103	32.674	955.882	11.671	21	949	6	23	14	11
448	626	630	626	321	301106	481	0	481	481	481	40.013	963.003	11.238	5.250	1.281	5.143	40.013	963.000	11.238	32	957	6	17	12	11
449	912	828	912	431	470592	516	0	516	516	516	22.842	967.170	11.723	5.896	1.534	5.957	22.842	967.170	11.723	15	961	6	17	14	12
450	2086	1492	2086	884	801024	384	0	384	384	384	30.165	979.588	10.340	8.245	2.258	8.597	30.165	979.588	10.340	20	968	6	23	23	10
451	1182	1008	1182	563	625278	529	0	529	529	529	44.719	976.152	12.260	6.487	1.691	6.572	44.719	976.152	12.260	40	968	6	12	19	12
452	737	792	737	392	156981	213	0	213	213	213	29.346	1008.820	9.611	5.599	1.557	5.858	29.346	1008.819	9.611	22	1003	6	15	14	9
453	1629	1138	1629	689	628794	386	0	386	386	386	329.413	542.622	10.985	7.315	1.864	7.608	329.411	542.622	10.985	321	531	7	19	20	10
454	150	220	150	96	32100	214	0	214	214	214	274.827	535.360	10.340	3.030	0.686	2.989	274.827	535.360	10.340	271	533	7	8	6	8
455	821	776	821	443	198682	242	0	242	242	242	236.692	603.116	9.898	5.979	1.729	5.992	236.691	603.116	9.898	228	595	7	15	16	7
456	1277	888	1277	572	519739	407	0	407	407	407	439.828	607.022	11.171	6.650	1.469	6.720	439.829	607.022	11.171	434	599	7	13	17	10
457	493	540	493	293	123250	250	0	250	250	250	376.091	620.576	9.682	4.946	1.524	4.935	376.091	620.576	9.682	368	617	7	16	9	7
458	714	774	714	445	12138	17	0	17	17	17	52.990	633.973	8.424	5.858	1.941	6.213	52.990	633.973	8.424	45	622	7	17	21	5
459	694	594	694	345	188074	271	0	271	271	271	164.722	649.166	10.295	5.278	1.238	5.467	164.723	649.165	10.295	159	644	7	13	13	7
460	893	692	893	418	378632	424	0	424	424	424	401.917	653.130	10.717	5.754	1.357	5.768	401.916	653.129	10.717	394	649	7	17	12	8
461	1280	1086	1280	584	549120	429	0	429	429	429	206.991	667.487	10.366	6.879	1.991	7.119	206.990	667.488	10.366	197	658	7	20	22	8
462	1770	1392	1770	779	757560	428	0	428	428	428	244.210	669.525	11.160	8.324	3.061	7.930	244.212	669.525	11.160	234	658	7	19	29	9
463	1219	872	1219	473	600967	493	0	493	493	493	59.773	673.383	12.183	6.320	1.190	6.630	59.772	673.382	12.183	53	666	7	15	16	10
464	519	584	519	289	225246	434	0	434	434	434	118.056	687.206	11.125	5.023	1.438	5.135	118.056	687.206	11.125	112	680	7	14	14	9
465	1027	916	1027	516	508365	495	0	495	495	495	128.801	715.573	11.643	6.367	1.913	6.617	128.802	715.575	11.643	121	708	7	17	18	10
466	1266	920	1266	525	563370	445	0	445	445	445	106.750	728.085	11.517	6.533	1.558	6.917	106.750	728.085	11.517	99	720	7	17	17	9
467	305	388	305	189	102175	335	0	335	335	335	54.839	752.767	10.252	3.960	1.035	4.085	54.839	752.768	10.252	49	749	7	12	10	7
468	1500	1164	1500	648	753000	502	0	502	502	502	37.217	779.618	11.487	7.161	2.025	7.605	37.217	779.620	11.487	28	770	7	19	24	9
469	1072	1042	1072	597	493120	460	0	460	460	460	189.054	782.277	11.070	7.343	3.119	7.035	189.055	782.277	11.070	176	770	7	24	23	8
470	1499	1150	1499	615	801965	535	0	535	535	535	23.162	797.342	13.509	7.011	1.580	7.246	23.162	797.343	13.509	15	788	7	19	18	11
471	362	430	362	219	128510	355	0	355	355	355	977.577	807.022	9.486	4.238	1.117	4.309	977.578	807.022	9.486	971	802	7	13	11	6
472	1611	1244	1611	730	750726	466	0	466	466	466	46.291	810.082	11.068	7.613	2.148	7.593	46.291	810.082	11.068	36	798	7	21	21	10
473	275	378	275	183	53350	194	0	194	194	194	962.135	820.480	8.742	3.918	1.137	3.993	962.133	820.480	8.742	955	816	7	14	10	5
474	382	504	382	257	136374	357	0	357	357	357	978.736	819.458	9.552	4.679	1.616	4.700	978.735	819.458	9.552	971	814	7	15	14	6
475	1847	1152	1847	721	868090	470	0	470	470	470	221.632	830.941	11.400	7.482	1.640	7.755	221.633	830.941	11.400	215	822	7	16	18	11
476	339	456	339	227	66444	196	0	196	196	196	899.726	831.448	9.100	4.889	1.888	4.699	899.726	831.448	9.100	891	827	7	16	11	6
477	736	684	736	373	373152	507	0	507	507	507	56.247	825.504	11.648	5.610	1.594	5.593	56.247	825.503	11.648	52	818	7	11	17	9
478	871	676	871	423	442468	508	0	508	508	508	205.824	838.428	11.679	5.793	1.439	5.683	205.825	838.428	11.679	197	835	7	17	10	10
479	664	642	664	345	245680	370	0	370	370	370	197.230	863.292	9.643	5.283	1.391	5.530	197.230	863.291	9.643	191	856	7	14	15	6
480	535	678	535	373	253590	474	0	474	474	474	93.548	879.402	10.723	5.315	1.807	5.650	93.548	879.402	10.723	86	872	7	18	17	7
481	252	346	252	158	51912	206	0	206	206	206	37.933	887.087	8.996	3.854	1.206	3.666	37.933	887.087	8.996	32	882	7	12	10	6
482	194	268	194	123	99328	512	0	512	512	512	3.572	907.969	11.753	3.294	0.698	3.260	3.572	907.969	11.753	1	904	7	7	8	9
483	293	384	293	194	61237	209	0	209	209	209	159.795	919.642	9.263	4.045	1.250	4.052	159.795	919.642	9.263	154	915	7	14	11	5
484	448	468	448	241	214592	479	0	479	479	479	112.643	935.902	11.458	4.462	0.861	4.352	112.643	935.903	11.458	107	931	7	10	11	10
485	1073	812	1073	498	442076	412	0	412	412	412	647.570	617.895	11.438	6.276	1.686	6.549	647.573	617.894	11.438	639	611	8	17	14	7
486	1246	946	1246	525	649166	521	0	521	521	521	195.596	640.629	13.104	6.520	1.626	6.933	195.595	640.629	13.104	187	632	8	18	18	10
487	559	682	559	336	150930	270	0	270	270	270	118.098	649.877	10.174	5.635	1.627	5.866	118.098	649.877	10.174	111	644	8	16	15	5
488	318	438	318	198	157728	496	0	496	496	496	98.069	715.094	11.921	4.279	1.311	4.260	98.069	715.094	11.921	92	709	8	13	13	8
489	436	504	436	270	221924	509	0	509	509	509	105.654	840.408	11.385	4.879	1.681	4.638	105.654	840.408	11.385	102	833	8	9	17	7
490	157	316	157	129	74104	472	0	472	472	472	62.994	847.127	10.777	3.626	1.339	3.731	62.994	847.127	10.777	60	840	8	8	14	6
491	257	398	257	181	97403	379	0	379	379	379	185.035	917.416	10.241	4.025	1.425	3.849	185.035	917.417	10.241	180	913	8	14	11	6
492	1982	1518	1982	870	1046496	528	0	528	528	528	53.513	924.885	12.554	8.663	3.089	8.264	53.513	924.886	12.554	47	909	8	17	31	10
493	216	348	216	160	104328	483	0	483	483	483	6.986	1013.773	10.847	4.376	1.779	4.304	6.986	1013.773	10.847	1	1010	8	16	8	6
494	165	250	165	110	79860	484	0	484	484	484	223.194	545.958	12.382	3.210	0.884	3.133	223.194	545.958	12.382	218	544	9	11	6	7
495	477	510	477	282	209403	439	0	439	439	439	257.403	710.650	11.430	4.925	1.567	4.825	257.403	710.650	11.430	250	707	9	17	10	6
496	1078	902	1078	532	563794	523	0	523	523	523	326.804	750.862	12.966	6.427	1.770	6.611	326.805	750.861	12.966	320	741	9	14	19	8
497	228	344	228	158	104652	459	0	459	459	459	142.711	779.035	11.018	4.051	1.416	3.996	142.711	779.035	11.018	139	773	9	12	11	5
498	884	818	884	459	472056	534	0	534	534	534	11.489	782.689	13.952	5.925	1.673	6.221	11.489	782.688	13.952	4	775	9	17	16	9
499	1062	856	1062	482	556488	524	0	524	524	524	75.028	823.878	13.729	6.197	1.490	6.394	75.028	823.878	13.729	66	816	9	18	16	9
500	1770	1422	1770	829	950490	537	0	537	537	537	90.542	842.520	14.056	8.226	2.675	8.438	90.542	842.519	14.056	80	830	9	22	24	11
501	303	374	303	186	157560	520	0	520	520	520	228.967	584.125	12.901	4.044	1.075	4.080	228.967	584.125	12.901	225	580	10	10	10	7
502	1615	1084	1615	643	843030	522	0	522	522	522	172.511	674.027	13.288	7.165	1.795	7.549	172.511	674.026	13.288	162	665	10	20	19	8
503	228	302	228	145	119700	525	0	525	525	525	36.447	827.009	13.219	3.590	1.004	3.525	36.447	827.009	13.219	33	821	10	7	12	7
504	855	666	855	393	454005	531	0	531	531	531	30.207	641.277	14.394	5.652	1.319	5.738	30.207	641.278	14.394	23	635	11	16	12	7
505	767	626	767	375	408044	532	0	532	532	532	28.342	652.433	13.781	5.465	1.327	5.577	28.342	652.432	13.781	21	648	11	15	11	7
506	269	342	269	188	132886	494	0	494	494	494	299.717	682.502	12.680	4.146	1.493	3.958	299.718	682.502	12.680	295	674	11	10	14	5
507	896	712	896	411	477568	533	0	533	533	533	119.349	761.138	13.699	5.756	1.428	6.113	119.349	761.138	13.699	112	754	11	16	15	6
508	896	826	896	447	471296	526	0	526	526	526	132.609	874.573	13.549	6.126	1.983	6.171	132.610	874.573	13.549	119	867	11	22	16	6
509	421	528	421	260	226498	538	0	538	538	538	35.591	897.629	13.831	4.776	1.593	4.745	35.591	897.629	13.831	29	891	11	14	13	8
510	649	706	649	362	349811	539	0	539	539	539	90.547	929.681	14.339	5.316	1.482	5.597	90.547	929.681	14.339	84	922	11	15	15	7
511	318	376	318	194	168540	530	0	530	530	530	19.025	999.060	12.783	4.107	1.149	4.113	19.025	999.060	12.783	15	994	11	11	12	5
512	164	254	164	123	84952	518	0	518	518	518	10.482	1005.909	12.421	3.409	1.217	3.291	10.482	1005.908	12.421	5	1003	11	12	6	4
513	1214	1034	1214	579	655560	540	0	540	540	540	98.661	910.189	14.786	7.254	2.858	6.907	98.661	910.189	14.786	83	901	12	26	19	7
