 	Volume (pixel^3)	Surface (pixel^2)	Nb of obj. voxels	Nb of surf. voxels	IntDen	Mean	StdDev	Median	Min	Max	X	Y	Z	Mean dist. to surf. (pixel)	SD dist. to surf. (pixel)	Median dist. to surf. (pixel)	XM	YM	ZM	BX	BY	BZ	B-width	B-height	B-depth
1	4476	2336	4476	1465	35808	8	0	8	8	8	715.563	496.255	6.982	10.882	3.293	10.919	715.563	496.255	6.982	698	484	2	34	24	11
2	376	576	376	261	376	1	0	1	1	1	1012.920	497.777	5.612	4.716	1.606	4.803	1012.920	497.777	5.612	1005	491	2	14	13	10
3	2861	1780	2861	1004	555034	194	0	194	194	194	1002.384	507.624	11.017	8.948	2.174	9.047	1002.378	507.623	11.017	990	497	2	27	21	15
4	1433	1022	1433	615	196321	137	0	137	137	137	953.643	540.381	9.321	6.761	1.481	6.833	953.641	540.380	9.321	945	535	2	19	14	12
5	2109	1560	2109	885	8436	4	0	4	4	4	989.027	541.600	6.846	8.395	2.712	8.400	989.027	541.600	6.846	978	524	2	20	29	12
6	2760	1584	2760	987	27600	10	0	10	10	10	1010.448	562.682	6.997	8.727	2.083	9.246	1010.448	562.682	6.997	1000	553	2	21	20	11
7	2160	1366	2160	810	25920	12	0	12	12	12	1010.956	582.655	7.105	7.961	1.960	8.529	1010.956	582.655	7.105	1001	574	2	20	20	11
8	1102	872	1102	499	7714	7	0	7	7	7	1015.151	642.085	6.434	6.380	1.629	6.458	1015.151	642.085	6.434	1007	634	2	14	16	13
9	450	656	450	306	12150	27	0	27	27	27	981.904	487.558	7.464	5.409	2.135	4.959	981.904	487.558	7.464	977	479	3	12	18	10
10	2206	1624	2206	888	280162	127	0	127	127	127	895.706	490.307	10.476	8.260	2.101	8.321	895.708	490.307	10.476	884	481	3	22	21	14
11	4052	2552	4052	1438	247172	61	0	61	61	61	751.264	493.917	9.527	10.561	3.111	10.789	751.259	493.916	9.527	737	480	3	30	28	12
12	1778	1298	1778	728	113792	64	0	64	64	64	729.274	511.506	8.915	7.518	1.870	7.761	729.274	511.506	8.915	720	502	3	19	20	11
13	1096	820	1096	478	72336	66	0	66	66	66	1014.914	517.620	8.780	6.055	0.911	6.045	1014.908	517.620	8.780	1007	511	3	14	13	12
14	2385	1584	2385	932	162180	68	0	68	68	68	946.880	525.953	9.245	8.450	2.120	8.374	946.865	525.952	9.245	938	514	3	24	23	12
15	3993	2446	3993	1457	535062	134	0	134	134	134	590.507	526.219	9.241	10.548	3.149	10.459	590.513	526.219	9.241	573	514	3	29	31	14
16	3601	2226	3601	1331	486135	135	0	135	135	135	1002.374	527.743	9.555	10.120	3.109	9.693	1002.376	527.744	9.555	988	518	3	33	19	14
17	1666	1138	1666	682	114954	69	0	69	69	69	930.028	529.943	9.170	7.227	1.712	7.573	930.024	529.943	9.170	921	522	3	18	18	11
18	2394	1576	2394	936	69426	29	0	29	29	29	1007.195	544.291	8.330	8.326	1.860	8.259	1007.186	544.291	8.330	998	537	3	23	17	12
19	2341	1498	2341	873	21069	9	0	9	9	9	967.616	549.287	7.453	8.321	2.151	8.650	967.607	549.287	7.453	954	537	3	25	24	11
20	1656	1060	1656	630	54648	33	0	33	33	33	948.602	575.186	7.919	7.116	1.500	7.433	948.594	575.185	7.919	939	567	3	18	16	11
21	3264	2208	3264	1262	104448	32	0	32	32	32	719.902	572.536	8.629	10.750	4.008	10.593	719.902	572.536	8.629	705	562	3	35	26	11
22	1349	1254	1349	650	102524	76	0	76	76	76	894.615	584.934	8.062	7.208	2.173	7.294	894.620	584.934	8.062	886	575	3	20	23	10
23	2019	1422	2019	843	22209	11	0	11	11	11	967.256	577.371	7.281	8.204	2.379	8.406	967.264	577.371	7.281	958	566	3	26	21	10
24	3404	1982	3404	1188	500388	147	0	147	147	147	850.621	584.306	9.838	9.664	2.595	9.569	850.621	584.309	9.838	837	573	3	27	24	14
25	1454	974	1454	621	50890	35	0	35	35	35	951.545	591.235	7.966	6.861	1.492	7.105	951.552	591.236	7.966	945	584	3	14	17	10
26	2089	1354	2089	816	77293	37	0	37	37	37	968.337	596.427	7.936	7.968	2.011	8.452	968.329	596.427	7.936	959	587	3	21	21	10
27	3478	2122	3478	1304	288674	83	0	83	83	83	834.240	606.233	8.443	10.117	2.895	10.350	834.243	606.234	8.443	822	595	3	26	26	12
28	3089	2042	3089	1126	274921	89	0	89	89	89	995.127	615.714	8.515	9.546	2.684	9.557	995.125	615.712	8.515	979	603	3	29	27	12
29	1258	986	1258	512	50320	40	0	40	40	40	1015.208	623.080	7.649	6.699	1.660	6.441	1015.208	623.080	7.649	1007	611	3	14	23	10
30	2048	1498	2048	832	86016	42	0	42	42	42	947.351	637.595	8.651	8.173	2.487	7.937	947.340	637.594	8.651	938	625	3	16	30	12
31	2181	1678	2181	952	346779	159	0	159	159	159	960.553	641.628	10.158	8.805	2.940	8.404	960.554	641.630	10.158	951	625	3	20	32	13
32	193	288	193	145	579	3	0	3	3	3	922.295	647.891	4.979	3.537	1.106	3.530	922.295	647.891	4.979	917	643	3	11	9	6
33	1334	920	1334	592	133400	100	0	100	100	100	1014.853	657.855	9.064	6.683	1.374	6.819	1014.844	657.854	9.064	1010	650	3	11	16	12
34	466	664	466	296	7456	16	0	16	16	16	874.002	664.292	6.646	5.253	1.722	5.279	874.002	664.292	6.646	866	656	3	15	17	8
35	2524	1598	2524	952	249876	99	0	99	99	99	1000.573	655.175	9.227	8.768	2.354	8.656	1000.574	655.175	9.227	990	645	3	19	28	12
36	1367	980	1367	576	20505	15	0	15	15	15	745.278	666.409	7.688	6.724	1.654	7.100	745.278	666.409	7.688	737	658	3	18	17	9
37	3557	2440	3557	1303	594019	167	0	167	167	167	907.542	675.538	10.075	10.414	3.330	10.042	907.545	675.540	10.075	888	656	3	31	32	14
38	2861	1914	2861	1093	48637	17	0	17	17	17	809.476	669.666	8.363	9.387	2.843	9.425	809.462	669.665	8.363	796	656	3	27	25	12
39	2876	2132	2876	1199	310608	108	0	108	108	108	863.494	683.494	8.635	9.719	3.049	9.897	863.504	683.495	8.635	851	670	3	32	27	12
40	2034	1316	2034	773	95598	47	0	47	47	47	1009.949	674.668	8.471	7.854	1.825	8.086	1009.954	674.667	8.471	1000	667	3	21	18	10
41	847	836	847	442	229537	271	0	271	271	271	627.734	675.131	11.391	5.810	1.561	5.823	627.735	675.132	11.391	623	667	3	11	17	14
42	2489	1550	2489	992	49780	20	0	20	20	20	743.178	685.266	7.705	8.968	2.840	8.847	743.178	685.266	7.705	734	675	3	24	27	12
43	3274	2178	3274	1221	343770	105	0	105	105	105	957.387	676.135	11.120	10.181	3.343	10.127	957.387	676.136	11.120	943	661	3	28	35	15
44	1887	1222	1887	758	39627	21	0	21	21	21	810.875	690.205	7.068	7.695	2.010	8.169	810.865	690.205	7.068	800	682	3	22	18	9
45	1718	1170	1718	677	37796	22	0	22	22	22	790.393	699.066	7.600	7.326	1.876	7.829	790.393	699.066	7.600	781	690	3	20	19	9
46	3695	2192	3695	1309	413840	112	0	112	112	112	743.897	707.515	9.119	10.398	3.163	10.494	743.905	707.515	9.119	733	694	3	25	30	12
47	5668	3270	5668	1954	646152	114	0	114	114	114	523.991	706.465	8.941	12.225	3.834	12.216	523.987	706.464	8.941	509	690	3	38	33	13
48	2137	1542	2137	900	254303	119	0	119	119	119	1011.597	365.256	9.657	8.406	2.549	8.366	1011.598	365.256	9.657	999	355	4	21	23	11
49	1765	1568	1765	843	331820	188	0	188	188	188	982.790	385.096	11.969	8.514	3.284	8.287	982.795	385.096	11.969	969	375	4	26	24	12
50	2189	1600	2189	865	120395	55	0	55	55	55	914.037	458.194	9.484	8.242	2.089	8.572	914.042	458.194	9.484	901	447	4	25	22	12
51	1537	1228	1537	674	192125	125	0	125	125	125	826.725	459.874	10.205	7.281	1.889	7.372	826.723	459.875	10.205	816	449	4	21	19	11
52	1783	1256	1783	692	221092	124	0	124	124	124	933.705	453.989	10.850	7.391	1.675	7.644	933.713	453.990	10.850	925	445	4	19	19	12
53	1027	854	1027	487	25675	25	0	25	25	25	837.342	469.908	7.994	6.475	1.936	6.173	837.339	469.908	7.994	833	458	4	12	23	10
54	723	624	723	364	18798	26	0	26	26	26	828.201	473.293	8.412	5.317	1.027	5.179	828.201	473.293	8.412	822	469	4	11	12	10
55	1902	1464	1902	762	363282	191	0	191	191	191	846.552	483.820	10.833	7.817	2.115	8.011	846.554	483.821	10.833	837	473	4	21	21	12
56	1024	960	1024	484	59392	58	0	58	58	58	972.664	480.871	9.061	6.264	1.674	6.437	972.658	480.871	9.061	965	474	4	18	18	10
57	3115	2336	3115	1281	392490	126	0	126	126	126	1001.942	483.305	9.771	10.174	3.213	9.928	1001.945	483.304	9.771	987	469	4	31	27	13
58	1364	1114	1364	674	80476	59	0	59	59	59	922.108	481.562	9.077	7.528	2.837	6.979	922.113	481.562	9.077	908	471	4	25	19	12
59	1126	1056	1126	569	217318	193	0	193	193	193	833.105	495.340	10.544	6.563	2.053	6.677	833.103	495.340	10.544	825	487	4	20	17	11
60	2708	1864	2708	1007	170604	63	0	63	63	63	773.941	510.046	9.086	9.327	2.926	9.020	773.946	510.046	9.086	766	497	4	24	32	11
61	1456	1048	1456	619	90272	62	0	62	62	62	920.466	497.375	8.891	6.910	1.650	7.445	920.474	497.375	8.891	911	489	4	18	17	10
62	3124	2286	3124	1290	609180	195	0	195	195	195	926.476	513.165	9.479	10.067	3.306	10.127	926.473	513.164	9.479	913	501	4	32	25	12
63	2853	1856	2853	1007	370890	130	0	130	130	130	800.346	511.142	9.735	8.972	2.223	8.855	800.342	511.142	9.735	789	499	4	26	28	13
64	1298	916	1298	538	84370	65	0	65	65	65	755.985	515.063	9.086	6.559	1.429	6.658	755.981	515.063	9.086	747	509	4	18	14	10
65	1402	968	1402	584	39256	28	0	28	28	28	961.413	524.249	8.437	6.731	1.444	6.900	961.413	524.249	8.437	956	515	4	14	19	10
66	2996	1692	2996	963	395472	132	0	132	132	132	569.183	523.963	10.098	8.818	1.779	9.105	569.174	523.962	10.098	559	512	4	21	23	13
67	1790	1228	1790	718	119930	67	0	67	67	67	788.051	523.747	8.882	7.530	1.953	7.859	788.055	523.748	8.882	779	513	4	20	21	10
68	2163	1434	2163	843	294168	136	0	136	136	136	714.695	530.578	10.093	8.217	2.050	8.348	714.686	530.578	10.093	706	521	4	18	20	12
69	1461	1148	1461	707	194313	133	0	133	133	133	606.668	525.567	9.600	7.221	2.010	6.927	606.665	525.568	9.600	602	515	4	11	23	13
70	2672	1732	2672	970	534400	200	0	200	200	200	629.385	542.446	11.165	8.790	2.188	8.862	629.376	542.448	11.165	616	533	4	24	21	14
71	1858	1284	1858	713	55740	30	0	30	30	30	940.354	554.499	8.457	7.584	1.859	7.930	940.365	554.499	8.457	931	545	4	20	20	9
72	3295	1850	3295	1025	471185	143	0	143	143	143	681.806	558.808	10.007	9.130	1.915	9.243	681.808	558.809	10.007	670	548	4	25	23	13
73	1207	1004	1207	564	168980	140	0	140	140	140	717.228	548.602	10.038	6.685	1.873	6.916	717.234	548.601	10.038	709	542	4	17	18	11
74	1559	1086	1559	588	113807	73	0	73	73	73	888.768	560.258	8.779	6.980	1.458	7.228	888.764	560.258	8.779	880	553	4	20	16	10
75	2123	1408	2123	854	157102	74	0	74	74	74	822.872	564.008	9.519	8.059	2.136	8.405	822.865	564.007	9.519	813	553	4	18	23	12
76	4506	2478	4506	1482	337950	75	0	75	75	75	687.461	577.344	9.688	11.012	3.406	10.790	687.464	577.345	9.688	671	563	4	33	28	12
77	1263	966	1263	568	16419	13	0	13	13	13	832.322	584.994	7.222	6.680	1.796	6.753	832.322	584.994	7.222	821	576	4	18	18	11
78	153	298	153	130	918	6	0	6	6	6	662.007	582.497	5.778	3.941	1.644	4.031	662.007	582.497	5.778	656	577	4	13	13	4
79	1421	1002	1421	562	48314	34	0	34	34	34	511.939	577.476	8.635	6.756	1.589	7.197	511.939	577.476	8.635	504	569	4	17	18	9
80	2109	1418	2109	786	164502	78	0	78	78	78	599.437	587.365	8.912	7.961	2.027	8.353	599.444	587.365	8.912	590	578	4	22	23	10
81	1723	1354	1723	755	139563	81	0	81	81	81	935.443	594.311	9.554	7.888	2.576	7.805	935.440	594.311	9.554	923	584	4	21	23	10
82	2490	1572	2490	936	371010	149	0	149	149	149	487.597	588.382	9.769	8.658	2.436	8.706	487.596	588.381	9.769	479	577	4	24	24	13
83	2020	1304	2020	734	72720	36	0	36	36	36	795.911	593.361	8.320	7.711	1.808	8.102	795.911	593.361	8.320	785	584	4	21	20	9
84	1835	1250	1835	663	146800	80	0	80	80	80	750.858	592.662	8.549	7.415	1.605	7.671	750.858	592.662	8.549	742	582	4	19	24	11
85	1863	1238	1863	734	152766	82	0	82	82	82	588.204	603.765	8.923	7.607	1.949	8.076	588.198	603.765	8.923	579	594	4	20	21	10
86	7828	3888	7828	2302	1174200	150	0	150	150	150	191.082	599.550	10.761	13.493	4.166	13.526	191.086	599.553	10.761	171	581	4	38	43	14
87	794	930	794	483	246140	310	0	310	310	310	885.455	598.300	11.702	6.042	1.876	6.245	885.456	598.299	11.702	878	589	4	15	17	12
88	2009	1304	2009	760	413854	206	0	206	206	206	502.112	592.940	11.002	7.653	1.585	7.959	502.115	592.940	11.002	494	583	4	18	20	12
89	1407	1048	1407	590	53466	38	0	38	38	38	780.821	609.378	7.896	6.865	1.741	7.228	780.825	609.378	7.896	771	600	4	19	19	8
90	1449	1018	1449	604	223146	154	0	154	154	154	813.908	605.957	10.445	6.881	1.688	6.982	813.905	605.957	10.445	806	597	4	15	19	11
91	1460	1082	1460	593	125560	86	0	86	86	86	455.061	609.436	9.084	7.003	1.848	7.212	455.065	609.436	9.084	446	602	4	21	17	10
92	1883	1226	1883	716	73437	39	0	39	39	39	556.218	614.739	8.597	7.561	1.801	7.979	556.225	614.739	8.597	547	605	4	20	20	9
93	1973	1294	1973	757	173624	88	0	88	88	88	432.994	613.643	8.944	7.790	1.902	8.132	432.994	613.643	8.944	423	603	4	20	21	10
94	2114	1714	2114	989	558096	264	0	264	264	264	862.544	639.298	11.970	9.500	3.569	9.646	862.535	639.297	11.970	851	624	4	25	31	12
95	1139	936	1139	538	179962	158	0	158	158	158	453.764	638.504	9.757	6.490	1.842	6.762	453.767	638.504	9.757	446	629	4	16	19	10
96	1256	1084	1256	579	273808	218	0	218	218	218	836.462	628.677	11.120	6.824	1.863	6.802	836.460	628.676	11.120	828	620	4	17	19	12
97	1574	1172	1574	664	245544	156	0	156	156	156	630.252	637.476	10.370	7.054	1.702	7.228	630.258	637.476	10.370	621	629	4	19	16	11
98	1324	1096	1324	607	205220	155	0	155	155	155	656.850	630.642	9.774	6.969	2.105	7.103	656.852	630.642	9.774	645	622	4	22	19	10
99	1942	1212	1942	743	83506	43	0	43	43	43	780.317	639.427	8.438	7.629	1.766	8.081	780.323	639.427	8.438	771	630	4	19	20	10
100	1243	904	1243	528	54692	44	0	44	44	44	547.230	643.645	8.356	6.485	1.523	6.774	547.230	643.645	8.356	538	636	4	18	15	10
101	1528	1140	1528	636	148216	97	0	97	97	97	669.970	640.986	8.724	7.106	1.829	7.419	669.967	640.985	8.724	661	632	4	19	18	9
102	1492	1200	1492	659	326748	219	0	219	219	219	999.168	635.727	10.782	6.999	1.698	7.304	999.169	635.727	10.782	990	627	4	19	18	12
103	1994	1282	1994	768	195412	98	0	98	98	98	797.950	643.838	8.698	7.819	1.932	8.219	797.945	643.838	8.698	790	631	4	22	23	10
104	2026	1318	2026	794	326186	161	0	161	161	161	416.372	653.881	9.646	7.830	1.876	8.169	416.371	653.881	9.646	406	644	4	22	20	11
105	2687	1714	2687	963	446042	166	0	166	166	166	644.364	670.463	9.322	8.891	2.225	8.930	644.368	670.463	9.322	633	656	4	25	27	12
106	4655	2478	4655	1471	479465	103	0	103	103	103	929.027	671.751	9.996	10.989	3.250	10.821	929.028	671.751	9.996	919	654	4	23	35	13
107	1613	1106	1613	629	29034	18	0	18	18	18	762.775	673.867	7.404	7.143	1.759	7.498	762.775	673.867	7.404	753	665	4	21	18	8
108	1680	1112	1680	649	171360	102	0	102	102	102	840.246	674.211	9.018	7.228	1.700	7.522	840.251	674.210	9.018	831	666	4	19	18	10
109	2656	1552	2656	880	281536	106	0	106	106	106	721.579	679.617	9.382	8.490	1.771	8.713	721.575	679.617	9.382	709	670	4	24	21	12
110	1038	860	1038	486	19722	19	0	19	19	19	828.107	683.163	7.271	6.183	1.557	6.403	828.107	683.163	7.271	820	673	4	17	20	8
111	3933	2330	3933	1395	420831	107	0	107	107	107	494.012	682.794	9.182	11.046	3.929	10.999	494.014	682.795	9.182	479	672	4	36	23	12
112	1550	1074	1550	611	74400	48	0	48	48	48	534.728	689.699	7.655	7.033	1.690	7.318	534.728	689.699	7.655	525	681	4	20	19	8
113	2025	1538	2025	859	222750	110	0	110	110	110	842.512	693.687	8.700	8.196	2.371	8.526	842.517	693.688	8.700	831	684	4	24	25	11
114	1896	1302	1896	749	92904	49	0	49	49	49	379.995	701.477	8.391	8.003	2.523	7.938	379.990	701.477	8.391	369	692	4	24	24	10
115	1578	1132	1578	644	359784	228	0	228	228	228	619.391	695.125	10.788	7.118	1.752	7.475	619.386	695.125	10.788	611	686	4	18	20	11
116	1988	1424	1988	819	556640	280	0	280	280	280	370.251	710.164	11.798	7.567	1.412	7.690	370.255	710.166	11.798	362	701	4	18	18	14
117	2888	1852	2888	1100	320568	111	0	111	111	111	354.955	704.924	9.779	9.355	2.822	9.308	354.957	704.922	9.779	345	691	4	22	28	11
118	1929	1266	1929	748	217977	113	0	113	113	113	480.506	714.412	8.629	7.739	1.955	8.150	480.504	714.411	8.629	468	705	4	26	19	9
119	1543	1100	1543	631	268482	174	0	174	174	174	460.292	714.296	9.816	7.021	1.655	7.306	460.295	714.296	9.816	452	705	4	18	19	11
120	1053	786	1053	476	188487	179	0	179	179	179	522.351	727.531	10.477	6.136	1.193	6.031	522.353	727.531	10.477	518	722	4	11	15	13
121	4605	2596	4605	1579	538785	117	0	117	117	117	222.019	740.694	9.165	11.558	4.005	11.277	222.017	740.698	9.165	208	719	4	28	42	13
122	2348	1544	2348	920	572912	244	0	244	244	244	254.763	745.247	10.540	8.598	2.299	8.283	254.759	745.246	10.540	248	734	4	23	24	14
123	878	784	878	439	105360	120	0	120	120	120	1016.413	388.375	9.951	6.416	2.203	6.114	1016.413	388.375	9.951	1012	379	5	8	22	12
124	1730	1156	1730	683	86500	50	0	50	50	50	951.775	414.536	9.220	7.383	1.864	7.821	951.764	414.536	9.220	942	405	5	21	20	9
125	1596	1200	1596	669	196308	123	0	123	123	123	959.477	448.845	9.679	7.487	2.294	7.362	959.478	448.846	9.679	951	437	5	18	29	10
126	1585	1114	1585	607	193370	122	0	122	122	122	947.733	439.927	10.606	7.053	1.549	7.107	947.730	439.927	10.606	939	431	5	19	21	11
127	1324	986	1324	561	68848	52	0	52	52	52	975.031	442.769	9.203	6.666	1.544	7.012	975.031	442.769	9.203	968	435	5	17	17	10
128	345	532	345	227	7935	23	0	23	23	23	842.504	449.667	9.475	5.401	2.304	5.218	842.504	449.667	9.475	837	442	5	14	18	10
129	158	396	158	146	8532	54	0	54	54	54	865.475	460.449	9.956	4.464	1.835	4.351	865.475	460.449	9.956	860	455	5	11	15	12
130	1351	1096	1351	600	75656	56	0	56	56	56	982.815	460.159	9.075	7.049	2.121	7.128	982.815	460.159	9.075	974	451	5	23	19	8
131	249	472	249	193	5976	24	0	24	24	24	854.137	466.084	8.197	4.716	1.748	4.717	854.137	466.084	8.197	848	461	5	14	13	8
132	969	792	969	472	58140	60	0	60	60	60	935.923	494.046	9.252	6.025	1.516	6.271	935.923	494.046	9.252	929	487	5	15	16	9
133	2732	1770	2732	996	352428	129	0	129	129	129	902.646	510.794	10.211	8.994	2.441	9.038	902.644	510.793	10.211	889	501	5	27	21	11
134	776	706	776	409	101656	131	0	131	131	131	711.081	514.363	9.803	5.619	1.549	5.638	711.083	514.363	9.803	703	508	5	16	13	9
135	1075	920	1075	504	354750	330	0	330	330	330	636.358	521.507	13.127	6.258	1.524	6.307	636.357	521.507	13.127	631	514	5	15	18	13
136	2205	1382	2205	811	434385	197	0	197	197	197	847.200	526.264	10.918	7.977	1.950	8.486	847.198	526.264	10.918	837	516	5	21	21	11
137	2139	1432	2139	853	543306	254	0	254	254	254	620.944	523.369	11.956	8.129	2.102	8.219	620.945	523.371	11.956	614	513	5	18	22	13
138	2153	1418	2153	776	549015	255	0	255	255	255	689.305	537.131	11.699	7.880	1.840	8.349	689.304	537.129	11.699	679	528	5	21	20	12
139	3039	1842	3039	1027	613878	202	0	202	202	202	789.111	545.770	10.442	9.037	2.089	9.120	789.109	545.769	10.442	777	535	5	25	23	12
140	1830	1154	1830	693	254370	139	0	139	139	139	532.269	543.704	9.911	7.407	1.657	7.582	532.271	543.705	9.911	522	537	5	21	16	10
141	1537	1058	1537	593	212106	138	0	138	138	138	885.378	543.411	9.844	6.933	1.560	7.302	885.374	543.410	9.844	876	536	5	19	17	10
142	4457	2736	4457	1570	904771	203	0	203	203	203	448.564	552.134	11.748	10.889	3.079	11.199	448.563	552.132	11.748	436	537	5	27	32	13
143	1708	1132	1708	674	343308	201	0	201	201	201	666.115	544.444	11.050	7.286	1.798	7.746	666.114	544.443	11.050	657	535	5	20	20	10
144	1070	1034	1070	551	75970	71	0	71	71	71	518.024	553.589	9.091	6.701	2.284	6.647	518.027	553.589	9.091	511	541	5	16	23	9
145	1138	932	1138	542	160458	141	0	141	141	141	732.871	556.286	10.300	6.455	1.779	6.899	732.869	556.286	10.300	724	546	5	18	19	9
146	1868	1204	1868	679	381072	204	0	204	204	204	570.078	551.014	11.350	7.469	1.656	7.751	570.084	551.014	11.350	561	541	5	19	20	11
147	2377	1644	2377	925	610889	257	0	257	257	257	593.917	551.997	12.473	8.788	2.611	8.546	593.917	551.995	12.473	585	537	5	20	28	13
148	1336	1004	1336	560	96192	72	0	72	72	72	540.236	558.824	9.326	6.664	1.613	7.071	540.236	558.824	9.326	532	550	5	18	18	9
149	2085	1454	2085	821	427425	205	0	205	205	205	633.463	564.642	12.120	8.198	2.329	8.278	633.463	564.643	12.120	623	554	5	21	23	12
150	1614	1224	1614	718	416412	258	0	258	258	258	837.115	559.963	11.210	7.666	2.622	7.507	837.110	559.963	11.210	831	543	5	15	28	11
151	902	780	902	464	27962	31	0	31	31	31	493.542	572.297	8.619	6.070	1.752	6.043	493.542	572.297	8.619	486	562	5	17	16	8
152	1279	934	1279	532	186734	146	0	146	146	146	561.546	575.929	10.275	6.509	1.445	6.695	561.542	575.928	10.275	553	568	5	18	15	10
153	1442	984	1442	576	111034	77	0	77	77	77	561.207	590.102	9.377	6.798	1.540	6.988	561.204	590.101	9.377	552	584	5	19	15	9
154	1504	1106	1504	652	118816	79	0	79	79	79	469.056	592.245	9.147	7.508	2.597	7.478	469.059	592.246	9.147	453	584	5	25	18	9
155	1600	1186	1600	655	417600	261	0	261	261	261	868.498	594.049	11.960	7.091	1.494	7.066	868.497	594.049	11.960	858	585	5	19	20	12
156	1561	1074	1561	598	231028	148	0	148	148	148	524.830	589.588	10.307	6.983	1.589	7.345	524.825	589.588	10.307	517	581	5	17	19	10
157	3178	1760	3178	1035	667380	210	0	210	210	210	164.288	605.056	11.050	9.119	1.971	9.392	164.285	605.057	11.050	153	595	5	26	22	13
158	1476	1084	1476	617	307008	208	0	208	208	208	694.203	596.060	10.420	6.946	1.716	7.408	694.203	596.060	10.420	685	588	5	19	18	10
159	1773	1246	1773	731	148932	84	0	84	84	84	857.415	604.016	9.411	7.433	1.800	7.833	857.405	604.015	9.411	848	594	5	21	20	12
160	1972	1276	1972	705	416092	211	0	211	211	211	212.143	606.845	11.382	7.606	1.668	7.872	212.144	606.845	11.382	204	596	5	19	22	13
161	432	486	432	269	134784	312	0	312	312	312	889.609	608.442	11.954	4.870	1.740	4.625	889.609	608.442	11.954	884	603	5	12	10	13
162	1090	830	1090	467	92650	85	0	85	85	85	418.467	606.398	9.287	6.158	1.305	6.247	418.464	606.398	9.287	411	599	5	16	17	9
163	1061	850	1061	460	225993	213	0	213	213	213	482.150	611.389	11.011	6.082	1.340	6.382	482.149	611.388	11.011	474	604	5	17	16	10
164	1824	1356	1824	741	169632	93	0	93	93	93	708.469	622.449	9.787	7.699	2.122	8.082	708.466	622.449	9.787	698	610	5	21	25	10
165	163	290	163	118	14996	92	0	92	92	92	970.080	620.233	8.742	3.697	1.538	3.182	970.080	620.233	8.742	965	614	5	10	11	7
166	1486	1020	1486	583	135226	91	0	91	91	91	494.741	621.453	9.950	6.880	1.544	7.201	494.744	621.453	9.950	486	613	5	18	18	9
167	309	442	309	218	12669	41	0	41	41	41	822.408	625.045	8.230	4.539	1.748	4.517	822.408	625.045	8.230	815	620	5	15	10	6
168	5153	2814	5153	1715	1118201	217	0	217	217	217	149.434	621.293	11.445	11.946	3.915	11.625	149.433	621.294	11.445	135	602	5	32	39	13
169	2358	1488	2358	879	504612	214	0	214	214	214	132.653	621.193	11.241	8.378	2.084	8.294	132.655	621.194	11.241	125	606	5	16	27	12
170	1744	1138	1744	692	165680	95	0	95	95	95	421.465	636.007	8.673	7.361	1.825	7.885	421.469	636.007	8.673	412	627	5	20	19	8
171	2016	1294	2016	785	435456	216	0	216	216	216	116.788	622.646	10.818	8.015	2.209	7.851	116.788	622.646	10.818	109	611	5	16	25	12
172	1329	1002	1329	574	354843	267	0	267	267	267	633.372	651.926	11.777	6.692	1.658	6.853	633.373	651.927	11.777	624	645	5	20	16	11
173	956	764	956	457	43020	45	0	45	45	45	546.103	657.274	7.700	6.005	1.584	6.144	546.100	657.274	7.700	538	652	5	20	13	7
174	2361	1482	2361	899	387204	164	0	164	164	164	32.452	669.049	10.343	8.465	2.240	8.308	32.452	669.049	10.343	26	659	5	18	24	12
175	2078	1304	2078	783	342870	165	0	165	165	165	499.123	667.493	9.316	7.872	1.805	8.069	499.122	667.493	9.316	487	659	5	24	17	11
176	1889	1284	1889	729	306018	162	0	162	162	162	571.274	661.128	10.465	7.569	1.855	8.110	571.270	661.127	10.465	562	652	5	19	20	10
177	1896	1210	1896	678	197184	104	0	104	104	104	45.898	679.578	9.325	7.473	1.641	7.885	45.898	679.578	9.325	37	670	5	19	20	9
178	1220	1070	1220	604	123220	101	0	101	101	101	664.727	670.607	9.140	6.767	2.074	7.310	664.725	670.608	9.140	655	662	5	19	19	9
179	920	870	920	435	154560	168	0	168	168	168	370.460	685.686	9.815	6.091	1.806	6.087	370.460	685.686	9.815	362	678	5	18	17	10
180	1016	872	1016	499	171704	169	0	169	169	169	636.024	684.810	9.912	6.263	1.689	6.246	636.022	684.809	9.912	627	680	5	21	12	11
181	2933	1704	2933	950	665791	227	0	227	227	227	667.082	696.244	11.015	8.828	1.896	9.139	667.083	696.246	11.015	658	685	5	19	24	13
182	1827	1504	1827	892	314244	172	0	172	172	172	724.239	696.898	9.251	8.892	3.232	9.013	724.245	696.899	9.251	709	684	5	25	25	10
183	2865	1688	2865	947	647490	226	0	226	226	226	581.742	694.193	10.594	8.802	1.903	8.761	581.739	694.194	10.594	573	683	5	22	25	12
184	2526	1566	2526	894	586032	232	0	232	232	232	173.764	703.258	10.869	8.586	2.051	8.427	173.764	703.258	10.869	162	693	5	23	22	13
185	1604	1200	1604	661	370524	231	0	231	231	231	248.742	705.062	11.103	7.237	1.821	7.358	248.743	705.063	11.103	241	694	5	17	22	12
186	3104	1648	3104	1017	536992	173	0	173	173	173	148.729	712.203	10.504	8.885	1.863	9.332	148.727	712.199	10.504	140	702	5	21	22	12
187	3565	2224	3565	1304	623875	175	0	175	175	175	543.990	720.103	11.018	10.633	3.606	10.508	543.990	720.103	11.018	530	707	5	31	28	12
188	2533	1624	2533	887	595255	235	0	235	235	235	571.023	712.348	11.733	8.543	2.196	8.526	571.026	712.346	11.733	561	702	5	22	26	12
189	2601	1504	2601	920	616437	237	0	237	237	237	124.488	724.536	11.039	8.424	1.744	8.614	124.487	724.538	11.039	112	715	5	22	21	13
190	1382	1096	1382	626	160312	116	0	116	116	116	422.885	726.893	8.986	6.914	1.952	7.415	422.885	726.893	8.986	414	718	5	20	18	8
191	3997	2308	3997	1439	727454	182	0	182	182	182	204.120	735.698	10.302	10.495	2.925	10.307	204.123	735.700	10.302	194	719	5	25	31	13
192	1521	1122	1521	624	267696	176	0	176	176	176	256.455	722.252	10.245	7.041	1.634	7.425	256.455	722.252	10.245	246	713	5	20	20	10
193	1703	1216	1703	711	306540	180	0	180	180	180	509.146	726.503	10.734	7.468	1.883	7.582	509.141	726.503	10.734	499	717	5	18	20	11
194	1918	1284	1918	775	220570	115	0	115	115	115	345.853	725.261	9.700	7.844	2.140	8.198	345.856	725.259	9.700	337	716	5	20	19	11
195	1984	1424	1984	857	353152	178	0	178	178	178	369.674	725.733	10.511	8.103	2.219	7.868	369.671	725.732	10.511	358	719	5	23	16	12
196	2566	1540	2566	957	454182	177	0	177	177	177	325.222	726.329	10.719	8.716	2.280	8.709	325.221	726.330	10.719	313	717	5	24	19	12
197	2670	1808	2670	1064	638130	239	0	239	239	239	139.906	733.168	11.774	9.225	2.765	8.913	139.907	733.168	11.774	132	718	5	17	30	13
198	1808	1368	1808	742	330864	183	0	183	183	183	381.428	736.847	9.631	8.055	2.610	7.778	381.429	736.847	9.631	368	727	5	25	19	11
199	1254	884	1254	552	230736	184	0	184	184	184	186.396	741.066	10.548	6.471	1.316	6.357	186.396	741.067	10.548	177	736	5	16	13	12
200	3360	1948	3360	1171	823200	245	0	245	245	245	237.535	750.320	10.894	9.819	2.802	9.337	237.535	750.322	10.894	225	735	5	22	30	13
201	2767	1814	2767	1012	683449	247	0	247	247	247	138.907	760.115	11.720	9.333	2.709	9.192	138.908	760.115	11.720	128	748	5	22	27	13
202	2085	1400	2085	817	387810	186	0	186	186	186	8.035	771.235	10.175	8.115	2.287	8.124	8.035	771.234	10.175	0	759	5	19	23	12
203	1580	1244	1580	712	295460	187	0	187	187	187	20.339	803.211	10.454	7.699	2.518	7.522	20.339	803.213	10.454	13	791	5	15	26	13
204	1492	1096	1492	587	371508	249	0	249	249	249	974.361	412.793	12.227	6.848	1.549	7.095	974.359	412.793	12.227	966	404	6	18	18	11
205	694	826	694	398	205424	296	0	296	296	296	987.182	432.522	12.568	5.574	1.547	5.533	987.178	432.522	12.568	979	426	6	16	17	11
206	1248	1012	1248	569	370656	297	0	297	297	297	1011.421	455.187	12.198	6.990	2.364	6.851	1011.421	455.186	12.198	1004	441	6	16	24	11
207	596	592	596	348	114432	192	0	192	192	192	910.398	487.213	11.008	5.178	1.535	5.035	910.398	487.213	11.008	907	480	6	9	16	9
208	2290	1652	2290	965	682420	298	0	298	298	298	509.949	527.811	12.148	9.173	3.392	8.613	509.948	527.810	12.148	501	515	6	18	32	12
209	3319	1984	3319	1184	859621	259	0	259	259	259	433.844	571.029	12.050	9.899	2.893	9.853	433.843	571.030	12.050	424	557	6	21	30	12
210	1348	1030	1348	577	281732	209	0	209	209	209	406.373	597.938	11.097	6.728	1.702	6.916	406.371	597.940	11.097	398	590	6	17	18	10
211	1019	792	1019	460	153869	151	0	151	151	151	430.474	597.165	9.746	6.022	1.356	6.156	430.476	597.166	9.746	422	590	6	17	14	10
212	1782	1212	1782	695	272646	153	0	153	153	153	285.145	603.536	10.391	7.442	1.890	7.927	285.143	603.537	10.391	276	594	6	20	20	9
213	1205	954	1205	574	183160	152	0	152	152	152	1004.730	598.964	10.517	6.875	2.253	6.657	1004.737	598.964	10.517	996	591	6	23	17	9
214	1245	1002	1245	561	108315	87	0	87	87	87	754.421	613.106	9.447	6.650	1.876	7.047	754.423	613.106	9.447	746	605	6	18	20	8
215	197	274	197	138	17730	90	0	90	90	90	821.315	618.355	8.503	3.519	1.146	3.371	821.315	618.355	8.503	815	615	6	13	7	6
216	1193	982	1193	566	112142	94	0	94	94	94	405.020	624.548	9.695	6.612	1.906	7.026	405.023	624.548	9.695	396	615	6	19	18	8
217	1103	862	1103	488	105888	96	0	96	96	96	440.558	632.052	9.113	6.253	1.576	6.515	440.558	632.052	9.113	433	624	6	16	17	7
218	1882	1192	1882	695	301120	160	0	160	160	160	209.878	655.302	9.807	7.503	1.777	7.959	209.878	655.302	9.807	200	645	6	20	21	8
219	1966	1458	1966	821	432520	220	0	220	220	220	118.696	659.643	11.151	8.107	2.436	8.232	118.696	659.643	11.151	110	647	6	21	24	11
220	1837	1404	1837	808	620906	338	0	338	338	338	99.700	649.606	13.572	7.503	1.882	7.683	99.699	649.605	13.572	89	641	6	22	17	13
221	3830	2496	3830	1427	1018780	266	0	266	266	266	40.186	650.525	12.239	10.745	3.438	10.675	40.185	650.523	12.239	20	638	6	35	28	13
222	2537	1692	2537	952	565751	223	0	223	223	223	429.406	668.969	11.619	9.050	2.751	8.796	429.406	668.967	11.619	418	656	6	26	24	11
223	3316	1962	3316	1154	736152	222	0	222	222	222	14.438	667.697	11.131	9.676	2.675	9.706	14.438	667.696	11.131	2	656	6	24	27	12
224	216	330	216	150	9936	46	0	46	46	46	390.338	661.361	8.009	3.970	1.545	3.891	390.338	661.361	8.009	384	658	6	14	9	5
225	1942	1348	1942	751	316546	163	0	163	163	163	707.084	667.851	10.211	7.864	2.255	8.094	707.085	667.850	10.211	697	654	6	21	29	9
226	1944	1262	1944	724	524880	270	0	270	270	270	406.802	668.570	12.098	7.610	1.744	7.899	406.804	668.570	12.098	397	659	6	20	20	11
227	2263	1540	2263	929	624588	276	0	276	276	276	647.071	694.326	11.263	8.553	2.449	8.372	647.066	694.327	11.263	633	683	6	24	20	12
228	1780	1266	1780	684	485940	273	0	273	273	273	212.558	689.081	12.698	7.370	1.764	7.711	212.558	689.083	12.698	204	680	6	19	19	11
229	1765	1156	1765	662	301815	171	0	171	171	171	60.115	690.840	10.199	7.318	1.636	7.727	60.115	690.839	10.199	50	682	6	21	19	9
230	161	264	161	111	17549	109	0	109	109	109	931.969	691.913	9.863	3.335	1.135	3.577	931.969	691.913	9.863	927	690	6	10	5	8
231	968	942	968	480	225544	233	0	233	233	233	430.000	705.638	11.081	6.088	1.737	6.159	429.999	705.638	11.081	421	697	6	18	16	10
232	1750	1218	1750	718	565250	323	0	323	323	323	643.702	708.062	12.502	7.571	1.996	7.553	643.703	708.062	12.502	634	702	6	21	18	12
233	953	868	953	458	223002	234	0	234	234	234	607.183	706.695	11.230	6.090	1.582	6.112	607.181	706.695	11.230	601	699	6	15	18	10
234	696	690	696	372	195576	281	0	281	281	281	615.786	711.576	10.858	5.249	1.192	5.224	615.785	711.576	10.858	611	705	6	11	14	10
235	797	738	797	422	280544	352	0	352	352	352	658.008	712.498	14.046	5.650	1.435	5.667	658.008	712.498	14.046	654	704	6	12	17	13
236	1933	1340	1933	768	552838	286	0	286	286	286	7.868	726.375	13.102	7.748	1.771	7.814	7.868	726.374	13.102	1	716	6	19	20	12
237	2053	1376	2053	809	492720	240	0	240	240	240	167.336	726.599	10.870	7.923	2.125	8.465	167.336	726.599	10.870	157	717	6	21	22	9
238	1479	1032	1479	600	425952	288	0	288	288	288	121.740	741.400	11.898	6.903	1.561	7.146	121.740	741.400	11.898	113	734	6	18	17	10
239	1974	1266	1974	770	365190	185	0	185	185	185	156.385	743.293	10.248	7.739	1.895	8.193	156.384	743.292	10.248	148	733	6	20	21	11
240	1661	1146	1661	665	400301	241	0	241	241	241	273.421	734.610	10.821	7.270	1.869	7.754	273.420	734.611	10.821	264	725	6	19	20	9
241	1984	1458	1984	809	573376	289	0	289	289	289	310.920	740.652	11.859	8.172	2.648	8.202	310.919	740.645	11.859	301	722	6	20	31	11
242	2074	1378	2074	784	503982	243	0	243	243	243	332.739	743.853	10.724	8.034	2.135	8.135	332.740	743.855	10.724	322	736	6	23	20	11
243	1632	1070	1632	687	474912	291	0	291	291	291	198.105	755.690	11.778	7.199	1.572	7.277	198.105	755.690	11.778	191	749	6	17	17	12
244	2143	1342	2143	765	527178	246	0	246	246	246	284.986	753.309	10.839	7.846	1.780	8.393	284.989	753.308	10.839	275	744	6	21	20	10
245	4962	2658	4962	1582	1438980	290	0	290	290	290	177.471	756.153	12.271	11.027	3.005	11.462	177.469	756.154	12.271	163	740	6	28	33	12
246	4639	2778	4639	1692	1354588	292	0	292	292	292	101.715	777.778	12.272	12.510	4.692	12.159	101.712	777.775	12.272	88	762	6	36	33	13
247	2553	1544	2553	906	633144	248	0	248	248	248	69.434	786.174	11.131	8.514	2.166	8.898	69.434	786.175	11.131	59	775	6	20	24	11
248	1810	1216	1810	723	213580	118	0	118	118	118	8.306	791.350	9.530	7.573	1.958	7.814	8.306	791.350	9.530	0	783	6	22	18	10
249	1496	1080	1496	617	439824	294	0	294	294	294	31.826	806.444	11.940	7.130	1.810	7.183	31.826	806.445	11.940	25	794	6	16	22	11
250	163	230	163	107	19723	121	0	121	121	121	993.288	411.810	9.871	3.034	0.569	3.047	993.288	411.810	9.871	990	409	7	8	7	6
251	2083	1816	2083	994	393687	189	0	189	189	189	878.205	431.476	11.669	9.473	3.548	9.482	878.203	431.476	11.669	864	413	7	24	32	9
252	164	292	164	118	41000	250	0	250	250	250	829.732	436.335	10.817	3.547	1.298	3.463	829.732	436.335	10.817	826	430	7	7	13	8
253	152	224	152	108	28880	190	0	190	190	190	787.914	478.224	10.434	2.997	0.639	2.978	787.914	478.224	10.434	785	475	7	7	7	7
254	1033	940	1033	513	261349	253	0	253	253	253	882.429	501.811	12.314	6.169	1.754	6.618	882.428	501.811	12.314	874	493	7	17	17	10
255	1797	1180	1797	734	355806	198	0	198	198	198	526.759	528.772	10.931	7.605	1.969	7.844	526.762	528.772	10.931	519	520	7	21	20	9
256	846	872	846	489	165816	196	0	196	196	196	548.109	525.709	10.981	6.094	1.932	6.354	548.107	525.709	10.981	541	518	7	16	18	8
257	607	694	607	366	42490	70	0	70	70	70	912.641	531.694	9.759	5.384	1.574	5.653	912.642	531.694	9.759	905	524	7	15	14	7
258	1647	1108	1647	660	421632	256	0	256	256	256	647.421	548.645	12.176	7.189	1.692	7.609	647.421	548.645	12.176	639	540	7	18	19	10
259	1127	866	1127	496	163415	145	0	145	145	145	477.437	573.197	10.272	6.356	1.657	6.608	477.435	573.197	10.272	470	565	7	16	19	8
260	4042	2442	4042	1430	836694	207	0	207	207	207	221.500	589.425	11.953	10.460	2.974	10.634	221.502	589.426	11.953	207	576	7	27	29	11
261	1370	1048	1370	604	458950	335	0	335	335	335	872.133	612.529	13.742	6.827	1.815	7.240	872.133	612.531	13.742	863	604	7	18	18	11
262	1353	1030	1353	596	290895	215	0	215	215	215	317.355	621.540	11.346	6.829	1.782	7.063	317.356	621.541	11.346	308	612	7	19	19	10
263	2192	1372	2192	785	576496	263	0	263	263	263	100.512	624.328	12.108	8.132	2.013	8.046	100.513	624.327	12.108	92	613	7	17	23	11
264	1183	866	1183	519	185731	157	0	157	157	157	402.306	640.904	9.715	6.423	1.689	6.788	402.304	640.903	9.715	394	634	7	18	15	7
265	3732	2222	3732	1363	988980	265	0	265	265	265	65.750	648.578	12.598	10.239	2.898	10.626	65.749	648.578	12.598	54	634	7	28	27	12
266	1649	1346	1649	779	364429	221	0	221	221	221	64.173	666.525	12.198	8.214	3.001	7.836	64.173	666.528	12.198	49	661	7	29	14	12
267	1552	1152	1552	665	530784	342	0	342	342	342	171.030	668.203	13.858	7.123	1.904	7.515	171.031	668.203	13.858	161	660	7	20	19	11
268	1852	1316	1852	747	637088	344	0	344	344	344	180.676	686.367	13.762	7.606	1.963	8.095	180.676	686.367	13.762	171	677	7	21	20	12
269	177	368	177	144	30090	170	0	170	170	170	977.819	686.345	10.367	4.143	1.366	4.146	977.819	686.345	10.367	974	680	7	10	12	8
270	2012	1314	2012	763	450688	224	0	224	224	224	161.206	681.714	11.622	7.721	1.902	8.163	161.206	681.714	11.622	151	672	7	21	20	11
271	1847	1250	1847	713	422963	229	0	229	229	229	45.430	700.985	10.872	7.582	1.951	7.839	45.430	700.986	10.872	34	691	7	22	22	8
272	1603	1128	1603	682	368690	230	0	230	230	230	684.137	700.658	11.563	7.237	1.937	7.446	684.140	700.658	11.563	677	691	7	17	21	9
273	244	370	244	179	66856	274	0	274	274	274	944.115	693.029	11.008	4.407	1.856	4.270	944.114	693.029	11.008	938	690	7	16	6	9
274	1282	968	1282	577	302552	236	0	236	236	236	723.706	715.222	10.653	6.719	1.741	7.147	723.711	715.222	10.653	715	705	7	17	20	8
275	2189	1344	2189	817	610731	279	0	279	279	279	131.419	707.369	12.625	7.946	1.626	7.961	131.420	707.369	12.625	123	697	7	18	22	12
276	1721	1178	1721	675	487043	283	0	283	283	283	22.687	714.823	12.174	7.321	1.764	7.720	22.687	714.823	12.174	13	705	7	20	20	10
277	1233	946	1233	546	350172	284	0	284	284	284	386.302	718.674	12.444	6.516	1.540	6.859	386.305	718.674	12.444	379	710	7	16	18	10
278	1492	1146	1492	646	355096	238	0	238	238	238	47.284	723.468	11.292	7.031	1.844	7.382	47.284	723.469	11.292	39	713	7	18	22	10
279	1279	972	1279	588	231499	181	0	181	181	181	480.626	731.158	10.367	6.794	1.918	6.999	480.625	731.158	10.367	470	725	7	22	15	7
280	3041	1858	3041	1063	872767	287	0	287	287	287	59.720	738.343	12.103	9.400	2.693	9.290	59.721	738.345	12.103	50	723	7	21	30	11
281	1949	1196	1949	779	574955	295	0	295	295	295	5.401	810.110	11.775	7.805	2.000	7.797	5.401	810.109	11.775	0	801	7	14	22	11
282	1151	958	1151	579	290052	252	0	252	252	252	925.421	469.632	11.991	6.555	1.841	6.672	925.426	469.632	11.991	915	461	8	20	15	8
283	1615	1128	1615	653	321385	199	0	199	199	199	468.964	531.600	11.307	7.262	1.945	7.469	468.965	531.600	11.307	460	523	8	24	19	8
284	1488	1116	1488	629	444912	299	0	299	299	299	407.341	540.099	13.312	7.175	2.086	7.294	407.341	540.099	13.312	398	526	8	19	24	10
285	1307	924	1307	574	432617	331	0	331	331	331	429.819	547.958	13.783	6.654	1.562	6.707	429.820	547.958	13.783	422	539	8	14	18	10
286	219	328	219	154	31536	144	0	144	144	144	485.511	560.443	9.553	3.977	1.483	3.863	485.511	560.443	9.553	482	554	8	9	13	5
287	1371	1034	1371	603	423639	309	0	309	309	309	421.268	584.948	12.736	6.820	1.739	7.141	421.268	584.947	12.736	413	576	8	18	19	9
288	919	844	919	467	194828	212	0	212	212	212	653.498	607.961	10.891	6.030	1.707	6.345	653.495	607.961	10.891	645	601	8	17	16	7
289	1649	1166	1649	677	517786	314	0	314	314	314	288.671	642.257	13.160	7.252	1.783	7.332	288.669	642.256	13.160	278	634	8	23	16	10
290	2209	1330	2209	790	698044	316	0	316	316	316	373.416	647.558	12.816	7.967	1.937	8.468	373.419	647.558	12.816	364	638	8	20	21	9
291	2416	1462	2416	854	765872	317	0	317	317	317	270.803	654.611	12.599	8.260	2.061	8.747	270.803	654.609	12.599	260	644	8	22	22	10
292	1412	1004	1412	580	378416	268	0	268	268	268	306.104	653.414	12.620	6.821	1.660	7.140	306.107	653.414	12.620	298	644	8	17	19	9
293	1257	876	1257	541	338133	269	0	269	269	269	290.306	657.376	12.218	6.514	1.483	6.825	290.305	657.377	12.218	280	651	8	18	16	9
294	1999	1304	1999	765	685657	343	0	343	343	343	242.683	686.035	14.091	7.779	1.961	8.193	242.684	686.033	14.091	232	677	8	21	20	11
295	1313	1016	1313	574	357136	272	0	272	272	272	422.478	689.171	12.104	6.744	1.853	7.079	422.478	689.171	12.104	414	681	8	17	19	8
296	1927	1210	1927	716	529925	275	0	275	275	275	142.953	691.944	12.050	7.569	1.808	8.075	142.954	691.941	12.050	134	682	8	19	20	9
297	1263	972	1263	537	349851	277	0	277	277	277	448.110	705.216	12.421	6.573	1.584	6.860	448.109	705.216	12.421	440	697	8	18	18	9
298	1389	982	1389	586	450036	324	0	324	324	324	269.778	710.420	12.897	6.779	1.637	7.105	269.776	710.419	12.897	261	703	8	18	17	9
299	1754	1124	1754	728	499890	285	0	285	285	285	187.687	726.239	11.969	7.393	1.773	7.811	187.686	726.238	11.969	179	718	8	19	17	10
300	1192	918	1192	528	388592	326	0	326	326	326	301.105	729.331	13.328	6.529	1.693	6.670	301.107	729.331	13.328	293	722	8	17	17	10
301	993	826	993	506	290949	293	0	293	293	293	83.196	782.713	12.624	6.753	2.526	6.387	83.196	782.713	12.624	80	769	8	7	25	10
302	2189	1370	2189	783	777095	355	0	355	355	355	44.904	794.874	14.155	7.957	1.865	8.367	44.904	794.875	14.155	35	785	8	20	21	11
303	352	492	352	227	88352	251	0	251	251	251	992.273	444.301	13.006	4.589	1.557	4.597	992.273	444.301	13.006	986	438	9	12	14	9
304	1273	940	1273	529	417544	328	0	328	328	328	886.064	456.357	13.929	6.550	1.527	6.712	886.059	456.357	13.929	877	449	9	19	17	10
305	1473	1036	1473	610	441900	300	0	300	300	300	478.335	544.715	13.152	6.969	1.741	7.239	478.338	544.715	13.152	469	535	9	19	20	8
306	1256	982	1256	538	379312	302	0	302	302	302	334.217	553.865	13.071	6.700	1.877	6.857	334.218	553.864	13.071	321	546	9	23	16	8
307	1337	950	1337	553	409122	306	0	306	306	306	369.156	569.339	12.709	6.641	1.486	6.879	369.154	569.340	12.709	361	563	9	18	15	9
308	1802	1228	1802	714	547808	304	0	304	304	304	296.070	564.120	13.664	7.512	1.923	7.938	296.070	564.121	13.664	287	553	9	19	22	9
309	2031	1258	2031	736	678354	334	0	334	334	334	277.459	572.166	13.688	7.694	1.812	8.220	277.461	572.165	13.688	268	563	9	20	20	9
310	1428	1062	1428	626	439824	308	0	308	308	308	402.449	582.478	13.207	6.997	1.881	7.392	402.445	582.477	13.207	394	573	9	18	18	8
311	969	746	969	443	297483	307	0	307	307	307	238.624	582.261	13.011	6.073	1.631	6.060	238.625	582.262	13.011	234	574	9	12	18	9
312	1788	1164	1788	673	556068	311	0	311	311	311	324.461	607.402	13.435	7.354	1.644	7.599	324.462	607.402	13.435	315	599	9	20	18	9
313	998	838	998	478	261476	262	0	262	262	262	175.673	620.792	13.751	6.192	1.616	6.479	175.674	620.792	13.751	167	614	9	16	16	10
314	623	524	623	301	194999	313	0	313	313	313	897.790	612.329	13.559	4.955	0.804	4.885	897.789	612.329	13.559	894	606	9	10	12	9
315	2315	1604	2315	953	777840	336	0	336	336	336	892.227	626.392	14.577	8.766	2.804	8.820	892.215	626.392	14.577	883	614	9	21	26	10
316	1148	870	1148	494	361620	315	0	315	315	315	239.665	647.275	12.818	6.321	1.468	6.523	239.666	647.276	12.818	234	639	9	14	17	8
317	1378	984	1378	602	469898	341	0	341	341	341	102.665	665.426	13.930	6.825	1.647	7.127	102.664	665.426	13.930	95	658	9	15	18	10
318	1165	882	1165	500	370470	318	0	318	318	318	306.223	673.189	13.258	6.401	1.596	6.709	306.225	673.189	13.258	299	665	9	16	19	9
319	960	806	960	419	306240	319	0	319	319	319	615.283	676.834	13.323	6.155	1.745	5.979	615.285	676.835	13.323	609	667	9	13	20	9
320	1192	908	1192	500	413624	347	0	347	347	347	314.755	689.058	14.161	6.387	1.534	6.704	314.756	689.057	14.161	304	681	9	20	16	9
321	176	290	176	131	56672	322	0	322	322	322	894.568	694.062	11.966	3.955	1.673	3.836	894.567	694.063	11.966	889	691	9	14	7	7
322	1244	922	1244	549	432912	348	0	348	348	348	262.146	696.069	13.907	6.571	1.595	6.814	262.147	696.069	13.907	253	688	9	19	17	9
323	715	706	715	414	201630	282	0	282	282	282	627.579	710.898	12.355	5.537	1.567	5.783	627.577	710.898	12.355	621	703	9	14	17	7
324	609	566	609	330	147378	242	0	242	242	242	397.742	734.273	11.256	5.278	1.578	5.258	397.741	734.272	11.256	394	726	9	10	17	6
325	1198	948	1198	532	394142	329	0	329	329	329	892.559	469.265	14.338	6.517	1.644	6.652	892.559	469.265	14.338	884	461	10	18	17	8
326	1479	1034	1479	633	445179	301	0	301	301	301	398.156	554.022	13.593	6.990	1.743	7.390	398.155	554.022	13.593	389	545	10	19	19	8
327	1960	1230	1960	755	652680	333	0	333	333	333	416.369	558.963	14.029	7.738	1.906	8.036	416.369	558.964	14.029	407	549	10	18	22	9
328	952	732	952	423	290360	305	0	305	305	305	336.931	568.815	12.745	5.881	1.366	6.072	336.930	568.817	12.745	329	563	10	17	13	7
329	912	916	912	479	276336	303	0	303	303	303	387.333	568.065	13.228	6.591	2.171	6.817	387.334	568.064	13.228	380	560	10	20	18	7
330	152	262	152	112	39520	260	0	260	260	260	614.803	592.099	11.921	3.706	1.580	3.460	614.803	592.099	11.921	610	587	10	12	9	5
331	1419	972	1419	561	478203	337	0	337	337	337	283.060	627.357	13.688	6.769	1.471	6.962	283.059	627.358	13.688	275	619	10	18	17	9
332	1863	1190	1863	703	633420	340	0	340	340	340	335.922	656.611	13.807	7.496	1.796	8.005	335.919	656.611	13.807	327	647	10	19	20	9
333	1396	974	1396	581	446720	320	0	320	320	320	458.211	690.731	13.183	6.816	1.674	7.201	458.211	690.731	13.183	450	682	10	18	19	8
334	387	500	387	250	133902	346	0	346	346	346	336.202	689.767	14.227	4.989	1.832	5.010	336.201	689.768	14.227	331	685	10	15	14	8
335	1219	908	1219	545	391299	321	0	321	321	321	564.164	694.084	13.505	6.539	1.658	6.916	564.162	694.084	13.505	557	685	10	15	19	8
336	1285	976	1285	603	449750	350	0	350	350	350	190.624	710.304	14.218	6.786	1.786	6.983	190.626	710.305	14.218	182	701	10	18	17	9
337	224	404	224	170	62272	278	0	278	278	278	766.371	707.496	12.375	4.685	2.135	4.422	766.371	707.495	12.375	759	701	10	12	16	5
338	1572	1098	1572	643	551772	351	0	351	351	351	228.965	706.473	13.976	7.141	1.918	7.589	228.966	706.476	13.976	220	697	10	19	19	8
339	163	270	163	120	52975	325	0	325	325	325	760.159	715.043	12.914	3.297	1.034	3.171	760.159	715.043	12.914	755	711	10	11	8	6
340	692	588	692	343	244968	354	0	354	354	354	5.915	741.671	14.423	5.234	1.177	5.366	5.915	741.670	14.423	1	737	10	12	13	8
341	2051	1318	2051	748	724003	353	0	353	353	353	91.391	741.826	14.563	7.791	1.870	8.147	91.390	741.818	14.563	82	732	10	20	21	9
342	1065	828	1065	502	353580	332	0	332	332	332	368.496	555.313	13.855	6.247	1.695	6.484	368.498	555.313	13.855	360	548	11	18	14	7
343	808	638	808	396	273912	339	0	339	339	339	227.821	649.689	13.726	5.660	1.547	5.620	227.821	649.690	13.726	222	641	11	11	18	7
344	1076	866	1076	500	371220	345	0	345	345	345	439.807	686.602	13.866	6.293	1.708	6.604	439.806	686.602	13.866	432	678	11	17	18	7
345	262	398	262	187	85674	327	0	327	327	327	963.683	391.908	13.855	4.112	1.471	4.059	963.685	391.908	13.855	960	385	12	9	15	5
346	851	730	851	419	302956	356	0	356	356	356	84.854	656.146	15.246	5.722	1.502	5.917	84.854	656.145	15.246	78	648	12	15	16	7
347	560	642	560	323	199920	357	0	357	357	357	906.268	654.354	14.677	5.333	1.785	5.406	906.268	654.354	14.677	900	647	12	17	16	7
348	1163	942	1163	535	416354	358	0	358	358	358	25.140	696.105	14.906	6.486	1.763	6.845	25.140	696.105	14.906	16	688	12	18	17	7
349	583	546	583	296	209297	359	0	359	359	359	4.372	703.307	15.005	5.170	1.561	4.950	4.372	703.307	15.005	1	695	12	9	17	7
350	398	472	398	237	138902	349	0	349	349	349	335.746	706.812	14.384	4.661	1.434	4.622	335.746	706.811	14.384	328	702	12	14	12	6
351	1534	1084	1534	680	555308	362	0	362	362	362	100.214	758.962	15.033	7.239	1.985	7.514	100.214	758.963	15.033	90	750	12	21	18	7
352	319	412	319	202	114840	360	0	360	360	360	214.765	713.696	15.201	4.325	1.431	4.298	214.765	713.696	15.201	208	708	13	13	12	5
353	322	400	322	210	116242	361	0	361	361	361	245.040	729.516	15.500	4.216	1.380	4.240	245.040	729.516	15.500	239	725	13	15	9	6
354	647	694	647	423	234861	363	0	363	363	363	79.091	759.628	15.855	5.619	1.781	5.976	79.091	759.627	15.855	71	752	14	17	16	5
