 	Volume (pixel^3)	Surface (pixel^2)	Nb of obj. voxels	Nb of surf. voxels	IntDen	Mean	StdDev	Median	Min	Max	X	Y	Z	Mean dist. to surf. (pixel)	SD dist. to surf. (pixel)	Median dist. to surf. (pixel)	XM	YM	ZM	BX	BY	BZ	B-width	B-height	B-depth
1	9116	4228	9116	2946	255248	28	0	28	28	28	869.904	245.225	9.008	15.933	6.113	15.376	869.947	245.225	9.008	846	227	3	54	31	13
2	5781	4284	5781	2420	815121	141	0	141	141	141	689.493	414.537	9.982	14.016	5.488	13.855	689.493	414.538	9.982	674	393	3	39	52	13
3	3842	2226	3842	1314	222836	58	0	58	58	58	627.646	428.868	8.821	10.627	3.372	10.513	627.637	428.869	8.821	613	415	3	28	28	13
4	920	918	920	515	67160	73	0	73	73	73	834.423	193.071	10.021	6.462	2.213	5.896	834.420	193.071	10.021	828	183	4	12	23	11
5	5426	3842	5426	2239	92242	17	0	17	17	17	881.403	190.006	9.593	13.290	5.072	13.080	881.385	190.006	9.593	864	167	4	41	42	11
6	2783	1858	2783	1197	52877	19	0	19	19	19	859.609	206.818	9.194	10.076	3.936	9.526	859.622	206.818	9.194	849	183	4	26	36	11
7	3648	2048	3648	1304	72960	20	0	20	20	20	886.355	213.060	8.970	10.274	3.166	10.252	886.355	213.060	8.970	869	197	4	29	27	11
8	10118	6224	10118	3848	232714	23	0	23	23	23	916.399	217.704	9.465	18.517	7.623	18.286	916.410	217.705	9.465	894	189	4	59	51	12
9	956	774	956	452	21032	22	0	22	22	22	870.215	221.800	8.884	5.885	1.267	5.752	870.215	221.800	8.884	862	217	4	17	12	11
10	5375	3002	5375	1950	134375	25	0	25	25	25	810.961	226.845	9.595	12.677	4.519	12.450	810.951	226.845	9.595	796	204	4	32	42	12
11	3202	1664	3202	1097	83252	26	0	26	26	26	854.311	229.133	8.907	9.131	1.993	9.352	854.292	229.133	8.907	842	220	4	25	18	11
12	3477	1902	3477	1288	83448	24	0	24	24	24	829.082	225.149	9.545	9.917	2.770	9.779	829.082	225.149	9.545	821	209	4	18	31	12
13	1820	1066	1820	754	49140	27	0	27	27	27	883.286	229.996	9.267	7.468	1.621	7.529	883.293	229.996	9.267	875	224	4	18	12	12
14	4454	2668	4454	1694	4454	1	0	1	1	1	915.199	240.237	8.970	11.875	4.482	11.241	915.199	240.237	8.970	898	229	4	39	25	11
15	3108	1766	3108	1185	90132	29	0	29	29	29	837.557	247.707	9.129	9.798	3.239	9.423	837.547	247.706	9.129	829	228	4	16	38	11
16	1581	1046	1581	665	128061	81	0	81	81	81	803.757	241.023	10.070	7.203	1.700	6.897	803.755	241.023	10.070	800	229	4	10	24	13
17	4578	2640	4578	1659	366240	80	0	80	80	80	789.203	241.244	9.667	11.767	4.688	11.017	789.199	241.244	9.667	774	205	4	25	54	12
18	10056	5062	10056	3161	301680	30	0	30	30	30	814.676	263.282	9.732	15.712	5.323	15.932	814.700	263.283	9.732	790	244	4	53	41	12
19	3616	3076	3616	1744	307360	85	0	85	85	85	770.189	267.788	10.267	12.112	4.719	11.957	770.187	267.787	10.267	754	253	4	37	39	12
20	3488	2150	3488	1422	111616	32	0	32	32	32	877.623	264.222	9.354	10.396	3.304	10.494	877.623	264.222	9.354	865	256	4	31	21	11
21	2267	1424	2267	925	77078	34	0	34	34	34	855.921	266.846	9.530	8.434	2.261	8.382	855.908	266.846	9.530	846	259	4	18	21	11
22	876	724	876	458	31536	36	0	36	36	36	906.523	274.094	8.750	5.768	1.363	5.726	906.523	274.094	8.750	900	267	4	12	16	9
23	2295	1830	2295	1043	80325	35	0	35	35	35	923.979	273.752	8.990	9.502	3.507	9.211	923.988	273.752	8.990	912	265	4	34	21	10
24	12735	6288	12735	3984	1158885	91	0	91	91	91	661.030	276.805	10.067	18.034	6.707	18.070	661.032	276.806	10.067	642	246	4	43	60	13
25	6262	3740	6262	2276	626200	100	0	100	100	100	631.537	287.820	9.962	14.110	5.657	13.758	631.527	287.819	9.962	621	257	4	28	56	12
26	1053	876	1053	529	110565	105	0	105	105	105	641.908	305.353	9.655	6.454	1.834	6.151	641.906	305.353	9.655	632	300	4	21	9	13
27	3044	1920	3044	1237	316576	104	0	104	104	104	608.430	301.862	10.055	10.209	3.697	9.447	608.420	301.862	10.055	593	278	4	28	32	13
28	3495	2120	3495	1298	387945	111	0	111	111	111	639.874	316.708	9.645	10.124	2.988	9.965	639.877	316.707	9.645	623	310	4	32	19	12
29	4395	2724	4395	1667	492240	112	0	112	112	112	603.456	319.950	10.264	11.333	3.639	10.784	603.461	319.950	10.264	591	308	4	32	33	13
30	8790	5168	8790	3229	993270	113	0	113	113	113	838.750	320.962	9.764	16.488	6.047	16.832	838.748	320.961	9.764	818	300	4	50	46	11
31	5231	3110	5231	1814	669568	128	0	128	128	128	695.124	362.199	10.000	12.580	4.595	11.840	695.124	362.199	10.000	676	349	4	47	23	13
32	7056	3580	7056	2334	980784	139	0	139	139	139	687.560	383.101	9.828	13.867	5.152	13.533	687.561	383.100	9.828	668	360	4	36	42	13
33	2375	1608	2375	1013	121125	51	0	51	51	51	711.281	380.820	9.198	8.689	2.471	8.813	711.287	380.820	9.198	703	370	4	25	21	11
34	2504	1886	2504	1098	333032	133	0	133	133	133	591.377	368.397	9.943	9.753	3.593	9.348	591.374	368.397	9.943	579	353	4	30	26	12
35	6256	3830	6256	2232	1263712	202	0	202	202	202	489.991	377.375	10.525	13.179	4.243	12.912	489.989	377.375	10.525	470	355	4	34	43	14
36	5657	2978	5657	1916	1148371	203	0	203	203	203	508.560	385.976	10.440	12.489	4.194	12.567	508.562	385.975	10.440	491	371	4	34	30	14
37	3836	2128	3836	1438	214816	56	0	56	56	56	653.509	420.654	9.191	11.258	4.195	10.882	653.511	420.654	9.191	634	411	4	39	17	11
38	4071	2622	4071	1568	594366	146	0	146	146	146	655.791	437.185	9.385	10.958	3.353	10.670	655.788	437.186	9.385	641	429	4	36	22	12
39	7513	3390	7513	2156	1119437	149	0	149	149	149	592.099	453.507	9.926	12.892	3.496	12.968	592.106	453.508	9.926	572	438	4	37	28	14
40	2492	1648	2492	1013	373800	150	0	150	150	150	615.857	459.258	10.458	8.843	2.394	8.503	615.862	459.258	10.458	609	450	4	17	26	13
41	5820	2916	5820	1750	1798380	309	0	309	309	309	368.638	477.150	11.289	11.900	3.537	11.479	368.637	477.152	11.289	356	453	4	26	41	15
42	2141	1226	2141	791	475302	222	0	222	222	222	403.404	475.689	10.945	7.764	1.151	7.713	403.405	475.689	10.945	398	468	4	15	16	14
43	3003	2086	3003	1191	669669	223	0	223	223	223	425.225	473.775	10.662	9.583	2.751	9.559	425.227	473.769	10.662	413	460	4	30	23	13
44	5404	2622	5404	1782	1194284	221	0	221	221	221	387.785	473.123	11.351	12.238	4.125	11.378	387.785	473.123	11.351	374	459	4	35	29	15
45	3918	2132	3918	1244	599454	153	0	153	153	153	548.840	483.273	10.400	10.076	2.525	9.782	548.838	483.271	10.400	532	473	4	30	25	14
46	4793	2914	4793	1680	1092804	228	0	228	228	228	379.156	498.012	10.640	10.650	2.732	10.477	379.150	498.013	10.640	368	483	4	22	32	15
47	1978	1410	1978	858	452962	229	0	229	229	229	395.733	495.762	11.247	7.904	1.916	7.624	395.733	495.763	11.247	390	489	4	13	22	15
48	8711	4642	8711	2760	1977397	227	0	227	227	227	330.425	482.846	10.772	14.799	5.226	14.124	330.425	482.845	10.771	312	455	4	35	57	15
49	6482	3624	6482	2277	1536234	237	0	237	237	237	469.398	492.608	10.931	13.763	5.153	13.236	469.397	492.608	10.931	445	473	4	53	33	14
50	6237	3224	6237	2146	1503117	241	0	241	241	241	463.548	512.112	10.813	14.159	5.933	12.374	463.547	512.113	10.813	439	503	4	56	21	15
51	9707	5396	9707	3120	2319973	239	0	239	239	239	239.678	503.935	11.015	15.670	5.264	15.420	239.679	503.937	11.015	214	477	4	45	52	14
52	5011	3024	5011	1831	1177585	235	0	235	235	235	263.669	501.775	11.366	12.294	4.296	11.599	263.669	501.775	11.366	255	481	4	22	46	14
53	5382	3030	5382	1862	1706094	317	0	317	317	317	277.656	512.609	11.769	12.564	4.629	11.745	277.655	512.611	11.769	264	483	4	27	50	15
54	8195	4934	8195	2783	2040555	249	0	249	249	249	293.974	540.010	11.689	13.925	4.012	14.526	293.974	540.006	11.690	270	523	4	44	39	15
55	6947	4330	6947	2437	1785379	257	0	257	257	257	390.306	548.290	10.789	13.927	5.301	13.045	390.294	548.297	10.789	368	517	4	38	53	14
56	3709	2508	3709	1346	990303	267	0	267	267	267	213.081	591.218	10.603	10.516	3.149	10.021	213.082	591.220	10.603	201	576	4	29	33	14
57	6263	3852	6263	2242	1033395	165	0	165	165	165	163.202	616.473	10.375	13.461	4.798	13.465	163.200	616.473	10.375	145	599	4	38	41	15
58	2485	1550	2485	906	693315	279	0	279	279	279	208.437	645.228	11.186	8.542	2.051	8.268	208.438	645.229	11.186	197	631	4	19	29	14
59	4420	2218	4420	1439	1237600	280	0	280	280	280	225.058	645.954	11.153	10.257	2.157	10.389	225.065	645.953	11.153	213	632	4	24	25	16
60	1144	1118	1144	639	20592	18	0	18	18	18	930.825	200.440	9.814	6.963	2.501	6.935	930.825	200.440	9.814	923	189	5	20	19	9
61	898	748	898	448	69146	77	0	77	77	77	812.710	207.683	9.833	5.815	1.379	5.835	812.707	207.683	9.833	804	201	5	17	12	9
62	1671	1178	1671	744	35091	21	0	21	21	21	843.773	213.161	9.210	7.555	2.083	7.518	843.766	213.161	9.210	836	203	5	15	24	10
63	6203	3798	6203	2217	1091728	176	0	176	176	176	774.216	228.122	10.363	13.744	5.227	13.419	774.242	228.122	10.363	756	203	5	37	45	12
64	1908	1944	1908	1049	148824	78	0	78	78	78	745.148	232.101	10.270	8.999	3.247	9.106	745.155	232.101	10.270	729	216	5	28	28	10
65	1406	1334	1406	736	115292	82	0	82	82	82	938.015	248.976	9.596	7.961	2.936	8.189	938.008	248.976	9.596	929	239	5	19	26	9
66	4495	3598	4495	2022	377580	84	0	84	84	84	700.659	262.277	10.257	13.421	5.547	12.993	700.646	262.277	10.257	686	239	5	40	46	11
67	1290	1100	1290	651	107070	83	0	83	83	83	928.505	258.502	9.420	7.273	2.534	6.955	928.506	258.502	9.420	923	246	5	20	23	9
68	1660	1222	1660	763	51460	31	0	31	31	31	911.032	258.759	9.085	7.938	2.476	7.682	911.041	258.759	9.085	897	251	5	25	16	9
69	631	552	631	322	20823	33	0	33	33	33	895.689	262.342	9.407	4.983	0.786	4.985	895.688	262.342	9.407	891	256	5	10	13	10
70	1188	976	1188	579	43956	37	0	37	37	37	840.001	277.528	9.423	6.771	2.018	6.681	839.996	277.528	9.423	834	267	5	13	22	9
71	1526	1424	1526	865	57988	38	0	38	38	38	900.417	281.975	8.966	9.598	4.584	8.707	900.425	281.975	8.966	882	270	5	41	20	9
72	1081	1070	1081	575	97290	90	0	90	90	90	688.648	279.729	9.516	6.717	2.096	6.789	688.644	279.729	9.516	678	269	5	22	20	9
73	476	510	476	276	43792	92	0	92	92	92	800.842	284.368	9.935	4.656	1.058	4.746	800.842	284.368	9.935	796	280	5	12	11	9
74	3199	2114	3199	1213	582218	182	0	182	182	182	595.984	291.973	10.498	9.724	2.750	9.590	595.986	291.974	10.498	580	276	5	27	28	12
75	2234	1740	2234	977	214464	96	0	96	96	96	616.744	284.609	10.596	9.632	3.962	8.814	616.744	284.609	10.596	605	264	5	19	36	12
76	646	626	646	362	60078	93	0	93	93	93	851.370	283.454	9.858	5.585	1.893	5.276	851.369	283.454	9.858	846	272	5	11	19	9
77	721	720	721	411	1442	2	0	2	2	2	907.585	294.573	8.467	5.921	2.071	5.744	907.585	294.573	8.467	900	291	5	22	10	8
78	3001	2492	3001	1448	555185	185	0	185	185	185	744.137	303.671	10.884	11.052	4.450	10.565	744.135	303.671	10.884	728	280	5	28	43	11
79	6196	4056	6196	2374	1164848	188	0	188	188	188	581.439	313.716	10.534	14.292	5.513	13.527	581.441	313.716	10.534	559	288	5	34	51	12
80	2697	2120	2697	1196	275094	102	0	102	102	102	663.921	303.569	9.794	9.514	3.084	9.218	663.926	303.570	9.794	654	294	5	27	25	12
81	378	558	378	266	15498	41	0	41	41	41	683.997	302.365	9.262	5.000	2.333	4.736	683.997	302.365	9.262	680	290	5	10	19	10
82	4764	3242	4764	1986	200088	42	0	42	42	42	879.543	307.691	9.619	12.486	4.427	12.734	879.528	307.691	9.619	859	295	5	44	36	10
83	1020	1118	1020	578	108120	106	0	106	106	106	555.303	311.020	10.210	6.861	2.382	6.877	555.300	311.020	10.210	545	298	5	18	23	10
84	448	600	448	264	47936	107	0	107	107	107	674.223	311.991	9.725	4.950	1.638	4.728	674.225	311.991	9.725	670	305	5	10	18	10
85	5173	3744	5173	2162	569030	110	0	110	110	110	792.615	315.736	10.192	13.341	4.922	13.021	792.621	315.736	10.192	774	303	5	46	32	11
86	905	1366	905	636	168330	186	0	186	186	186	689.020	314.951	10.143	7.485	3.101	7.250	689.018	314.951	10.143	679	308	5	24	20	10
87	2060	1852	2060	1014	224540	109	0	109	109	109	722.728	315.639	10.257	9.329	3.454	9.287	722.726	315.639	10.257	704	301	5	30	29	10
88	631	584	631	301	27133	43	0	43	43	43	638.480	331.021	9.187	4.985	0.778	4.901	638.480	331.021	9.187	633	326	5	12	13	10
89	1398	1158	1398	670	61512	44	0	44	44	44	848.128	333.049	9.132	7.787	2.792	7.367	848.128	333.049	9.132	841	326	5	18	24	9
90	1919	1776	1919	1025	86355	45	0	45	45	45	808.193	332.709	10.002	9.161	3.308	9.001	808.187	332.709	10.002	792	320	5	29	27	10
91	7295	4788	7295	2784	897285	123	0	123	123	123	575.688	357.694	10.008	15.171	5.577	15.436	575.689	357.693	10.008	552	336	5	48	49	12
92	3679	2574	3679	1446	430443	117	0	117	117	117	656.626	341.966	10.028	10.517	3.263	10.732	656.624	341.967	10.028	641	326	5	31	31	11
93	3880	2750	3880	1579	748840	193	0	193	193	193	627.731	345.962	10.606	11.123	3.687	11.361	627.734	345.963	10.606	615	328	5	33	37	12
94	1069	1342	1069	652	49174	46	0	46	46	46	690.380	340.462	9.632	7.015	2.541	6.972	690.380	340.462	9.632	682	326	5	17	24	10
95	498	722	498	346	59760	120	0	120	120	120	771.570	345.713	10.110	5.357	1.815	5.388	771.570	345.713	10.110	765	340	5	15	16	9
96	5533	4252	5533	2417	675026	122	0	122	122	122	557.100	343.266	10.187	14.364	5.800	13.879	557.097	343.266	10.187	538	320	5	33	54	11
97	875	1054	875	539	108500	124	0	124	124	124	825.798	352.413	10.176	7.036	2.788	6.857	825.800	352.413	10.176	816	346	5	25	17	10
98	586	758	586	369	27542	47	0	47	47	47	676.138	346.369	9.754	5.256	1.719	5.180	676.139	346.369	9.754	672	336	5	11	18	9
99	1033	1442	1033	711	197303	191	0	191	191	191	763.691	338.886	10.370	8.414	3.515	8.297	763.693	338.886	10.370	748	331	5	32	22	11
100	3709	2292	3709	1370	478461	129	0	129	129	129	511.837	361.440	10.463	10.511	3.266	10.192	511.838	361.441	10.463	498	343	5	31	29	12
101	1485	1516	1485	780	187110	126	0	126	126	126	805.272	355.147	10.257	8.032	2.950	7.706	805.276	355.148	10.257	791	346	5	27	25	10
102	1524	1492	1524	800	193548	127	0	127	127	127	639.259	358.626	10.381	8.172	2.978	7.680	639.262	358.627	10.381	628	352	5	25	21	12
103	2247	2042	2247	1106	110103	49	0	49	49	49	653.674	367.101	9.394	9.750	3.854	9.290	653.667	367.102	9.394	635	356	5	32	24	10
104	2918	2096	2918	1173	154654	53	0	53	53	53	599.742	392.510	9.827	9.852	3.189	9.409	599.737	392.510	9.827	592	377	5	21	32	11
105	1317	1190	1317	625	176478	134	0	134	134	134	664.277	379.377	9.758	7.044	2.060	7.013	664.280	379.378	9.758	655	368	5	17	23	10
106	547	594	547	293	108853	199	0	199	199	199	605.528	372.788	10.581	4.839	0.982	4.832	605.530	372.788	10.581	601	367	5	10	13	11
107	528	858	528	381	71808	136	0	136	136	136	554.932	382.843	10.072	5.826	2.486	5.308	554.932	382.843	10.072	544	377	5	22	12	10
108	2194	2112	2194	1070	440994	201	0	201	201	201	531.602	380.117	10.463	9.036	3.021	8.702	531.601	380.117	10.463	525	364	5	18	31	13
109	2763	1980	2763	1158	149202	54	0	54	54	54	713.484	398.481	9.595	10.126	4.262	9.550	713.494	398.482	9.595	702	387	5	37	26	10
110	5194	3796	5194	2120	285670	55	0	55	55	55	645.828	403.563	9.454	13.123	4.926	12.710	645.832	403.562	9.454	617	385	5	49	32	10
111	2278	1452	2278	884	318920	140	0	140	140	140	670.688	400.423	9.814	8.287	2.114	8.197	670.695	400.423	9.814	662	389	5	16	25	11
112	2013	1412	2013	874	418704	208	0	208	208	208	503.427	408.095	10.487	8.095	2.221	7.925	503.427	408.095	10.487	494	399	5	18	23	12
113	2503	2264	2503	1229	355426	142	0	142	142	142	589.317	409.455	10.203	9.500	3.384	9.482	589.322	409.456	10.203	571	399	5	34	23	11
114	10891	5698	10891	3484	3267300	300	0	300	300	300	473.470	414.961	11.505	16.281	5.432	16.200	473.475	414.957	11.505	450	382	5	45	54	14
115	9603	4634	9603	2905	2871297	299	0	299	299	299	446.039	422.837	11.778	14.817	4.531	14.888	446.040	422.837	11.778	424	400	5	43	44	13
116	316	484	316	226	948	3	0	3	3	3	607.522	418.177	7.984	4.367	1.466	4.415	607.522	418.177	7.984	601	413	5	13	12	10
117	4546	3524	4546	1919	954660	210	0	210	210	210	549.767	416.630	10.323	12.670	4.769	12.596	549.764	416.629	10.323	530	400	5	45	33	13
118	443	628	443	302	25251	57	0	57	57	57	586.806	421.652	9.269	4.646	1.436	4.673	586.806	421.652	9.269	580	417	5	14	10	10
119	2340	1766	2340	1059	334620	143	0	143	143	143	516.012	422.440	10.257	9.464	3.429	9.018	516.013	422.442	10.257	500	415	5	32	22	11
120	4831	3256	4831	1807	1024172	212	0	212	212	212	504.961	436.702	11.018	11.797	3.669	11.488	504.956	436.702	11.018	487	422	5	38	35	13
121	637	928	637	424	238875	375	0	375	375	375	590.992	427.708	12.089	6.000	2.386	5.570	590.993	427.708	12.089	578	422	5	23	12	12
122	3615	2104	3615	1389	531405	147	0	147	147	147	621.800	445.216	10.190	10.931	4.148	9.991	621.802	445.215	10.190	613	427	5	19	43	12
123	2770	1892	2770	1107	590010	213	0	213	213	213	604.131	436.787	10.577	9.133	2.477	8.593	604.130	436.788	10.577	586	423	5	26	26	12
124	3451	2422	3451	1410	738514	214	0	214	214	214	423.087	437.875	11.434	10.450	3.414	10.076	423.089	437.874	11.434	411	419	5	31	38	14
125	9166	4858	9166	2940	2007354	219	0	219	219	219	552.041	454.313	10.182	14.637	4.419	15.209	552.042	454.313	10.182	537	432	5	37	42	12
126	3432	2596	3432	1420	724152	211	0	211	211	211	563.096	430.321	10.745	10.233	3.249	10.448	563.097	430.321	10.745	547	415	5	33	27	13
127	2788	1892	2788	1110	599420	215	0	215	215	215	491.528	452.960	11.612	9.531	3.136	8.997	491.528	452.960	11.612	484	438	5	21	33	13
128	2079	1774	2079	905	313929	151	0	151	151	151	357.418	457.900	10.312	8.357	2.481	8.349	357.420	457.900	10.312	347	443	5	20	26	13
129	3335	2304	3335	1301	493580	148	0	148	148	148	640.363	452.333	10.269	10.397	3.570	9.910	640.356	452.334	10.269	629	442	5	35	27	12
130	5026	2806	5026	1737	1090642	217	0	217	217	217	454.463	457.060	11.543	11.350	3.015	11.732	454.462	457.058	11.543	443	443	5	25	29	13
131	4276	2418	4276	1475	1295628	303	0	303	303	303	431.931	454.146	11.638	10.621	2.786	10.516	431.932	454.147	11.638	415	443	5	29	29	14
132	4864	3278	4864	1830	1050624	216	0	216	216	216	527.697	459.917	10.808	12.125	4.065	12.135	527.708	459.917	10.808	513	437	5	29	43	12
133	2620	1898	2620	1060	398240	152	0	152	152	152	591.292	471.448	10.109	9.907	3.762	9.159	591.302	471.447	10.109	571	464	5	38	21	12
134	1531	1138	1531	651	336820	220	0	220	220	220	349.366	474.441	11.427	6.932	1.394	6.781	349.370	474.441	11.427	345	465	5	12	19	14
135	410	640	410	292	126280	308	0	308	308	308	446.646	475.961	10.329	4.786	1.544	4.815	446.646	475.961	10.329	441	470	5	12	11	12
136	4316	2548	4316	1533	1325012	307	0	307	307	307	475.922	477.152	11.481	11.502	4.170	10.958	475.923	477.150	11.481	454	469	5	41	21	13
137	444	618	444	296	1776	4	0	4	4	4	580.721	485.664	8.430	5.094	1.907	5.085	580.721	485.664	8.430	576	478	5	13	19	7
138	1152	1242	1152	626	359424	312	0	312	312	312	289.786	487.157	11.724	6.827	1.892	6.886	289.786	487.157	11.724	279	476	5	19	18	13
139	3732	2200	3732	1332	574728	154	0	154	154	154	427.684	492.470	10.304	10.083	2.675	9.991	427.681	492.470	10.304	416	481	5	27	23	14
140	2215	1922	2215	1035	509450	230	0	230	230	230	408.291	498.540	10.833	9.115	3.482	8.240	408.294	498.541	10.833	400	483	5	15	37	13
141	4231	2544	4231	1385	977361	231	0	231	231	231	535.619	495.661	10.427	10.591	2.878	10.425	535.619	495.660	10.427	523	483	5	34	30	13
142	6920	3240	6920	2173	2165960	313	0	313	313	313	306.054	501.133	11.273	13.169	4.178	12.875	306.053	501.134	11.273	288	486	5	34	33	14
143	1348	1544	1348	749	79532	59	0	59	59	59	566.749	487.818	9.426	8.309	3.494	7.895	566.750	487.819	9.426	555	472	5	21	31	11
144	8338	3858	8338	2502	1967768	236	0	236	236	236	354.216	503.076	10.870	13.604	3.905	13.776	354.221	503.075	10.870	340	481	5	30	41	13
145	2852	1632	2852	1034	678776	238	0	238	238	238	444.857	499.873	10.650	9.005	2.293	8.646	444.860	499.871	10.650	435	482	5	18	27	13
146	4689	2582	4689	1550	1491102	318	0	318	318	318	333.509	515.691	11.925	10.914	2.968	10.809	333.512	515.699	11.925	320	497	5	25	33	14
147	2121	1950	2121	986	496314	234	0	234	234	234	512.709	498.956	11.001	8.580	2.836	8.507	512.708	498.956	11.001	496	486	5	31	28	13
148	499	630	499	299	29940	60	0	60	60	60	190.675	505.637	8.766	5.287	2.032	5.071	190.675	505.637	8.766	179	502	5	20	9	10
149	6507	4184	6507	2397	1587708	244	0	244	244	244	422.917	521.499	10.685	13.401	4.667	13.167	422.915	521.499	10.685	404	504	5	32	42	14
150	10986	5872	10986	3309	2669598	243	0	243	243	243	211.899	522.890	10.967	16.135	5.491	16.293	211.900	522.893	10.967	183	500	5	64	45	14
151	3394	1988	3394	1208	821348	242	0	242	242	242	305.368	517.493	11.230	9.968	3.034	9.383	305.366	517.492	11.230	289	512	5	33	16	14
152	3505	2184	3505	1502	858725	245	0	245	245	245	449.796	524.115	10.481	12.200	5.412	11.740	449.795	524.118	10.481	435	510	5	45	24	12
153	3059	2292	3059	1223	981939	321	0	321	321	321	134.870	525.082	11.521	10.474	4.127	9.462	134.869	525.075	11.521	121	514	5	38	20	14
154	360	596	360	255	22320	62	0	62	62	62	387.692	516.572	9.711	4.615	1.480	4.573	387.692	516.572	9.711	383	512	5	13	10	12
155	4593	3558	4593	1959	716508	156	0	156	156	156	376.200	529.382	10.535	11.232	3.268	11.194	376.207	529.382	10.535	360	514	5	37	29	13
156	10372	5188	10372	3109	2603372	251	0	251	251	251	460.960	541.762	10.541	15.353	4.895	15.545	460.960	541.771	10.542	439	523	5	51	48	13
157	1780	1420	1780	803	573160	322	0	322	322	322	316.942	529.834	11.247	7.660	2.107	7.420	316.940	529.831	11.247	306	517	5	18	23	13
158	1979	2078	1979	1026	486834	246	0	246	246	246	502.335	526.241	10.544	9.384	3.572	9.037	502.337	526.240	10.544	483	514	5	36	26	10
159	2734	1998	2734	1105	678032	248	0	248	248	248	187.001	538.209	10.911	9.191	2.658	9.267	187.001	538.208	10.911	174	528	5	30	26	14
160	318	528	318	233	1590	5	0	5	5	5	255.928	532.107	8.723	4.954	1.995	4.543	255.928	532.107	8.723	246	529	5	19	10	10
161	4748	2878	4748	1770	1538352	324	0	324	324	324	349.101	533.466	11.190	11.588	3.703	11.312	349.097	533.468	11.190	327	521	5	39	27	13
162	1710	1274	1710	753	268470	157	0	157	157	157	431.209	539.720	11.167	7.774	2.293	7.246	431.207	539.722	11.167	419	534	5	24	14	13
163	6042	4108	6042	2235	1993860	330	0	330	330	330	241.910	547.503	11.719	12.451	3.673	12.564	241.908	547.504	11.719	224	531	5	39	28	15
164	14999	7942	14999	4582	4904673	327	0	327	327	327	143.907	547.357	11.789	18.599	6.248	18.632	143.909	547.359	11.788	117	524	5	58	51	15
165	3307	2090	3307	1226	836671	253	0	253	253	253	366.646	548.957	11.190	9.493	2.221	9.441	366.645	548.956	11.190	352	541	5	26	20	13
166	1879	1714	1879	912	623828	332	0	332	332	332	407.451	555.616	11.010	8.264	2.515	8.316	407.453	555.616	11.010	398	541	5	19	24	13
167	716	868	716	448	181864	254	0	254	254	254	276.682	552.014	10.852	5.355	1.465	5.269	276.682	552.014	10.852	268	547	5	17	12	12
168	7010	4086	7010	2460	1787550	255	0	255	255	255	17.316	544.033	11.122	14.707	5.661	14.335	17.316	544.034	11.122	0	515	5	30	56	15
169	5954	3704	5954	2102	1982682	333	0	333	333	333	95.567	553.552	12.125	13.702	5.241	12.998	95.566	553.552	12.125	77	537	5	41	39	15
170	2884	1890	2884	1044	954604	331	0	331	331	331	57.446	557.199	12.376	8.869	1.910	8.966	57.447	557.196	12.376	45	549	5	23	26	14
171	2162	1518	2162	854	557796	258	0	258	258	258	226.173	562.694	10.987	8.006	1.830	7.897	226.171	562.693	10.987	216	554	5	20	23	15
172	2095	1482	2095	972	689255	329	0	329	329	329	322.475	551.186	11.898	8.635	2.597	8.383	322.475	551.186	11.898	309	541	5	28	17	14
173	1566	1134	1566	676	405594	259	0	259	259	259	420.488	563.158	10.612	7.120	1.569	7.021	420.489	563.158	10.612	413	553	5	17	18	12
174	5682	3266	5682	1909	1483002	261	0	261	261	261	243.710	572.439	11.522	12.233	3.894	12.200	243.710	572.442	11.522	228	560	5	29	37	14
175	291	498	291	209	112617	387	0	387	387	387	294.653	564.027	12.457	4.494	1.659	4.381	294.653	564.027	12.457	289	559	5	12	11	13
176	2993	1794	2993	1138	1002655	335	0	335	335	335	205.177	565.301	11.115	9.465	2.877	9.308	205.178	565.299	11.115	194	558	5	30	16	13
177	928	710	928	417	241280	260	0	260	260	260	375.797	566.059	10.588	5.789	0.973	5.753	375.796	566.059	10.588	371	560	5	11	12	12
178	5226	3152	5226	1894	1745484	334	0	334	334	334	193.477	556.896	11.572	13.160	5.219	12.278	193.479	556.896	11.572	173	545	5	45	34	14
179	368	456	368	224	58880	160	0	160	160	160	273.492	564.024	10.424	4.369	1.164	4.276	273.492	564.024	10.424	270	560	5	8	9	14
180	12650	7110	12650	4080	3352250	265	0	265	265	265	371.462	586.237	10.899	17.686	5.980	17.628	371.460	586.231	10.899	349	559	5	46	65	14
181	3813	2500	3813	1463	606267	159	0	159	159	159	435.431	559.658	10.728	11.202	4.164	10.867	435.432	559.658	10.728	418	545	5	38	30	12
182	4460	2948	4460	1668	1503020	337	0	337	337	337	328.535	566.683	11.552	11.733	4.078	11.110	328.535	566.683	11.552	310	558	5	42	24	13
183	3618	2414	3618	1293	1222884	338	0	338	338	338	105.648	566.581	11.929	10.077	2.772	9.993	105.646	566.581	11.929	95	553	5	24	31	14
184	3762	2790	3762	1635	609444	162	0	162	162	162	415.768	577.685	10.267	11.646	4.276	11.305	415.763	577.686	10.267	396	566	5	41	36	11
185	2902	2054	2902	1135	760324	262	0	262	262	262	309.543	575.298	11.422	9.059	2.176	9.087	309.545	575.298	11.422	297	563	5	28	26	14
186	3715	2410	3715	1434	1263100	340	0	340	340	340	200.737	579.445	11.118	11.378	4.433	10.872	200.734	579.442	11.118	181	572	5	43	20	14
187	3848	2918	3848	1554	1023568	266	0	266	266	266	296.100	588.554	10.782	11.065	3.809	10.989	296.098	588.553	10.782	284	566	5	31	38	13
188	1854	1662	1854	862	302202	163	0	163	163	163	83.611	583.461	10.095	8.420	2.834	8.314	83.612	583.462	10.095	66	575	5	31	22	13
189	3890	2380	3890	1373	1026960	264	0	264	264	264	275.140	582.269	11.434	10.190	2.629	10.431	275.133	582.269	11.434	262	570	5	27	26	13
190	1258	1174	1258	614	428978	341	0	341	341	341	164.724	582.078	11.514	6.923	2.072	6.599	164.723	582.076	11.514	152	574	5	21	15	14
191	2740	1936	2740	1056	937080	342	0	342	342	342	255.667	592.222	11.682	9.005	2.266	8.881	255.669	592.223	11.682	240	582	5	28	20	14
192	5029	2820	5029	1644	1729976	344	0	344	344	344	64.304	606.283	11.264	11.525	3.272	11.064	64.304	606.282	11.264	53	586	5	25	36	14
193	3778	2436	3778	1286	1295854	343	0	343	343	343	330.488	591.480	11.265	10.086	2.635	10.078	330.487	591.482	11.265	312	579	5	33	28	13
194	3605	1936	3605	1138	1243725	345	0	345	345	345	278.266	605.138	11.523	9.415	1.799	9.621	278.266	605.141	11.523	267	596	5	24	19	14
195	7078	4014	7078	2299	1911060	270	0	270	270	270	181.637	598.466	11.709	13.661	4.744	13.412	181.639	598.466	11.709	157	575	5	46	44	14
196	3671	2320	3671	1277	1002183	273	0	273	273	273	132.251	615.263	11.067	10.043	2.627	10.117	132.250	615.264	11.067	118	601	5	27	27	14
197	6883	3498	6883	2079	2395284	348	0	348	348	348	86.199	620.064	11.320	13.011	3.921	12.975	86.202	620.063	11.320	71	602	5	39	33	14
198	394	638	394	274	27186	69	0	69	69	69	111.256	609.081	9.637	5.202	2.024	5.153	111.256	609.081	9.637	107	599	5	10	18	13
199	3439	2634	3439	1432	942286	274	0	274	274	274	353.242	613.442	10.860	11.167	4.408	10.628	353.241	613.442	10.860	343	588	5	24	46	12
200	2615	2024	2615	1056	711280	272	0	272	272	272	304.821	613.470	11.459	8.532	2.126	8.822	304.821	613.470	11.459	294	601	5	24	23	14
201	172	294	172	129	1720	10	0	10	10	10	248.250	614.767	8.076	3.628	1.467	3.431	248.250	614.767	8.076	245	606	5	7	14	6
202	2648	1788	2648	1029	439568	166	0	166	166	166	155.908	630.018	10.017	8.970	2.336	8.887	155.911	630.020	10.017	144	623	5	23	24	12
203	524	834	524	364	6288	12	0	12	12	12	190.380	626.781	8.445	5.978	2.447	5.656	190.380	626.781	8.445	183	617	5	16	21	10
204	7708	4356	7708	2549	2127408	276	0	276	276	276	276.943	628.911	11.108	13.995	4.688	13.943	276.938	628.912	11.108	248	613	5	51	32	13
205	400	588	400	282	5200	13	0	13	13	13	324.043	628.537	8.783	4.551	1.511	4.598	324.043	628.537	8.783	319	623	5	13	12	10
206	1861	1624	1861	855	314509	169	0	169	169	169	255.956	639.734	10.215	8.074	2.504	7.547	255.955	639.734	10.215	244	626	5	24	22	14
207	4073	2718	4073	1527	1425550	350	0	350	350	350	128.682	634.788	11.626	10.638	3.127	10.416	128.684	634.786	11.626	112	620	5	35	28	15
208	10981	5652	10981	3364	3107623	283	0	283	283	283	244.770	664.324	11.077	16.574	6.036	16.034	244.771	664.323	11.077	227	630	5	39	65	14
209	5377	3552	5377	1974	1510937	281	0	281	281	281	283.780	656.359	10.903	12.669	4.289	12.245	283.780	656.359	10.903	267	639	5	39	39	13
210	4605	2916	4605	1652	1643985	357	0	357	357	357	134.689	658.263	11.255	11.835	4.266	11.438	134.689	658.262	11.254	112	645	5	39	28	14
211	2986	2264	2986	1284	842052	282	0	282	282	282	16.387	656.510	12.039	10.283	3.628	10.326	16.387	656.511	12.039	2	639	5	23	30	15
212	6713	3902	6713	2324	1913205	285	0	285	285	285	117.166	670.191	11.657	13.267	4.392	13.097	117.166	670.191	11.657	96	652	5	43	31	13
213	3427	1978	3427	1141	1240574	362	0	362	362	362	268.106	669.742	11.638	9.528	2.169	9.511	268.105	669.742	11.638	259	659	5	23	27	14
214	3095	1878	3095	1072	878980	284	0	284	284	284	50.984	671.621	10.777	9.245	2.299	9.259	50.984	671.622	10.777	38	656	5	23	30	12
215	2037	1656	2037	859	735357	361	0	361	361	361	176.121	666.712	11.492	8.105	2.198	8.168	176.121	666.712	11.492	164	656	5	24	23	14
216	7303	4254	7303	2441	2095961	287	0	287	287	287	199.334	687.210	11.020	14.330	5.250	13.953	199.335	687.209	11.020	176	668	5	54	40	13
217	2791	1766	2791	1049	477261	171	0	171	171	171	164.694	681.738	10.232	9.003	2.294	8.884	164.696	681.736	10.232	155	668	5	26	26	12
218	1565	1078	1565	649	568095	363	0	363	363	363	210.781	677.431	11.682	7.122	1.592	7.002	210.782	677.430	11.682	204	669	5	20	15	13
219	2721	1594	2721	964	778206	286	0	286	286	286	145.649	683.698	11.282	8.654	1.777	8.490	145.651	683.699	11.282	136	671	5	21	21	14
220	3151	1988	3151	1207	541972	172	0	172	172	172	110.895	693.507	10.002	9.678	2.774	9.688	110.895	693.505	10.002	95	683	5	29	24	11
221	4185	2688	4185	1521	1209465	289	0	289	289	289	171.087	700.918	10.781	11.101	3.323	11.007	171.086	700.920	10.781	160	691	5	31	28	13
222	3198	2210	3198	1281	927420	290	0	290	290	290	83.801	703.129	11.120	9.828	3.090	9.550	83.800	703.128	11.120	68	685	5	30	28	13
223	4386	2510	4386	1553	1276326	291	0	291	291	291	64.381	714.435	10.725	10.951	3.439	10.799	64.382	714.435	10.725	54	695	5	20	38	13
224	2138	1400	2138	835	784646	367	0	367	367	367	45.107	704.430	11.725	7.962	1.677	8.028	45.108	704.430	11.725	37	695	5	20	17	14
225	5691	3400	5691	2016	2094288	368	0	368	368	368	17.998	702.378	11.457	12.354	3.641	12.008	17.998	702.377	11.457	1	684	5	35	31	14
226	9365	4988	9365	2962	3465050	370	0	370	370	370	24.608	728.495	11.757	15.255	4.969	15.364	24.606	728.498	11.757	2	711	5	48	41	14
227	3373	1834	3373	1161	1244637	369	0	369	369	369	44.667	721.495	12.489	9.310	2.042	9.478	44.666	721.493	12.489	37	712	5	17	24	14
228	3629	1882	3629	1161	1353617	373	0	373	373	373	9.088	741.070	11.994	9.634	2.281	9.491	9.088	741.072	11.994	1	730	5	17	27	14
229	415	640	415	280	6640	16	0	16	16	16	923.812	183.892	9.682	5.558	2.203	5.394	923.812	183.892	9.682	917	177	6	20	14	7
230	915	868	915	498	67710	74	0	74	74	74	822.082	196.704	10.017	6.106	1.697	6.071	822.077	196.704	10.017	814	189	6	18	13	9
231	1201	1118	1201	647	85271	71	0	71	71	71	905.077	187.882	10.057	7.306	2.534	7.423	905.081	187.882	10.057	897	176	6	19	21	9
232	828	778	828	469	62100	75	0	75	75	75	843.720	194.034	10.302	6.568	2.511	6.580	843.724	194.034	10.302	838	181	6	11	22	8
233	1980	1904	1980	1052	142560	72	0	72	72	72	861.698	181.793	10.351	9.878	4.161	9.670	861.698	181.793	10.351	851	164	6	26	34	9
234	703	648	703	382	123025	175	0	175	175	175	825.838	206.657	10.431	5.287	1.155	5.212	825.839	206.657	10.431	819	203	6	16	9	10
235	5908	4298	5908	2625	1045716	177	0	177	177	177	729.475	254.056	10.443	14.134	4.958	14.487	729.474	254.057	10.443	708	230	6	46	49	10
236	574	644	574	333	49364	86	0	86	86	86	751.538	270.364	10.524	5.128	1.370	5.062	751.539	270.364	10.524	745	262	6	14	18	8
237	745	852	745	444	64815	87	0	87	87	87	737.789	275.639	10.297	6.296	2.421	6.088	737.791	275.639	10.297	727	269	6	19	17	9
238	1153	974	1153	592	101464	88	0	88	88	88	784.709	275.227	10.096	6.642	1.878	6.446	784.709	275.227	10.096	779	265	6	12	20	9
239	1129	942	1129	587	100481	89	0	89	89	89	872.672	281.658	9.633	7.009	2.383	7.067	872.669	281.658	9.633	865	272	6	16	22	8
240	964	810	964	513	38560	40	0	40	40	40	890.537	289.109	9.146	6.456	2.097	6.230	890.537	289.109	9.146	884	281	6	15	18	8
241	1215	1068	1215	638	114210	94	0	94	94	94	861.794	289.943	9.801	7.120	2.361	7.253	861.800	289.943	9.801	853	277	6	16	25	8
242	672	1010	672	446	65184	97	0	97	97	97	724.101	291.265	10.302	6.147	2.283	6.117	724.099	291.265	10.302	717	280	6	15	23	10
243	2306	1966	2306	1126	412774	179	0	179	179	179	822.415	289.531	10.276	9.444	3.268	9.592	822.414	289.530	10.276	807	280	6	27	26	10
244	437	422	437	257	17043	39	0	39	39	39	880.286	288.247	9.110	4.481	1.127	4.316	880.286	288.247	9.110	877	281	6	7	13	8
245	842	868	842	465	82516	98	0	98	98	98	793.589	292.215	10.306	6.652	2.526	6.262	793.585	292.215	10.306	782	285	6	22	15	9
246	607	768	607	379	109867	181	0	181	181	181	808.558	296.110	10.876	5.681	1.954	5.632	808.558	296.110	10.876	804	288	6	13	18	10
247	978	1248	978	648	96822	99	0	99	99	99	700.795	295.621	10.358	7.429	2.770	7.541	700.798	295.621	10.358	689	286	6	23	23	8
248	366	474	366	218	37698	103	0	103	103	103	693.117	301.801	10.279	4.242	0.970	4.194	693.118	301.801	10.279	689	298	6	10	11	9
249	4175	3330	4175	1869	450900	108	0	108	108	108	763.466	314.315	10.559	12.570	4.979	12.182	763.475	314.316	10.559	746	293	6	32	45	10
250	1785	1518	1785	822	207060	116	0	116	116	116	732.116	330.003	10.146	8.156	2.671	8.243	732.109	330.003	10.146	716	320	6	29	21	9
251	2438	2136	2438	1151	468096	192	0	192	192	192	610.525	340.331	10.515	9.803	3.794	9.355	610.525	340.331	10.515	594	323	6	31	36	10
252	2958	2386	2958	1321	349044	118	0	118	118	118	711.507	343.002	10.048	10.102	3.313	10.455	711.512	343.002	10.048	698	326	6	34	34	9
253	3144	2786	3144	1497	609936	194	0	194	194	194	523.863	346.827	10.826	10.779	3.931	10.800	523.858	346.827	10.826	505	334	6	38	28	10
254	404	658	404	298	50500	125	0	125	125	125	749.220	354.851	10.287	5.632	2.077	5.744	749.219	354.851	10.287	741	349	6	19	14	8
255	599	800	599	375	79068	132	0	132	132	132	729.940	369.339	9.871	5.609	1.948	5.538	729.940	369.339	9.871	721	364	6	18	14	8
256	1626	1172	1626	697	224388	138	0	138	138	138	584.869	388.611	10.087	7.438	1.834	7.368	584.866	388.610	10.087	575	379	6	17	20	10
257	330	604	330	246	16500	50	0	50	50	50	630.742	382.358	9.797	4.678	1.623	4.582	630.742	382.358	9.797	623	376	6	15	15	9
258	257	438	257	193	13364	52	0	52	52	52	640.537	385.724	9.280	4.112	1.457	4.038	640.537	385.724	9.280	636	379	6	11	13	9
259	575	782	575	379	77625	135	0	135	135	135	756.052	381.776	10.174	6.117	2.499	6.059	756.054	381.776	10.174	747	373	6	22	16	7
260	1033	1370	1033	669	305768	296	0	296	296	296	546.529	396.484	10.805	6.780	2.340	7.122	546.527	396.484	10.805	535	386	6	23	20	11
261	2094	1296	2094	807	433458	207	0	207	207	207	519.889	404.792	10.818	7.910	1.808	8.061	519.891	404.791	10.818	513	395	6	19	19	11
262	1397	1420	1397	723	414909	297	0	297	297	297	436.170	401.208	12.018	8.220	3.133	8.013	436.170	401.208	12.018	424	392	6	27	21	10
263	372	524	372	256	77748	209	0	209	209	209	608.831	408.793	10.422	4.271	1.216	4.367	608.830	408.793	10.422	604	403	6	12	12	9
264	463	546	463	268	67135	145	0	145	145	145	534.041	434.598	10.253	4.414	0.871	4.521	534.040	434.598	10.253	530	429	6	11	12	10
265	4413	2546	4413	1578	1345965	305	0	305	305	305	404.697	452.130	11.759	11.277	3.584	11.554	404.697	452.129	11.759	393	435	6	23	34	13
266	5118	2948	5118	1865	1924368	376	0	376	376	376	474.978	451.216	12.253	12.221	4.257	11.783	474.986	451.217	12.253	448	435	6	39	34	13
267	4219	2910	4219	1646	1282576	304	0	304	304	304	386.458	449.219	12.020	10.922	3.310	11.055	386.468	449.219	12.020	367	434	6	33	26	13
268	1433	1352	1433	706	312394	218	0	218	218	218	504.308	461.740	11.431	7.290	2.049	7.191	504.307	461.740	11.431	498	450	6	15	21	11
269	864	878	864	464	194400	225	0	225	225	225	501.288	477.642	10.678	6.042	1.814	5.974	501.287	477.642	10.678	491	469	6	17	16	10
270	1609	1440	1609	772	360416	224	0	224	224	224	305.265	478.873	11.418	8.195	3.196	7.680	305.265	478.873	11.418	296	465	6	23	26	12
271	1275	1418	1275	671	295800	232	0	232	232	232	191.006	494.882	11.158	6.980	2.077	6.842	191.006	494.881	11.158	181	483	6	20	23	12
272	1312	1248	1312	664	296512	226	0	226	226	226	508.457	484.495	10.899	7.841	2.894	7.501	508.455	484.495	10.899	496	469	6	23	24	11
273	428	774	428	322	133108	311	0	311	311	311	207.949	488.879	11.397	5.493	1.981	5.565	207.949	488.878	11.397	200	480	6	16	18	10
274	767	1066	767	496	118885	155	0	155	155	155	136.383	497.677	10.366	6.714	2.757	5.977	136.383	497.677	10.366	127	486	6	16	25	9
275	555	866	555	401	129315	233	0	233	233	233	173.144	496.205	10.414	6.565	2.872	6.308	173.144	496.205	10.414	161	486	6	24	18	9
276	1011	1240	1011	597	317454	314	0	314	314	314	150.303	501.571	11.127	6.761	2.189	6.723	150.302	501.570	11.127	143	491	6	19	23	11
277	4374	3528	4374	1890	1382184	316	0	316	316	316	116.135	507.877	12.043	11.904	3.939	11.708	116.138	507.875	12.043	94	492	6	41	30	13
278	854	788	854	417	204960	240	0	240	240	240	489.945	507.691	11.234	5.736	1.258	5.761	489.945	507.691	11.234	484	502	6	14	15	10
279	7074	4322	7074	2477	2284902	323	0	323	323	323	53.630	530.658	12.246	13.492	4.358	13.533	53.631	530.658	12.246	41	508	6	37	46	13
280	3085	2012	3085	1278	771250	250	0	250	250	250	4.240	539.522	11.698	10.799	4.594	9.694	4.240	539.521	11.698	0	514	6	11	41	13
281	4173	2738	4173	1527	1577394	378	0	378	378	378	105.552	526.501	12.567	10.850	3.213	10.707	105.551	526.499	12.567	90	514	6	32	26	13
282	769	620	769	392	189943	247	0	247	247	247	327.573	534.274	11.393	5.351	0.921	5.193	327.574	534.275	11.393	324	530	6	9	11	12
283	1704	1108	1704	644	429408	252	0	252	252	252	220.587	544.023	10.816	7.176	1.327	7.197	220.589	544.023	10.816	211	536	6	18	17	12
284	211	324	211	142	33338	158	0	158	158	158	492.929	541.256	10.005	3.650	1.221	3.532	492.929	541.256	10.005	489	537	6	8	13	8
285	3025	1886	3025	1156	986150	326	0	326	326	326	36.560	545.044	11.936	9.354	2.556	9.070	36.560	545.044	11.936	30	529	6	18	31	13
286	2383	1628	2383	911	610048	256	0	256	256	256	76.467	553.153	10.421	8.617	2.373	8.468	76.467	553.153	10.421	68	537	6	16	29	11
287	790	626	790	369	259120	328	0	328	328	328	314.453	544.822	11.719	5.404	0.778	5.318	314.453	544.821	11.719	310	540	6	10	10	12
288	1755	1312	1755	777	665145	379	0	379	379	379	339.843	549.064	12.205	7.517	1.750	7.472	339.843	549.065	12.205	332	543	6	21	16	13
289	646	748	646	378	248710	385	0	385	385	385	266.364	552.769	12.800	5.117	1.345	5.112	266.363	552.769	12.800	262	547	6	11	12	13
290	2495	1724	2495	988	950595	381	0	381	381	381	165.020	559.404	12.887	9.046	2.830	8.609	165.019	559.406	12.887	156	548	6	24	24	13
291	205	318	205	145	33005	161	0	161	161	161	458.995	566.054	10.151	3.512	1.034	3.345	458.995	566.054	10.151	454	562	6	11	9	8
292	484	742	484	351	186824	386	0	386	386	386	347.461	563.492	13.029	5.128	1.879	5.088	347.460	563.492	13.029	342	557	6	12	16	13
293	203	268	203	120	12992	64	0	64	64	64	71.655	572.419	9.463	3.277	0.443	3.284	71.655	572.419	9.463	68	569	6	8	8	7
294	1232	1018	1232	571	324016	263	0	263	263	263	402.142	581.482	11.129	6.856	2.027	6.703	402.142	581.482	11.129	395	574	6	14	22	10
295	219	448	219	179	1533	7	0	7	7	7	133.087	583.292	8.064	4.332	1.575	4.394	133.087	583.292	8.064	128	577	6	12	14	7
296	2327	2000	2327	1062	625963	269	0	269	269	269	49.104	592.623	11.287	9.321	3.482	8.782	49.104	592.623	11.287	41	571	6	17	37	14
297	2509	1860	2509	1035	679939	271	0	271	271	271	95.863	600.375	11.065	9.203	2.992	9.018	95.864	600.377	11.065	83	587	6	26	25	13
298	196	282	196	129	1764	9	0	9	9	9	144.061	600.434	8.434	3.438	0.931	3.266	144.061	600.434	8.434	140	595	6	9	10	6
299	1931	1364	1931	785	670057	347	0	347	347	347	260.650	610.743	11.681	7.659	1.651	7.828	260.650	610.743	11.681	252	601	6	16	19	12
300	2709	1972	2709	1095	1051092	388	0	388	388	388	19.104	612.720	12.871	9.188	2.617	8.824	19.104	612.719	12.871	7	599	6	20	29	14
301	366	548	366	243	4026	11	0	11	11	11	327.675	616.945	8.434	5.024	1.900	4.800	327.675	616.945	8.434	323	608	6	12	17	6
302	4541	2536	4541	1565	1739203	383	0	383	383	383	37.612	613.793	12.334	10.578	2.550	11.044	37.613	613.778	12.334	27	602	6	25	25	13
303	1640	1610	1640	835	567440	346	0	346	346	346	340.029	607.480	11.785	8.777	3.914	7.653	340.028	607.479	11.785	330	583	6	19	39	13
304	1115	1208	1115	607	306625	275	0	275	275	275	61.062	626.663	10.792	6.707	1.959	6.455	61.062	626.664	10.792	51	621	6	19	16	13
305	915	1080	915	541	152805	167	0	167	167	167	311.412	628.484	10.729	6.588	2.202	6.535	311.413	628.486	10.729	300	620	6	21	22	13
306	631	612	631	318	106008	168	0	168	168	168	302.208	633.222	10.312	5.127	1.104	5.069	302.208	633.222	10.312	298	627	6	9	15	11
307	1743	1342	1743	754	678027	389	0	389	389	389	24.524	631.960	13.116	7.593	2.081	7.548	24.524	631.961	13.116	11	626	6	25	15	13
308	4582	3624	4582	1876	1608282	351	0	351	351	351	94.888	641.865	11.768	11.937	3.941	11.489	94.889	641.861	11.768	73	631	6	42	25	13
309	564	838	564	387	156792	278	0	278	278	278	339.245	635.048	10.872	5.301	1.713	5.179	339.246	635.048	10.872	333	626	6	15	18	11
310	254	448	254	188	43180	170	0	170	170	170	312.421	642.681	9.669	4.198	1.593	3.827	312.421	642.681	9.669	306	638	6	15	13	8
311	5990	3386	5990	1957	2132440	356	0	356	356	356	35.105	652.454	11.781	12.933	4.520	12.131	35.104	652.451	11.781	24	628	6	26	47	13
312	2425	1540	2425	861	873000	360	0	360	360	360	91.175	665.285	12.232	8.296	1.889	8.599	91.175	665.285	12.232	79	655	6	23	22	12
313	2777	1602	2777	997	994166	358	0	358	358	358	220.665	664.050	11.530	8.729	1.895	8.713	220.667	664.048	11.530	208	657	6	23	18	13
314	2383	1848	2383	1039	855497	359	0	359	359	359	66.180	664.547	12.173	9.205	3.140	8.573	66.180	664.547	12.173	50	652	6	35	28	12
315	2580	1646	2580	997	743040	288	0	288	288	288	128.965	691.880	10.633	8.702	2.173	8.525	128.965	691.880	10.633	118	684	6	20	27	12
316	4649	3126	4649	1798	1701534	366	0	366	366	366	146.758	704.591	11.680	11.523	3.694	11.474	146.760	704.591	11.680	128	693	6	32	32	13
317	3530	2590	3530	1442	610690	173	0	173	173	173	108.263	715.692	10.869	10.524	3.179	10.726	108.261	715.688	10.869	97	705	6	29	30	12
318	3213	2106	3213	1268	559062	174	0	174	174	174	84.700	722.611	11.137	9.579	2.521	9.736	84.701	722.611	11.137	75	714	6	25	24	12
319	992	998	992	494	289664	292	0	292	292	292	72.695	732.115	11.514	6.259	1.730	6.069	72.695	732.114	11.514	67	726	6	12	20	13
320	377	536	377	245	29783	79	0	79	79	79	706.915	239.196	10.451	4.621	1.535	4.447	706.916	239.196	10.451	700	233	7	16	13	7
321	1017	980	1017	576	186111	183	0	183	183	183	841.837	295.433	10.376	6.636	2.090	6.909	841.838	295.433	10.376	833	287	7	20	17	7
322	753	820	753	448	76053	101	0	101	101	101	785.212	298.568	9.895	6.502	2.972	5.878	785.210	298.568	9.895	776	293	7	28	12	8
323	442	616	442	310	82654	187	0	187	187	187	708.857	314.835	10.120	4.938	1.672	5.137	708.859	314.835	10.120	702	307	7	14	15	7
324	625	760	625	398	71250	114	0	114	114	114	536.576	320.024	10.128	5.801	2.147	5.641	536.575	320.024	10.128	527	312	7	22	15	7
325	373	412	373	227	42895	115	0	115	115	115	573.024	330.788	10.284	4.153	0.882	4.121	573.025	330.788	10.284	570	325	7	8	11	8
326	1028	1050	1028	586	195320	190	0	190	190	190	526.955	329.767	11.208	7.073	2.627	6.694	526.958	329.767	11.208	515	322	7	25	14	9
327	559	576	559	310	67639	121	0	121	121	121	817.605	344.615	10.054	4.965	1.301	4.767	817.603	344.615	10.054	811	340	7	15	11	9
328	1191	1528	1191	777	234627	197	0	197	197	197	617.667	371.081	11.325	7.450	2.716	7.465	617.667	371.080	11.325	609	360	7	20	25	10
329	432	566	432	279	56592	131	0	131	131	131	743.931	365.711	10.269	4.755	1.514	4.748	743.932	365.711	10.269	739	359	7	12	15	7
330	297	526	297	239	40689	137	0	137	137	137	741.219	382.357	9.970	4.594	1.651	4.698	741.218	382.357	9.970	735	374	7	13	15	7
331	533	698	533	338	109798	206	0	206	206	206	567.627	397.128	10.914	5.144	1.616	5.128	567.628	397.128	10.914	559	390	7	17	14	9
332	909	966	909	473	273609	301	0	301	301	301	406.574	426.312	11.798	6.273	2.032	5.997	406.574	426.313	11.798	400	414	7	14	21	10
333	183	268	183	123	26352	144	0	144	144	144	712.951	422.262	10.350	3.303	0.857	3.327	712.951	422.262	10.350	709	419	7	10	8	6
334	250	368	250	167	75500	302	0	302	302	302	395.152	430.640	11.880	3.967	1.465	3.688	395.152	430.640	11.880	388	426	7	12	9	10
335	252	458	252	186	77112	306	0	306	306	306	265.556	471.968	11.373	4.293	1.558	4.112	265.556	471.968	11.373	260	466	7	13	13	9
336	1976	1542	1976	858	632320	320	0	320	320	320	31.959	523.946	12.554	7.993	2.183	8.125	31.959	523.946	12.554	22	511	7	21	24	12
337	902	1086	902	538	287738	319	0	319	319	319	66.665	513.834	12.712	6.697	2.722	6.230	66.665	513.835	12.712	62	499	7	18	23	12
338	480	662	480	309	156000	325	0	325	325	325	271.163	537.342	11.269	5.143	1.881	4.927	271.162	537.341	11.269	263	531	7	15	15	9
339	1300	1282	1300	657	494000	380	0	380	380	380	34.318	563.180	13.571	6.830	1.927	6.771	34.318	563.180	13.571	25	558	7	21	15	13
340	419	508	419	260	140784	336	0	336	336	336	282.346	564.358	11.979	4.419	1.027	4.505	282.346	564.358	11.979	278	559	7	11	11	12
341	1361	1130	1361	630	461379	339	0	339	339	339	262.032	568.727	12.619	7.089	2.049	6.708	262.032	568.727	12.619	258	558	7	11	24	11
342	189	378	189	157	12285	65	0	65	65	65	47.619	574.148	9.238	4.567	2.029	4.250	47.619	574.148	9.238	44	568	7	12	14	8
343	1504	1382	1504	726	574528	382	0	382	382	382	32.530	594.985	13.492	7.395	2.132	7.327	32.530	594.985	13.492	19	586	7	24	17	13
344	204	422	204	169	13668	67	0	67	67	67	221.956	602.529	11.348	4.409	1.537	4.289	221.956	602.529	11.348	218	597	7	9	14	12
345	969	902	969	468	338181	349	0	349	349	349	110.275	625.012	12.739	6.381	1.982	6.267	110.274	625.013	12.739	105	616	7	16	19	12
346	237	366	237	162	65649	277	0	277	277	277	349.751	633.308	10.776	3.598	0.944	3.518	349.751	633.308	10.776	345	630	7	11	9	8
347	834	908	834	450	294402	353	0	353	353	353	3.992	644.658	11.835	6.661	2.707	6.257	3.992	644.657	11.835	1	634	7	11	26	10
348	150	284	150	119	10500	70	0	70	70	70	178.540	647.667	9.073	3.744	1.563	3.632	178.540	647.667	9.073	174	644	7	13	8	5
349	1378	1044	1378	588	489190	355	0	355	355	355	58.513	650.435	12.326	6.768	1.542	6.935	58.514	650.436	12.326	50	642	7	20	15	11
350	1805	1472	1805	863	693120	384	0	384	384	384	19.461	673.796	13.255	8.817	3.550	8.051	19.461	673.796	13.255	2	669	7	36	13	12
351	2048	1490	2048	894	745472	364	0	364	364	364	25.120	686.007	12.673	8.385	2.690	8.031	25.120	686.007	12.673	14	680	7	27	16	12
352	579	762	579	359	214809	371	0	371	371	371	128.069	727.565	11.993	5.602	1.837	5.501	128.069	727.564	11.993	120	718	7	15	17	11
353	661	682	661	370	117658	178	0	178	178	178	763.543	251.799	10.682	5.480	1.615	5.484	763.541	251.799	10.682	756	244	8	17	13	7
354	341	444	341	233	32395	95	0	95	95	95	775.114	287.402	10.279	4.183	1.159	4.293	775.115	287.402	10.279	770	283	8	12	11	6
355	250	376	250	180	45000	180	0	180	180	180	737.636	289.304	10.828	3.827	1.189	3.799	737.636	289.304	10.828	731	284	8	12	10	7
356	216	318	216	144	39744	184	0	184	184	184	713.810	298.500	10.995	3.456	0.862	3.515	713.810	298.500	10.995	710	294	8	10	9	7
357	412	542	412	264	49028	119	0	119	119	119	740.408	343.532	10.167	4.755	1.580	4.622	740.409	343.532	10.167	734	336	8	14	15	6
358	1169	1652	1169	822	151970	130	0	130	130	130	791.679	364.650	10.474	10.519	5.501	9.806	791.676	364.650	10.474	767	351	8	42	30	7
359	323	390	323	186	63308	196	0	196	196	196	730.669	358.777	10.520	4.080	1.014	3.966	730.669	358.777	10.520	724	354	8	12	10	7
360	1034	1414	1034	730	204732	198	0	198	198	198	779.277	375.519	11.003	7.567	2.746	7.747	779.279	375.520	11.003	768	366	8	22	23	7
361	253	408	253	180	51612	204	0	204	204	204	454.901	387.866	11.158	4.094	1.431	3.968	454.901	387.866	11.158	449	381	8	12	13	7
362	800	1044	800	522	164000	205	0	205	205	205	748.209	397.247	10.516	7.211	3.300	6.670	748.208	397.247	10.516	737	389	8	28	19	6
363	502	720	502	325	158130	315	0	315	315	315	74.717	505.247	12.484	4.981	1.416	5.013	74.717	505.247	12.484	69	499	8	12	14	10
364	408	516	408	255	109344	268	0	268	268	268	397.623	594.775	11.735	4.687	1.556	4.500	397.623	594.775	11.735	394	587	8	10	16	10
365	757	1062	757	506	266464	352	0	352	352	352	328.041	640.851	12.421	6.465	2.642	6.026	328.041	640.851	12.421	319	634	8	20	21	10
366	248	454	248	186	72912	294	0	294	294	294	51.750	743.738	10.798	4.264	1.389	4.292	51.750	743.738	10.798	46	737	8	12	13	6
367	175	238	175	111	33075	189	0	189	189	189	667.149	327.137	10.937	3.137	0.646	3.046	667.148	327.137	10.937	664	323	9	8	9	5
368	217	360	217	168	42315	195	0	195	195	195	783.664	347.654	11.138	3.673	1.254	3.745	783.664	347.654	11.138	779	343	9	11	13	5
369	216	352	216	156	64368	298	0	298	298	298	618.518	410.056	12.069	3.522	1.002	3.564	618.518	410.056	12.069	614	404	9	9	11	7
370	435	612	435	281	153990	354	0	354	354	354	320.795	649.292	12.159	4.844	1.610	4.768	320.795	649.292	12.159	316	642	9	11	17	8
371	291	430	291	197	108252	372	0	372	372	372	101.186	735.450	12.048	4.242	1.349	4.244	101.186	735.450	12.048	96	730	9	11	12	7
372	214	406	214	172	62702	293	0	293	293	293	61.243	737.832	12.136	4.219	1.594	4.190	61.243	737.832	12.136	55	732	9	11	14	8
373	337	482	337	223	127049	377	0	377	377	377	86.549	505.837	13.454	4.300	1.315	4.285	86.549	505.836	13.454	82	503	10	12	9	9
374	153	260	153	107	55845	365	0	365	365	365	229.987	697.255	12.654	3.443	1.248	3.282	229.987	697.255	12.654	226	692	10	10	10	6
375	185	352	185	150	69190	374	0	374	374	374	417.946	411.492	12.708	3.867	1.418	3.916	417.946	411.492	12.708	413	406	11	10	13	5
376	188	396	188	152	73696	392	0	392	392	392	222.027	619.133	14.314	4.375	2.071	3.776	222.027	619.133	14.314	214	610	12	14	16	7
377	205	330	205	151	81385	397	0	397	397	397	176.332	522.332	15.702	4.146	1.775	4.077	176.332	522.332	15.702	172	517	13	10	14	6
378	192	378	192	153	75456	393	0	393	393	393	244.146	622.130	15.156	4.310	1.905	4.117	244.146	622.130	15.156	238	617	13	16	11	5
379	165	320	165	136	65670	398	0	398	398	398	137.836	579.018	16.273	3.916	1.556	3.866	137.836	579.018	16.273	131	575	14	14	12	5
