 	Volume (pixel^3)	Surface (pixel^2)	Nb of obj. voxels	Nb of surf. voxels	IntDen	Mean	StdDev	Median	Min	Max	X	Y	Z	Mean dist. to surf. (pixel)	SD dist. to surf. (pixel)	Median dist. to surf. (pixel)	XM	YM	ZM	BX	BY	BZ	B-width	B-height	B-depth
1	6388	3864	6388	2494	958200	150	0	150	150	150	355.405	772.543	6.682	14.361	5.417	14.015	355.409	772.541	6.682	327	754	2	51	45	10
2	5511	2774	5511	2008	187374	34	0	34	34	34	390.731	183.078	7.116	12.686	4.363	12.635	390.716	183.078	7.116	370	170	3	42	25	10
3	3924	2260	3924	1497	784800	200	0	200	200	200	368.185	195.466	7.169	11.242	3.977	11.249	368.175	195.466	7.169	351	178	3	31	36	10
4	3724	2280	3724	1512	130340	35	0	35	35	35	311.797	191.386	7.131	10.876	3.749	10.965	311.804	191.387	7.131	301	178	3	23	35	10
5	4588	2524	4588	1803	922188	201	0	201	201	201	405.771	198.764	8.014	12.966	5.420	12.417	405.770	198.763	8.014	383	185	3	47	22	10
6	1985	1288	1985	870	400970	202	0	202	202	202	386.078	212.768	7.967	8.091	2.305	7.978	386.075	212.768	7.967	372	205	3	22	21	10
7	1471	1182	1471	703	1471	1	0	1	1	1	334.712	210.701	6.432	7.794	2.758	7.691	334.712	210.701	6.432	325	198	3	18	26	8
8	3523	2118	3523	1427	133874	38	0	38	38	38	355.512	209.265	6.896	10.560	3.473	10.722	355.518	209.265	6.896	344	192	3	27	31	9
9	1598	1218	1598	769	63920	40	0	40	40	40	444.367	215.998	7.013	7.766	2.285	7.765	444.367	215.998	7.013	436	205	3	23	21	9
10	736	628	736	384	28704	39	0	39	39	39	341.450	220.340	6.630	5.465	1.319	5.278	341.450	220.340	6.630	334	212	3	14	14	8
11	3570	1962	3570	1313	146370	41	0	41	41	41	381.186	229.689	7.732	10.060	2.962	10.193	381.178	229.689	7.732	369	217	3	30	26	10
12	2261	1462	2261	990	101745	45	0	45	45	45	359.636	232.254	6.584	8.698	2.653	8.826	359.632	232.254	6.584	349	222	3	22	25	9
13	1687	1144	1687	770	70854	42	0	42	42	42	429.306	229.516	6.782	7.534	2.128	7.658	429.306	229.516	6.782	422	218	3	15	23	9
14	2295	1746	2295	986	477360	208	0	208	208	208	319.874	225.591	7.487	8.959	2.868	8.867	319.874	225.591	7.487	306	209	3	27	26	10
15	1905	1298	1905	886	81915	43	0	43	43	43	339.144	236.173	6.532	8.233	2.566	8.457	339.148	236.173	6.532	330	227	3	20	22	8
16	5766	3124	5766	2131	1222392	212	0	212	212	212	361.026	254.675	7.384	12.917	4.301	13.196	361.021	254.675	7.384	342	239	3	40	29	10
17	1445	1064	1445	666	69360	48	0	48	48	48	427.504	270.180	6.952	7.144	2.008	7.470	427.504	270.180	6.952	419	262	3	18	21	9
18	3796	2266	3796	1418	197392	52	0	52	52	52	401.197	289.114	7.607	10.619	3.241	10.675	401.192	289.114	7.607	390	274	3	27	32	10
19	2286	1362	2286	917	507492	222	0	222	222	222	379.755	293.917	7.508	8.459	2.345	8.451	379.760	293.918	7.508	367	286	3	25	19	10
20	754	570	754	359	39962	53	0	53	53	53	360.101	296.313	7.251	5.277	0.781	5.286	360.101	296.313	7.251	355	292	3	12	11	9
21	9619	4782	9619	3383	548283	57	0	57	57	57	340.763	311.914	6.910	15.861	5.314	16.659	340.757	311.913	6.910	318	287	3	43	45	10
22	1192	930	1192	585	3576	3	0	3	3	3	387.534	310.338	6.419	6.808	2.037	6.786	387.534	310.338	6.419	378	304	3	19	14	8
23	5354	3366	5354	2153	299824	56	0	56	56	56	372.418	320.970	7.583	14.081	6.017	13.160	372.418	320.970	7.583	360	298	3	31	54	10
24	571	526	571	322	2284	4	0	4	4	4	389.863	321.827	6.697	4.955	1.165	4.798	389.863	321.827	6.697	384	317	3	11	13	9
25	3809	2588	3809	1603	868452	228	0	228	228	228	319.253	334.305	6.994	11.937	5.280	11.373	319.247	334.304	6.994	305	303	3	28	46	10
26	3186	1822	3186	1302	191160	60	0	60	60	60	358.882	344.866	7.629	10.253	3.383	10.185	358.882	344.866	7.629	352	331	3	21	32	10
27	4504	2524	4504	1746	1031416	229	0	229	229	229	341.424	349.545	8.068	12.528	4.944	11.846	341.424	349.545	8.068	328	331	3	23	43	10
28	1972	1568	1972	956	9860	5	0	5	5	5	382.574	374.354	6.575	8.724	2.966	8.781	382.574	374.354	6.575	367	358	3	27	30	8
29	1766	1300	1766	775	10596	6	0	6	6	6	328.608	399.495	6.508	7.802	2.369	8.102	328.608	399.495	6.508	318	389	3	22	20	8
30	1140	1032	1140	573	7980	7	0	7	7	7	307.520	402.934	6.427	7.092	2.497	7.020	307.520	402.934	6.427	298	392	3	19	24	8
31	4169	2516	4169	1669	304337	73	0	73	73	73	383.353	430.626	6.992	11.797	4.268	11.836	383.349	430.625	6.992	372	413	3	26	38	9
32	3983	2376	3983	1549	1003716	252	0	252	252	252	352.334	447.520	8.111	11.041	3.711	11.079	352.339	447.520	8.111	341	426	3	27	38	10
33	1758	1290	1758	807	14064	8	0	8	8	8	365.391	435.385	6.879	8.403	3.193	7.923	365.391	435.385	6.879	359	418	3	12	34	10
34	4546	2482	4546	1658	336404	74	0	74	74	74	285.443	441.966	7.271	11.706	4.268	11.684	285.436	441.966	7.271	264	429	3	37	30	10
35	3826	2102	3826	1421	971804	254	0	254	254	254	271.500	455.683	7.442	10.799	3.630	10.785	271.502	455.685	7.442	260	438	3	27	31	9
36	3470	2074	3470	1386	260250	75	0	75	75	75	372.530	466.988	6.968	10.420	3.436	10.496	372.534	466.988	6.968	360	452	3	24	32	9
37	1348	1264	1348	760	12132	9	0	9	9	9	355.019	474.308	6.490	8.161	3.332	8.117	355.019	474.308	6.490	344	463	3	27	24	9
38	2113	1526	2113	927	164814	78	0	78	78	78	336.057	506.708	6.635	8.563	2.750	8.897	336.062	506.708	6.635	324	491	3	23	27	8
39	1445	1062	1445	598	121380	84	0	84	84	84	365.439	543.975	6.788	7.079	1.889	7.280	365.439	543.975	6.788	358	532	3	17	22	8
40	3151	2262	3151	1494	274137	87	0	87	87	87	276.760	557.354	6.858	12.262	5.603	11.596	276.764	557.355	6.858	250	547	3	51	22	8
41	787	672	787	382	71617	91	0	91	91	91	361.981	560.999	6.752	5.646	1.405	5.573	361.982	560.999	6.752	358	553	3	13	17	8
42	2259	1484	2259	990	207828	92	0	92	92	92	343.996	566.269	6.921	9.147	3.191	8.842	343.997	566.270	6.921	327	560	3	32	17	9
43	2385	1634	2385	1038	228960	96	0	96	96	96	281.673	582.145	6.807	8.998	2.784	9.305	281.673	582.145	6.807	269	570	3	26	24	9
44	3437	2096	3437	1376	333389	97	0	97	97	97	373.234	581.718	7.111	10.723	3.726	10.596	373.230	581.718	7.111	362	564	3	31	30	9
45	3144	1848	3144	1231	308112	98	0	98	98	98	349.490	586.746	7.226	9.975	3.274	9.903	349.484	586.746	7.226	334	571	3	27	29	9
46	1998	1332	1998	843	205794	103	0	103	103	103	362.631	604.605	7.052	8.116	2.340	8.416	362.634	604.605	7.052	353	595	3	19	25	9
47	2272	1760	2272	1127	238560	105	0	105	105	105	345.254	612.000	6.934	9.530	3.382	9.439	345.252	611.999	6.934	331	600	3	30	25	8
48	2848	2106	2848	1315	301888	106	0	106	106	106	399.488	619.973	6.571	10.521	4.091	10.195	399.483	619.973	6.571	384	609	3	40	29	8
49	2636	1600	2636	1124	34268	13	0	13	13	13	405.924	640.036	6.183	9.160	2.695	9.677	405.924	640.036	6.183	394	630	3	24	23	8
50	3159	1980	3159	1335	366444	116	0	116	116	116	445.643	650.895	7.204	10.272	3.441	10.406	445.635	650.895	7.204	434	636	3	28	27	9
51	1998	1306	1998	902	259740	130	0	130	130	130	428.287	687.234	7.035	8.809	3.319	8.284	428.282	687.232	7.035	409	680	3	35	14	9
52	1493	1042	1493	712	192597	129	0	129	129	129	283.655	684.191	6.788	7.349	2.111	7.553	283.653	684.192	6.788	273	677	3	20	19	8
53	1635	1542	1635	839	215820	132	0	132	132	132	380.146	688.303	6.939	8.773	3.488	8.556	380.143	688.303	6.939	365	675	3	29	28	8
54	5500	3204	5500	2232	737000	134	0	134	134	134	275.781	705.105	7.110	13.135	4.624	13.495	275.787	705.107	7.110	254	691	3	45	32	9
55	4692	2984	4692	1879	1407600	300	0	300	300	300	333.892	718.187	7.529	12.612	4.940	12.123	333.896	718.189	7.529	312	696	3	39	46	10
56	3545	1920	3545	1360	496300	140	0	140	140	140	386.414	728.611	7.300	10.171	2.987	10.311	386.422	728.611	7.300	373	715	3	28	24	9
57	2890	1674	2890	1135	398820	138	0	138	138	138	363.636	724.053	7.478	9.378	2.840	9.288	363.632	724.055	7.478	353	708	3	21	30	9
58	3402	2078	3402	1439	489888	144	0	144	144	144	314.474	741.283	6.971	10.472	3.405	10.733	314.474	741.282	6.971	303	726	3	28	35	9
59	4701	2638	4701	1860	686346	146	0	146	146	146	387.442	749.439	7.035	12.515	4.685	12.378	387.437	749.438	7.035	367	738	3	40	28	9
60	4793	2804	4793	1890	685399	143	0	143	143	143	286.733	743.457	7.246	12.721	4.885	12.675	286.736	743.456	7.246	268	721	3	35	40	9
61	1265	892	1265	577	187220	148	0	148	148	148	377.824	759.455	6.813	6.614	1.502	6.682	377.824	759.455	6.813	368	754	3	17	16	9
62	1446	1116	1446	685	219792	152	0	152	152	152	372.280	785.104	6.988	7.808	2.841	7.290	372.280	785.104	6.988	365	771	3	15	30	9
63	1029	860	1029	539	15435	15	0	15	15	15	346.841	790.390	5.804	7.229	2.883	6.661	346.841	790.390	5.804	337	779	3	18	21	7
64	4147	2766	4147	1693	634491	153	0	153	153	153	329.829	799.375	7.189	11.473	3.780	11.667	329.828	799.375	7.189	312	782	3	42	33	10
65	1640	1066	1640	710	255840	156	0	156	156	156	332.876	829.464	6.913	7.317	1.849	7.493	332.878	829.464	6.913	323	822	3	21	15	9
66	5754	3628	5754	2246	891870	155	0	155	155	155	352.111	814.889	7.320	13.508	5.099	13.472	352.113	814.889	7.320	328	798	3	50	38	9
67	4285	2424	4285	1724	681315	159	0	159	159	159	347.867	843.420	6.960	12.209	4.595	12.199	347.867	843.433	6.960	329	825	3	37	31	9
68	4983	2740	4983	1904	812229	163	0	163	163	163	400.001	852.026	7.058	12.644	4.723	12.188	400.002	852.021	7.058	387	829	3	29	41	9
69	2161	1376	2161	875	345760	160	0	160	160	160	318.655	843.279	7.412	8.201	2.165	8.599	318.655	843.279	7.412	306	830	3	22	23	9
70	1970	1358	1970	930	31520	16	0	16	16	16	325.719	859.540	6.619	8.803	3.227	8.655	325.719	859.540	6.619	307	851	3	29	21	9
71	2182	1222	2182	899	357848	164	0	164	164	164	342.837	863.212	6.975	8.247	2.237	8.307	342.833	863.211	6.975	336	853	3	15	22	9
72	2401	1442	2401	995	386561	161	0	161	161	161	377.861	850.172	7.106	8.719	2.565	8.916	377.859	850.174	7.106	366	843	3	26	18	9
73	2542	1546	2542	1082	424514	167	0	167	167	167	356.762	870.313	7.486	9.428	3.181	9.405	356.764	870.312	7.486	349	856	3	18	30	9
74	1908	1310	1908	881	314820	165	0	165	165	165	374.385	865.449	6.920	8.591	3.000	8.424	374.384	865.448	6.920	364	855	3	25	19	9
75	4623	2492	4623	1691	776664	168	0	168	168	168	320.685	876.016	7.041	11.461	3.620	11.814	320.675	876.014	7.041	307	859	3	31	33	9
76	742	596	742	399	127624	172	0	172	172	172	358.602	886.245	6.674	5.778	1.855	5.507	358.602	886.246	6.674	350	883	3	19	7	8
77	3959	2316	3959	1619	700743	177	0	177	177	177	362.519	902.499	6.862	11.133	3.644	11.523	362.516	902.497	6.862	346	891	3	31	29	8
78	2914	1850	2914	1160	542004	186	0	186	186	186	375.188	970.761	7.380	9.777	3.289	9.815	375.185	970.759	7.380	356	961	3	34	21	9
79	882	742	882	442	17640	20	0	20	20	20	440.790	129.258	7.011	6.014	1.789	6.130	440.790	129.258	7.011	431	124	4	18	13	7
80	3078	1992	3078	1248	67716	22	0	22	22	22	424.761	140.798	7.479	10.134	3.651	10.087	424.761	140.798	7.479	415	127	4	31	29	8
81	1779	1414	1779	828	343347	193	0	193	193	193	451.983	137.550	7.590	8.292	2.843	8.165	451.981	137.550	7.590	439	124	4	24	29	8
82	1933	1380	1933	900	666885	345	0	345	345	345	375.598	138.739	8.487	9.269	3.741	8.956	375.597	138.740	8.487	357	132	4	34	14	9
83	2799	1808	2799	1194	58779	21	0	21	21	21	403.382	139.680	8.003	9.359	2.746	9.922	403.376	139.680	8.003	391	128	4	23	23	9
84	492	494	492	280	170232	346	0	346	346	346	283.394	150.785	8.776	4.711	1.108	4.781	283.394	150.785	8.776	278	146	4	11	13	8
85	3457	1976	3457	1411	670658	194	0	194	194	194	376.959	156.061	7.792	10.321	3.178	10.755	376.955	156.061	7.792	361	145	4	29	24	9
86	3511	2190	3511	1406	87775	25	0	25	25	25	417.380	162.244	7.589	10.535	3.491	10.637	417.370	162.244	7.589	402	150	4	33	28	9
87	1778	1446	1778	894	42672	24	0	24	24	24	303.285	151.007	7.255	8.555	3.083	8.313	303.285	151.007	7.255	290	142	4	28	17	8
88	2374	1556	2374	1065	467678	197	0	197	197	197	299.642	168.247	7.826	8.990	2.767	9.333	299.640	168.247	7.826	288	159	4	25	20	8
89	1716	1586	1716	921	54912	32	0	32	32	32	329.441	177.086	6.952	9.115	3.659	8.619	329.441	177.086	6.952	322	160	4	21	29	9
90	678	688	678	377	17628	26	0	26	26	26	444.577	164.189	7.192	5.635	1.727	5.517	444.577	164.189	7.192	436	157	4	16	15	8
91	973	1066	973	602	26271	27	0	27	27	27	357.327	160.553	7.378	8.283	3.444	8.665	357.327	160.553	7.378	346	145	4	20	31	7
92	853	778	853	486	23884	28	0	28	28	28	316.696	168.991	6.973	6.180	1.945	6.198	316.696	168.991	6.973	311	158	4	13	19	8
93	648	568	648	353	20088	31	0	31	31	31	370.569	172.769	7.006	5.235	1.297	5.201	370.569	172.769	7.006	360	167	4	17	11	7
94	2486	1462	2486	1050	487256	196	0	196	196	196	397.023	162.943	8.096	9.060	2.929	9.129	397.017	162.943	8.096	388	148	4	21	26	9
95	1419	1146	1419	673	46827	33	0	33	33	33	421.209	182.615	7.326	7.459	2.377	7.464	421.207	182.615	7.326	412	175	4	24	15	8
96	977	974	977	548	35172	36	0	36	36	36	330.991	195.943	7.298	6.767	2.319	6.580	330.991	195.943	7.298	325	190	4	19	18	8
97	3860	2526	3860	1677	768140	199	0	199	199	199	292.403	196.438	7.684	11.514	4.007	11.671	292.404	196.438	7.684	274	180	4	37	31	9
98	1247	1248	1247	690	253141	203	0	203	203	203	431.026	206.647	7.182	8.978	3.991	8.784	431.027	206.647	7.182	423	189	4	21	31	8
99	1350	886	1350	655	275400	204	0	204	204	204	398.366	217.453	8.173	7.341	2.494	7.089	398.369	217.453	8.173	395	208	4	8	24	9
100	1963	1170	1963	841	402415	205	0	205	205	205	411.182	215.370	8.354	7.883	1.979	8.036	411.180	215.370	8.354	404	208	4	18	17	9
101	1393	1060	1393	731	286958	206	0	206	206	206	292.585	216.496	8.068	8.262	3.386	7.843	292.588	216.496	8.068	278	212	4	32	10	8
102	434	460	434	255	89838	207	0	207	207	207	419.088	225.332	8.058	4.468	0.980	4.426	419.088	225.332	8.058	415	221	4	9	12	9
103	2686	1700	2686	1121	118184	44	0	44	44	44	449.066	233.831	7.492	9.280	2.818	9.390	449.066	233.831	7.492	432	222	4	31	24	8
104	3777	2364	3777	1579	789393	209	0	209	209	209	291.732	234.369	7.990	11.269	3.919	11.265	291.731	234.368	7.990	275	222	4	34	29	8
105	1612	1120	1612	763	74152	46	0	46	46	46	319.443	243.006	6.635	7.625	2.294	7.895	319.443	243.006	6.635	310	234	4	20	19	6
106	2649	1608	2649	1072	124503	47	0	47	47	47	438.632	250.484	7.494	9.453	3.207	8.955	438.638	250.484	7.494	425	243	4	32	16	8
107	4583	2328	4583	1671	962430	210	0	210	210	210	394.484	250.372	8.483	11.147	3.266	11.869	394.482	250.371	8.483	379	236	4	31	28	9
108	2457	2022	2457	1204	528255	215	0	215	215	215	331.736	264.753	7.550	10.086	3.791	10.030	331.737	264.753	7.550	311	250	4	33	31	8
109	2175	1380	2175	905	759075	349	0	349	349	349	416.118	248.257	8.650	8.370	2.411	8.467	416.117	248.257	8.650	407	238	4	18	23	9
110	1758	1298	1758	793	374454	213	0	213	213	213	444.499	264.415	7.407	8.184	2.916	7.896	444.498	264.414	7.407	425	257	4	35	16	8
111	3832	2334	3832	1532	827712	216	0	216	216	216	288.433	274.025	7.570	11.095	3.814	10.924	288.440	274.025	7.570	270	261	4	36	24	8
112	3221	1808	3221	1261	698957	217	0	217	217	217	386.512	273.465	7.877	9.703	2.746	9.908	386.511	273.466	7.877	376	258	4	25	27	9
113	4579	2596	4579	1763	998222	218	0	218	218	218	350.383	279.520	7.954	11.677	3.966	11.998	350.380	279.521	7.954	327	267	4	44	25	9
114	1445	954	1445	672	316455	219	0	219	219	219	370.022	279.390	8.050	7.193	2.077	7.042	370.023	279.390	8.050	365	269	4	11	23	9
115	4677	2938	4677	1917	252558	54	0	54	54	54	288.713	297.495	7.315	12.307	4.400	12.288	288.722	297.495	7.315	269	285	4	44	30	8
116	1047	1120	1047	638	230340	220	0	220	220	220	434.738	288.006	7.979	7.475	2.880	7.514	434.741	288.006	7.979	426	277	4	19	25	8
117	1758	1536	1758	878	392034	223	0	223	223	223	424.968	309.971	7.262	8.475	2.955	8.489	424.969	309.971	7.262	413	295	4	25	27	8
118	1113	922	1113	565	64554	58	0	58	58	58	400.543	317.599	6.739	7.048	2.540	6.579	400.543	317.599	6.739	396	304	4	12	27	7
119	3936	2422	3936	1644	881664	224	0	224	224	224	282.111	325.612	7.529	11.698	4.343	11.656	282.111	325.612	7.529	269	312	4	31	34	8
120	2490	1784	2490	1107	146910	59	0	59	59	59	414.210	328.108	7.195	9.672	3.416	9.478	414.215	328.108	7.195	398	313	4	32	29	8
121	1036	866	1036	533	234136	226	0	226	226	226	426.545	335.894	7.860	6.382	1.878	6.608	426.543	335.894	7.860	419	327	4	17	18	8
122	2283	1774	2283	1045	518241	227	0	227	227	227	448.704	341.942	7.974	9.309	3.390	9.286	448.706	341.942	7.974	434	323	4	30	34	9
123	1155	988	1155	597	266805	231	0	231	231	231	409.144	351.110	7.726	6.940	2.199	6.721	409.145	351.110	7.726	400	342	4	15	21	8
124	1384	1050	1384	645	318320	230	0	230	230	230	371.335	353.945	7.935	7.469	2.577	7.253	371.337	353.945	7.935	366	343	4	14	24	8
125	2628	1728	2628	1062	925056	352	0	352	352	352	322.341	360.565	8.578	9.256	2.982	9.442	322.341	360.565	8.578	311	350	4	24	28	9
126	2639	1866	2639	1192	617526	234	0	234	234	234	285.532	357.377	7.998	9.651	3.209	9.949	285.529	357.377	7.998	268	346	4	34	23	9
127	2508	1916	2508	1235	152988	61	0	61	61	61	406.571	372.720	7.384	10.137	3.928	9.809	406.565	372.718	7.384	393	360	4	33	23	8
128	1523	1204	1523	791	362474	238	0	238	238	238	278.597	373.864	7.724	8.149	2.975	8.077	278.599	373.864	7.724	267	363	4	25	18	8
129	849	770	849	463	52638	62	0	62	62	62	404.214	387.306	7.000	6.213	2.036	6.111	404.214	387.306	7.000	394	383	4	21	14	7
130	3947	2556	3947	1594	951227	241	0	241	241	241	425.244	394.042	7.537	11.706	4.343	11.621	425.245	394.040	7.537	410	381	4	34	35	8
131	1687	1288	1687	773	598885	355	0	355	355	355	331.519	378.766	8.490	7.622	2.164	7.930	331.520	378.766	8.490	320	369	4	21	20	9
132	2511	1694	2511	1087	602640	240	0	240	240	240	353.268	386.131	8.000	9.295	3.066	9.121	353.268	386.131	8.000	335	375	4	32	21	9
133	1240	1142	1240	658	79360	64	0	64	64	64	451.009	388.712	7.153	7.493	2.678	7.334	451.009	388.712	7.153	444	379	4	18	25	7
134	468	468	468	263	30888	66	0	66	66	66	397.203	395.793	7.103	4.630	1.146	4.510	397.203	395.793	7.103	391	392	4	14	10	7
135	1787	1360	1787	913	116155	65	0	65	65	65	286.403	395.096	7.356	8.593	3.043	8.488	286.400	395.096	7.356	273	382	4	27	24	8
136	2054	1546	2054	948	141726	69	0	69	69	69	349.756	405.530	7.257	8.577	2.673	8.625	349.753	405.529	7.257	341	395	4	23	25	9
137	1977	1414	1977	869	480411	243	0	243	243	243	400.543	408.873	7.524	8.298	2.483	8.233	400.544	408.872	7.524	390	395	4	22	23	9
138	554	596	554	345	37118	67	0	67	67	67	426.747	407.973	7.632	5.563	2.076	5.366	426.747	407.973	7.632	421	404	4	18	12	8
139	1670	1276	1670	830	113560	68	0	68	68	68	268.996	406.032	7.643	8.982	3.661	8.589	268.996	406.032	7.643	263	389	4	14	31	8
140	1376	978	1376	636	335744	244	0	244	244	244	332.778	413.218	7.867	7.235	2.190	7.095	332.776	413.217	7.867	323	404	4	19	15	9
141	3228	1990	3228	1334	790860	245	0	245	245	245	291.764	415.034	7.381	10.097	3.235	10.378	291.763	415.035	7.381	277	405	4	32	24	8
142	1470	1046	1470	664	102900	70	0	70	70	70	444.520	414.574	7.488	7.255	2.171	7.477	444.523	414.574	7.488	434	406	4	21	20	7
143	1997	1422	1997	896	143784	72	0	72	72	72	407.936	424.977	7.634	8.299	2.523	8.416	407.936	424.977	7.634	398	413	4	25	23	8
144	426	484	426	256	30246	71	0	71	71	71	352.763	422.857	7.275	4.486	1.152	4.482	352.763	422.857	7.275	346	417	4	12	11	8
145	4697	2568	4697	1736	1164856	248	0	248	248	248	310.903	430.418	8.100	11.760	3.984	11.626	310.913	430.419	8.100	292	407	4	30	41	9
146	3931	2070	3931	1504	982750	250	0	250	250	250	332.252	433.261	8.052	10.523	3.036	10.868	332.250	433.261	8.052	323	420	4	22	27	9
147	902	752	902	477	221892	246	0	246	246	246	273.838	424.472	7.698	6.401	2.201	6.055	273.840	424.472	7.698	264	419	4	23	10	8
148	1510	1160	1510	738	372970	247	0	247	247	247	426.568	428.547	8.013	7.546	2.349	7.847	426.569	428.547	8.013	418	418	4	19	21	8
149	2308	1640	2308	1032	574692	249	0	249	249	249	447.974	433.592	7.974	8.938	2.730	9.276	447.973	433.593	7.974	437	423	4	24	25	9
150	3283	1948	3283	1262	824033	251	0	251	251	251	397.258	446.709	7.661	9.849	2.820	10.163	397.259	446.709	7.661	383	434	4	30	27	9
151	3144	1728	3144	1157	795432	253	0	253	253	253	310.916	454.751	8.394	9.353	2.419	9.935	310.916	454.752	8.394	298	445	4	25	22	9
152	1131	730	1131	555	288405	255	0	255	255	255	331.049	452.060	7.819	6.473	1.689	6.423	331.050	452.061	7.819	323	448	4	17	9	9
153	2377	1482	2377	932	608512	256	0	256	256	256	426.307	457.864	8.133	8.515	2.433	8.809	426.307	457.864	8.133	415	447	4	25	21	9
154	3019	1906	3019	1242	781921	259	0	259	259	259	335.481	467.451	8.171	9.694	2.869	9.811	335.482	467.450	8.171	324	458	4	25	26	9
155	1071	808	1071	509	275247	257	0	257	257	257	388.322	464.943	7.804	6.430	1.803	6.196	388.321	464.943	7.804	383	454	4	14	19	8
156	1011	802	1011	514	260838	258	0	258	258	258	404.802	462.534	7.723	6.421	2.005	6.257	404.800	462.534	7.723	396	455	4	18	14	8
157	2336	1438	2336	991	612032	262	0	262	262	262	275.701	476.472	7.887	8.915	2.952	8.617	275.703	476.470	7.887	261	470	4	29	15	8
158	1118	950	1118	567	295152	264	0	264	264	264	402.186	477.791	7.894	6.855	2.194	6.684	402.186	477.791	7.894	396	470	4	13	23	8
159	1876	1334	1876	875	499016	266	0	266	266	266	275.581	491.816	7.585	8.473	2.894	8.071	275.579	491.817	7.585	261	485	4	29	15	8
160	2369	1690	2369	1058	637261	269	0	269	269	269	381.277	493.039	7.611	9.378	3.424	9.287	381.276	493.039	7.611	369	483	4	30	21	8
161	513	636	513	335	136971	267	0	267	267	267	354.943	489.747	7.183	5.509	2.031	5.353	354.944	489.746	7.183	344	485	4	20	10	7
162	1619	1386	1619	811	16190	10	0	10	10	10	303.772	495.192	6.511	8.024	2.750	8.208	303.772	495.192	6.511	290	486	4	26	23	7
163	1260	1006	1260	622	13860	11	0	11	11	11	353.991	503.888	6.847	6.946	2.088	7.233	353.991	503.888	6.847	347	496	4	18	18	7
164	1589	1164	1589	739	120764	76	0	76	76	76	268.801	507.296	6.763	7.623	2.323	7.819	268.801	507.296	6.763	259	498	4	19	24	7
165	2264	1812	2264	1116	178856	79	0	79	79	79	285.067	513.754	7.071	9.834	3.539	10.105	285.070	513.753	7.071	274	501	4	29	27	7
166	2638	1760	2638	1076	720174	273	0	273	273	273	373.679	514.565	7.959	9.657	3.559	9.465	373.679	514.565	7.959	359	504	4	28	28	9
167	971	880	971	477	264112	272	0	272	272	272	447.746	517.984	7.732	6.179	1.805	6.320	447.746	517.984	7.732	439	509	4	18	19	8
168	1390	1218	1390	727	380860	274	0	274	274	274	389.986	517.335	7.624	8.472	3.543	8.044	389.984	517.334	7.624	380	499	4	21	31	8
169	249	380	249	180	20169	81	0	81	81	81	321.823	527.458	7.076	4.138	1.633	3.848	321.823	527.458	7.076	316	523	4	12	12	7
170	2914	2128	2914	1357	247690	85	0	85	85	85	282.918	542.170	7.047	11.051	4.402	10.749	282.914	542.169	7.047	268	529	4	37	25	7
171	1773	1404	1773	843	492894	278	0	278	278	278	434.509	534.514	7.743	8.269	2.900	8.374	434.511	534.515	7.743	421	525	4	28	19	8
172	1286	1168	1286	683	106738	83	0	83	83	83	384.312	539.852	7.137	7.425	2.461	7.507	384.314	539.852	7.137	375	531	4	23	22	8
173	2452	1732	2452	1094	210872	86	0	86	86	86	346.016	549.248	6.893	9.374	3.223	9.379	346.021	549.247	6.893	330	533	4	29	26	8
174	1503	1080	1503	664	420840	280	0	280	280	280	452.908	542.905	7.564	7.161	1.864	7.488	452.911	542.906	7.564	445	533	4	18	19	8
175	6424	3788	6424	2530	603856	94	0	94	94	94	442.531	567.669	7.476	14.258	5.284	14.118	442.539	567.673	7.476	423	540	4	44	53	8
176	757	604	757	397	67373	89	0	89	89	89	457.016	556.207	7.251	5.533	1.440	5.464	457.014	556.208	7.251	450	552	4	17	9	8
177	310	316	310	189	27900	90	0	90	90	90	257.894	556.558	7.419	3.828	0.754	3.809	257.894	556.558	7.419	252	554	4	11	6	7
178	627	550	627	337	59565	95	0	95	95	95	261.257	573.966	7.298	5.170	1.250	4.988	261.257	573.967	7.298	254	570	4	16	9	7
179	1938	1346	1938	843	552330	285	0	285	285	285	332.788	581.126	7.741	8.195	2.456	8.142	332.788	581.127	7.741	321	571	4	23	23	8
180	625	520	625	324	176875	283	0	283	283	283	458.467	577.813	7.714	5.015	0.976	5.044	458.468	577.813	7.714	454	573	4	12	10	8
181	485	496	485	287	138710	286	0	286	286	286	265.885	583.124	7.833	4.725	1.187	4.428	265.885	583.124	7.833	259	576	4	11	15	8
182	608	524	608	319	174496	287	0	287	287	287	457.615	587.549	7.561	5.010	1.073	4.951	457.616	587.549	7.561	451	584	4	15	9	8
183	878	706	878	464	86922	99	0	99	99	99	258.772	590.714	7.606	6.246	2.043	6.035	258.773	590.714	7.606	255	580	4	13	20	8
184	787	732	787	439	78700	100	0	100	100	100	278.125	598.915	7.079	6.041	2.052	6.055	278.125	598.915	7.079	269	593	4	21	14	7
185	2848	1978	2848	1188	825920	290	0	290	290	290	382.669	601.731	7.809	9.802	3.320	9.839	382.668	601.732	7.809	368	590	4	38	27	9
186	1608	1092	1608	730	162408	101	0	101	101	101	452.063	601.556	7.481	7.522	2.238	7.671	452.060	601.557	7.481	442	594	4	22	16	7
187	1647	1338	1647	769	176229	107	0	107	107	107	326.111	623.529	7.143	7.954	2.642	8.072	326.114	623.529	7.143	315	612	4	24	24	7
188	3756	2400	3756	1580	1096752	292	0	292	292	292	442.527	622.265	8.002	10.959	3.528	11.512	442.524	622.264	8.002	428	608	4	31	31	8
189	356	622	356	280	39516	111	0	111	111	111	378.438	634.728	7.107	5.854	2.289	5.707	378.438	634.728	7.107	371	623	4	17	21	8
190	1428	1404	1428	865	154224	108	0	108	108	108	257.419	627.585	7.319	8.564	3.445	8.508	257.419	627.586	7.319	244	617	4	36	23	7
191	2404	1754	2404	1094	264440	110	0	110	110	110	276.072	635.415	6.826	9.265	3.067	9.436	276.076	635.416	6.826	265	623	4	28	25	7
192	217	312	217	142	63581	293	0	293	293	293	363.604	631.332	7.797	3.575	1.039	3.456	363.603	631.332	7.797	360	627	4	8	11	8
193	2096	1596	2096	985	234752	112	0	112	112	112	347.477	641.183	7.194	9.017	3.241	9.016	347.477	641.183	7.194	333	628	4	29	25	7
194	2953	1908	2953	1327	339595	115	0	115	115	115	424.055	648.659	7.026	10.666	4.036	10.417	424.057	648.660	7.026	406	629	4	28	33	8
195	1281	1226	1281	721	17934	14	0	14	14	14	389.893	653.648	6.233	7.782	2.723	8.017	389.893	653.648	6.233	379	641	4	21	26	6
196	1589	1240	1589	793	179557	113	0	113	113	113	247.057	651.964	7.145	8.380	3.213	8.227	247.054	651.964	7.145	239	640	4	17	27	7
197	2388	1612	2388	1108	279396	117	0	117	117	117	266.321	653.332	7.338	9.165	2.945	9.474	266.318	653.331	7.338	255	639	4	27	25	8
198	3647	2702	3647	1627	433993	119	0	119	119	119	340.247	667.137	7.243	12.116	4.855	11.909	340.249	667.138	7.243	321	649	4	36	42	8
199	3518	2194	3518	1464	415124	118	0	118	118	118	303.400	660.665	7.158	10.802	3.696	10.948	303.405	660.665	7.158	290	640	4	32	35	8
200	471	414	471	256	56520	120	0	120	120	120	440.270	663.972	7.146	4.492	0.864	4.453	440.270	663.972	7.146	435	661	4	12	8	7
201	1911	1300	1911	816	233142	122	0	122	122	122	412.176	671.348	7.111	7.981	2.225	8.120	412.172	671.348	7.111	402	662	4	19	22	8
202	2222	1478	2222	1018	277750	125	0	125	125	125	429.211	672.681	7.103	9.027	3.136	8.787	429.209	672.680	7.103	415	662	4	28	22	8
203	802	646	802	431	98646	123	0	123	123	123	263.686	669.757	7.187	5.727	1.473	5.681	263.687	669.758	7.187	256	665	4	15	10	8
204	810	722	810	450	238950	295	0	295	295	295	326.191	672.879	7.477	6.393	2.434	6.001	326.192	672.880	7.477	322	662	4	10	25	7
205	1359	1006	1359	714	168516	124	0	124	124	124	280.831	668.606	7.107	7.338	2.270	7.429	280.831	668.606	7.107	272	659	4	21	19	7
206	2277	1476	2277	1016	286902	126	0	126	126	126	453.054	675.351	6.747	8.784	2.715	9.159	453.058	675.351	6.747	444	664	4	21	24	7
207	1064	928	1064	592	135128	127	0	127	127	127	317.179	677.133	7.001	7.076	2.683	6.703	317.180	677.132	7.001	310	663	4	17	24	7
208	1750	1226	1750	827	518000	296	0	296	296	296	263.797	682.614	7.376	8.017	2.620	7.951	263.797	682.614	7.376	247	676	4	29	15	8
209	1075	794	1075	553	137600	128	0	128	128	128	301.792	681.337	6.758	6.442	1.826	6.609	301.792	681.337	6.758	294	675	4	17	13	7
210	3602	2264	3602	1529	486270	135	0	135	135	135	309.190	697.320	7.253	11.238	4.132	10.999	309.193	697.318	7.253	290	687	4	38	24	8
211	918	844	918	487	122094	133	0	133	133	133	369.210	693.573	6.735	6.460	2.116	6.429	369.209	693.574	6.735	361	684	4	15	18	7
212	1021	864	1021	521	133751	131	0	131	131	131	335.197	691.553	7.053	6.470	1.995	6.592	335.199	691.554	7.053	329	684	4	17	18	7
213	5113	2932	5113	2083	695368	136	0	136	136	136	447.441	707.678	7.420	13.324	5.111	13.143	447.426	707.678	7.420	429	687	4	33	42	8
214	2763	1714	2763	1143	820611	297	0	297	297	297	426.562	703.803	7.591	9.523	3.001	9.505	426.562	703.802	7.591	409	695	4	29	24	9
215	2252	1452	2252	925	671096	298	0	298	298	298	376.959	710.536	7.754	8.681	2.841	8.514	376.957	710.533	7.754	360	703	4	32	16	9
216	2536	1724	2536	1127	758264	299	0	299	299	299	408.843	715.840	7.711	9.593	3.342	9.726	408.843	715.839	7.711	395	704	4	32	29	8
217	912	716	912	441	124944	137	0	137	137	137	316.279	722.196	7.067	5.998	1.656	5.867	316.277	722.197	7.067	306	717	4	18	11	8
218	3219	1874	3219	1316	453879	141	0	141	141	141	418.004	732.338	7.251	10.099	3.309	10.158	418.002	732.339	7.251	402	721	4	32	23	8
219	1295	1104	1295	696	389795	301	0	301	301	301	350.177	719.055	8.196	8.606	4.561	7.401	350.176	719.055	8.196	345	696	4	18	36	8
220	2613	1616	2613	1116	371046	142	0	142	142	142	443.019	739.153	7.244	9.251	2.845	9.494	443.023	739.154	7.244	431	729	4	27	20	8
221	3799	2170	3799	1417	1147298	302	0	302	302	302	351.844	745.228	7.717	10.344	2.963	10.943	351.846	745.225	7.717	337	732	4	29	26	9
222	4327	2874	4327	1967	627415	145	0	145	145	145	432.550	754.623	7.125	14.211	6.019	14.142	432.548	754.626	7.125	408	743	4	50	30	8
223	1404	964	1404	635	425412	303	0	303	303	303	319.880	757.086	7.892	6.986	1.767	7.026	319.881	757.086	7.892	311	751	4	19	14	8
224	2124	1358	2124	880	316476	149	0	149	149	149	297.061	761.117	7.389	8.168	2.228	8.527	297.059	761.118	7.389	285	751	4	25	22	8
225	4499	2800	4499	1871	679349	151	0	151	151	151	395.927	778.408	7.204	11.878	3.980	12.452	395.929	778.410	7.204	379	762	4	33	34	8
226	1808	1456	1808	861	553248	306	0	306	306	306	312.846	772.994	7.855	8.369	2.851	8.216	312.844	772.993	7.855	299	764	4	30	19	8
227	3416	2180	3416	1397	1055544	309	0	309	309	309	294.803	788.300	7.806	10.581	3.571	10.795	294.803	788.300	7.806	277	778	4	34	25	8
228	2322	1456	2322	989	719820	310	0	310	310	310	412.337	796.827	7.932	8.764	2.636	9.147	412.339	796.826	7.932	402	783	4	25	24	8
229	4176	2684	4176	1769	643104	154	0	154	154	154	395.118	813.625	7.471	11.654	3.964	11.894	395.115	813.623	7.471	376	797	4	40	31	8
230	4878	2906	4878	1976	1536570	315	0	315	315	315	426.696	824.279	7.663	12.746	4.776	12.862	426.696	824.283	7.663	409	804	4	46	35	8
231	2727	1590	2727	1110	428139	157	0	157	157	157	378.440	834.091	7.597	9.381	2.935	9.239	378.438	834.087	7.597	365	825	4	29	17	9
232	2366	1632	2366	1099	373828	158	0	158	158	158	420.221	844.568	7.175	9.805	3.840	9.582	420.224	844.569	7.175	407	829	4	31	29	7
233	2471	1632	2471	1124	780836	316	0	316	316	316	439.013	863.620	7.580	9.555	3.281	9.591	439.017	863.626	7.580	429	847	4	27	26	8
234	1343	926	1343	618	222938	166	0	166	166	166	421.381	864.812	7.332	6.893	1.820	7.004	421.384	864.812	7.332	413	856	4	15	19	8
235	1835	1420	1835	926	31195	17	0	17	17	17	296.758	872.114	6.199	8.472	2.935	8.589	296.758	872.115	6.199	285	853	4	21	32	6
236	1537	1042	1537	679	261290	170	0	170	170	170	397.567	878.278	7.159	7.182	1.814	7.536	397.563	878.279	7.159	389	871	4	17	18	8
237	841	658	841	455	142129	169	0	169	169	169	343.555	882.218	6.904	5.902	1.743	5.640	343.555	882.218	6.904	339	876	4	10	18	8
238	679	616	679	361	116109	171	0	171	171	171	371.860	880.099	6.981	5.259	1.208	5.341	371.861	880.099	6.981	366	874	4	12	15	7
239	951	848	951	534	164523	173	0	173	173	173	382.825	883.479	6.920	6.666	2.272	6.765	382.824	883.480	6.920	373	874	4	20	18	7
240	2153	1486	2153	985	374622	174	0	174	174	174	426.263	886.138	7.229	9.019	3.380	8.448	426.267	886.136	7.229	419	875	4	30	26	8
241	1410	1016	1410	681	446970	317	0	317	317	317	443.133	879.613	7.779	7.313	2.369	7.186	443.132	879.613	7.779	428	874	4	27	13	8
242	1925	1334	1925	907	336875	175	0	175	175	175	411.636	884.829	7.429	8.891	3.400	8.617	411.637	884.827	7.429	399	868	4	19	33	8
243	2216	1616	2216	1070	390016	176	0	176	176	176	332.764	897.148	6.265	9.244	3.234	9.499	332.764	897.148	6.265	318	888	4	29	28	7
244	3027	1784	3027	1215	962586	318	0	318	318	318	437.793	901.028	7.678	9.572	2.855	10.008	437.793	901.041	7.678	424	890	4	29	24	8
245	1584	1180	1584	795	281952	178	0	178	178	178	383.907	903.987	7.018	7.988	2.681	7.903	383.904	903.990	7.018	377	891	4	18	24	7
246	1913	1272	1913	841	610247	319	0	319	319	319	398.765	900.429	7.580	7.956	2.258	8.306	398.765	900.436	7.580	391	890	4	20	24	8
247	4589	2832	4589	1765	821431	179	0	179	179	179	343.594	922.692	7.251	12.270	4.375	12.497	343.594	922.696	7.251	324	903	4	41	39	8
248	1600	1184	1600	781	512000	320	0	320	320	320	417.290	911.216	7.656	7.708	2.431	7.829	417.290	911.216	7.656	409	901	4	21	23	8
249	1295	928	1295	610	416990	322	0	322	322	322	442.261	919.693	7.542	6.818	1.842	7.137	442.259	919.694	7.542	433	913	4	19	15	8
250	3180	1874	3180	1287	1027140	323	0	323	323	323	389.704	925.309	7.830	10.143	3.438	10.314	389.705	925.313	7.830	369	915	4	35	22	9
251	315	382	315	204	5670	18	0	18	18	18	307.241	921.022	5.978	4.193	1.256	4.171	307.241	921.022	5.978	303	914	4	11	13	5
252	917	966	917	583	17423	19	0	19	19	19	298.509	927.091	6.308	7.149	2.992	6.925	298.509	927.091	6.308	289	916	4	28	19	6
253	1280	1012	1280	622	230400	180	0	180	180	180	425.205	925.503	7.438	7.067	2.202	7.126	425.202	925.502	7.438	414	915	4	21	21	8
254	7201	3798	7201	2668	2340325	325	0	325	325	325	375.942	942.285	7.454	14.854	5.679	14.719	375.941	942.280	7.454	348	925	4	56	36	8
255	2940	1856	2940	1168	535080	182	0	182	182	182	294.232	947.244	6.938	9.580	2.981	9.950	294.235	947.242	6.938	282	935	4	29	26	7
256	1565	1134	1565	722	507060	324	0	324	324	324	444.196	935.845	7.728	7.626	2.444	7.437	444.192	935.846	7.728	432	929	4	28	15	8
257	302	312	302	188	98754	327	0	327	327	327	421.897	941.421	7.639	3.775	0.701	3.752	421.898	941.419	7.639	418	939	4	10	6	8
258	2474	1512	2474	1011	811472	328	0	328	328	328	436.095	950.994	7.695	9.022	2.878	9.077	436.088	950.993	7.695	425	941	4	29	22	8
259	2520	1784	2520	1195	821520	326	0	326	326	326	413.434	941.596	7.641	9.935	3.535	10.089	413.436	941.597	7.641	403	925	4	26	32	8
260	1574	1148	1574	736	517846	329	0	329	329	329	453.597	958.745	7.843	7.589	2.296	7.763	453.597	958.745	7.843	446	947	4	19	22	8
261	3237	2086	3237	1390	592371	183	0	183	183	183	401.639	960.837	7.452	10.381	3.423	10.612	401.641	960.835	7.452	388	949	4	32	28	8
262	834	762	834	440	154290	185	0	185	185	185	422.590	966.853	7.319	6.148	2.045	5.910	422.589	966.852	7.319	418	958	4	12	20	7
263	1152	908	1152	550	211968	184	0	184	184	184	439.954	968.102	7.321	6.552	1.890	6.811	439.954	968.102	7.321	431	959	4	18	19	8
264	2201	1578	2201	1015	730732	332	0	332	332	332	460.272	978.008	7.902	9.317	3.317	9.279	460.275	978.007	7.902	444	964	4	31	29	8
265	2464	1820	2464	1141	825440	335	0	335	335	335	338.086	997.176	7.466	9.752	3.579	9.745	338.087	997.173	7.466	328	977	4	23	37	8
266	2186	1782	2186	1033	730124	334	0	334	334	334	409.869	989.287	7.867	9.507	3.668	9.207	409.871	989.287	7.867	395	976	4	28	31	8
267	2073	1632	2073	997	704820	340	0	340	340	340	377.210	1003.878	7.530	9.712	4.043	9.314	377.206	1003.875	7.530	358	993	4	34	21	8
268	913	846	913	484	173470	190	0	190	190	190	398.962	1006.479	7.157	6.215	1.874	6.335	398.964	1006.481	7.157	391	999	4	17	14	7
269	1227	906	1227	579	418407	341	0	341	341	341	456.519	1006.032	7.675	7.185	2.605	6.678	456.518	1006.036	7.675	442	1000	4	26	12	8
270	711	620	711	371	136512	192	0	192	192	192	323.598	1008.665	7.249	5.419	1.412	5.511	323.598	1008.665	7.249	316	1000	4	14	15	7
271	2119	1572	2119	983	48737	23	0	23	23	23	333.349	147.947	7.386	8.830	2.955	9.005	333.349	147.947	7.386	319	138	5	27	23	7
272	611	774	611	413	119145	195	0	195	195	195	347.822	165.252	7.426	6.447	2.712	6.238	347.823	165.252	7.426	337	159	5	18	21	6
273	908	854	908	509	27240	30	0	30	30	30	456.002	168.138	7.835	6.656	2.469	6.557	456.002	168.138	7.835	446	156	5	18	20	7
274	216	334	216	157	6264	29	0	29	29	29	342.995	173.481	7.185	3.688	1.167	3.714	342.995	173.481	7.185	339	170	5	11	11	6
275	1310	1258	1310	728	259380	198	0	198	198	198	449.677	183.065	7.324	7.599	2.656	7.448	449.680	183.065	7.324	437	173	5	25	21	7
276	983	928	983	530	36371	37	0	37	37	37	452.977	202.129	7.561	6.455	2.080	6.598	452.977	202.129	7.561	441	195	5	21	16	6
277	1415	974	1415	635	492420	348	0	348	348	348	408.858	232.181	8.734	7.004	1.853	7.027	408.861	232.181	8.734	400	226	5	21	15	8
278	2929	1650	2929	1161	618019	211	0	211	211	211	286.487	253.849	8.018	9.389	2.725	9.912	286.488	253.849	8.018	274	244	5	26	21	8
279	1476	1114	1476	756	315864	214	0	214	214	214	410.163	268.651	8.400	7.904	2.929	7.668	410.165	268.652	8.400	399	261	5	21	24	7
280	192	362	192	151	9408	49	0	49	49	49	310.005	276.531	7.135	4.092	1.345	4.152	310.005	276.531	7.135	305	270	5	11	14	5
281	202	302	202	140	10100	50	0	50	50	50	318.866	281.941	7.312	3.419	0.839	3.331	318.866	281.941	7.312	315	278	5	10	8	6
282	273	366	273	188	13923	51	0	51	51	51	423.949	286.700	7.978	3.774	1.104	3.847	423.949	286.700	7.978	418	282	5	11	10	7
283	380	536	380	257	83980	221	0	221	221	221	315.668	293.634	7.697	5.244	2.338	4.734	315.668	293.634	7.697	307	286	5	14	17	8
284	470	560	470	284	25850	55	0	55	55	55	305.987	312.068	7.755	4.752	1.330	4.621	305.987	312.068	7.755	301	304	5	11	17	7
285	1081	828	1081	534	243225	225	0	225	225	225	298.883	326.597	8.396	6.295	1.563	6.432	298.882	326.596	8.396	291	318	5	17	15	8
286	842	728	842	440	294700	350	0	350	350	350	295.963	338.950	8.260	5.912	1.663	5.897	295.964	338.950	8.260	290	334	5	15	14	8
287	1291	994	1291	575	453141	351	0	351	351	351	306.658	349.977	8.572	6.751	1.788	6.955	306.659	349.977	8.572	298	342	5	17	20	8
288	995	752	995	472	230840	232	0	232	232	232	419.963	351.328	7.868	6.210	1.738	6.075	419.963	351.328	7.868	416	343	5	12	19	7
289	2046	1332	2046	889	722238	353	0	353	353	353	353.332	369.131	8.606	8.271	2.443	8.296	353.331	369.131	8.606	341	359	5	27	19	8
290	1445	1350	1445	747	342465	237	0	237	237	237	304.302	375.719	8.321	7.865	2.787	7.802	304.302	375.719	8.321	293	365	5	22	26	8
291	756	694	756	440	180684	239	0	239	239	239	279.622	384.989	7.815	6.418	2.530	6.114	279.623	384.989	7.815	266	382	5	24	7	7
292	206	272	206	126	49852	242	0	242	242	242	386.422	394.922	7.466	3.403	0.844	3.254	386.422	394.922	7.466	383	390	5	7	12	6
293	2258	1680	2258	1016	587080	260	0	260	260	260	450.802	466.915	8.254	9.240	3.157	9.024	450.798	466.914	8.254	438	454	5	30	25	8
294	1927	1288	1927	822	689866	358	0	358	358	358	318.543	475.158	8.738	8.007	2.311	8.176	318.544	475.158	8.738	310	465	5	18	24	8
295	2218	1750	2218	1064	578898	261	0	261	261	261	422.500	474.858	8.055	10.143	4.057	10.151	422.499	474.859	8.055	409	465	5	35	24	8
296	1772	1300	1772	781	636148	359	0	359	359	359	300.282	474.922	8.506	7.781	2.219	8.164	300.282	474.921	8.506	291	464	5	19	22	8
297	495	444	495	287	130185	263	0	263	263	263	388.905	477.800	8.267	4.639	0.942	4.657	388.906	477.800	8.267	385	474	5	10	10	7
298	1466	1232	1466	722	388490	265	0	265	265	265	462.906	482.872	8.248	7.701	2.564	7.695	462.905	482.872	8.248	451	472	5	22	22	7
299	698	662	698	374	188460	270	0	270	270	270	460.009	495.254	8.370	5.861	2.005	5.473	460.010	495.254	8.370	452	490	5	20	11	7
300	502	656	502	324	134536	268	0	268	268	268	332.124	490.556	7.926	5.448	1.979	5.256	332.124	490.556	7.926	323	485	5	19	14	7
301	205	252	205	126	55555	271	0	271	271	271	396.117	500.854	7.439	3.330	0.593	3.285	396.117	500.853	7.439	392	498	5	8	7	6
302	820	848	820	495	226320	276	0	276	276	276	337.771	523.739	7.476	6.613	2.525	6.283	337.770	523.739	7.476	326	518	5	24	15	6
303	504	536	504	278	139608	277	0	277	277	277	458.581	527.982	7.748	4.801	1.253	4.847	458.580	527.982	7.748	451	521	5	14	14	6
304	772	656	772	409	215388	279	0	279	279	279	260.431	541.395	7.495	5.713	1.617	5.779	260.432	541.395	7.495	252	534	5	15	14	6
305	780	900	780	470	219180	281	0	281	281	281	313.715	554.413	7.859	7.434	3.125	7.649	313.714	554.412	7.859	305	543	5	17	24	7
306	448	488	448	287	39424	88	0	88	88	88	305.748	557.667	7.384	4.892	1.664	4.834	305.748	557.667	7.384	300	551	5	11	15	6
307	1580	1274	1580	727	573540	363	0	363	363	363	418.866	549.106	8.936	7.733	2.701	7.813	418.866	549.105	8.936	404	540	5	27	20	8
308	437	428	437	260	123234	282	0	282	282	282	260.197	564.755	7.606	4.545	1.161	4.380	260.197	564.755	7.606	254	561	5	14	8	6
309	1542	1368	1542	795	561288	364	0	364	364	364	401.886	579.314	8.813	7.802	2.558	8.121	401.889	579.313	8.813	390	568	5	24	24	7
310	1007	840	1007	522	290016	288	0	288	288	288	249.188	591.990	7.636	6.900	2.625	6.566	249.188	591.990	7.636	243	578	5	11	25	7
311	990	926	990	534	286110	289	0	289	289	289	434.989	597.873	7.855	6.548	2.056	6.566	434.988	597.874	7.855	424	590	5	22	18	7
312	824	812	824	483	84048	102	0	102	102	102	323.437	602.415	7.171	6.214	2.068	6.432	323.437	602.415	7.171	313	594	5	19	17	5
313	2060	1662	2060	1037	599460	291	0	291	291	291	263.697	608.433	7.644	9.191	3.389	9.028	263.698	608.433	7.644	245	594	5	34	26	7
314	304	454	304	210	31616	104	0	104	104	104	423.980	606.635	7.737	5.205	2.422	4.768	423.980	606.635	7.737	420	596	5	8	21	6
315	339	478	339	224	36951	109	0	109	109	109	297.434	627.743	7.003	4.695	1.797	4.537	297.434	627.743	7.003	291	617	5	13	18	6
316	674	634	674	371	76836	114	0	114	114	114	288.901	651.509	6.990	5.566	1.749	5.580	288.901	651.509	6.990	280	644	5	16	14	6
317	499	536	499	327	60379	121	0	121	121	121	247.986	670.982	7.182	5.063	1.600	5.149	247.986	670.982	7.182	241	665	5	14	13	5
318	755	744	755	423	104945	139	0	139	139	139	274.163	728.185	7.526	5.799	1.724	6.085	274.164	728.185	7.526	266	722	5	17	15	6
319	369	416	369	232	54243	147	0	147	147	147	333.916	755.409	7.065	4.414	1.320	4.338	333.916	755.409	7.065	331	749	5	8	14	6
320	2023	1328	2023	934	614992	304	0	304	304	304	420.214	764.729	7.675	8.641	2.927	8.747	420.214	764.729	7.675	407	756	5	26	22	7
321	573	572	573	327	174765	305	0	305	305	305	280.951	768.925	7.595	5.175	1.628	5.202	280.950	768.926	7.595	275	762	5	13	15	6
322	538	442	538	306	165166	307	0	307	307	307	414.230	773.753	7.582	4.770	1.038	4.812	414.232	773.753	7.582	410	769	5	9	13	6
323	2882	2102	2882	1400	887656	308	0	308	308	308	434.687	784.585	7.932	10.573	3.793	10.477	434.683	784.586	7.932	416	772	5	39	26	7
324	2826	2060	2826	1401	878886	311	0	311	311	311	443.417	808.173	7.728	10.817	4.168	10.805	443.418	808.176	7.728	426	794	5	31	35	6
325	160	278	160	135	50080	313	0	313	313	313	291.212	817.000	8.119	3.755	1.544	3.730	291.212	817.000	8.119	286	814	5	13	8	6
326	2031	1380	2031	875	637734	314	0	314	314	314	312.038	825.051	8.399	8.339	2.582	8.368	312.036	825.052	8.399	302	816	5	22	24	8
327	1378	1080	1378	618	504348	366	0	366	366	366	297.416	833.872	8.745	7.181	2.179	6.980	297.417	833.872	8.745	288	822	5	18	25	8
328	1347	1148	1347	719	218214	162	0	162	162	162	446.235	847.488	7.367	7.661	2.672	7.868	446.232	847.486	7.367	438	836	5	18	23	6
329	658	598	658	364	211218	321	0	321	321	321	404.976	916.170	7.691	5.295	1.418	5.239	404.975	916.169	7.691	398	909	5	12	17	6
330	177	274	177	135	32037	181	0	181	181	181	278.706	929.424	7.181	3.404	1.201	3.443	278.706	929.424	7.181	275	922	5	8	14	5
331	2189	1466	2189	978	739882	338	0	338	338	338	448.613	993.531	7.690	8.690	2.739	8.926	448.612	993.532	7.690	437	982	5	25	24	7
332	1064	946	1064	575	200032	188	0	188	188	188	369.806	988.744	7.680	6.849	2.279	6.704	369.807	988.744	7.680	361	983	5	21	14	6
333	1598	1516	1598	901	541722	339	0	339	339	339	430.121	994.102	7.914	9.151	3.880	8.569	430.121	994.102	7.914	422	979	5	20	32	7
334	1486	1164	1486	686	499296	336	0	336	336	336	317.181	994.829	7.649	7.553	2.629	7.585	317.181	994.829	7.649	300	986	5	28	19	7
335	677	734	677	412	225441	333	0	333	333	333	389.928	988.743	7.815	5.976	2.113	5.959	389.927	988.744	7.815	383	977	5	15	21	6
336	541	496	541	298	182317	337	0	337	337	337	469.185	995.950	8.017	4.878	1.276	5.031	469.184	995.947	8.017	463	991	5	13	12	7
337	638	642	638	410	120582	189	0	189	189	189	354.773	995.788	7.528	5.737	2.049	5.553	354.771	995.789	7.528	350	986	5	12	21	6
338	283	336	283	190	54053	191	0	191	191	191	412.148	1006.371	7.346	3.821	0.969	3.939	412.149	1006.371	7.346	409	1002	5	9	10	6
339	300	380	300	196	103200	344	0	344	344	344	349.330	1009.647	7.653	4.202	1.397	4.078	349.330	1009.647	7.653	344	1006	5	13	8	6
340	421	468	421	229	146087	347	0	347	347	347	280.912	175.485	8.622	4.766	1.529	4.480	280.913	175.485	8.622	277	169	6	10	16	7
341	224	282	224	142	52640	235	0	235	235	235	443.228	357.263	8.397	3.427	0.797	3.597	443.228	357.263	8.397	439	353	6	9	9	5
342	702	624	702	377	248508	354	0	354	354	354	299.899	365.406	8.459	5.688	1.775	5.694	299.897	365.406	8.459	293	357	6	17	15	7
343	170	234	170	113	40120	236	0	236	236	236	436.571	365.382	8.171	3.101	0.685	3.163	436.571	365.382	8.171	433	362	6	8	8	5
344	304	394	304	183	108224	356	0	356	356	356	375.582	409.184	8.839	4.103	1.208	4.010	375.582	409.184	8.839	369	405	6	15	10	6
345	211	358	211	173	76171	361	0	361	361	361	444.597	492.085	8.744	3.870	1.419	3.944	444.597	492.085	8.744	438	488	6	13	11	5
346	236	336	236	159	67024	284	0	284	284	284	310.339	577.572	8.360	3.867	1.314	3.741	310.339	577.572	8.360	307	571	6	9	13	6
347	471	690	471	344	138474	294	0	294	294	294	380.862	670.030	7.936	5.769	2.404	5.621	380.863	670.030	7.936	372	661	6	21	17	5
348	387	546	387	293	120744	312	0	312	312	312	288.496	806.326	8.067	5.359	2.433	4.947	288.496	806.326	8.067	279	798	6	17	17	5
349	178	340	178	157	58918	331	0	331	331	331	351.197	968.652	8.140	3.831	1.443	3.861	351.197	968.652	8.140	346	963	6	12	11	5
350	1189	1148	1189	748	406638	342	0	342	342	342	286.754	1005.042	8.059	7.512	2.489	7.881	286.755	1005.043	8.059	277	994	6	20	21	5
351	573	662	573	411	196539	343	0	343	343	343	304.649	1008.000	7.606	5.813	2.191	5.744	304.650	1008.000	7.606	298	999	6	18	16	4
352	160	222	160	116	58720	367	0	367	367	367	423.312	294.131	9.631	3.084	0.789	3.093	423.313	294.131	9.631	420	291	7	8	8	5
353	195	258	195	139	45435	233	0	233	233	233	432.903	352.169	8.333	3.406	0.958	3.440	432.902	352.169	8.333	429	348	7	9	9	4
354	428	532	428	315	152796	357	0	357	357	357	448.871	452.063	8.787	5.152	2.026	4.923	448.871	452.063	8.787	438	448	7	19	9	5
355	193	328	193	147	69480	360	0	360	360	360	428.249	488.223	8.772	4.059	1.943	3.779	428.249	488.223	8.772	419	483	7	18	10	4
356	174	278	174	132	63510	365	0	365	365	365	301.012	808.437	8.874	3.442	1.230	3.271	301.011	808.437	8.874	297	802	7	9	12	4
