 	Volume (pixel^3)	Surface (pixel^2)	Nb of obj. voxels	Nb of surf. voxels	IntDen	Mean	StdDev	Median	Min	Max	X	Y	Z	Mean dist. to surf. (pixel)	SD dist. to surf. (pixel)	Median dist. to surf. (pixel)	XM	YM	ZM	BX	BY	BZ	B-width	B-height	B-depth
1	3641	2362	3641	1331	14564	4	0	4	4	4	541.866	490.671	6.463	10.710	3.620	10.478	541.866	490.671	6.463	530	468	1	31	35	11
2	2919	1948	2919	1189	2919	1	0	1	1	1	300.417	325.065	7.070	10.488	3.933	10.429	300.417	325.065	7.070	283	307	2	30	34	10
3	6718	3242	6718	2035	322464	48	0	48	48	48	620.981	542.228	7.297	13.007	4.125	12.902	620.981	542.228	7.297	597	528	2	49	30	12
4	1544	1080	1544	668	9264	6	0	6	6	6	79.790	151.497	7.026	7.325	2.115	7.401	79.790	151.497	7.026	69	143	3	23	16	9
5	1860	1202	1860	773	14880	8	0	8	8	8	194.295	186.982	6.730	7.672	1.964	8.073	194.295	186.982	6.730	186	178	3	20	19	9
6	4241	2318	4241	1573	38169	9	0	9	9	9	210.084	198.069	6.994	11.573	4.337	11.193	210.084	198.069	6.994	189	185	3	41	22	9
7	2605	1604	2605	1006	26050	10	0	10	10	10	177.033	204.987	7.073	9.056	2.856	9.203	177.033	204.987	7.073	164	193	3	25	28	9
8	2970	1558	2970	1045	35640	12	0	12	12	12	216.289	216.736	7.353	8.963	2.136	9.382	216.289	216.736	7.353	207	208	3	23	20	10
9	1462	994	1462	684	16082	11	0	11	11	11	196.405	213.084	7.336	7.393	2.249	7.070	196.405	213.084	7.336	182	208	3	24	14	9
10	1382	1078	1382	640	22112	16	0	16	16	16	292.659	268.616	6.773	7.164	2.242	7.204	292.659	268.616	6.773	281	261	3	23	16	9
11	3911	2460	3911	1561	348079	89	0	89	89	89	267.154	276.261	8.033	11.094	3.742	11.320	267.150	276.261	8.033	250	263	3	36	28	10
12	2566	1756	2566	1019	233506	91	0	91	91	91	236.896	299.530	7.722	9.092	2.871	9.318	236.899	299.530	7.722	225	286	3	30	26	9
13	3386	1984	3386	1207	311512	92	0	92	92	92	185.522	302.804	7.896	9.756	2.622	10.120	185.522	302.804	7.896	173	290	3	27	26	11
14	4225	2702	4225	1673	409825	97	0	97	97	97	319.307	323.485	7.371	12.138	4.882	11.929	319.304	323.484	7.371	303	299	3	32	43	9
15	2449	1732	2449	1110	56327	23	0	23	23	23	328.477	355.260	6.457	9.353	3.318	9.691	328.479	355.260	6.457	316	341	3	33	26	8
16	1172	1016	1172	595	2344	2	0	2	2	2	347.267	351.416	6.235	6.835	2.051	7.004	347.267	351.416	6.235	340	341	3	18	20	7
17	1811	1242	1811	772	45275	25	0	25	25	25	283.284	356.318	7.488	7.878	2.326	7.738	283.284	356.318	7.488	273	346	3	25	18	10
18	3106	1972	3106	1290	74544	24	0	24	24	24	266.692	349.092	7.330	10.482	3.777	10.446	266.692	349.092	7.330	250	332	3	31	31	9
19	1626	1096	1626	701	42276	26	0	26	26	26	257.926	367.458	7.060	7.275	1.834	7.418	257.926	367.458	7.060	248	361	3	21	17	9
20	3154	1750	3154	1133	318554	101	0	101	101	101	273.847	374.858	8.118	9.441	2.501	9.654	273.845	374.858	8.118	261	364	3	24	27	10
21	3396	2096	3396	1344	91692	27	0	27	27	27	333.380	376.577	7.398	10.341	3.297	10.301	333.387	376.576	7.398	317	366	3	33	23	10
22	2903	1874	2903	1119	299009	103	0	103	103	103	339.097	395.851	8.363	9.727	3.264	9.542	339.101	395.851	8.363	322	386	3	33	21	11
23	3442	2158	3442	1366	99818	29	0	29	29	29	371.793	398.337	6.702	10.420	3.421	10.562	371.785	398.337	6.702	357	381	3	26	35	9
24	4612	2570	4612	1698	138360	30	0	30	30	30	393.690	409.764	7.412	11.694	3.957	11.644	393.701	409.764	7.412	377	390	3	34	35	10
25	985	832	985	508	30535	31	0	31	31	31	416.952	429.030	6.897	6.345	1.780	6.212	416.952	429.030	6.897	407	421	3	20	15	8
26	2107	1400	2107	885	67424	32	0	32	32	32	391.980	439.224	6.872	8.299	2.492	8.349	391.980	439.224	6.872	379	428	3	27	21	9
27	2683	1686	2683	1060	93905	35	0	35	35	35	377.429	455.769	7.326	9.055	2.648	9.336	377.435	455.770	7.326	366	445	3	26	23	9
28	2895	1700	2895	1110	110010	38	0	38	38	38	412.922	469.368	6.932	9.216	2.489	9.625	412.928	469.369	6.932	401	458	3	25	22	9
29	1853	1400	1853	834	75973	41	0	41	41	41	497.736	485.505	6.987	8.025	2.459	8.321	497.730	485.505	6.987	487	473	3	23	23	8
30	2565	1742	2565	1158	133380	52	0	52	52	52	637.218	563.290	7.132	9.564	3.222	9.747	637.211	563.290	7.132	622	552	3	27	29	9
31	5877	3230	5877	2275	376128	64	0	64	64	64	802.405	672.317	7.034	13.484	4.819	13.821	802.405	672.317	7.034	784	651	3	38	39	9
32	3081	1964	3081	1285	191022	62	0	62	62	62	772.130	673.576	7.285	9.941	3.126	10.220	772.140	673.578	7.285	758	660	3	29	28	9
33	5270	3244	5270	2216	347820	66	0	66	66	66	817.291	711.848	7.194	13.275	4.840	13.191	817.281	711.849	7.194	796	695	3	38	40	9
34	4271	2382	4271	1486	666276	156	0	156	156	156	840.287	715.333	7.902	11.515	4.285	10.829	840.296	715.335	7.902	831	697	3	22	43	11
35	945	784	945	406	64260	68	0	68	68	68	94.393	132.413	7.582	6.291	1.898	5.821	94.393	132.413	7.582	85	123	4	18	17	8
36	5571	3618	5571	2211	406683	73	0	73	73	73	80.258	171.421	7.699	13.813	5.368	13.266	80.255	171.421	7.699	56	156	4	51	36	9
37	1152	836	1152	479	81792	71	0	71	71	71	127.260	168.438	8.120	6.281	1.423	6.583	127.260	168.438	8.120	120	161	4	16	17	8
38	888	774	888	416	66600	75	0	75	75	75	137.961	179.196	7.895	5.868	1.522	6.081	137.961	179.196	7.895	129	171	4	17	17	8
39	2020	1374	2020	824	153520	76	0	76	76	76	172.494	186.949	7.519	8.379	2.698	8.106	172.494	186.949	7.519	157	178	4	28	17	8
40	4231	2664	4231	1547	334249	79	0	79	79	79	73.836	200.380	8.288	11.772	4.299	11.403	73.838	200.380	8.288	56	182	4	35	45	9
41	1932	1452	1932	815	154560	80	0	80	80	80	153.292	204.966	7.688	8.227	2.621	8.362	153.292	204.966	7.688	140	192	4	25	25	8
42	1742	1142	1742	747	141102	81	0	81	81	81	191.120	224.726	7.895	7.753	2.315	7.707	191.118	224.726	7.895	179	217	4	26	16	8
43	3329	2230	3329	1365	276307	83	0	83	83	83	180.734	239.827	7.792	10.759	3.987	10.407	180.737	239.827	7.792	167	220	4	34	35	9
44	2733	1668	2733	1018	470076	172	0	172	172	172	135.344	240.150	8.555	9.024	2.478	9.163	135.344	240.150	8.555	125	228	4	26	25	10
45	829	744	829	451	10777	13	0	13	13	13	119.246	241.117	7.438	6.520	2.673	6.082	119.246	241.117	7.438	113	226	4	13	23	8
46	1320	1000	1320	600	113520	86	0	86	86	86	117.663	256.812	8.218	6.816	1.841	7.131	117.663	256.812	8.218	108	249	4	20	17	8
47	1861	1414	1861	820	158185	85	0	85	85	85	276.920	257.206	7.722	8.029	2.342	8.260	276.917	257.206	7.722	266	247	4	23	21	9
48	152	240	152	104	2280	15	0	15	15	15	193.145	257.283	7.184	3.210	0.992	3.137	193.145	257.283	7.184	189	255	4	11	6	7
49	1776	1312	1776	792	30192	17	0	17	17	17	296.949	286.671	7.096	7.834	2.347	8.241	296.949	286.671	7.096	287	276	4	22	22	7
50	2737	1716	2737	1031	478975	175	0	175	175	175	157.198	285.320	8.687	9.117	2.676	9.244	157.200	285.320	8.687	146	273	4	24	28	10
51	2762	1946	2762	1185	256866	93	0	93	93	93	277.499	302.985	8.075	9.769	3.341	9.892	277.496	302.985	8.075	262	291	4	33	26	9
52	580	562	580	326	11020	19	0	19	19	19	209.860	300.497	6.879	5.193	1.572	5.094	209.860	300.497	6.879	204	292	4	11	18	6
53	1944	1556	1944	937	38880	20	0	20	20	20	220.470	313.944	7.206	9.152	3.692	8.722	220.470	313.944	7.206	212	294	4	20	33	8
54	1995	1500	1995	853	41895	21	0	21	21	21	256.152	317.344	7.396	8.335	2.548	8.409	256.152	317.344	7.396	245	307	4	24	25	8
55	2012	1376	2012	813	197176	98	0	98	98	98	218.005	338.206	7.805	7.996	2.261	8.366	218.003	338.206	7.805	207	328	4	25	23	8
56	2817	1986	2817	1164	278883	99	0	99	99	99	249.584	344.857	7.966	10.385	4.057	9.974	249.587	344.857	7.966	230	332	4	33	29	9
57	3120	1744	3120	1216	555360	178	0	178	178	178	307.094	370.078	8.862	9.559	2.759	10.166	307.090	370.078	8.862	296	357	4	24	25	9
58	787	846	787	466	22036	28	0	28	28	28	378.216	375.141	6.634	6.494	2.486	6.327	378.216	375.141	6.634	366	369	4	24	14	7
59	250	306	250	164	750	3	0	3	3	3	386.772	384.728	6.276	3.650	0.923	3.608	386.772	384.728	6.276	382	382	4	11	7	6
60	1127	1170	1127	649	114954	102	0	102	102	102	357.018	379.159	7.229	7.554	3.015	7.387	357.019	379.159	7.229	350	367	4	17	30	8
61	3541	2196	3541	1391	371805	105	0	105	105	105	364.043	420.671	8.308	10.837	3.957	10.447	364.040	420.670	8.308	352	407	4	37	29	10
62	2790	1934	2790	1214	290160	104	0	104	104	104	338.058	417.480	8.216	10.187	3.828	9.944	338.058	417.480	8.216	320	407	4	31	28	8
63	1302	1034	1302	622	238266	183	0	183	183	183	419.032	413.421	8.541	6.997	2.109	7.195	419.033	413.421	8.541	412	402	4	17	20	9
64	1024	728	1024	480	108544	106	0	106	106	106	403.573	426.489	7.697	6.066	1.424	6.141	403.571	426.489	7.697	395	422	4	16	12	8
65	4705	3116	4705	1889	508140	108	0	108	108	108	441.748	431.249	8.159	12.772	5.144	12.466	441.759	431.249	8.159	425	417	4	49	30	9
66	2313	1736	2313	1057	247491	107	0	107	107	107	373.575	435.522	8.211	10.080	4.252	9.267	373.578	435.522	8.211	354	426	4	36	26	9
67	2243	1464	2243	910	74019	33	0	33	33	33	417.013	446.082	7.264	8.507	2.441	8.785	417.007	446.082	7.264	406	437	4	23	22	8
68	2922	2208	2922	1345	99348	34	0	34	34	34	489.911	451.594	7.070	11.332	4.843	10.633	489.903	451.594	7.070	480	436	4	29	38	8
69	2963	2280	2963	1374	325930	110	0	110	110	110	461.696	451.602	7.853	10.980	4.279	10.777	461.700	451.603	7.853	444	436	4	38	34	9
70	1104	908	1104	582	120336	109	0	109	109	109	473.928	445.383	8.014	6.729	2.067	6.459	473.926	445.382	8.014	468	433	4	12	26	8
71	1647	1142	1647	713	60939	37	0	37	37	37	394.706	463.987	7.105	7.438	2.114	7.544	394.703	463.987	7.105	386	453	4	17	23	7
72	191	304	191	139	6876	36	0	36	36	36	447.471	462.670	7.230	3.612	1.216	3.667	447.471	462.670	7.230	441	459	4	11	10	7
73	884	996	884	523	99008	112	0	112	112	112	432.139	467.053	7.827	6.765	2.510	6.612	432.139	467.053	7.827	426	455	4	17	23	8
74	1940	1366	1940	806	75660	39	0	39	39	39	522.909	473.834	7.066	8.100	2.413	8.270	522.915	473.835	7.066	510	465	4	27	18	8
75	411	488	411	260	45621	111	0	111	111	111	459.608	467.730	7.633	4.802	1.635	4.816	459.609	467.730	7.633	453	463	4	15	13	7
76	2313	1454	2313	951	263682	114	0	114	114	114	416.099	487.128	7.737	8.808	2.843	8.677	416.094	487.127	7.737	403	479	4	30	20	8
77	2098	1340	2098	826	241270	115	0	115	115	115	519.629	493.288	7.732	8.056	2.135	8.455	519.632	493.288	7.732	509	484	4	20	21	9
78	2704	1642	2704	1055	316368	117	0	117	117	117	434.627	499.224	7.838	9.099	2.671	9.465	434.625	499.226	7.838	423	484	4	22	30	8
79	840	768	840	452	35280	42	0	42	42	42	475.932	498.050	7.483	6.062	1.804	6.037	475.932	498.050	7.483	467	489	4	15	17	7
80	1715	1104	1715	637	204085	119	0	119	119	119	572.596	504.936	7.729	7.240	1.700	7.585	572.599	504.936	7.729	563	496	4	19	18	9
81	2052	1498	2052	985	88236	43	0	43	43	43	505.698	521.412	7.465	9.433	3.657	9.336	505.704	521.413	7.465	491	511	4	26	27	8
82	2199	1490	2199	957	263880	120	0	120	120	120	479.695	520.566	7.870	8.748	2.747	8.914	479.695	520.565	7.870	469	507	4	21	26	8
83	1098	916	1098	572	48312	44	0	44	44	44	521.988	525.181	7.567	6.994	2.563	6.740	521.988	525.181	7.567	517	511	4	13	27	7
84	985	760	985	480	121155	123	0	123	123	123	499.986	529.361	7.982	6.146	1.598	6.076	499.988	529.361	7.982	492	524	4	16	12	9
85	2032	1590	2032	972	254000	125	0	125	125	125	480.194	540.951	7.383	9.253	3.461	9.178	480.192	540.951	7.383	463	532	4	31	20	8
86	1875	1286	1875	835	91875	49	0	49	49	49	505.630	544.160	6.987	8.072	2.458	8.036	505.626	544.159	6.987	494	536	4	24	18	8
87	536	514	536	281	25192	47	0	47	47	47	523.593	540.985	7.243	4.820	1.036	4.655	523.593	540.985	7.243	518	534	4	10	15	8
88	1254	1022	1254	624	57684	46	0	46	46	46	534.874	541.118	7.826	7.403	2.765	7.198	534.874	541.118	7.826	527	534	4	25	19	8
89	909	760	909	433	115443	127	0	127	127	127	496.680	557.582	7.884	5.867	1.480	6.089	496.682	557.582	7.884	488	552	4	18	14	8
90	1334	1266	1334	695	66700	50	0	50	50	50	518.244	558.597	7.298	7.730	2.829	7.786	518.244	558.596	7.298	508	549	4	25	23	8
91	2781	1992	2781	1229	141831	51	0	51	51	51	657.833	564.761	7.501	10.631	4.314	9.881	657.838	564.761	7.501	646	552	4	32	32	9
92	1634	1200	1634	708	86602	53	0	53	53	53	533.722	567.463	7.665	7.481	2.163	7.878	533.718	567.464	7.665	524	558	4	20	21	8
93	1179	990	1179	545	154449	131	0	131	131	131	619.042	588.129	7.461	6.840	2.230	6.864	619.044	588.128	7.461	611	578	4	17	23	8
94	1036	808	1036	508	55944	54	0	54	54	54	629.184	598.327	7.105	6.254	1.696	6.466	629.185	598.327	7.105	622	589	4	15	17	8
95	2567	1866	2567	1131	356813	139	0	139	139	139	601.517	603.053	7.744	9.573	3.301	9.721	601.518	603.052	7.744	590	583	4	27	34	8
96	1687	1450	1687	858	231119	137	0	137	137	137	646.018	595.100	7.938	8.186	2.786	8.430	646.017	595.100	7.938	637	581	4	22	26	8
97	1376	1016	1376	631	77056	56	0	56	56	56	625.775	613.616	7.088	7.073	2.065	7.237	625.775	613.616	7.088	616	606	4	22	16	7
98	2570	1836	2570	1143	364940	142	0	142	142	142	647.607	617.431	7.742	9.559	3.212	9.671	647.610	617.433	7.742	633	605	4	32	26	9
99	2355	1644	2355	956	343830	146	0	146	146	146	690.706	625.778	7.718	9.330	3.408	8.881	690.702	625.778	7.718	676	614	4	33	21	9
100	2224	1590	2224	918	422560	190	0	190	190	190	695.324	637.604	8.248	9.524	3.992	8.592	695.326	637.605	8.248	677	624	4	36	24	10
101	1991	1390	1991	848	115478	58	0	58	58	58	713.017	647.862	7.420	8.092	2.376	8.454	713.009	647.862	7.420	702	637	4	22	24	8
102	1880	1324	1880	843	112800	60	0	60	60	60	807.122	652.340	6.953	8.279	2.791	8.208	807.129	652.340	6.953	793	642	4	29	21	7
103	1515	1078	1515	667	227250	150	0	150	150	150	759.390	646.986	7.714	7.330	2.135	7.271	759.394	646.987	7.714	748	639	4	23	18	8
104	1359	1060	1359	656	82899	61	0	61	61	61	767.218	656.668	7.085	7.689	2.799	7.421	767.214	656.668	7.085	753	645	4	24	21	7
105	1801	1488	1801	852	273752	152	0	152	152	152	742.278	669.604	7.582	8.453	2.895	8.436	742.285	669.605	7.582	732	655	4	23	30	8
106	3012	1836	3012	1272	189756	63	0	63	63	63	828.209	677.742	7.419	9.984	3.337	9.919	828.212	677.743	7.419	819	663	4	23	31	8
107	1102	856	1102	548	170810	155	0	155	155	155	810.045	694.489	7.742	6.754	2.256	6.347	810.047	694.490	7.742	798	690	4	24	10	8
108	346	404	346	204	56052	162	0	162	162	162	128.832	104.650	8.512	4.313	1.297	4.102	128.832	104.650	8.512	125	99	5	8	14	7
109	997	862	997	443	66799	67	0	67	67	67	111.950	120.132	7.863	6.254	1.768	6.134	111.950	120.132	7.863	103	111	5	18	18	8
110	2381	1422	2381	841	390484	164	0	164	164	164	141.806	134.329	8.942	8.213	2.042	8.732	141.806	134.329	8.942	131	124	5	22	22	9
111	2001	1354	2001	817	138069	69	0	69	69	69	161.557	142.346	8.459	8.017	2.285	8.419	161.555	142.346	8.459	152	132	5	20	22	8
112	1040	810	1040	448	171600	165	0	165	165	165	178.960	145.122	8.676	6.100	1.403	6.316	178.958	145.122	8.676	172	137	5	15	17	8
113	161	276	161	122	805	5	0	5	5	5	125.739	148.969	7.484	3.397	1.095	3.422	125.739	148.969	7.484	122	145	5	9	10	6
114	870	908	870	472	60900	70	0	70	70	70	151.257	163.282	8.483	6.271	2.317	6.277	151.257	163.282	8.483	143	156	5	22	16	7
115	1495	1032	1495	628	107640	72	0	72	72	72	194.166	169.105	7.860	6.996	1.847	7.380	194.166	169.105	7.860	185	161	5	19	16	7
116	764	840	764	432	5348	7	0	7	7	7	151.148	183.327	7.726	6.808	3.091	6.213	151.148	183.327	7.726	143	171	5	20	21	7
117	196	268	196	130	14504	74	0	74	74	74	107.622	181.423	8.066	3.364	0.882	3.363	107.622	181.423	8.066	103	177	5	10	8	6
118	1260	996	1260	558	97020	77	0	77	77	77	122.683	189.230	8.697	6.808	1.992	6.922	122.683	189.230	8.697	114	177	5	19	21	8
119	892	854	892	467	69576	78	0	78	78	78	137.963	198.263	7.964	6.598	2.337	6.433	137.963	198.263	7.964	131	192	5	19	19	8
120	440	508	440	264	73920	168	0	168	168	168	96.416	203.502	8.498	4.854	1.584	4.750	96.416	203.502	8.498	92	196	5	14	14	7
121	1720	1694	1720	937	290680	169	0	169	169	169	99.233	218.753	8.477	8.931	3.493	8.799	99.232	218.753	8.477	85	207	5	30	25	8
122	1613	1268	1613	722	274210	170	0	170	170	170	141.635	224.989	8.872	8.207	3.268	7.355	141.635	224.989	8.872	126	214	5	27	18	9
123	750	946	750	483	61500	82	0	82	82	82	231.656	229.759	8.428	6.471	2.631	6.436	231.656	229.759	8.428	222	220	5	25	19	7
124	1467	1260	1467	733	123228	84	0	84	84	84	264.621	249.688	8.208	8.973	3.591	9.119	264.621	249.688	8.208	252	236	5	25	28	7
125	238	408	238	186	3332	14	0	14	14	14	252.147	244.172	6.992	4.879	2.316	4.508	252.147	244.172	6.992	244	236	5	16	14	5
126	2095	1296	2095	767	184360	88	0	88	88	88	168.155	269.398	8.442	7.821	1.940	8.134	168.155	269.398	8.442	158	260	5	21	21	8
127	453	652	453	313	39411	87	0	87	87	87	210.737	261.530	8.492	5.760	2.033	5.718	210.737	261.530	8.492	201	254	5	21	15	8
128	1759	1610	1759	873	306066	174	0	174	174	174	229.431	274.891	8.325	8.630	3.216	8.455	229.433	274.891	8.325	218	260	5	28	27	8
129	1158	936	1158	534	104220	90	0	90	90	90	198.444	284.469	8.363	6.464	1.848	6.928	198.444	284.469	8.363	190	276	5	18	18	7
130	776	668	776	427	72944	94	0	94	94	94	166.274	304.455	8.122	5.745	1.693	5.925	166.274	304.455	8.122	160	295	5	12	18	7
131	1174	886	1174	536	111530	95	0	95	95	95	202.208	315.074	8.434	6.508	1.767	6.731	202.209	315.074	8.434	193	306	5	18	18	7
132	688	628	688	362	66048	96	0	96	96	96	181.551	319.312	8.198	5.592	1.777	5.421	181.551	319.312	8.198	173	314	5	18	11	7
133	346	470	346	221	7612	22	0	22	22	22	347.517	332.610	6.922	5.041	1.903	4.883	347.517	332.610	6.922	338	328	5	17	12	5
134	204	270	204	135	20400	100	0	100	100	100	234.152	344.500	8.382	3.431	0.934	3.321	234.152	344.500	8.382	229	341	5	12	7	6
135	1263	848	1263	597	226077	179	0	179	179	179	290.165	373.039	8.972	6.973	2.187	6.733	290.167	373.039	8.972	284	364	5	12	21	8
136	758	674	758	387	137956	182	0	182	182	182	438.158	411.517	8.596	5.872	1.927	5.755	438.160	411.517	8.596	429	406	5	19	11	7
137	604	710	604	377	68252	113	0	113	113	113	449.583	477.411	7.871	5.797	2.151	5.761	449.581	477.410	7.871	438	470	5	21	15	7
138	469	488	469	283	18760	40	0	40	40	40	397.235	482.881	6.866	4.837	1.559	4.770	397.235	482.881	6.866	392	477	5	10	15	5
139	1925	1350	1925	863	223300	116	0	116	116	116	453.935	498.914	7.821	8.356	2.747	8.355	453.930	498.914	7.821	446	484	5	21	25	7
140	348	328	348	202	41064	118	0	118	118	118	486.534	497.092	8.101	3.955	0.541	3.952	486.534	497.092	8.101	483	493	5	8	8	7
141	876	762	876	445	161184	184	0	184	184	184	491.354	503.303	8.450	6.107	1.909	6.168	491.354	503.303	8.450	482	495	5	18	17	8
142	590	520	590	287	109150	185	0	185	185	185	509.644	508.824	8.953	4.900	0.957	4.895	509.643	508.824	8.953	504	503	5	13	11	8
143	2250	1634	2250	1055	272250	121	0	121	121	121	544.665	525.140	8.068	9.341	3.230	9.223	544.663	525.139	8.068	531	514	5	30	20	8
144	997	836	997	494	121634	122	0	122	122	122	461.713	528.625	8.114	6.321	1.835	6.525	461.710	528.625	8.114	455	519	5	15	19	7
145	264	328	264	170	32736	124	0	124	124	124	601.311	530.962	7.394	3.761	0.947	3.773	601.311	530.962	7.394	597	527	5	9	11	6
146	204	318	204	134	9180	45	0	45	45	45	593.897	535.887	7.157	3.765	1.399	3.355	593.897	535.887	7.157	586	530	5	13	11	6
147	1570	1138	1570	705	197820	126	0	126	126	126	549.232	546.813	8.323	7.362	2.130	7.803	549.237	546.814	8.323	540	537	5	20	21	7
148	913	810	913	454	171644	188	0	188	188	188	617.415	566.416	8.389	6.422	2.229	6.099	617.419	566.416	8.389	607	558	5	20	17	7
149	2422	1784	2422	1087	457758	189	0	189	189	189	671.299	574.862	8.288	9.910	3.871	9.533	671.297	574.862	8.288	660	560	5	28	31	8
150	220	256	220	146	28380	129	0	129	129	129	682.682	575.077	7.795	3.406	0.689	3.396	682.681	575.077	7.795	680	572	5	7	8	6
151	846	900	846	482	112518	133	0	133	133	133	586.168	591.953	7.801	6.944	2.654	7.091	586.166	591.953	7.801	577	581	5	18	23	6
152	603	700	603	355	81405	135	0	135	135	135	665.700	598.149	7.934	5.927	2.182	5.758	665.701	598.149	7.934	656	591	5	18	19	7
153	2355	2284	2355	1373	310860	132	0	132	132	132	689.008	593.477	8.149	10.803	4.391	10.580	689.000	593.477	8.149	675	578	5	33	39	7
154	236	338	236	162	33040	140	0	140	140	140	674.797	602.826	7.733	3.842	1.164	3.883	674.797	602.826	7.733	669	599	5	11	10	6
155	1053	936	1053	532	145314	138	0	138	138	138	722.351	602.804	7.772	6.462	1.925	6.761	722.347	602.805	7.772	713	594	5	19	20	7
156	308	370	308	197	16940	55	0	55	55	55	733.857	608.857	6.740	4.198	1.396	4.147	733.857	608.857	6.740	730	601	5	9	15	5
157	3099	2088	3099	1305	449355	145	0	145	145	145	746.726	626.423	8.066	10.245	3.425	10.384	746.724	626.426	8.066	736	610	5	26	34	8
158	703	710	703	405	100529	143	0	143	143	143	662.619	622.058	8.225	6.089	2.372	5.700	662.621	622.059	8.225	658	613	5	11	23	7
159	445	506	445	278	25365	57	0	57	57	57	768.274	632.980	7.418	4.839	1.560	4.645	768.273	632.980	7.418	763	625	5	12	18	6
160	1150	918	1150	545	169050	147	0	147	147	147	725.203	635.397	7.946	6.529	1.881	6.734	725.204	635.397	7.946	716	627	5	19	19	7
161	497	594	497	321	73556	148	0	148	148	148	780.757	637.159	8.085	5.693	2.471	5.303	780.757	637.159	8.085	774	628	5	20	17	6
162	307	374	307	201	18113	59	0	59	59	59	780.993	647.609	7.000	4.108	1.148	4.059	780.993	647.609	7.000	777	643	5	10	12	6
163	930	994	930	548	140430	151	0	151	151	151	724.840	664.954	8.072	6.967	2.585	6.959	724.841	664.953	8.072	714	655	5	21	19	7
164	2129	1558	2129	984	325737	153	0	153	153	153	754.139	687.434	7.478	8.891	3.131	8.977	754.137	687.435	7.478	745	667	5	21	34	7
165	1460	1040	1460	648	224840	154	0	154	154	154	842.802	689.175	7.790	7.094	1.963	7.487	842.799	689.174	7.790	834	680	5	19	20	7
166	1042	940	1042	539	163594	157	0	157	157	157	871.832	716.730	7.762	6.582	2.110	6.943	871.830	716.731	7.762	863	709	5	18	19	6
167	1616	1504	1616	884	255328	158	0	158	158	158	868.184	737.171	8.175	8.375	2.963	8.446	868.189	737.171	8.175	856	726	5	26	27	7
168	1637	1254	1637	822	260283	159	0	159	159	159	893.911	741.092	8.103	7.871	2.500	8.311	893.913	741.093	8.103	882	730	5	23	21	7
169	249	298	249	153	40587	163	0	163	163	163	121.803	110.281	8.590	3.582	0.718	3.629	121.803	110.281	8.590	118	105	6	8	10	6
170	1048	920	1048	534	175016	167	0	167	167	167	53.642	179.734	8.704	6.434	1.904	6.752	53.642	179.734	8.704	45	171	6	17	19	7
171	523	626	523	310	89433	171	0	171	171	171	246.908	233.568	8.484	5.638	2.105	5.538	246.909	233.568	8.484	237	229	6	20	12	6
172	987	834	987	478	170751	173	0	173	173	173	133.828	261.763	8.926	6.182	1.639	6.389	133.827	261.763	8.926	125	254	6	17	17	7
173	859	734	859	421	151184	176	0	176	176	176	254.178	288.681	8.659	6.119	1.997	5.983	254.178	288.681	8.659	247	281	6	17	16	6
174	2957	2456	2957	1450	532260	180	0	180	180	180	302.294	393.670	9.231	10.760	4.010	10.811	302.289	393.670	9.231	280	383	6	37	32	8
175	1296	946	1296	593	241056	186	0	186	186	186	452.415	515.904	8.761	6.838	1.856	6.897	452.412	515.905	8.761	442	510	6	21	15	7
176	407	554	407	279	52096	128	0	128	128	128	587.860	565.617	8.108	5.162	1.906	5.199	587.860	565.617	8.108	581	559	6	13	15	5
177	229	336	229	154	30686	134	0	134	134	134	575.157	589.371	7.834	3.852	1.292	3.861	575.157	589.371	7.834	571	583	6	9	13	5
178	244	376	244	179	34404	141	0	141	141	141	674.607	613.971	8.398	4.054	1.400	4.184	674.606	613.971	8.398	669	609	6	13	10	5
179	275	320	275	174	39600	144	0	144	144	144	671.280	625.138	7.691	3.823	0.999	3.833	671.280	625.138	7.691	668	620	6	8	11	5
180	278	398	278	193	18070	65	0	65	65	65	787.752	692.795	7.482	4.722	1.990	4.609	787.752	692.795	7.482	780	689	6	18	8	4
181	1344	1106	1344	692	216384	161	0	161	161	161	894.141	758.163	8.266	7.414	2.554	7.450	894.137	758.163	8.266	880	752	6	26	16	6
182	312	366	312	198	51792	166	0	166	166	166	169.811	157.179	9.333	4.253	1.405	4.035	169.811	157.179	9.333	163	154	7	15	8	6
183	238	342	238	168	43078	181	0	181	181	181	321.433	390.954	9.366	4.040	1.410	3.940	321.433	390.954	9.366	316	386	7	14	9	6
184	502	602	502	309	93874	187	0	187	187	187	601.940	569.410	8.715	5.387	1.868	5.526	601.941	569.410	8.715	594	564	7	17	15	5
185	178	276	178	142	33998	191	0	191	191	191	883.646	728.320	9.152	3.529	1.300	3.543	883.647	728.320	9.152	878	725	8	13	8	4
