 	Volume (pixel^3)	Surface (pixel^2)	Nb of obj. voxels	Nb of surf. voxels	IntDen	Mean	StdDev	Median	Min	Max	X	Y	Z	Mean dist. to surf. (pixel)	SD dist. to surf. (pixel)	Median dist. to surf. (pixel)	XM	YM	ZM	BX	BY	BZ	B-width	B-height	B-depth
1	987	782	987	438	4935	5	0	5	5	5	289.819	8.658	6.175	6.152	1.714	5.952	289.819	8.658	6.175	281	4	2	20	12	9
2	3507	2452	3507	1440	24549	7	0	7	7	7	98.492	12.819	6.293	11.654	4.880	11.008	98.492	12.819	6.293	76	5	2	49	25	9
3	3942	2382	3942	1523	55188	14	0	14	14	14	254.682	22.022	6.099	11.185	3.923	11.175	254.682	22.022	6.099	242	5	2	27	35	9
4	896	792	896	436	5376	6	0	6	6	6	225.890	9.413	6.324	6.064	1.715	5.932	225.890	9.413	6.324	219	5	2	19	12	9
5	1594	1144	1594	698	14346	9	0	9	9	9	208.156	10.927	6.467	7.477	2.106	7.430	208.156	10.927	6.467	196	4	2	24	15	9
6	1556	1030	1556	640	15560	10	0	10	10	10	269.961	12.796	6.303	7.136	1.784	7.350	269.961	12.796	6.303	263	5	2	17	19	9
7	2290	1828	2290	1080	27480	12	0	12	12	12	186.302	19.204	6.032	9.351	3.248	9.265	186.302	19.204	6.032	171	6	2	26	28	9
8	1934	1278	1934	814	21274	11	0	11	11	11	141.056	17.100	6.295	8.029	2.432	8.021	141.056	17.100	6.295	129	6	2	24	19	9
9	2865	1834	2865	1138	57300	20	0	20	20	20	239.056	41.724	5.991	9.635	3.228	9.758	239.056	41.724	5.991	226	25	2	27	28	9
10	4068	2356	4068	1586	130176	32	0	32	32	32	244.543	66.170	6.236	11.644	4.438	11.456	244.543	66.170	6.236	229	48	2	33	34	9
11	3857	2284	3857	1472	115710	30	0	30	30	30	222.464	67.213	6.040	11.399	4.244	11.181	222.464	67.213	6.040	210	44	2	25	42	9
12	2759	1630	2759	1074	80011	29	0	29	29	29	275.479	70.122	6.013	9.124	2.690	9.594	275.475	70.122	6.013	262	59	2	25	24	9
13	3620	2244	3620	1509	133940	37	0	37	37	37	225.877	89.082	6.151	11.631	4.564	10.908	225.871	89.082	6.151	205	73	2	38	37	9
14	2357	1550	2357	998	89566	38	0	38	38	38	280.459	90.468	6.070	9.018	2.960	9.036	280.459	90.468	6.070	266	82	2	30	20	9
15	2743	1570	2743	1032	326417	119	0	119	119	119	215.419	123.032	6.709	8.876	2.344	9.414	215.421	123.033	6.709	204	111	2	23	23	10
16	2697	1786	2697	1083	110577	41	0	41	41	41	260.283	132.614	6.484	9.450	3.202	9.154	260.279	132.614	6.484	242	124	2	34	18	10
17	2216	1514	2216	923	97504	44	0	44	44	44	497.560	142.107	6.168	8.694	2.755	8.576	497.560	142.107	6.168	485	130	2	26	25	9
18	1773	1114	1773	752	83331	47	0	47	47	47	272.343	151.404	6.510	7.539	1.823	7.787	272.346	151.404	6.510	263	143	2	19	17	9
19	1696	1110	1696	709	83104	49	0	49	49	49	479.005	154.934	6.062	7.395	1.864	7.568	479.000	154.934	6.062	470	144	2	16	21	9
20	3151	1760	3151	1151	160701	51	0	51	51	51	493.995	163.021	6.096	9.605	2.871	9.707	494.000	163.021	6.096	484	146	2	23	30	10
21	2574	1468	2574	990	146718	57	0	57	57	57	477.479	174.479	6.209	8.943	2.591	8.794	477.473	174.479	6.209	469	160	2	18	27	10
22	1083	918	1083	545	60648	56	0	56	56	56	521.431	172.206	6.223	6.877	2.600	6.316	521.431	172.206	6.223	508	165	2	25	14	9
23	2203	1408	2203	856	121165	55	0	55	55	55	431.791	169.960	6.223	8.196	2.286	8.520	431.796	169.960	6.223	420	160	2	24	21	9
24	1824	1114	1824	710	109440	60	0	60	60	60	461.544	183.673	5.850	7.449	1.752	7.972	461.544	183.673	5.850	452	175	2	20	19	8
25	1461	1138	1461	664	89121	61	0	61	61	61	443.253	188.583	5.563	7.550	2.751	7.584	443.250	188.583	5.563	435	180	2	22	23	8
26	1689	1106	1689	705	224637	133	0	133	133	133	495.619	183.291	6.128	7.407	1.964	7.674	495.618	183.291	6.128	488	174	2	19	20	9
27	2297	1410	2297	880	142414	62	0	62	62	62	423.130	187.746	6.203	8.301	2.176	8.570	423.136	187.746	6.203	413	177	2	21	23	9
28	1427	988	1427	627	89901	63	0	63	63	63	478.008	193.043	5.953	6.938	1.753	7.091	478.012	193.043	5.953	466	185	2	22	18	9
29	3024	1950	3024	1224	429408	142	0	142	142	142	577.535	209.546	6.609	10.372	4.002	9.880	577.540	209.546	6.609	568	189	2	20	40	10
30	1060	776	1060	482	68900	65	0	65	65	65	445.478	223.758	5.830	6.213	1.470	6.193	445.476	223.758	5.830	439	215	2	12	17	8
31	1330	1084	1330	644	87780	66	0	66	66	66	458.802	224.377	6.749	7.037	2.006	7.298	458.800	224.377	6.749	452	216	2	18	19	9
32	2770	1482	2770	960	426580	154	0	154	154	154	633.869	241.922	6.670	8.642	1.908	9.198	633.866	241.921	6.670	623	231	2	21	23	10
33	1733	1194	1733	731	121310	70	0	70	70	70	461.918	253.152	6.526	7.514	2.089	8.048	461.923	253.152	6.526	453	244	2	22	19	9
34	2384	1374	2384	906	386208	162	0	162	162	162	511.232	255.959	6.997	8.339	2.082	8.495	511.229	255.960	6.997	501	245	2	23	19	10
35	2326	1424	2326	893	404724	174	0	174	174	174	469.359	290.735	6.807	8.323	2.057	8.624	469.361	290.735	6.807	460	281	2	21	22	10
36	2946	1804	2946	1100	524388	178	0	178	178	178	582.083	295.050	6.705	9.502	2.854	9.555	582.081	295.050	6.705	570	282	2	24	32	10
37	3106	1946	3106	1218	602564	194	0	194	194	194	691.761	323.159	6.789	10.071	3.397	10.158	691.758	323.158	6.789	674	313	2	32	22	10
38	839	670	839	396	66281	79	0	79	79	79	711.147	325.571	5.976	5.677	1.345	5.593	711.149	325.571	5.976	707	318	2	11	16	9
39	4836	2574	4836	1746	401388	83	0	83	83	83	490.135	334.851	6.581	11.574	3.643	11.920	490.138	334.852	6.581	476	319	2	31	33	10
40	1772	1254	1772	786	366804	207	0	207	207	207	699.484	373.367	7.256	7.932	2.391	7.707	699.485	373.368	7.256	687	367	2	24	17	10
41	2557	1636	2557	1003	608566	238	0	238	238	238	856.411	455.872	6.793	9.052	2.776	8.969	856.411	455.872	6.793	845	444	2	25	26	10
42	3250	1742	3250	1139	325000	100	0	100	100	100	940.830	464.986	6.595	9.384	2.470	9.917	940.818	464.986	6.595	929	452	2	24	26	10
43	1178	874	1178	547	9424	8	0	8	8	8	157.195	11.288	6.384	6.594	1.754	6.574	157.195	11.288	6.384	150	5	3	19	14	8
44	1774	1246	1774	775	184496	104	0	104	104	104	205.184	26.629	6.465	7.786	2.225	7.830	205.184	26.629	6.465	197	17	3	22	20	8
45	2093	1678	2093	999	31395	15	0	15	15	15	344.675	24.907	6.234	9.283	3.556	9.167	344.675	24.907	6.234	328	14	3	33	24	7
46	2013	1382	2013	871	32208	16	0	16	16	16	142.882	33.970	6.348	8.238	2.428	8.479	142.882	33.970	6.348	130	26	3	24	19	8
47	1444	1168	1444	735	31768	22	0	22	22	22	350.440	44.364	6.548	7.553	2.422	7.615	350.440	44.364	6.548	337	34	3	23	20	8
48	723	654	723	376	13014	18	0	18	18	18	362.434	42.397	6.058	5.799	1.954	5.555	362.434	42.397	6.058	358	34	3	11	20	7
49	245	394	245	182	245	1	0	1	1	1	221.392	34.776	6.641	5.060	2.384	4.899	221.392	34.776	6.641	218	25	3	8	18	8
50	1891	1220	1891	802	35929	19	0	19	19	19	179.713	45.540	6.164	7.831	2.139	8.165	179.713	45.540	6.164	171	32	3	18	23	8
51	1315	958	1315	617	27615	21	0	21	21	21	163.092	47.354	6.545	6.896	1.989	7.118	163.092	47.354	6.545	154	37	3	17	20	8
52	502	650	502	315	11546	23	0	23	23	23	119.203	44.994	5.880	5.637	2.000	5.725	119.203	44.994	5.880	112	37	3	18	15	7
53	1532	1106	1532	665	39832	26	0	26	26	26	259.018	53.319	6.135	7.278	2.054	7.380	259.018	53.319	6.135	251	43	3	18	23	8
54	2137	1562	2137	975	226522	106	0	106	106	106	200.058	47.140	6.772	8.809	3.070	9.117	200.056	47.140	6.772	190	38	3	28	21	8
55	1172	978	1172	569	28128	24	0	24	24	24	286.928	50.852	6.061	6.669	1.874	7.018	286.928	50.852	6.061	278	41	3	18	20	7
56	527	680	527	342	13175	25	0	25	25	25	143.789	55.192	6.366	5.902	2.579	5.725	143.789	55.192	6.366	133	49	3	20	16	8
57	1846	1406	1846	875	197522	107	0	107	107	107	349.495	60.830	6.641	8.425	2.973	8.361	349.497	60.830	6.641	338	53	3	30	18	8
58	708	658	708	400	19116	27	0	27	27	27	302.935	54.860	5.970	5.712	1.825	5.752	302.935	54.860	5.970	295	49	3	19	11	7
59	1217	862	1217	580	131436	108	0	108	108	108	175.326	61.703	6.635	6.631	1.820	6.789	175.326	61.703	6.635	168	54	3	18	15	8
60	1476	1016	1476	666	160884	109	0	109	109	109	157.497	62.734	6.589	7.139	1.944	7.200	157.496	62.734	6.589	146	55	3	21	15	8
61	362	408	362	229	10136	28	0	28	28	28	303.202	63.113	6.102	4.515	1.608	4.125	303.202	63.113	6.102	295	61	3	17	7	7
62	1408	1066	1408	668	43648	31	0	31	31	31	293.811	73.376	5.749	7.222	2.199	7.306	293.811	73.376	5.749	288	62	3	15	22	7
63	2063	1352	2063	853	70142	34	0	34	34	34	154.986	79.014	6.555	8.074	2.198	8.436	154.986	79.014	6.555	144	71	3	21	22	8
64	1746	1210	1746	773	192060	110	0	110	110	110	173.582	78.416	6.677	7.713	2.198	7.986	173.582	78.416	6.677	166	70	3	19	20	8
65	667	570	667	357	24012	36	0	36	36	36	249.694	86.448	5.813	5.222	1.183	5.239	249.694	86.448	5.813	244	82	3	14	10	8
66	1639	1114	1639	709	181929	111	0	111	111	111	262.421	98.999	6.608	7.363	1.925	7.782	262.423	98.999	6.608	255	88	3	18	21	8
67	1383	1182	1383	692	53937	39	0	39	39	39	244.891	99.291	6.118	7.463	2.487	7.530	244.891	99.291	6.118	235	90	3	20	25	8
68	1353	934	1353	625	151536	112	0	112	112	112	226.925	106.783	6.354	6.942	1.919	7.180	226.925	106.783	6.354	219	100	3	17	17	8
69	1328	1040	1328	607	150064	113	0	113	113	113	292.532	105.446	6.468	6.986	2.137	7.121	292.529	105.446	6.468	284	97	3	24	18	8
70	1280	890	1280	549	148480	116	0	116	116	116	276.420	109.484	6.663	6.563	1.599	6.898	276.420	109.484	6.663	269	101	3	15	18	8
71	1243	892	1243	563	141702	114	0	114	114	114	205.969	106.479	6.751	6.576	1.672	6.712	205.969	106.479	6.751	196	99	3	20	16	8
72	1631	1136	1631	698	187565	115	0	115	115	115	374.608	111.278	6.718	7.351	2.015	7.837	374.610	111.278	6.718	365	102	3	20	20	8
73	1229	900	1229	540	143793	117	0	117	117	117	261.197	116.531	6.552	6.585	1.674	6.655	261.195	116.531	6.552	252	110	3	21	14	8
74	1991	1312	1991	787	234938	118	0	118	118	118	413.418	121.312	6.528	7.870	2.118	8.248	413.422	121.312	6.528	403	111	3	22	23	8
75	1723	1196	1723	734	68920	40	0	40	40	40	388.513	123.302	6.654	7.532	2.147	7.978	388.513	123.302	6.654	379	113	3	21	22	8
76	2712	1794	2712	1178	116616	43	0	43	43	43	219.688	139.890	6.435	10.211	3.856	10.148	219.692	139.890	6.435	204	129	3	34	22	8
77	1011	792	1011	479	42462	42	0	42	42	42	197.426	138.999	6.558	6.290	1.833	6.226	197.426	138.999	6.558	191	130	3	12	19	8
78	1295	924	1295	632	58275	45	0	45	45	45	255.366	147.339	6.403	6.880	1.889	6.771	255.366	147.339	6.403	249	139	3	19	18	8
79	2402	1494	2402	1013	288240	120	0	120	120	120	238.243	151.341	6.510	8.903	2.830	9.075	238.243	151.341	6.510	226	138	3	22	24	8
80	1420	1028	1420	612	65320	46	0	46	46	46	436.394	148.707	6.491	6.919	1.878	7.352	436.394	148.707	6.491	427	140	3	19	19	8
81	1859	1208	1859	729	228657	123	0	123	123	123	396.487	158.070	6.621	7.594	1.961	7.990	396.489	158.070	6.621	387	149	3	21	20	8
82	1107	822	1107	500	133947	121	0	121	121	121	287.860	150.650	6.927	6.326	1.599	6.391	287.858	150.650	6.927	283	142	3	14	18	9
83	213	310	213	142	10224	48	0	48	48	48	412.216	155.164	6.235	3.538	1.106	3.540	412.216	155.164	6.235	409	150	3	8	12	6
84	1415	1048	1415	629	175460	124	0	124	124	124	517.762	158.567	6.671	6.962	1.926	7.247	517.766	158.567	6.671	508	150	3	19	18	8
85	2012	1246	2012	836	253512	126	0	126	126	126	255.971	164.380	7.120	7.951	2.053	8.350	255.975	164.380	7.120	246	155	3	20	20	9
86	775	578	775	416	96875	125	0	125	125	125	273.570	163.559	6.947	5.591	1.437	5.449	273.569	163.559	6.947	267	160	3	15	8	8
87	1147	818	1147	523	60791	53	0	53	53	53	461.648	166.313	6.410	6.364	1.546	6.525	461.645	166.313	6.410	454	158	3	14	17	8
88	979	852	979	516	52866	54	0	54	54	54	411.126	171.148	6.083	6.258	1.879	6.590	411.126	171.148	6.083	403	163	3	17	18	7
89	1277	1002	1277	570	164733	129	0	129	129	129	335.721	173.969	6.712	6.674	1.853	7.145	335.719	173.969	6.712	327	164	3	19	19	8
90	2590	1668	2590	1171	336700	130	0	130	130	130	273.142	176.188	6.931	10.588	4.507	9.788	273.137	176.188	6.931	255	169	3	39	15	9
91	1312	1026	1312	615	171872	131	0	131	131	131	391.657	178.152	6.703	6.884	1.988	7.252	391.659	178.152	6.703	380	169	3	22	19	7
92	1455	1064	1455	682	85845	59	0	59	59	59	520.460	183.493	6.394	7.538	2.485	7.058	520.464	183.493	6.394	508	178	3	26	11	8
93	3073	2124	3073	1383	414855	135	0	135	135	135	280.064	195.066	6.815	11.129	4.427	11.215	280.067	195.066	6.815	265	183	3	30	35	8
94	2733	1802	2733	1163	371688	136	0	136	136	136	260.226	196.684	6.915	9.396	2.885	9.857	260.226	196.684	6.915	247	185	3	26	25	8
95	2543	1426	2543	880	348391	137	0	137	137	137	515.876	197.708	7.062	8.485	2.073	8.629	515.875	197.708	7.062	506	190	3	24	20	10
96	2770	1882	2770	1187	387800	140	0	140	140	140	595.422	209.561	6.560	10.293	3.933	10.197	595.431	209.561	6.560	585	190	3	21	38	8
97	1380	1128	1380	657	88320	64	0	64	64	64	434.272	205.240	5.590	7.289	2.390	7.510	434.272	205.240	5.590	423	196	3	26	19	6
98	230	280	230	136	690	3	0	3	3	3	539.261	219.622	5.213	3.489	0.746	3.538	539.261	219.622	5.213	535	216	3	10	8	5
99	929	864	929	494	133776	144	0	144	144	144	560.870	220.469	7.220	6.424	2.236	6.234	560.870	220.469	7.220	554	212	3	14	23	8
100	1837	1186	1837	736	270039	147	0	147	147	147	580.389	230.053	6.770	7.555	1.935	8.060	580.391	230.053	6.770	570	221	3	21	19	8
101	1298	1044	1298	588	189508	146	0	146	146	146	322.728	229.057	6.936	6.856	2.019	7.183	322.726	229.057	6.936	311	220	3	22	18	8
102	1496	1022	1496	631	221408	148	0	148	148	148	539.892	235.949	7.200	7.031	1.784	7.398	539.887	235.949	7.200	531	228	3	21	16	9
103	2116	1520	2116	951	141772	67	0	67	67	67	397.464	237.308	6.495	8.870	3.101	8.603	397.467	237.308	6.495	390	223	3	19	31	8
104	2372	1476	2372	886	358172	151	0	151	151	151	365.470	239.229	6.589	8.504	2.436	8.812	365.471	239.229	6.589	350	229	3	26	21	9
105	2058	1386	2058	837	139944	68	0	68	68	68	521.569	241.307	6.501	8.152	2.347	8.353	521.568	241.307	6.501	512	229	3	20	28	8
106	869	778	869	464	132957	153	0	153	153	153	386.175	240.578	6.751	6.700	2.884	5.957	386.174	240.578	6.751	382	225	3	9	28	8
107	2385	1580	2385	982	362520	152	0	152	152	152	444.175	240.823	6.925	8.836	2.739	8.786	444.179	240.823	6.925	431	233	3	27	19	9
108	1869	1278	1869	822	128961	69	0	69	69	69	651.137	245.151	6.647	8.284	2.856	7.982	651.134	245.151	6.647	645	230	3	16	31	8
109	1855	1162	1855	736	289380	156	0	156	156	156	550.994	250.829	7.070	7.665	1.974	7.782	551.001	250.829	7.070	544	240	3	17	22	9
110	2414	1430	2414	941	383826	159	0	159	159	159	534.678	255.779	6.763	8.488	2.279	8.799	534.678	255.779	6.763	524	245	3	20	24	9
111	2608	1806	2608	1102	417280	160	0	160	160	160	614.115	254.744	7.167	9.499	3.188	9.615	614.115	254.744	7.167	599	242	3	31	26	9
112	2385	1716	2385	1049	374445	157	0	157	157	157	378.483	255.399	6.700	9.491	3.561	9.110	378.481	255.398	6.700	363	235	3	28	33	8
113	1277	912	1277	557	208151	163	0	163	163	163	639.128	259.962	7.085	6.594	1.589	6.970	639.129	259.963	7.085	631	252	3	17	17	8
114	1017	830	1017	508	160686	158	0	158	158	158	663.623	253.377	6.598	6.229	1.713	6.336	663.627	253.376	6.598	654	244	3	18	18	8
115	1637	1084	1637	681	116227	71	0	71	71	71	657.428	269.180	6.349	7.291	1.881	7.756	657.432	269.180	6.349	648	261	3	19	18	7
116	1376	1210	1376	715	225664	164	0	164	164	164	450.320	263.074	6.893	8.290	3.296	8.130	450.316	263.074	6.893	441	251	3	20	27	8
117	1835	1248	1835	735	304610	166	0	166	166	166	492.730	268.145	7.044	7.677	2.098	7.917	492.733	268.145	7.044	484	253	3	19	26	9
118	2288	1470	2288	929	377520	165	0	165	165	165	514.678	271.662	7.179	8.465	2.432	8.493	514.677	271.662	7.179	502	265	3	25	17	9
119	1223	986	1223	565	206687	169	0	169	169	169	674.599	274.697	6.830	6.649	1.832	6.948	674.597	274.697	6.830	666	266	3	18	19	8
120	2302	1400	2302	878	393642	171	0	171	171	171	473.076	272.977	7.058	8.292	2.051	8.594	473.078	272.977	7.058	462	262	3	23	20	9
121	1715	1106	1715	690	288120	168	0	168	168	168	548.127	270.464	7.059	7.337	1.792	7.726	548.124	270.464	7.059	537	263	3	21	16	9
122	906	856	906	460	65232	72	0	72	72	72	361.770	275.885	6.530	6.053	1.744	6.413	361.770	275.885	6.530	354	267	3	17	18	8
123	409	412	409	223	29857	73	0	73	73	73	409.289	282.831	6.509	4.378	0.993	4.200	409.289	282.831	6.509	406	278	3	10	12	7
124	1424	1020	1424	654	249200	175	0	175	175	175	534.004	289.651	6.615	7.024	1.957	7.476	534.006	289.651	6.615	526	282	3	19	17	9
125	3776	2480	3776	1550	679680	180	0	180	180	180	553.901	295.224	6.686	11.120	3.844	11.332	553.894	295.224	6.686	539	280	3	33	30	9
126	1718	1158	1718	811	307522	179	0	179	179	179	486.886	292.857	6.707	7.920	2.502	7.811	486.888	292.857	6.707	477	281	3	18	23	8
127	2119	1416	2119	924	375063	177	0	177	177	177	501.672	289.669	7.287	8.479	2.488	8.529	501.670	289.668	7.287	493	276	3	21	24	9
128	1193	1026	1193	576	206389	173	0	173	173	173	452.338	287.052	6.885	6.893	2.216	6.776	452.337	287.052	6.885	445	278	3	16	22	9
129	2822	1868	2822	1156	533358	189	0	189	189	189	651.249	309.246	6.677	10.155	3.724	10.106	651.247	309.247	6.677	634	296	3	32	27	9
130	1643	1134	1643	727	297383	181	0	181	181	181	505.585	307.425	7.168	7.481	2.096	7.588	505.584	307.425	7.168	496	301	3	20	17	9
131	982	790	982	485	180688	184	0	184	184	184	484.236	306.812	7.054	6.404	1.989	6.086	484.236	306.812	7.054	475	302	3	21	12	8
132	1883	1252	1883	762	348355	185	0	185	185	185	526.074	305.638	6.625	7.782	2.055	7.952	526.074	305.638	6.625	516	298	3	22	19	9
133	1819	1152	1819	695	338334	186	0	186	186	186	672.925	306.561	7.010	7.467	1.788	7.935	672.922	306.561	7.010	665	297	3	18	20	9
134	918	780	918	469	167994	183	0	183	183	183	368.493	304.382	6.979	5.993	1.589	6.035	368.495	304.383	6.979	360	299	3	16	14	8
135	1269	978	1269	558	237303	187	0	187	187	187	710.410	307.297	7.014	6.681	1.749	7.012	710.411	307.297	7.014	702	299	3	18	18	8
136	1244	930	1244	577	237604	191	0	191	191	191	574.104	313.921	6.609	6.641	1.732	7.068	574.106	313.921	6.609	566	307	3	17	17	8
137	2864	1938	2864	1219	521248	182	0	182	182	182	386.363	307.402	6.820	9.875	3.317	10.031	386.366	307.401	6.820	376	292	3	23	31	9
138	1607	1132	1607	689	310151	193	0	193	193	193	555.881	316.849	6.615	7.330	2.052	7.682	555.881	316.849	6.615	545	308	3	21	19	8
139	761	662	761	369	143068	188	0	188	188	188	592.455	308.704	6.485	5.580	1.536	5.577	592.456	308.704	6.485	587	299	3	13	18	8
140	1193	890	1193	547	88282	74	0	74	74	74	492.259	317.272	6.719	6.762	2.077	6.482	492.257	317.272	6.719	482	311	3	23	11	8
141	1706	1180	1706	725	133068	78	0	78	78	78	430.282	324.458	6.353	7.579	2.065	7.721	430.287	324.459	6.353	421	312	3	24	22	8
142	1468	1084	1468	644	111568	76	0	76	76	76	726.104	318.943	6.231	7.105	1.944	7.501	726.108	318.943	6.231	717	310	3	19	19	7
143	1115	840	1115	501	214080	192	0	192	192	192	628.635	312.709	6.664	6.326	1.669	6.713	628.635	312.709	6.664	621	305	3	17	16	8
144	1113	858	1113	518	83475	75	0	75	75	75	640.659	322.207	6.279	6.388	1.677	6.631	640.663	322.207	6.279	633	314	3	17	17	7
145	2195	1456	2195	897	169015	77	0	77	77	77	409.626	325.558	6.384	8.343	2.364	8.673	409.622	325.558	6.384	397	315	3	23	23	8
146	1242	926	1242	588	100602	81	0	81	81	81	468.984	332.391	6.485	6.883	2.105	6.635	468.980	332.391	6.485	462	320	3	13	24	8
147	613	628	613	329	50266	82	0	82	82	82	721.183	335.023	6.176	5.274	1.562	5.240	721.182	335.023	6.176	713	330	3	17	12	7
148	1261	1058	1261	608	245895	195	0	195	195	195	455.492	328.000	7.071	7.114	2.371	6.926	455.493	328.000	7.071	445	315	3	19	23	9
149	1688	1120	1688	729	141792	84	0	84	84	84	438.491	344.554	6.475	7.512	2.061	7.786	438.491	344.554	6.475	431	334	3	16	21	8
150	1979	1346	1979	858	387884	196	0	196	196	196	422.029	340.338	6.808	8.270	2.538	8.219	422.024	340.338	6.808	412	324	3	24	30	8
151	1191	812	1191	502	235818	198	0	198	198	198	474.698	347.694	7.096	6.299	1.284	6.675	474.701	347.694	7.096	467	341	3	16	15	9
152	1298	884	1298	568	262196	202	0	202	202	202	488.080	355.018	6.804	6.625	1.502	6.664	488.077	355.018	6.804	479	349	3	19	13	9
153	1894	1232	1894	755	376906	199	0	199	199	199	650.988	355.182	6.656	7.679	2.063	8.133	650.988	355.182	6.656	641	345	3	22	21	9
154	2204	1370	2204	841	189544	86	0	86	86	86	668.265	363.277	6.370	8.125	2.143	8.382	668.271	363.277	6.370	658	351	3	21	25	8
155	1549	1140	1549	671	131665	85	0	85	85	85	784.659	361.435	5.895	7.322	2.070	7.680	784.657	361.435	5.895	775	351	3	19	22	8
156	1990	1358	1990	845	405960	204	0	204	204	204	693.169	359.953	7.030	8.326	2.509	8.191	693.175	359.954	7.030	681	350	3	26	17	9
157	1449	1172	1449	687	302841	209	0	209	209	209	798.941	369.518	6.729	7.439	2.524	7.518	798.942	369.518	6.729	791	355	3	18	26	8
158	3706	2054	3706	1296	785672	212	0	212	212	212	681.359	379.121	6.914	10.267	3.152	10.360	681.355	379.121	6.914	669	358	3	27	34	10
159	1654	1200	1654	719	339070	205	0	205	205	205	731.383	364.426	6.990	7.428	2.060	7.704	731.383	364.426	6.990	722	355	3	20	22	9
160	1259	904	1259	572	259354	206	0	206	206	206	489.552	368.658	6.712	6.639	1.763	6.612	489.555	368.658	6.712	480	363	3	20	12	9
161	811	752	811	438	72179	89	0	89	89	89	630.416	376.107	6.086	5.947	1.863	5.792	630.413	376.107	6.086	626	367	3	15	19	7
162	1259	962	1259	554	261872	208	0	208	208	208	651.832	375.600	7.032	6.593	1.734	6.999	651.832	375.600	7.032	642	367	3	20	18	8
163	304	412	304	198	26752	88	0	88	88	88	575.181	373.849	6.086	4.144	1.369	3.944	575.181	373.849	6.086	568	370	3	14	8	7
164	1584	1120	1584	697	332640	210	0	210	210	210	615.885	379.649	7.134	7.424	2.085	7.679	615.882	379.649	7.134	606	369	3	19	21	8
165	4545	2538	4545	1678	968085	213	0	213	213	213	505.731	384.682	7.623	11.620	3.998	11.815	505.730	384.683	7.623	483	371	3	39	28	10
166	1790	1120	1790	683	578170	323	0	323	323	323	663.253	388.107	7.648	7.353	1.655	7.800	663.254	388.107	7.648	654	379	3	19	19	9
167	2990	1880	2990	1139	272090	91	0	91	91	91	810.049	385.287	6.644	9.655	3.080	9.778	810.052	385.287	6.644	796	372	3	29	27	8
168	1282	1170	1282	628	276912	216	0	216	216	216	698.314	398.151	7.487	7.349	2.630	7.302	698.318	398.151	7.487	691	387	3	19	26	9
169	1426	1018	1426	636	131192	92	0	92	92	92	601.437	388.910	6.435	7.036	1.997	7.331	601.440	388.910	6.435	593	376	3	19	24	7
170	1791	1870	1791	1055	161190	90	0	90	90	90	764.732	380.345	6.595	10.039	4.225	9.863	764.727	380.345	6.595	755	361	3	25	36	7
171	1281	960	1281	555	277977	217	0	217	217	217	647.859	396.990	6.751	6.651	1.758	6.947	647.858	396.990	6.751	640	388	3	18	20	8
172	1608	1096	1608	662	522600	325	0	325	325	325	681.238	400.609	7.440	7.218	1.774	7.661	681.237	400.610	7.440	673	393	3	17	18	9
173	1444	1130	1444	625	310460	215	0	215	215	215	739.581	393.135	7.044	7.026	2.022	7.430	739.581	393.135	7.044	731	384	3	19	22	9
174	3800	2418	3800	1495	847400	223	0	223	223	223	785.946	412.606	6.715	10.949	3.662	11.063	785.944	412.605	6.715	772	394	3	27	37	9
175	3454	2024	3454	1278	756426	219	0	219	219	219	506.024	411.686	7.244	10.065	3.063	10.363	506.025	411.687	7.244	493	400	3	25	30	9
176	2358	1556	2358	962	775782	329	0	329	329	329	859.837	414.401	7.007	9.020	3.045	9.110	859.837	414.401	7.007	847	403	3	28	22	9
177	396	448	396	222	37224	94	0	94	94	94	552.030	411.846	6.346	4.526	1.363	4.366	552.030	411.846	6.346	548	405	3	9	15	8
178	369	434	369	224	35055	95	0	95	95	95	802.753	409.908	6.575	4.566	1.502	4.397	802.755	409.908	6.575	800	402	3	7	16	7
179	1873	1166	1873	699	419552	224	0	224	224	224	675.349	421.349	6.844	7.509	1.686	7.857	675.349	421.349	6.844	666	412	3	20	19	9
180	1617	1076	1617	652	155232	96	0	96	96	96	657.588	426.694	6.380	7.179	1.730	7.578	657.588	426.694	6.380	648	417	3	19	20	8
181	3002	1676	3002	1077	687458	229	0	229	229	229	865.316	437.576	6.898	9.203	2.449	9.394	865.316	437.576	6.898	855	426	3	22	26	9
182	1543	1082	1543	686	351804	228	0	228	228	228	688.133	434.401	7.006	7.460	2.209	7.339	688.128	434.402	7.006	677	424	3	24	18	9
183	1721	1128	1721	680	579977	337	0	337	337	337	668.947	440.528	7.389	7.315	1.722	7.708	668.946	440.529	7.389	660	431	3	19	20	9
184	1521	1086	1521	647	352872	232	0	232	232	232	796.311	444.424	6.915	7.101	1.868	7.533	796.304	444.424	6.915	787	435	3	19	20	8
185	3075	1874	3075	1217	716475	233	0	233	233	233	684.562	452.168	6.599	10.015	3.433	9.901	684.562	452.167	6.599	670	442	3	32	25	8
186	2293	1552	2293	938	222421	97	0	97	97	97	896.551	446.080	6.741	8.927	3.134	8.851	896.547	446.080	6.741	886	428	3	20	31	8
187	2261	1372	2261	821	531335	235	0	235	235	235	811.203	456.352	6.847	8.105	2.035	8.580	811.201	456.353	6.847	801	446	3	21	24	9
188	971	750	971	451	229156	236	0	236	236	236	743.192	454.344	6.668	6.140	1.683	5.847	743.196	454.344	6.668	734	448	3	19	11	9
189	2550	1560	2550	946	617100	242	0	242	242	242	790.177	464.662	7.080	8.620	2.319	9.142	790.175	464.661	7.080	779	454	3	25	22	9
190	887	676	887	440	213767	241	0	241	241	241	742.913	463.508	6.795	5.948	1.656	5.694	742.911	463.509	6.795	735	460	3	18	9	8
191	2373	1592	2373	974	234927	99	0	99	99	99	914.468	466.101	6.295	8.826	2.755	9.030	914.469	466.101	6.295	902	454	3	26	24	8
192	1211	962	1211	547	290640	240	0	240	240	240	760.976	458.061	7.054	6.529	1.777	6.986	760.976	458.061	7.054	754	450	3	17	18	9
193	1454	1016	1454	647	142492	98	0	98	98	98	703.058	457.065	6.465	7.053	1.945	7.467	703.052	457.065	6.465	694	448	3	19	20	7
194	2877	1816	2877	1112	713496	248	0	248	248	248	766.692	476.174	7.100	9.520	3.069	9.488	766.703	476.174	7.100	754	462	3	28	28	9
195	3076	1896	3076	1196	750544	244	0	244	244	244	849.582	475.160	6.796	9.734	2.942	9.960	849.579	475.160	6.796	837	461	3	27	27	9
196	1294	924	1294	585	317030	245	0	245	245	245	957.528	473.703	6.734	6.628	1.598	6.825	957.526	473.703	6.734	949	465	3	18	17	8
197	932	748	932	439	226476	243	0	243	243	243	745.062	475.266	6.864	5.877	1.408	6.047	745.064	475.265	6.864	737	469	3	17	14	8
198	3630	2206	3630	1359	896610	247	0	247	247	247	886.731	481.827	7.098	10.829	3.904	10.596	886.733	481.827	7.098	874	466	3	25	36	10
199	1803	1276	1803	792	182103	101	0	101	101	101	944.042	486.315	6.298	7.989	2.640	8.071	944.040	486.315	6.298	935	478	3	28	20	8
200	1700	1148	1700	732	433500	255	0	255	255	255	832.404	490.617	7.039	7.720	2.354	7.689	832.405	490.617	7.039	823	478	3	18	25	9
201	2665	1650	2665	1020	676910	254	0	254	254	254	917.308	488.766	6.485	8.964	2.471	9.183	917.303	488.766	6.485	904	476	3	26	25	9
202	2151	1284	2151	812	552807	257	0	257	257	257	960.060	492.873	6.702	7.965	1.887	8.375	960.060	492.872	6.702	951	483	3	19	22	9
203	1277	960	1277	594	329466	258	0	258	258	258	847.485	494.773	6.601	6.931	1.971	6.867	847.483	494.773	6.601	841	487	3	18	20	8
204	1780	1248	1780	814	461020	259	0	259	259	259	979.806	492.490	6.760	7.836	2.253	8.189	979.805	492.491	6.760	971	482	3	18	22	8
205	2872	1844	2872	1129	746720	260	0	260	260	260	998.746	496.696	6.876	9.480	2.897	9.494	998.742	496.696	6.876	989	482	3	21	30	9
206	1437	1094	1437	612	375057	261	0	261	261	261	800.950	496.682	7.290	6.971	1.792	7.336	800.950	496.682	7.290	792	487	3	19	20	9
207	5544	3078	5544	1948	1469160	265	0	265	265	265	907.702	511.354	7.109	13.943	5.625	13.394	907.700	511.355	7.109	889	489	3	34	47	10
208	2043	1304	2043	798	545481	267	0	267	267	267	855.250	512.729	7.227	7.898	2.077	8.386	855.253	512.729	7.227	845	502	3	21	22	9
209	2309	1406	2309	879	607267	263	0	263	263	263	711.507	510.517	6.607	8.266	2.167	8.839	711.509	510.517	6.607	701	500	3	22	22	9
210	1582	1044	1582	635	420812	266	0	266	266	266	832.840	510.910	6.965	7.087	1.746	7.467	832.839	510.910	6.965	824	503	3	19	18	9
211	1808	1262	1808	776	491776	272	0	272	272	272	747.970	516.637	6.899	7.760	2.182	7.940	747.962	516.637	6.899	741	506	3	18	22	9
212	1366	974	1366	591	366088	268	0	268	268	268	965.800	512.397	6.684	6.792	1.745	7.195	965.804	512.397	6.684	957	504	3	19	18	8
213	858	788	858	424	226512	264	0	264	264	264	1010.374	512.326	7.211	6.205	2.088	6.031	1010.369	512.326	7.211	1004	502	3	12	22	9
214	2433	1514	2433	956	666642	274	0	274	274	274	729.586	521.260	7.004	8.666	2.501	9.107	729.586	521.258	7.004	718	510	3	22	26	9
215	1683	1162	1683	725	456093	271	0	271	271	271	931.175	513.856	6.712	7.443	2.042	7.989	931.175	513.857	6.712	923	504	3	19	21	8
216	1342	968	1342	567	370392	276	0	276	276	276	973.314	527.639	7.032	6.707	1.636	7.048	973.311	527.639	7.032	965	520	3	17	18	9
217	1480	1076	1480	613	414400	280	0	280	280	280	885.229	546.651	7.441	6.946	1.860	7.466	885.236	546.651	7.441	876	539	3	20	17	9
218	1714	1120	1714	678	485062	283	0	283	283	283	993.653	563.808	7.067	7.339	1.856	7.785	993.654	563.807	7.067	984	554	3	20	20	8
219	4220	2602	4220	1654	1510760	358	0	358	358	358	806.649	563.797	7.464	11.968	4.668	11.150	806.648	563.794	7.464	788	544	3	33	38	10
220	773	618	773	410	221078	286	0	286	286	286	814.259	577.160	6.876	5.723	1.729	5.519	814.261	577.160	6.876	805	574	3	19	7	9
221	2288	1406	2288	819	661232	289	0	289	289	289	700.461	588.215	7.739	8.102	1.800	8.502	700.467	588.212	7.739	690	578	3	22	21	10
222	3226	1964	3226	1269	1174264	364	0	364	364	364	813.949	593.477	7.777	10.093	3.252	10.332	813.951	593.478	7.777	801	582	3	28	28	10
223	2395	1478	2395	877	704130	294	0	294	294	294	755.232	606.588	6.755	8.369	2.102	8.810	755.233	606.588	6.755	741	596	3	25	24	9
224	2678	1662	2678	992	798044	298	0	298	298	298	775.915	615.193	6.972	8.943	2.478	9.142	775.916	615.192	6.972	765	603	3	26	27	9
225	2607	1566	2607	941	964590	370	0	370	370	370	794.771	604.718	7.721	8.718	2.232	8.832	794.771	604.719	7.721	782	594	3	26	22	10
226	3015	1880	3015	1168	892440	296	0	296	296	296	902.331	609.251	7.347	10.102	3.597	9.980	902.323	609.251	7.347	892	591	3	20	35	9
227	1021	798	1021	454	301195	295	0	295	295	295	1006.673	607.690	7.020	6.079	1.453	6.295	1006.673	607.690	7.020	999	600	3	15	17	8
228	2995	1872	2995	1166	895505	299	0	299	299	299	843.541	623.919	7.294	9.799	3.160	9.594	843.536	623.920	7.294	832	609	3	27	31	9
229	1934	1292	1934	801	580200	300	0	300	300	300	789.299	630.741	6.740	7.816	2.163	8.293	789.303	630.741	6.740	779	621	3	23	21	9
230	1556	1036	1556	711	603728	388	0	388	388	388	977.720	754.538	7.695	7.382	2.019	7.250	977.716	754.539	7.695	968	746	3	20	15	10
231	1496	1058	1496	683	581944	389	0	389	389	389	976.941	765.799	7.770	7.423	2.216	7.086	976.939	765.799	7.770	963	761	3	26	13	10
232	2026	1234	2026	826	636164	314	0	314	314	314	981.022	781.149	7.408	8.002	2.119	8.062	981.021	781.147	7.408	970	771	3	19	21	9
233	735	668	735	391	75705	103	0	103	103	103	238.135	20.879	6.535	5.710	1.830	5.685	238.135	20.879	6.535	231	11	4	13	18	7
234	789	936	789	484	82845	105	0	105	105	105	289.120	27.540	6.373	6.394	2.140	6.652	289.119	27.540	6.373	281	17	4	19	21	6
235	1069	894	1069	552	13897	13	0	13	13	13	161.264	25.816	6.370	6.504	1.951	6.859	161.264	25.816	6.370	154	19	4	16	17	6
236	150	280	150	130	2550	17	0	17	17	17	124.320	33.113	5.827	4.224	1.922	4.049	124.320	33.113	5.827	120	26	4	9	14	4
237	759	664	759	405	26565	35	0	35	35	35	207.105	83.149	6.561	5.765	1.793	5.841	207.105	83.149	6.561	201	72	4	14	19	6
238	329	394	329	209	10857	33	0	33	33	33	358.128	72.790	6.626	4.304	1.476	4.208	358.128	72.790	6.626	352	69	4	15	9	6
239	1356	932	1356	613	165432	122	0	122	122	122	215.310	155.718	6.652	6.883	1.897	7.191	215.309	155.718	6.652	206	149	4	19	16	7
240	1216	906	1216	576	154432	127	0	127	127	127	291.134	165.514	7.080	6.676	1.836	6.866	291.136	165.514	7.080	283	157	4	18	18	7
241	1964	1432	1964	906	251392	128	0	128	128	128	235.053	169.662	6.771	8.489	2.773	8.520	235.053	169.662	6.771	220	161	4	27	20	7
242	196	304	196	153	9800	50	0	50	50	50	534.995	162.260	5.796	3.715	1.286	3.841	534.995	162.260	5.796	531	157	4	9	12	5
243	1947	1552	1947	932	260898	134	0	134	134	134	561.768	184.969	6.818	8.555	2.795	8.759	561.772	184.969	6.818	552	173	4	22	27	7
244	603	562	603	330	34974	58	0	58	58	58	248.056	181.522	6.476	5.157	1.402	5.246	248.056	181.522	6.476	242	176	4	12	15	7
245	461	686	461	328	63618	138	0	138	138	138	323.078	203.132	6.746	5.777	1.649	5.979	323.078	203.132	6.746	314	195	4	17	17	7
246	338	416	338	208	46982	139	0	139	139	139	559.092	201.923	7.284	4.307	1.297	4.256	559.093	201.923	7.284	554	197	4	12	11	7
247	164	228	164	112	23452	143	0	143	143	143	267.207	213.549	6.555	3.080	0.670	3.090	267.207	213.549	6.555	264	210	4	7	8	6
248	1202	858	1202	525	174290	145	0	145	145	145	523.923	222.760	6.692	6.452	1.610	6.821	523.922	222.759	6.692	516	215	4	17	16	7
249	1286	964	1286	591	191614	149	0	149	149	149	601.327	235.691	7.286	6.734	1.870	7.112	601.325	235.691	7.286	593	227	4	18	19	7
250	1596	1300	1596	751	239400	150	0	150	150	150	299.487	236.094	6.794	8.005	2.773	7.840	299.490	236.094	6.794	289	222	4	23	26	7
251	1218	994	1218	567	188790	155	0	155	155	155	588.530	250.356	7.573	6.625	1.915	7.026	588.531	250.356	7.573	580	242	4	18	19	7
252	1764	1552	1764	883	284004	161	0	161	161	161	350.537	259.984	6.999	8.561	3.014	8.708	350.535	259.983	6.999	339	247	4	28	25	7
253	686	658	686	346	218148	318	0	318	318	318	434.465	268.773	7.442	5.407	1.467	5.443	434.467	268.773	7.442	429	260	4	11	17	8
254	447	428	447	246	74649	167	0	167	167	167	445.358	272.159	6.546	4.453	0.900	4.449	445.359	272.159	6.546	441	268	4	9	12	7
255	1308	1040	1308	579	417252	319	0	319	319	319	594.849	273.847	7.676	6.729	1.751	7.037	594.850	273.847	7.676	585	266	4	19	19	9
256	1162	872	1162	567	197540	170	0	170	170	170	379.426	276.484	6.948	6.554	1.844	6.948	379.423	276.484	6.948	372	269	4	17	17	7
257	993	844	993	501	170796	172	0	172	172	172	401.288	279.273	6.704	6.591	2.199	6.590	401.288	279.273	6.704	394	271	4	19	19	6
258	1350	1220	1350	730	237600	176	0	176	176	176	368.798	290.852	6.738	8.163	3.399	7.572	368.798	290.852	6.738	351	281	4	32	18	7
259	828	676	828	417	264960	320	0	320	320	320	519.668	288.930	7.721	5.680	1.318	5.766	519.668	288.930	7.721	514	282	4	11	15	8
260	741	680	741	383	140790	190	0	190	190	190	420.066	310.810	6.598	5.733	1.813	5.534	420.068	310.810	6.598	410	305	4	20	11	7
261	704	630	704	345	56320	80	0	80	80	80	626.210	328.277	6.614	5.382	1.375	5.459	626.210	328.277	6.614	620	322	4	13	15	7
262	686	586	686	345	135142	197	0	197	197	197	451.453	343.115	7.258	5.366	1.375	5.348	451.452	343.115	7.258	448	335	4	10	16	7
263	1208	1026	1208	587	242808	201	0	201	201	201	580.500	353.293	6.518	6.735	1.947	7.090	580.499	353.292	6.518	571	345	4	19	19	8
264	1089	834	1089	486	350658	322	0	322	322	322	717.920	371.535	7.723	6.228	1.507	6.272	717.918	371.535	7.723	712	363	4	13	18	8
265	163	254	163	128	14181	87	0	87	87	87	571.577	366.491	6.012	3.451	1.260	3.468	571.577	366.491	6.012	567	363	4	12	7	5
266	890	692	890	422	288360	324	0	324	324	324	491.391	393.267	7.837	5.735	1.227	5.868	491.388	393.267	7.837	484	388	4	14	13	8
267	1167	878	1167	527	254406	218	0	218	218	218	567.845	403.745	6.715	6.444	1.702	6.776	567.842	403.745	6.715	560	396	4	17	17	7
268	250	350	250	160	23250	93	0	93	93	93	762.472	400.240	6.388	3.962	1.279	3.807	762.472	400.240	6.388	757	397	4	13	8	7
269	1529	1032	1529	588	498454	326	0	326	326	326	662.592	407.065	7.538	6.940	1.558	7.298	662.593	407.065	7.538	654	399	4	19	18	8
270	1299	914	1299	534	287079	221	0	221	221	221	539.072	411.519	7.067	6.580	1.501	6.962	539.070	411.519	7.067	532	403	4	16	18	8
271	1092	842	1092	507	240240	220	0	220	220	220	837.806	410.629	7.528	6.310	1.683	6.650	837.811	410.630	7.528	826	403	4	20	15	8
272	1653	1188	1653	714	371925	225	0	225	225	225	729.018	419.651	7.520	7.442	2.105	7.838	729.017	419.651	7.520	718	409	4	22	21	8
273	936	756	936	456	306072	327	0	327	327	327	524.716	410.052	8.075	5.945	1.567	6.129	524.717	410.052	8.075	518	402	4	13	17	8
274	1172	1016	1172	553	392620	335	0	335	335	335	828.100	424.389	7.481	6.923	2.388	6.725	828.100	424.388	7.481	815	413	4	21	20	8
275	169	314	169	127	37518	222	0	222	222	222	645.959	414.716	7.580	3.522	1.134	3.469	645.959	414.716	7.580	640	411	4	12	8	7
276	2003	1450	2003	883	452678	226	0	226	226	226	771.036	428.098	7.000	8.875	3.545	8.306	771.034	428.098	7.000	760	410	4	24	29	8
277	1290	954	1290	591	426990	331	0	331	331	331	843.720	426.226	7.840	6.791	1.827	7.047	843.718	426.226	7.840	837	417	4	16	20	8
278	1801	1156	1801	727	408827	227	0	227	227	227	881.755	429.498	7.313	7.479	1.859	7.952	881.754	429.498	7.313	874	420	4	17	20	8
279	722	644	722	369	239704	332	0	332	332	332	531.346	426.909	7.432	5.435	1.429	5.513	531.349	426.909	7.432	526	420	4	13	15	7
280	1756	1180	1756	706	584748	333	0	333	333	333	596.335	426.576	7.904	7.466	1.925	7.843	596.336	426.576	7.904	587	417	4	20	20	8
281	664	792	664	390	221776	334	0	334	334	334	633.831	423.980	8.280	5.748	1.705	5.967	633.832	423.980	8.280	626	416	4	15	17	8
282	1909	1406	1909	858	440979	231	0	231	231	231	540.925	441.584	6.823	8.250	2.573	8.391	540.925	441.583	6.823	531	428	4	21	27	8
283	951	766	951	438	218730	230	0	230	230	230	833.905	441.216	7.346	5.942	1.510	6.201	833.908	441.215	7.346	826	434	4	17	15	8
284	2871	2118	2871	1285	976140	340	0	340	340	340	723.873	458.289	7.149	10.989	4.395	10.787	723.871	458.288	7.149	713	436	4	22	40	8
285	1720	1146	1720	683	581360	338	0	338	338	338	559.422	450.755	7.520	7.372	1.835	7.781	559.421	450.755	7.520	551	442	4	18	20	8
286	193	322	193	133	65427	339	0	339	339	339	619.155	462.808	7.461	3.720	1.309	3.426	619.156	462.808	7.461	616	456	4	8	13	7
287	1473	1118	1473	648	502293	341	0	341	341	341	592.462	470.248	7.815	7.113	1.986	7.509	592.462	470.248	7.815	584	461	4	19	20	8
288	352	386	352	207	86592	246	0	246	246	246	927.730	477.028	6.781	4.242	1.157	4.134	927.732	477.028	6.781	923	472	4	11	12	6
289	799	656	799	383	198951	249	0	249	249	249	972.643	478.952	7.044	5.569	1.319	5.695	972.643	478.952	7.044	966	473	4	15	13	7
290	1104	964	1104	538	278208	252	0	252	252	252	719.287	482.375	7.412	6.487	1.864	6.794	719.291	482.375	7.412	710	474	4	20	17	8
291	902	734	902	419	225500	250	0	250	250	250	811.635	480.688	7.347	6.068	1.734	5.881	811.634	480.688	7.347	806	471	4	11	20	8
292	608	550	608	333	153824	253	0	253	253	253	820.232	481.497	7.441	5.309	1.700	5.084	820.231	481.497	7.441	817	472	4	9	19	7
293	1366	1118	1366	646	342866	251	0	251	251	251	611.064	482.991	7.589	7.297	2.576	7.392	611.065	482.992	7.589	602	474	4	26	19	8
294	1398	1012	1398	632	366276	262	0	262	262	262	693.138	502.768	7.342	6.952	1.898	7.411	693.140	502.767	7.342	684	493	4	19	19	7
295	1291	958	1291	569	441522	342	0	342	342	342	601.098	497.837	8.029	6.704	1.794	7.102	601.100	497.837	8.029	593	490	4	18	17	8
296	1148	974	1148	511	393764	343	0	343	343	343	784.194	504.160	7.619	6.520	1.749	6.610	784.194	504.160	7.619	773	496	4	21	18	8
297	689	586	689	353	185341	269	0	269	269	269	806.228	516.261	7.319	5.340	1.299	5.321	806.227	516.261	7.319	799	511	4	12	14	8
298	1377	1040	1377	639	371790	270	0	270	270	270	814.648	512.655	7.500	7.366	2.398	7.452	814.649	512.655	7.500	803	503	4	20	22	8
299	1594	1114	1594	671	548336	344	0	344	344	344	691.325	520.823	7.524	7.223	1.987	7.736	691.331	520.823	7.524	682	513	4	20	18	8
300	1667	1148	1667	678	458425	275	0	275	275	275	636.686	525.442	7.184	7.370	1.972	7.783	636.687	525.443	7.184	626	516	4	21	20	8
301	1274	942	1274	569	347802	273	0	273	273	273	886.280	519.945	7.528	6.639	1.693	6.960	886.279	519.945	7.528	878	511	4	19	20	8
302	1891	1186	1891	733	652395	345	0	345	345	345	765.113	522.495	7.824	7.603	1.813	7.990	765.114	522.494	7.824	756	513	4	19	20	9
303	1710	1070	1710	682	473670	277	0	277	277	277	898.887	530.935	7.059	7.288	1.752	7.798	898.888	530.935	7.059	889	522	4	19	19	8
304	906	812	906	421	313476	346	0	346	346	346	793.279	524.965	7.852	6.007	1.623	6.216	793.278	524.965	7.852	786	516	4	17	17	8
305	1646	1158	1646	697	457588	278	0	278	278	278	743.416	537.724	6.784	7.367	2.029	7.861	743.417	537.724	6.784	734	529	4	20	22	7
306	1265	946	1265	535	440220	348	0	348	348	348	806.952	534.637	7.589	6.546	1.629	6.912	806.955	534.638	7.589	799	526	4	19	18	8
307	1105	862	1105	475	385645	349	0	349	349	349	772.464	537.025	8.151	6.400	1.754	6.310	772.464	537.026	8.151	764	530	4	21	14	9
308	1270	968	1270	521	354330	279	0	279	279	279	926.239	538.522	7.319	6.662	1.648	6.790	926.240	538.521	7.319	918	531	4	20	19	8
309	1631	1130	1631	717	582267	357	0	357	357	357	788.906	564.096	7.622	7.478	2.133	7.544	788.905	564.096	7.622	781	552	4	15	24	8
310	666	596	666	337	187146	281	0	281	281	281	1010.401	560.554	6.653	5.438	1.712	5.212	1010.401	560.554	6.653	1006	552	4	10	19	7
311	403	454	403	239	141856	352	0	352	352	352	704.754	555.524	7.876	4.597	1.302	4.234	704.754	555.524	7.876	699	552	4	15	7	8
312	1393	1030	1393	594	397005	285	0	285	285	285	882.657	565.622	7.031	6.862	1.837	7.216	882.658	565.623	7.031	873	557	4	19	18	8
313	632	716	632	354	178224	282	0	282	282	282	901.478	562.767	7.465	5.480	1.740	5.688	901.477	562.767	7.465	894	555	4	16	17	7
314	1150	832	1150	497	326600	284	0	284	284	284	677.569	568.910	7.412	6.325	1.542	6.668	677.572	568.909	7.412	670	561	4	16	17	7
315	1134	928	1134	545	398034	351	0	351	351	351	938.854	556.819	7.842	6.522	1.854	6.847	938.860	556.819	7.842	931	549	4	18	17	8
316	1143	942	1143	589	328041	287	0	287	287	287	739.955	578.850	6.864	7.094	2.637	6.813	739.959	578.850	6.864	734	564	4	14	25	8
317	933	820	933	475	334947	359	0	359	359	359	694.174	572.601	7.842	6.054	1.708	6.097	694.174	572.601	7.842	686	565	4	18	16	8
318	1967	1236	1967	747	708120	360	0	360	360	360	950.841	574.660	7.805	7.685	1.885	8.159	950.834	574.660	7.805	941	566	4	21	19	8
319	2890	1784	2890	1134	1049070	363	0	363	363	363	754.945	581.264	7.520	9.425	2.810	9.458	754.949	581.263	7.520	746	567	4	21	29	9
320	1344	988	1344	558	486528	362	0	362	362	362	832.499	583.876	8.295	6.760	1.728	7.023	832.498	583.876	8.295	824	576	4	19	17	9
321	468	622	468	303	134784	288	0	288	288	288	902.600	583.323	7.605	5.632	1.954	5.534	902.600	583.323	7.605	894	575	4	16	15	8
322	974	782	974	461	351614	361	0	361	361	361	726.485	580.765	8.302	5.995	1.487	6.236	726.484	580.764	8.302	720	573	4	14	17	9
323	1236	1124	1236	662	358440	290	0	290	290	290	924.984	590.464	7.239	7.722	2.894	7.291	924.984	590.463	7.239	911	581	4	23	22	8
324	567	520	567	297	164997	291	0	291	291	291	1009.072	591.718	6.716	5.000	1.348	5.057	1009.074	591.718	6.716	1004	585	4	10	14	6
325	1653	1214	1653	757	603345	365	0	365	365	365	943.353	590.694	7.803	7.715	2.287	7.848	943.353	590.693	7.803	935	581	4	20	21	8
326	1204	922	1204	548	351568	292	0	292	292	292	739.924	596.671	6.659	6.488	1.642	6.882	739.920	596.671	6.659	731	590	4	19	16	7
327	1909	1326	1909	806	704421	369	0	369	369	369	869.559	606.794	7.795	7.949	2.437	8.397	869.559	606.793	7.795	860	591	4	19	27	8
328	610	760	610	400	224480	368	0	368	368	368	844.662	601.469	7.118	5.810	2.263	5.847	844.662	601.469	7.118	835	593	4	19	15	7
329	1487	1072	1487	651	553164	372	0	372	372	372	887.078	606.529	8.011	7.225	2.156	7.299	887.075	606.529	8.011	880	590	4	15	27	8
330	1627	1082	1627	635	603617	371	0	371	371	371	921.870	606.358	7.933	7.160	1.676	7.567	921.869	606.357	7.933	913	598	4	19	20	9
331	1362	1002	1362	599	404514	297	0	297	297	297	809.474	615.722	7.306	6.930	1.927	7.075	809.473	615.721	7.306	799	605	4	20	22	7
332	1584	1046	1584	618	590832	373	0	373	373	373	828.750	613.468	7.751	7.045	1.590	7.308	828.748	613.469	7.751	820	604	4	18	20	9
333	1253	970	1253	549	378406	302	0	302	302	302	768.907	637.667	7.113	6.584	1.727	6.988	768.909	637.667	7.113	760	629	4	18	18	7
334	1881	1176	1881	693	703494	374	0	374	374	374	893.634	647.186	8.085	7.484	1.731	7.980	893.634	647.187	8.085	884	638	4	20	20	9
335	1975	1294	1975	759	600400	304	0	304	304	304	916.391	665.388	7.617	7.767	2.010	8.196	916.402	665.388	7.617	906	655	4	21	21	9
336	830	670	830	408	253150	305	0	305	305	305	948.357	665.741	6.917	5.749	1.548	5.667	948.352	665.742	6.917	944	658	4	11	17	7
337	1127	914	1127	525	345989	307	0	307	307	307	803.431	677.698	7.146	6.406	1.830	6.814	803.432	677.699	7.146	794	671	4	19	16	7
338	922	766	922	436	347594	377	0	377	377	377	1007.588	672.526	7.762	6.317	2.131	6.119	1007.588	672.526	7.762	1002	663	4	11	21	8
339	1602	1200	1602	730	495018	309	0	309	309	309	893.400	697.929	7.148	7.783	2.650	7.629	893.399	697.928	7.148	878	688	4	30	17	8
340	1419	1120	1419	625	536382	378	0	378	378	378	840.901	687.154	8.068	6.968	1.988	7.425	840.901	687.154	8.068	832	678	4	19	19	8
341	1233	1000	1233	502	493200	400	0	400	400	400	828.035	702.046	8.655	6.707	1.845	6.716	828.029	702.046	8.655	819	691	4	18	20	9
342	3498	2224	3498	1385	1339734	383	0	383	383	383	891.306	718.215	7.787	10.784	3.756	10.824	891.296	718.237	7.787	876	706	4	33	31	9
343	2132	1330	2132	858	820820	385	0	385	385	385	983.549	740.323	7.447	8.063	2.088	8.225	983.533	740.322	7.447	973	730	4	20	21	9
344	1593	1148	1593	729	611712	384	0	384	384	384	999.296	739.824	7.999	7.712	2.440	7.799	999.296	739.824	7.999	992	729	4	19	20	9
345	1805	1254	1805	754	561355	311	0	311	311	311	923.244	741.330	7.263	7.643	2.054	8.029	923.245	741.329	7.263	913	732	4	21	21	8
346	1758	1180	1758	759	544980	310	0	310	310	310	899.307	738.255	7.555	7.634	2.191	8.031	899.308	738.257	7.555	888	727	4	22	22	7
347	840	736	840	434	262080	312	0	312	312	312	913.675	754.135	7.245	6.070	2.059	5.885	913.679	754.135	7.245	902	748	4	22	11	7
348	3291	1754	3291	1175	1273617	387	0	387	387	387	998.773	759.278	7.983	9.510	2.473	9.945	998.763	759.280	7.983	988	749	4	23	22	10
349	1053	814	1053	480	406458	386	0	386	386	386	961.222	752.783	8.326	6.239	1.728	6.314	961.219	752.783	8.326	955	744	4	12	19	8
350	1371	992	1371	606	534690	390	0	390	390	390	964.661	774.675	7.042	6.809	1.672	7.161	964.661	774.677	7.042	955	767	4	19	18	8
351	1173	872	1173	559	459816	392	0	392	392	392	993.946	779.561	7.711	6.744	2.026	6.517	993.943	779.561	7.711	990	769	4	10	23	9
352	781	604	781	378	244453	313	0	313	313	313	1005.464	776.371	7.357	5.454	1.043	5.400	1005.463	776.371	7.357	1001	770	4	11	13	8
353	1061	840	1061	510	414851	391	0	391	391	391	923.617	776.577	7.734	6.232	1.672	6.300	923.616	776.578	7.734	915	768	4	15	18	9
354	2034	1206	2034	732	799362	393	0	393	393	393	950.846	786.830	7.731	7.683	1.770	8.212	950.845	786.830	7.731	941	778	4	20	19	9
355	908	704	908	443	286020	315	0	315	315	315	1003.907	790.145	7.344	5.806	1.329	6.053	1003.909	790.144	7.344	996	784	4	14	13	8
356	3193	1910	3193	1228	1258042	394	0	394	394	394	998.181	821.731	7.838	9.758	2.845	10.096	998.183	821.732	7.838	987	811	4	24	30	10
357	1307	1050	1307	610	413012	316	0	316	316	316	976.179	817.395	7.488	7.121	2.330	7.025	976.183	817.396	7.488	967	806	4	20	22	7
358	689	584	689	346	218413	317	0	317	317	317	1005.325	835.633	7.393	5.303	1.236	5.183	1005.325	835.632	7.393	1001	830	4	10	15	8
359	406	494	406	236	53592	132	0	132	132	132	538.857	180.337	6.953	4.763	1.677	4.521	538.857	180.337	6.953	533	171	5	11	18	6
360	869	742	869	425	122529	141	0	141	141	141	531.063	207.783	7.433	5.797	1.498	6.116	531.061	207.782	7.433	523	201	5	16	16	6
361	190	280	190	141	38570	203	0	203	203	203	710.510	356.826	7.432	3.467	1.132	3.369	710.511	356.826	7.432	708	350	5	7	13	5
362	155	250	155	122	32705	211	0	211	211	211	785.271	378.219	7.000	3.258	1.015	3.280	785.271	378.219	7.000	781	374	5	11	9	5
363	357	408	357	231	76398	214	0	214	214	214	789.162	387.569	6.815	4.359	1.296	4.456	789.164	387.569	6.815	783	382	5	12	11	5
364	257	272	257	161	86352	336	0	336	336	336	894.689	431.693	7.907	3.534	0.559	3.544	894.689	431.693	7.907	892	428	5	6	8	7
365	181	336	181	141	42354	234	0	234	234	234	637.917	451.359	6.768	3.639	1.321	3.579	637.917	451.359	6.768	634	446	5	10	12	5
366	258	316	258	170	61146	237	0	237	237	237	839.496	456.585	7.078	3.767	0.989	3.775	839.495	456.585	7.078	836	452	5	8	10	5
367	183	284	183	134	43737	239	0	239	239	239	831.333	456.661	7.492	3.408	1.065	3.264	831.333	456.661	7.492	827	452	5	8	10	7
368	849	938	849	483	217344	256	0	256	256	256	648.135	494.874	7.180	6.177	1.877	6.487	648.135	494.874	7.180	639	487	5	18	18	6
369	315	544	315	261	32130	102	0	102	102	102	945.159	526.695	6.419	4.705	1.652	4.902	945.159	526.695	6.419	938	520	5	15	14	5
370	944	824	944	467	327568	347	0	347	347	347	874.510	528.537	7.881	6.186	1.804	6.110	874.510	528.537	7.881	863	519	5	21	19	7
371	1142	900	1142	520	399700	350	0	350	350	350	776.970	553.650	7.543	6.424	1.841	6.689	776.972	553.649	7.543	769	546	5	20	17	7
372	1243	912	1243	584	440022	354	0	354	354	354	688.955	558.281	7.702	6.675	1.799	7.106	688.954	558.280	7.702	680	550	5	18	18	7
373	991	946	991	508	352796	356	0	356	356	356	917.863	560.045	7.730	7.271	2.928	7.122	917.861	560.045	7.730	907	548	5	23	22	7
374	408	388	408	226	144024	353	0	353	353	353	925.341	557.336	7.799	4.310	0.851	4.200	925.341	557.336	7.799	922	552	5	9	11	7
375	1118	870	1118	496	442728	396	0	396	396	396	711.640	574.804	8.622	6.293	1.526	6.552	711.642	574.804	8.622	704	567	5	16	18	8
376	871	686	871	410	318786	366	0	366	366	366	716.225	592.281	8.381	5.668	1.288	5.922	716.226	592.281	8.381	711	585	5	13	15	7
377	556	694	556	355	162908	293	0	293	293	293	771.779	596.142	7.446	5.110	1.520	5.327	771.778	596.142	7.446	764	590	5	16	13	7
378	686	606	686	337	251762	367	0	367	367	367	959.420	592.822	8.208	5.336	1.364	5.379	959.419	592.823	8.208	955	585	5	11	16	8
379	300	440	300	209	119700	399	0	399	399	399	949.500	604.330	8.937	4.106	1.359	4.105	949.500	604.330	8.937	944	600	5	14	10	7
380	251	322	251	160	75551	301	0	301	301	301	807.793	633.279	7.339	3.775	1.088	3.651	807.793	633.279	7.339	803	629	5	11	8	6
381	748	822	748	458	226644	303	0	303	303	303	939.380	649.612	7.238	5.840	1.877	6.146	939.380	649.611	7.238	932	642	5	16	17	5
382	1380	954	1380	572	517500	375	0	375	375	375	962.824	662.517	7.906	6.769	1.645	7.106	962.823	662.517	7.906	955	654	5	17	19	7
383	387	622	387	296	118422	306	0	306	306	306	817.509	668.269	6.987	6.432	3.232	5.837	817.508	668.268	6.987	810	655	5	15	25	5
384	1280	962	1280	607	481280	376	0	376	376	376	934.291	668.383	7.590	6.892	2.004	6.997	934.297	668.384	7.590	926	659	5	17	19	7
385	898	754	898	420	340342	379	0	379	379	379	974.988	697.895	8.020	5.810	1.547	6.216	974.988	697.894	8.020	967	690	5	16	17	7
386	1119	844	1119	516	427458	382	0	382	382	382	872.939	722.108	8.505	6.339	1.633	6.595	872.939	722.109	8.505	866	713	5	14	19	8
387	471	612	471	313	179451	381	0	381	381	381	964.890	714.331	7.620	4.946	1.545	5.222	964.890	714.332	7.620	959	707	5	14	15	6
388	215	312	215	149	87075	405	0	405	405	405	995.019	715.228	9.284	3.605	1.050	3.541	995.018	715.228	9.284	992	710	5	8	10	8
389	1454	1064	1454	638	583054	401	0	401	401	401	865.138	737.894	8.519	7.032	1.935	7.477	865.138	737.895	8.519	856	729	5	20	19	8
390	1513	1054	1513	635	608226	402	0	402	402	402	913.257	767.880	8.652	7.155	1.850	7.308	913.257	767.880	8.652	905	760	5	17	19	8
391	1706	1174	1706	692	687518	403	0	403	403	403	938.319	771.181	8.779	7.429	1.985	7.685	938.320	771.183	8.779	930	759	5	18	23	8
392	160	276	160	123	63200	395	0	395	395	395	311.987	216.275	8.988	3.237	1.031	3.275	311.988	216.275	8.988	308	212	6	9	9	6
393	215	362	215	160	69015	321	0	321	321	321	451.330	304.809	7.865	4.233	1.687	4.184	451.330	304.809	7.865	448	299	6	9	15	6
394	175	304	175	136	35000	200	0	200	200	200	718.926	350.869	7.331	3.893	1.583	3.686	718.926	350.869	7.331	713	343	6	13	13	4
395	436	430	436	252	143880	330	0	330	330	330	521.576	424.323	8.298	4.552	1.163	4.456	521.575	424.323	8.298	517	419	6	9	13	6
396	531	510	531	302	188505	355	0	355	355	355	706.002	563.111	8.058	5.112	1.616	4.966	706.003	563.112	8.058	699	560	6	17	9	6
397	368	360	368	206	146096	397	0	397	397	397	795.315	585.644	8.424	4.146	0.843	4.019	795.315	585.644	8.424	790	583	6	11	7	7
398	186	296	186	129	70680	380	0	380	380	380	834.677	713.500	7.887	3.771	1.555	3.539	834.677	713.500	7.887	827	710	6	14	8	5
399	890	700	890	435	359560	404	0	404	404	404	1002.354	803.724	8.621	5.835	1.379	5.927	1002.351	803.724	8.621	995	798	6	15	12	7
400	268	402	268	186	106664	398	0	398	398	398	847.910	585.563	8.713	4.041	1.356	4.113	847.911	585.564	8.713	844	579	7	10	13	5
