 	Volume (pixel^3)	Surface (pixel^2)	Nb of obj. voxels	Nb of surf. voxels	IntDen	Mean	StdDev	Median	Min	Max	X	Y	Z	Mean dist. to surf. (pixel)	SD dist. to surf. (pixel)	Median dist. to surf. (pixel)	XM	YM	ZM	BX	BY	BZ	B-width	B-height	B-depth
1	6940	3498	6940	2226	20820	3	0	3	3	3	689.383	365.356	7.542	13.189	4.097	13.634	689.383	365.356	7.542	673	350	1	33	37	12
2	1377	1174	1377	664	2754	2	0	2	2	2	477.396	195.916	6.599	7.160	2.091	7.515	477.396	195.916	6.599	468	186	3	22	19	10
3	1280	952	1280	550	8960	7	0	7	7	7	286.740	208.956	6.991	6.571	1.591	6.890	286.740	208.956	6.991	279	201	3	17	17	9
4	2381	1506	2381	937	23810	10	0	10	10	10	588.932	261.138	7.159	8.613	2.487	8.779	588.932	261.138	7.159	578	251	3	26	22	10
5	2547	1626	2547	971	247059	97	0	97	97	97	698.626	338.696	7.899	8.798	2.517	8.897	698.623	338.695	7.899	687	325	3	23	25	10
6	2857	1934	2857	1220	71425	25	0	25	25	25	573.104	406.905	7.678	9.954	3.554	9.757	573.095	406.905	7.678	563	388	3	23	32	10
7	3104	2032	3104	1309	478016	154	0	154	154	154	834.639	521.841	7.349	10.074	3.336	10.041	834.636	521.841	7.349	817	510	3	31	25	10
8	660	574	660	363	21780	33	0	33	33	33	852.739	519.364	6.605	5.233	1.220	5.220	852.738	519.364	6.605	848	513	3	10	15	8
9	6335	3310	6335	2190	1032605	163	0	163	163	163	890.042	570.312	8.097	13.325	4.722	13.210	890.043	570.313	8.097	867	547	3	41	39	10
10	664	748	664	388	24568	37	0	37	37	37	199.255	81.708	7.877	6.299	2.437	6.061	199.255	81.708	7.877	194	71	4	16	19	9
11	1193	838	1193	508	45334	38	0	38	38	38	128.262	86.390	7.992	6.347	1.446	6.595	128.262	86.390	7.992	121	79	4	17	16	8
12	1245	986	1245	574	48555	39	0	39	39	39	185.594	88.911	8.103	6.719	1.869	7.031	185.594	88.911	8.103	176	80	4	19	18	8
13	846	836	846	422	35532	42	0	42	42	42	308.274	111.369	8.296	5.874	1.697	5.998	308.274	111.369	8.296	300	105	4	17	15	9
14	2507	1632	2507	942	112815	45	0	45	45	45	254.734	137.706	8.573	8.904	2.848	9.043	254.730	137.706	8.573	241	127	4	26	29	9
15	1842	1228	1842	732	88416	48	0	48	48	48	400.079	148.812	8.029	7.578	2.024	8.075	400.079	148.812	8.029	390	139	4	21	21	8
16	2138	1332	2138	778	104762	49	0	49	49	49	327.942	150.427	8.633	7.905	1.962	8.386	327.938	150.427	8.633	318	140	4	21	21	10
17	347	424	347	210	1735	5	0	5	5	5	462.542	183.101	6.744	4.279	1.268	4.197	462.542	183.101	6.744	456	179	4	13	10	6
18	3596	2246	3596	1418	190588	53	0	53	53	53	184.715	192.801	7.679	10.684	3.654	10.923	184.711	192.800	7.679	171	178	4	27	34	9
19	1105	878	1105	524	57460	52	0	52	52	52	387.666	183.738	8.105	6.380	1.785	6.788	387.666	183.738	8.105	379	176	4	18	17	8
20	2009	1552	2009	891	108486	54	0	54	54	54	207.683	194.990	8.403	8.722	3.022	8.783	207.683	194.990	8.403	198	183	4	26	25	9
21	226	306	226	158	226	1	0	1	1	1	460.226	191.965	6.584	3.809	1.303	3.721	460.226	191.965	6.584	455	189	4	12	7	6
22	658	580	658	310	36190	55	0	55	55	55	378.015	202.327	7.942	5.144	1.065	5.172	378.015	202.327	7.942	371	197	4	14	11	9
23	1275	1030	1275	583	237150	186	0	186	186	186	381.329	216.362	9.235	6.913	2.119	7.080	381.326	216.362	9.235	369	209	4	22	17	10
24	493	450	493	260	28101	57	0	57	57	57	265.509	214.988	7.878	4.581	0.786	4.550	265.509	214.988	7.878	262	209	4	9	11	9
25	1897	1284	1897	763	354739	187	0	187	187	187	421.347	223.868	8.899	7.843	2.093	7.781	421.348	223.868	8.899	413	212	4	18	24	10
26	999	848	999	491	57942	58	0	58	58	58	259.560	220.182	7.834	6.457	2.083	6.563	259.560	220.182	7.834	253	209	4	18	20	8
27	1921	1338	1921	799	115260	60	0	60	60	60	313.988	227.509	7.356	7.858	2.226	8.378	313.988	227.509	7.356	304	217	4	21	22	8
28	2348	1706	2348	953	147924	63	0	63	63	63	260.697	239.749	8.242	8.904	2.944	8.776	260.701	239.749	8.242	245	229	4	29	22	10
29	2111	1452	2111	857	128771	61	0	61	61	61	332.136	236.868	8.473	8.438	2.716	8.515	332.132	236.868	8.473	322	220	4	21	29	9
30	1325	952	1325	586	86125	65	0	65	65	65	419.633	241.802	8.276	6.705	1.676	7.048	419.630	241.802	8.276	411	235	4	18	16	9
31	1939	1310	1939	804	124096	64	0	64	64	64	558.860	244.122	7.708	7.943	2.327	8.354	558.860	244.122	7.708	547	234	4	23	23	8
32	1804	1678	1804	905	111848	62	0	62	62	62	539.494	238.849	8.343	8.782	3.199	8.514	539.500	238.849	8.343	529	225	4	20	33	10
33	2173	1338	2173	793	143418	66	0	66	66	66	517.635	252.339	8.074	7.936	2.002	8.380	517.627	252.339	8.074	507	242	4	22	22	9
34	2386	1462	2386	884	21474	9	0	9	9	9	608.433	257.565	7.594	8.393	2.242	8.894	608.433	257.565	7.594	599	243	4	21	26	8
35	1204	1048	1204	575	81872	68	0	68	68	68	152.113	257.700	8.591	7.308	2.680	6.701	152.113	257.700	8.591	147	246	4	12	27	11
36	3102	1994	3102	1152	797214	257	0	257	257	257	231.121	250.440	10.042	10.220	3.965	9.896	231.120	250.440	10.042	219	231	4	25	32	11
37	1680	1268	1680	728	117600	70	0	70	70	70	357.980	261.401	7.834	7.686	2.345	7.864	357.983	261.401	7.834	349	250	4	19	26	9
38	1466	1042	1466	625	104086	71	0	71	71	71	624.569	272.249	7.596	7.144	2.108	7.139	624.573	272.249	7.596	614	265	4	25	13	9
39	1399	966	1399	653	102127	73	0	73	73	73	624.228	283.652	7.730	7.113	2.046	6.937	624.224	283.652	7.730	614	279	4	22	11	9
40	994	816	994	497	10934	11	0	11	11	11	595.402	277.808	7.302	6.171	1.700	6.433	595.402	277.808	7.302	588	271	4	17	16	7
41	1132	872	1132	500	13584	12	0	12	12	12	606.957	286.465	7.725	6.307	1.513	6.483	606.957	286.465	7.725	599	275	4	15	20	8
42	1917	1268	1917	740	385317	201	0	201	201	201	382.245	284.340	8.810	7.714	1.772	7.772	382.244	284.340	8.810	375	273	4	17	22	11
43	1571	1070	1571	650	20423	13	0	13	13	13	232.451	291.528	7.469	7.153	1.899	7.584	232.451	291.528	7.469	223	283	4	19	19	8
44	1627	1110	1627	697	122025	75	0	75	75	75	398.202	289.250	8.195	7.287	1.872	7.635	398.205	289.250	8.195	389	280	4	18	18	9
45	1242	940	1242	564	322920	260	0	260	260	260	367.423	289.586	9.665	6.631	1.749	6.754	367.420	289.586	9.665	360	280	4	15	20	10
46	1500	1200	1500	692	118500	79	0	79	79	79	348.208	295.021	8.190	7.368	2.178	7.727	348.211	295.021	8.190	339	284	4	20	22	9
47	846	712	846	436	64296	76	0	76	76	76	417.020	289.613	7.896	6.122	1.962	6.040	417.020	289.613	7.896	408	284	4	18	12	8
48	3273	1914	3273	1289	278205	85	0	85	85	85	626.322	303.266	7.969	10.164	3.207	10.421	626.319	303.266	7.969	614	288	4	24	29	9
49	770	690	770	399	62370	81	0	81	81	81	414.605	298.818	7.766	5.690	1.561	5.501	414.603	298.818	7.766	407	294	4	19	13	8
50	2120	1338	2120	837	169600	80	0	80	80	80	644.245	293.868	8.137	8.006	2.110	8.518	644.245	293.868	8.137	636	283	4	20	23	9
51	1290	984	1290	561	18060	14	0	14	14	14	319.330	302.387	6.916	6.776	1.902	6.890	319.330	302.387	6.916	309	294	4	21	20	7
52	2968	1796	2968	1061	620312	209	0	209	209	209	498.357	310.521	8.660	9.333	2.558	9.372	498.358	310.523	8.660	486	298	4	26	26	10
53	1534	1094	1534	634	125788	82	0	82	82	82	213.209	298.115	7.693	7.087	1.920	7.529	213.209	298.114	7.693	204	288	4	19	20	8
54	4359	2560	4359	1606	374874	86	0	86	86	86	651.571	316.894	8.031	11.480	3.816	11.605	651.577	316.894	8.031	636	298	4	28	38	10
55	1022	854	1022	486	16352	16	0	16	16	16	610.977	314.704	7.304	6.257	1.683	6.249	610.977	314.704	7.304	602	306	4	16	19	8
56	3308	1834	3308	1101	697988	211	0	211	211	211	332.419	315.672	8.978	9.353	2.365	9.857	332.420	315.672	8.978	320	304	4	26	24	10
57	5826	3216	5826	1952	1240938	213	0	213	213	213	680.899	324.040	8.475	12.564	4.094	12.667	680.891	324.041	8.475	664	309	4	39	37	10
58	1179	874	1179	568	249948	212	0	212	212	212	624.872	322.568	8.712	6.789	2.133	6.520	624.868	322.569	8.712	614	318	4	22	10	9
59	1473	1162	1473	681	132570	90	0	90	90	90	515.895	325.267	7.917	7.257	2.098	7.536	515.891	325.267	7.917	507	316	4	21	19	9
60	1080	912	1080	509	18360	17	0	17	17	17	467.791	331.219	7.561	6.312	1.779	6.638	467.791	331.219	7.561	459	323	4	18	18	7
61	2409	1560	2409	949	228855	95	0	95	95	95	629.626	336.548	7.880	8.631	2.423	8.835	629.629	336.548	7.880	617	328	4	25	21	9
62	600	678	600	340	159000	265	0	265	265	265	422.780	332.573	9.785	5.204	1.508	5.303	422.779	332.574	9.785	416	324	4	14	15	10
63	2408	1894	2408	1117	524944	218	0	218	218	218	446.546	345.297	8.164	9.390	3.098	9.668	446.543	345.297	8.164	432	332	4	30	25	9
64	2607	1810	2607	1047	255486	98	0	98	98	98	725.328	337.178	8.190	9.348	3.090	9.665	725.323	337.178	8.190	711	321	4	26	30	9
65	2088	1526	2088	893	206712	99	0	99	99	99	404.549	344.488	8.693	9.023	3.369	8.590	404.552	344.489	8.693	388	330	4	28	27	9
66	2250	1554	2250	901	231750	103	0	103	103	103	614.178	356.424	7.795	8.714	2.759	8.534	614.181	356.424	7.795	604	344	4	20	28	9
67	1012	840	1012	519	222640	220	0	220	220	220	597.536	348.410	8.798	6.250	1.780	6.664	597.539	348.410	8.798	591	340	4	14	18	9
68	2469	1754	2469	1013	249369	101	0	101	101	101	465.194	357.249	7.944	9.388	3.229	9.314	465.191	357.249	7.944	455	344	4	20	30	9
69	2626	1632	2626	1074	273104	104	0	104	104	104	714.350	357.570	8.054	9.148	2.737	9.117	714.340	357.570	8.054	703	343	4	22	27	10
70	1274	932	1274	548	133770	105	0	105	105	105	730.415	357.560	8.535	6.676	1.632	6.596	730.414	357.560	8.535	725	347	4	15	20	10
71	511	542	511	284	55188	108	0	108	108	108	529.773	360.720	7.618	5.089	1.578	4.871	529.773	360.720	7.618	522	356	4	17	10	7
72	847	746	847	439	16093	19	0	19	19	19	653.119	360.109	7.619	6.195	2.110	5.729	653.119	360.109	7.619	649	350	4	10	23	8
73	636	690	636	339	68052	107	0	107	107	107	500.028	362.266	7.920	5.566	1.866	5.432	500.030	362.266	7.920	491	357	4	18	12	8
74	823	716	823	414	83946	102	0	102	102	102	644.011	358.399	7.883	5.961	1.903	5.799	644.014	358.399	7.883	638	350	4	11	20	8
75	2040	1454	2040	848	42840	21	0	21	21	21	624.788	373.760	7.525	8.191	2.515	8.602	624.781	373.760	7.525	614	364	4	23	21	9
76	2189	1466	2189	844	494714	226	0	226	226	226	571.964	373.002	8.798	8.554	2.780	8.287	571.962	373.002	8.798	557	365	4	31	18	10
77	773	686	773	373	17006	22	0	22	22	22	652.872	377.757	7.386	5.708	1.621	5.702	652.872	377.757	7.386	645	371	4	18	13	7
78	2618	1588	2618	1002	295834	113	0	113	113	113	585.722	383.354	8.020	9.203	3.076	8.917	585.720	383.354	8.020	569	374	4	31	20	9
79	1577	1170	1577	692	357979	227	0	227	227	227	715.617	377.268	8.628	7.399	2.144	7.421	715.618	377.267	8.628	705	371	4	22	15	9
80	656	618	656	350	15088	23	0	23	23	23	668.546	381.154	7.165	5.640	1.920	5.371	668.546	381.154	7.165	663	372	4	10	20	7
81	2344	1606	2344	956	278936	119	0	119	119	119	528.821	392.096	8.241	8.825	2.930	8.887	528.823	392.096	8.241	517	375	4	23	29	9
82	4330	2544	4330	1603	523930	121	0	121	121	121	549.860	397.706	7.949	11.206	3.499	11.388	549.859	397.707	7.949	539	381	4	23	34	9
83	693	644	693	358	79002	114	0	114	114	114	614.974	386.293	7.571	5.500	1.589	5.236	614.972	386.293	7.571	605	379	4	19	12	9
84	1763	1340	1763	801	202745	115	0	115	115	115	754.425	381.402	8.463	8.042	2.634	8.347	754.427	381.402	8.463	740	370	4	26	21	9
85	1538	1066	1538	637	181484	118	0	118	118	118	631.749	391.510	7.448	7.060	1.774	7.558	631.754	391.510	7.448	623	382	4	18	19	8
86	4292	2688	4292	1722	515040	120	0	120	120	120	756.474	398.027	8.083	12.688	5.100	12.156	756.492	398.027	8.083	735	384	4	41	33	9
87	1006	806	1006	497	116696	116	0	116	116	116	573.854	392.989	8.168	6.307	1.977	6.028	573.854	392.989	8.168	566	387	4	20	11	9
88	670	600	670	351	16080	24	0	24	24	24	613.355	394.891	7.300	5.623	1.808	5.387	613.355	394.891	7.300	605	391	4	18	9	8
89	1996	1582	1996	894	243512	122	0	122	122	122	805.850	401.552	8.077	8.600	2.968	8.576	805.846	401.552	8.077	792	390	4	26	28	9
90	1679	1222	1679	714	208196	124	0	124	124	124	657.320	403.774	8.372	7.491	2.137	7.885	657.327	403.774	8.372	649	394	4	19	21	9
91	3529	2242	3529	1421	455241	129	0	129	129	129	741.580	417.408	8.008	10.803	3.819	10.783	741.571	417.407	8.008	721	403	4	32	33	9
92	1721	1262	1721	747	216846	126	0	126	126	126	821.119	411.623	7.519	7.742	2.261	7.862	821.124	411.624	7.519	811	402	4	22	20	8
93	1539	1116	1539	684	196992	128	0	128	128	128	607.487	416.882	8.157	7.249	2.004	7.686	607.487	416.882	8.157	598	408	4	19	19	9
94	1269	970	1269	570	291870	230	0	230	230	230	592.459	409.851	9.043	6.756	1.866	6.702	592.460	409.851	9.043	587	400	4	13	20	10
95	1800	1230	1800	754	225000	125	0	125	125	125	677.214	408.649	8.008	7.667	2.153	8.141	677.212	408.649	8.008	668	396	4	20	22	9
96	1780	1212	1780	747	226060	127	0	127	127	127	694.333	419.129	8.215	7.673	2.166	7.985	694.336	419.129	8.215	685	410	4	20	21	8
97	2013	1454	2013	892	465003	231	0	231	231	231	759.535	421.560	8.351	8.501	2.600	8.477	759.535	421.560	8.351	753	409	4	20	26	10
98	2464	1588	2464	990	320320	130	0	130	130	130	679.446	429.299	8.038	9.086	2.970	9.037	679.441	429.299	8.038	667	419	4	27	23	10
99	1938	1210	1938	731	50388	26	0	26	26	26	835.044	426.017	7.390	7.661	1.973	8.049	835.037	426.017	7.390	826	416	4	20	21	8
100	3305	1998	3305	1197	773370	234	0	234	234	234	660.362	436.058	8.495	9.940	3.058	10.014	660.360	436.058	8.495	647	422	4	28	29	10
101	2195	1394	2195	808	289740	132	0	132	132	132	637.557	429.697	8.080	8.127	2.000	8.419	637.549	429.697	8.080	627	419	4	21	22	9
102	2838	1906	2838	1139	76626	27	0	27	27	27	812.008	434.658	7.756	9.555	3.167	9.614	812.018	434.659	7.756	800	419	4	24	30	8
103	818	662	818	420	107158	131	0	131	131	131	770.156	428.518	7.923	5.652	1.308	5.775	770.158	428.519	7.923	764	422	4	13	13	8
104	1087	830	1087	539	144571	133	0	133	133	133	787.321	431.010	8.411	6.657	2.153	6.364	787.319	431.011	8.411	777	427	4	22	9	9
105	3244	2016	3244	1330	434696	134	0	134	134	134	790.813	444.818	8.185	10.269	3.397	10.285	790.815	444.819	8.185	776	431	4	31	27	9
106	6207	3822	6207	2371	844152	136	0	136	136	136	723.287	451.416	8.259	14.529	5.875	13.973	723.268	451.416	8.259	710	427	4	28	55	9
107	1841	1280	1841	790	248535	135	0	135	135	135	703.687	438.811	8.123	7.766	2.284	8.114	703.688	438.811	8.123	694	428	4	18	22	10
108	2745	1864	2745	1169	76860	28	0	28	28	28	767.754	448.616	7.926	10.157	3.751	10.135	767.754	448.616	7.926	751	435	4	29	28	9
109	4051	2440	4051	1574	567140	140	0	140	140	140	751.410	458.831	8.227	11.368	3.852	11.207	751.417	458.831	8.227	738	440	4	25	39	9
110	563	574	563	331	77131	137	0	137	137	137	705.764	456.968	8.629	5.639	2.030	5.504	705.762	456.968	8.629	700	451	4	11	18	8
111	340	438	340	220	46920	138	0	138	138	138	694.412	455.900	7.550	4.350	1.319	4.196	694.412	455.900	7.550	686	451	4	15	9	8
112	893	780	893	434	25897	29	0	29	29	29	879.002	462.531	7.676	5.889	1.613	6.214	878.999	462.531	7.676	872	455	4	15	16	8
113	1399	1192	1399	703	41970	30	0	30	30	30	790.655	465.493	7.258	7.478	2.494	7.701	790.655	465.493	7.258	781	456	4	25	21	8
114	2091	1778	2091	973	290649	139	0	139	139	139	857.916	457.919	8.329	9.909	4.451	9.118	857.917	457.918	8.329	842	437	4	30	32	9
115	2155	1734	2155	1059	308165	143	0	143	143	143	774.933	473.129	7.461	9.296	3.522	9.225	774.934	473.131	7.461	764	462	4	29	26	9
116	2947	2052	2947	1180	424368	144	0	144	144	144	839.063	474.747	8.366	10.204	3.693	9.738	839.051	474.747	8.366	817	461	4	35	29	10
117	756	638	756	408	111132	147	0	147	147	147	759.192	480.918	7.865	5.786	1.806	5.534	759.194	480.918	7.865	749	477	4	19	8	8
118	2980	1734	2980	1139	435080	146	0	146	146	146	861.921	481.088	8.146	9.387	2.701	9.803	861.917	481.087	8.146	851	469	4	23	25	9
119	5165	3616	5165	2136	774750	150	0	150	150	150	802.306	491.659	8.399	13.824	5.546	13.616	802.308	491.659	8.399	777	471	4	51	41	10
120	2363	1490	2363	982	356813	151	0	151	151	151	831.659	501.279	8.008	8.687	2.537	9.016	831.660	501.277	8.008	820	489	4	23	23	9
121	1371	1030	1371	599	42501	31	0	31	31	31	889.264	497.373	7.214	6.928	1.916	7.139	889.271	497.373	7.214	880	487	4	19	21	7
122	3958	2366	3958	1511	601616	152	0	152	152	152	862.898	504.581	7.710	11.769	4.563	11.302	862.915	504.580	7.710	844	494	4	42	20	9
123	3229	1906	3229	1243	113015	35	0	35	35	35	887.537	521.087	7.306	9.701	2.852	10.261	887.545	521.088	7.306	875	509	4	27	25	8
124	1054	724	1054	519	35836	34	0	34	34	34	866.268	519.547	7.317	6.271	1.585	6.274	866.268	519.547	7.317	859	514	4	16	11	8
125	2230	1666	2230	1063	347880	156	0	156	156	156	874.331	534.804	7.711	9.924	4.164	9.112	874.339	534.804	7.711	857	526	4	40	21	8
126	1501	990	1501	666	232655	155	0	155	155	155	857.342	536.949	7.272	7.126	1.881	7.230	857.344	536.949	7.272	850	527	4	15	19	8
127	2418	1716	2418	1060	384462	159	0	159	159	159	838.128	540.684	8.093	9.277	3.286	9.087	838.134	540.683	8.093	820	533	4	30	22	9
128	1645	1100	1645	682	264845	161	0	161	161	161	878.444	551.759	7.936	7.322	1.980	7.547	878.444	551.759	7.936	869	544	4	21	19	8
129	1542	1172	1542	729	246720	160	0	160	160	160	907.348	545.258	7.740	7.698	2.501	7.759	907.348	545.258	7.740	897	533	4	19	26	8
130	4114	2448	4114	1517	666468	162	0	162	162	162	859.811	563.300	7.745	11.379	3.928	11.305	859.807	563.301	7.745	847	547	4	27	36	10
131	5034	2928	5034	1846	1208160	240	0	240	240	240	921.740	559.065	8.836	12.761	4.736	12.467	921.761	559.065	8.836	906	539	4	37	43	10
132	1259	982	1259	558	206476	164	0	164	164	164	879.913	589.450	8.521	7.186	2.464	6.860	879.906	589.450	8.521	867	585	4	27	10	10
133	2599	1880	2599	1108	436632	168	0	168	168	168	897.526	629.690	8.492	9.781	3.423	9.812	897.514	629.689	8.492	883	612	4	29	30	9
134	1653	1262	1653	748	59508	36	0	36	36	36	122.774	65.351	7.763	8.429	3.146	8.151	122.774	65.351	7.763	116	51	5	15	29	7
135	539	588	539	297	2156	4	0	4	4	4	221.477	89.412	7.690	5.421	1.806	5.504	221.477	89.412	7.690	213	81	5	15	16	6
136	320	360	320	184	12800	40	0	40	40	40	263.316	91.272	7.912	4.007	0.896	3.919	263.316	91.272	7.912	259	87	5	10	9	7
137	1445	1082	1445	634	59245	41	0	41	41	41	135.786	97.192	8.694	7.172	2.154	7.294	135.786	97.192	8.694	126	88	5	20	18	8
138	1133	1054	1133	565	278718	246	0	246	246	246	249.739	89.706	9.424	6.777	2.097	6.894	249.740	89.706	9.424	242	79	5	16	23	9
139	820	736	820	400	35260	43	0	43	43	43	176.154	111.338	8.585	5.660	1.451	5.923	176.154	111.338	8.585	169	104	5	16	15	8
140	1263	1148	1263	634	55572	44	0	44	44	44	152.869	119.986	8.716	7.582	3.042	7.225	152.869	119.986	8.716	142	105	5	21	26	8
141	1169	916	1169	523	202237	173	0	173	173	173	306.377	128.096	9.448	6.510	1.776	6.625	306.376	128.096	9.448	297	120	5	19	16	9
142	1759	1250	1759	704	436232	248	0	248	248	248	191.542	137.055	9.873	7.466	1.959	7.835	191.542	137.055	9.873	182	127	5	20	21	9
143	786	668	786	380	36156	46	0	46	46	46	285.752	144.947	8.160	5.511	1.272	5.863	285.752	144.947	8.160	280	139	5	14	13	7
144	1804	1460	1804	816	451000	250	0	250	250	250	270.076	146.741	9.535	8.788	3.909	8.066	270.074	146.741	9.535	260	127	5	20	33	9
145	2168	1400	2168	858	379400	175	0	175	175	175	370.601	158.838	9.074	8.249	2.422	8.660	370.603	158.838	9.074	358	149	5	24	22	9
146	1422	1076	1422	627	251694	177	0	177	177	177	389.759	164.644	8.730	6.972	1.903	7.429	389.757	164.644	8.730	382	155	5	18	20	8
147	2171	1602	2171	942	382096	176	0	176	176	176	281.807	163.675	9.368	8.485	2.448	8.684	281.807	163.675	9.368	271	152	5	22	27	9
148	1737	1210	1737	692	309186	178	0	178	178	178	443.477	169.732	8.838	7.421	1.998	7.818	443.474	169.732	8.838	432	160	5	22	20	8
149	1896	1294	1896	776	96696	51	0	51	51	51	328.356	171.153	8.378	7.731	2.102	8.290	328.360	171.153	8.378	318	162	5	21	20	8
150	2018	1278	2018	768	100900	50	0	50	50	50	221.770	171.121	8.698	7.818	2.026	8.155	221.770	171.121	8.698	214	160	5	18	24	8
151	2207	1344	2207	815	395053	179	0	179	179	179	202.549	174.158	9.145	8.074	2.004	8.548	202.550	174.158	9.145	193	165	5	20	20	9
152	1531	1116	1531	622	277111	181	0	181	181	181	329.222	193.309	8.687	7.114	1.820	7.412	329.221	193.309	8.687	320	183	5	20	20	8
153	495	554	495	286	124245	251	0	251	251	251	493.477	192.317	9.790	4.927	1.500	5.042	493.478	192.317	9.790	487	188	5	14	10	9
154	1340	1260	1340	687	241200	180	0	180	180	180	351.411	193.507	9.228	8.105	3.614	7.723	351.409	193.507	9.228	343	182	5	17	32	9
155	1856	1408	1856	824	341504	184	0	184	184	184	173.078	203.484	9.305	8.439	2.871	8.023	173.078	203.484	9.305	164	191	5	21	28	9
156	1928	1424	1928	805	487784	253	0	253	253	253	430.842	208.453	9.238	8.129	2.407	8.086	430.841	208.453	9.238	420	196	5	22	25	9
157	995	852	995	481	182085	183	0	183	183	183	278.751	197.973	8.874	6.177	1.706	6.317	278.752	197.973	8.874	271	190	5	17	18	8
158	237	306	237	145	1422	6	0	6	6	6	348.705	207.321	7.473	3.700	1.015	3.503	348.705	207.321	7.473	345	203	5	9	11	6
159	1525	1120	1525	670	282125	185	0	185	185	185	310.874	208.248	8.697	7.256	2.113	7.493	310.873	208.248	8.697	301	200	5	21	19	8
160	324	454	324	217	2592	8	0	8	8	8	337.719	213.784	7.543	4.669	1.820	4.573	337.719	213.784	7.543	332	209	5	14	13	7
161	366	552	366	266	20496	56	0	56	56	56	496.784	215.691	7.754	5.152	2.202	4.991	496.784	215.691	7.754	491	209	5	14	19	7
162	1781	1198	1781	728	105079	59	0	59	59	59	551.544	224.442	7.862	7.527	2.057	7.993	551.548	224.443	7.862	542	215	5	20	20	7
163	1782	1148	1782	702	335016	188	0	188	188	188	436.489	231.811	8.943	7.402	1.743	7.828	436.495	231.811	8.943	429	222	5	18	19	9
164	1314	930	1314	551	250974	191	0	191	191	191	433.436	249.331	8.742	6.614	1.579	6.954	433.437	249.331	8.742	425	241	5	17	18	8
165	769	666	769	384	51523	67	0	67	67	67	398.941	255.364	7.746	5.763	1.789	5.741	398.943	255.364	7.746	391	250	5	18	12	7
166	2116	1272	2116	761	410504	194	0	194	194	194	500.823	263.775	8.787	7.841	1.799	8.286	500.820	263.775	8.787	491	254	5	21	21	9
167	1273	1034	1273	580	250781	197	0	197	197	197	402.094	268.954	8.958	6.881	2.041	7.131	402.093	268.954	8.958	394	260	5	17	20	8
168	1012	936	1012	536	195316	193	0	193	193	193	161.793	265.798	9.445	6.769	2.413	6.144	161.792	265.798	9.445	151	254	5	17	22	9
169	1412	1016	1412	597	276752	196	0	196	196	196	216.157	267.949	8.573	6.848	1.754	7.167	216.157	267.949	8.573	207	259	5	18	18	8
170	1677	1112	1677	703	332046	198	0	198	198	198	232.727	272.527	9.403	7.380	1.800	7.748	232.729	272.527	9.403	224	264	5	19	18	9
171	1607	1134	1607	673	321400	200	0	200	200	200	250.236	279.396	8.688	7.235	1.902	7.709	250.236	279.396	8.688	242	270	5	19	20	8
172	1320	996	1320	543	97680	74	0	74	74	74	281.306	282.845	8.373	6.709	1.595	6.940	281.306	282.845	8.373	273	274	5	17	20	9
173	1038	994	1038	533	268842	259	0	259	259	259	159.578	283.687	9.740	6.519	2.075	6.713	159.579	283.687	9.740	152	276	5	17	20	9
174	969	982	969	526	69768	72	0	72	72	72	431.748	276.231	8.539	6.989	2.923	6.652	431.748	276.231	8.539	423	267	5	25	17	7
175	558	596	558	298	112716	202	0	202	202	202	266.251	287.285	9.237	5.228	1.624	5.388	266.251	287.285	9.237	261	280	5	13	15	8
176	706	614	706	333	184266	261	0	261	261	261	432.051	290.276	9.686	5.248	1.001	5.370	432.050	290.276	9.686	427	285	5	12	13	9
177	1727	1214	1727	746	143341	83	0	83	83	83	669.056	301.137	8.433	7.655	2.289	7.651	669.060	301.138	8.433	659	292	5	24	20	8
178	503	520	503	253	38731	77	0	77	77	77	279.195	296.517	8.421	4.768	1.080	4.676	279.195	296.517	8.421	273	292	5	14	11	8
179	1087	942	1087	540	84786	78	0	78	78	78	250.232	299.374	8.083	6.442	1.907	6.872	250.232	299.374	8.083	241	291	5	19	18	7
180	2233	1438	2233	868	187572	84	0	84	84	84	380.659	305.858	8.660	8.296	2.295	8.582	380.658	305.858	8.660	370	296	5	22	22	8
181	1145	890	1145	512	99615	87	0	87	87	87	282.026	315.617	7.854	6.384	1.673	6.535	282.028	315.618	7.854	275	306	5	16	19	8
182	1595	1126	1595	637	331760	208	0	208	208	208	359.651	309.894	8.975	7.178	1.864	7.520	359.651	309.894	8.975	348	300	5	21	20	9
183	524	528	524	287	46112	88	0	88	88	88	445.840	318.103	8.555	4.992	1.425	4.827	445.840	318.103	8.555	439	314	5	16	9	8
184	326	460	326	225	29666	91	0	91	91	91	372.908	327.199	7.911	4.425	1.561	4.356	372.908	327.199	7.911	368	322	5	14	14	6
185	214	290	214	142	19046	89	0	89	89	89	435.551	322.168	7.776	3.633	1.088	3.380	435.551	322.168	7.776	433	316	5	6	13	6
186	380	416	380	227	34960	92	0	92	92	92	444.805	326.389	8.568	4.571	1.520	4.326	444.805	326.389	8.568	439	324	5	15	6	8
187	477	480	477	258	44838	94	0	94	94	94	715.124	331.937	8.159	4.650	1.010	4.601	715.124	331.937	8.159	710	325	5	12	12	8
188	1161	974	1161	543	111456	96	0	96	96	96	746.460	338.938	8.403	6.509	1.733	6.891	746.460	338.938	8.403	738	331	5	18	17	8
189	348	460	348	227	32364	93	0	93	93	93	566.974	330.652	7.799	4.427	1.360	4.511	566.974	330.652	7.799	563	324	5	11	14	6
190	264	354	264	168	4752	18	0	18	18	18	661.746	340.258	6.693	4.077	1.355	3.935	661.746	340.258	6.693	658	334	5	10	12	5
191	1050	834	1050	472	227850	217	0	217	217	217	583.459	344.921	8.704	6.162	1.523	6.344	583.458	344.922	8.704	576	337	5	15	17	8
192	1796	1234	1796	708	396916	221	0	221	221	221	422.441	351.074	9.504	7.463	1.929	7.841	422.440	351.074	9.504	414	341	5	19	21	9
193	598	640	598	359	59800	100	0	100	100	100	532.833	352.597	7.962	5.776	2.145	5.780	532.833	352.597	7.962	523	347	5	19	12	6
194	533	546	533	309	56498	106	0	106	106	106	447.754	360.401	8.189	5.145	1.607	4.925	447.754	360.401	8.189	439	357	5	18	10	7
195	712	702	712	372	77608	109	0	109	109	109	739.608	364.247	8.346	6.094	2.161	5.889	739.606	364.247	8.346	732	357	5	17	16	7
196	292	326	292	184	5840	20	0	20	20	20	759.794	365.298	7.401	3.905	0.988	3.810	759.794	365.298	7.401	755	360	5	9	10	6
197	250	300	250	156	27500	110	0	110	110	110	767.124	366.920	7.748	3.730	1.076	3.547	767.124	366.920	7.748	765	360	5	6	13	6
198	1367	990	1367	579	306208	224	0	224	224	224	543.307	372.874	8.707	6.828	1.677	6.923	543.307	372.874	8.707	534	365	5	19	16	8
199	656	648	656	359	73472	112	0	112	112	112	743.719	374.259	8.445	5.763	1.993	5.702	743.719	374.259	8.445	734	366	5	17	15	7
200	1415	1128	1415	656	322620	228	0	228	228	228	699.454	395.589	8.950	7.114	2.053	7.618	699.450	395.590	8.950	690	385	5	20	20	9
201	881	732	881	427	201749	229	0	229	229	229	778.111	407.570	8.822	6.015	1.737	5.835	778.111	407.570	8.822	774	399	5	11	20	8
202	1470	1120	1470	671	341040	232	0	232	232	232	787.620	419.411	8.100	7.299	2.119	7.199	787.612	419.411	8.100	776	410	5	24	16	8
203	450	474	450	264	63450	141	0	141	141	141	699.182	464.107	8.313	4.617	1.273	4.628	699.181	464.107	8.313	692	459	5	13	11	7
204	273	380	273	178	38766	142	0	142	142	142	809.905	462.659	7.967	4.321	1.637	4.157	809.905	462.659	7.967	806	455	5	10	15	6
205	1300	1210	1300	670	188500	145	0	145	145	145	882.004	479.723	8.090	7.409	2.564	7.594	882.004	479.723	8.090	874	470	5	23	22	7
206	895	708	895	434	132460	148	0	148	148	148	757.606	489.509	8.058	6.101	1.885	5.817	757.602	489.509	8.058	748	486	5	20	10	7
207	598	688	598	352	89102	149	0	149	149	149	777.082	491.380	8.480	5.705	2.170	5.385	777.080	491.380	8.480	769	484	5	16	19	7
208	1345	1048	1345	639	318765	237	0	237	237	237	814.533	505.448	8.849	7.145	2.187	7.156	814.532	505.449	8.849	805	494	5	17	21	8
209	1849	1284	1849	775	282897	153	0	153	153	153	794.582	523.538	8.488	7.788	2.223	8.204	794.581	523.538	8.488	784	513	5	21	22	8
210	962	782	962	476	228956	238	0	238	238	238	812.563	521.389	9.401	6.137	1.591	6.442	812.565	521.388	9.401	806	515	5	15	15	9
211	1633	1160	1633	732	256381	157	0	157	157	157	932.189	535.104	7.873	7.486	2.172	7.958	932.188	535.103	7.873	922	525	5	21	19	7
212	1310	1060	1310	637	216150	165	0	165	165	165	917.921	593.031	8.404	7.155	2.363	7.285	917.919	593.031	8.404	908	583	5	25	20	8
213	971	888	971	492	161186	166	0	166	166	166	923.897	604.416	8.552	6.523	2.127	6.142	923.900	604.416	8.552	912	599	5	22	13	8
214	2204	1536	2204	940	372476	169	0	169	169	169	915.337	642.839	8.331	9.592	4.119	8.850	915.337	642.838	8.331	907	622	5	18	35	8
215	368	384	368	215	62560	170	0	170	170	170	260.628	99.367	8.693	4.257	1.084	4.131	260.628	99.367	8.693	256	96	6	13	8	6
216	965	914	965	474	167910	174	0	174	174	174	324.184	127.777	8.760	6.148	1.762	6.544	324.186	127.777	8.760	317	120	6	17	17	7
217	587	630	587	347	27589	47	0	47	47	47	356.646	147.061	8.162	5.605	1.967	5.566	356.646	147.061	8.162	349	142	6	18	15	6
218	1025	874	1025	480	186550	182	0	182	182	182	234.441	197.048	9.420	6.209	1.742	6.504	234.442	197.048	9.420	227	189	6	17	18	8
219	646	622	646	342	122094	189	0	189	189	189	455.317	231.057	8.921	5.328	1.618	5.407	455.316	231.057	8.921	448	225	6	16	13	6
220	926	774	926	443	177792	192	0	192	192	192	172.672	263.526	9.418	6.248	1.976	5.836	172.672	263.526	9.418	169	253	6	11	22	8
221	771	732	771	412	53199	69	0	69	69	69	192.136	259.874	8.624	5.677	1.634	6.028	192.136	259.874	8.624	185	252	6	16	16	6
222	609	720	609	357	118755	195	0	195	195	195	330.123	266.056	9.284	5.466	1.877	5.448	330.124	266.056	9.284	321	261	6	18	14	7
223	435	504	435	259	86565	199	0	199	199	199	562.616	275.662	8.554	4.975	1.758	4.941	562.617	275.662	8.554	559	268	6	11	16	6
224	1071	986	1071	543	218484	204	0	204	204	204	546.292	287.979	8.230	6.441	1.987	6.963	546.296	287.979	8.230	538	279	6	18	19	6
225	1374	970	1374	625	283044	206	0	206	206	206	399.891	306.015	9.558	6.865	1.762	7.238	399.894	306.015	9.558	393	299	6	17	17	8
226	833	706	833	409	219912	264	0	264	264	264	293.861	311.593	9.640	5.728	1.474	5.727	293.861	311.593	9.640	289	304	6	12	17	8
227	1426	1048	1426	652	375038	263	0	263	263	263	522.184	309.759	9.628	7.096	2.013	7.427	522.185	309.759	9.628	513	301	6	20	20	8
228	681	666	681	361	146415	215	0	215	215	215	533.520	327.151	8.853	5.654	1.813	5.716	533.521	327.151	8.853	527	318	6	13	17	6
229	484	546	484	276	104544	216	0	216	216	216	489.076	330.419	9.002	5.075	1.795	4.927	489.076	330.419	9.002	482	324	6	15	15	7
230	876	812	876	449	191844	219	0	219	219	219	544.543	349.538	8.660	6.261	2.096	6.338	544.544	349.538	8.660	535	342	6	18	19	7
231	544	518	544	287	121312	223	0	223	223	223	630.505	357.884	8.765	4.831	1.074	4.916	630.507	357.884	8.765	624	353	6	13	10	7
232	417	492	417	251	93825	225	0	225	225	225	450.034	373.748	8.717	4.783	1.522	4.739	450.033	373.748	8.717	444	368	6	15	12	6
233	1104	974	1104	562	257232	233	0	233	233	233	616.561	431.099	9.332	6.720	2.128	6.964	616.560	431.099	9.332	607	421	6	19	19	7
234	397	486	397	243	105999	267	0	267	267	267	741.151	435.496	9.353	4.572	1.369	4.216	741.152	435.496	9.353	737	428	6	11	17	7
235	1376	1030	1376	603	323360	235	0	235	235	235	824.578	453.847	8.710	6.908	1.877	7.243	824.579	453.848	8.710	816	445	6	18	20	7
236	762	598	762	365	179832	236	0	236	236	236	744.731	476.891	9.345	5.377	1.102	5.559	744.734	476.891	9.345	738	471	6	13	13	7
237	1699	1318	1699	788	406061	239	0	239	239	239	912.540	524.264	8.895	7.843	2.506	8.170	912.541	524.264	8.895	903	509	6	20	26	7
238	217	332	217	153	34286	158	0	158	158	158	948.383	542.253	8.433	3.998	1.588	3.739	948.383	542.253	8.433	944	539	6	13	10	6
239	1163	970	1163	554	282609	243	0	243	243	243	882.670	608.270	8.898	6.560	1.917	6.972	882.670	608.270	8.898	874	600	6	19	18	7
240	159	254	159	111	38478	242	0	242	242	242	951.597	609.340	8.855	3.501	1.295	3.357	951.597	609.340	8.855	949	604	6	7	12	7
241	447	560	447	301	109068	244	0	244	244	244	924.899	617.329	9.306	5.161	1.966	5.094	924.897	617.329	9.306	916	613	6	18	12	6
242	429	472	429	266	71643	167	0	167	167	167	924.091	628.089	8.042	4.601	1.315	4.603	924.093	628.089	8.042	920	622	6	11	15	6
243	604	672	604	350	147980	245	0	245	245	245	203.899	67.075	9.775	5.567	1.885	5.477	203.898	67.075	9.775	194	61	7	18	15	6
244	565	602	565	310	139555	247	0	247	247	247	186.772	118.096	9.713	5.220	1.681	5.326	186.772	118.096	9.713	179	110	7	14	16	6
245	712	752	712	380	180848	254	0	254	254	254	149.830	219.541	9.855	5.824	1.935	5.948	149.830	219.541	9.855	144	210	7	14	18	7
246	1035	914	1035	510	263925	255	0	255	255	255	347.321	226.736	9.826	6.337	1.854	6.663	347.322	226.736	9.826	340	218	7	19	18	7
247	490	690	490	327	93100	190	0	190	190	190	313.241	248.557	8.861	5.516	1.979	5.840	313.241	248.557	8.861	307	242	7	15	16	5
248	348	420	348	207	89784	258	0	258	258	258	374.747	266.296	10.043	4.228	1.118	4.286	374.747	266.296	10.043	370	262	7	11	11	7
249	675	652	675	346	137025	203	0	203	203	203	446.604	286.843	9.591	5.340	1.489	5.493	446.606	286.843	9.591	440	278	7	15	16	6
250	545	532	545	287	146605	269	0	269	269	269	199.993	286.072	10.437	5.122	1.499	5.080	199.992	286.072	10.437	194	280	7	12	16	7
251	481	486	481	258	126022	262	0	262	262	262	192.416	290.268	10.264	4.761	1.259	4.650	192.416	290.268	10.264	187	282	7	11	15	7
252	890	832	890	493	182450	205	0	205	205	205	568.076	299.971	9.201	6.121	1.886	6.446	568.075	299.970	9.201	560	292	7	18	18	5
253	155	278	155	121	33170	214	0	214	214	214	402.090	325.387	8.490	4.107	1.409	4.258	402.090	325.387	8.490	397	321	7	12	9	4
254	324	334	324	200	71928	222	0	222	222	222	744.000	351.210	9.056	4.054	1.039	3.941	744.001	351.210	9.056	739	348	7	11	8	5
255	236	338	236	166	56876	241	0	241	241	241	953.487	565.542	8.619	4.006	1.516	3.827	953.486	565.542	8.619	947	561	7	14	9	4
256	417	428	417	221	111756	268	0	268	268	268	151.357	93.247	10.600	4.364	0.929	4.462	151.357	93.247	10.600	147	88	8	10	12	6
257	347	368	347	216	87444	252	0	252	252	252	491.386	200.133	10.259	4.206	1.148	4.207	491.386	200.133	10.259	487	196	8	12	9	5
258	352	390	352	214	90112	256	0	256	256	256	214.611	239.719	10.134	4.432	1.509	4.200	214.611	239.719	10.134	211	231	8	8	17	5
259	369	420	369	209	99630	270	0	270	270	270	378.919	339.008	10.566	4.355	1.274	4.222	378.919	339.008	10.566	373	332	8	12	13	6
260	276	332	276	166	73416	266	0	266	266	266	436.565	364.337	10.370	3.853	1.011	3.745	436.565	364.337	10.370	431	361	8	12	8	6
