 	Volume (pixel^3)	Surface (pixel^2)	Nb of obj. voxels	Nb of surf. voxels	IntDen	Mean	StdDev	Median	Min	Max	X	Y	Z	Mean dist. to surf. (pixel)	SD dist. to surf. (pixel)	Median dist. to surf. (pixel)	XM	YM	ZM	BX	BY	BZ	B-width	B-height	B-depth
1	1275	932	1275	582	3825	3	0	3	3	3	1001.299	163.824	5.480	6.772	1.736	6.925	1001.299	163.824	5.480	994	156	1	15	18	9
2	3479	2060	3479	1284	118286	34	0	34	34	34	926.243	169.967	5.675	10.443	3.461	10.361	926.225	169.967	5.675	908	160	1	32	23	10
3	2053	1458	2053	938	10265	5	0	5	5	5	988.096	175.225	5.528	8.910	3.243	8.670	988.096	175.225	5.528	979	157	1	20	34	9
4	1665	1226	1665	741	11655	7	0	7	7	7	831.926	174.060	5.602	7.655	2.314	7.758	831.926	174.060	5.602	819	164	1	24	18	9
5	2336	1550	2336	985	18688	8	0	8	8	8	828.350	191.206	5.547	8.723	2.534	8.858	828.350	191.206	5.547	817	183	1	25	23	10
6	2123	1358	2123	920	97658	46	0	46	46	46	682.915	192.691	6.021	8.771	3.032	8.449	682.925	192.691	6.021	668	187	1	30	15	10
7	2603	1674	2603	1040	23427	9	0	9	9	9	793.025	203.912	5.388	9.071	2.889	9.299	793.021	203.912	5.388	782	192	1	25	28	9
8	3440	2184	3440	1324	206400	60	0	60	60	60	555.667	207.054	5.845	10.257	3.255	10.366	555.679	207.054	5.845	534	194	1	36	30	10
9	1992	1356	1992	818	123504	62	0	62	62	62	984.122	213.133	6.001	8.224	2.516	8.154	984.132	213.133	6.001	973	202	1	21	27	10
10	2187	1332	2187	798	30618	14	0	14	14	14	467.392	219.928	5.507	7.987	1.980	8.449	467.392	219.928	5.507	457	210	1	21	21	9
11	1652	1132	1652	711	36344	22	0	22	22	22	734.853	306.355	5.519	7.427	1.925	7.557	734.853	306.355	5.519	727	298	1	20	19	10
12	1915	1242	1915	739	352360	184	0	184	184	184	964.533	331.953	5.533	7.673	1.927	8.018	964.545	331.953	5.533	955	322	1	20	21	9
13	2265	1506	2265	866	446205	197	0	197	197	197	969.990	353.763	6.087	8.422	2.430	8.681	969.990	353.763	6.087	960	344	1	28	22	10
14	2269	1400	2269	892	72608	32	0	32	32	32	953.044	165.142	5.836	8.361	2.236	8.530	953.044	165.142	5.836	942	153	2	20	24	9
15	4337	2644	4337	1708	151795	35	0	35	35	35	972.894	169.781	6.034	12.358	4.749	12.143	972.900	169.781	6.034	961	149	2	27	45	9
16	1211	936	1211	537	4844	4	0	4	4	4	899.656	170.964	5.709	6.579	1.746	6.869	899.656	170.964	5.709	892	162	2	16	20	8
17	2062	1238	2062	791	76294	37	0	37	37	37	702.410	176.340	5.960	7.865	1.938	8.317	702.402	176.340	5.960	694	166	2	19	21	8
18	1388	1020	1388	601	8328	6	0	6	6	6	864.047	174.805	5.622	6.877	1.827	7.285	864.047	174.805	5.622	855	166	2	19	18	8
19	2288	1592	2288	913	100672	44	0	44	44	44	943.018	183.996	5.853	8.663	2.710	8.602	943.030	183.996	5.853	932	165	2	24	32	9
20	2198	1398	2198	935	85722	39	0	39	39	39	681.962	178.020	5.995	8.699	2.873	8.567	681.970	178.020	5.995	667	167	2	27	19	8
21	1366	910	1366	559	56006	41	0	41	41	41	847.072	185.428	6.248	6.645	1.349	6.813	847.065	185.428	6.248	841	178	2	16	18	9
22	630	544	630	341	28350	45	0	45	45	45	958.189	186.854	5.687	5.160	1.245	5.222	958.185	186.854	5.687	953	182	2	13	10	8
23	1536	1068	1536	638	66048	43	0	43	43	43	888.779	187.952	5.552	7.087	1.911	7.550	888.785	187.952	5.552	880	179	2	19	19	8
24	1596	1096	1596	686	78204	49	0	49	49	49	659.769	194.201	5.707	7.298	1.934	7.636	659.763	194.201	5.707	650	185	2	20	19	8
25	977	766	977	484	41034	42	0	42	42	42	1002.270	182.622	5.871	6.150	1.604	6.173	1002.267	182.622	5.871	994	175	2	15	16	8
26	1512	1184	1512	713	77112	51	0	51	51	51	990.601	193.343	5.938	7.654	2.528	7.390	990.606	193.343	5.938	979	186	2	29	20	9
27	1009	878	1009	498	47423	47	0	47	47	47	644.211	188.522	6.088	6.345	1.945	6.461	644.215	188.522	6.088	637	180	2	16	22	8
28	661	566	661	349	35033	53	0	53	53	53	1001.192	199.666	6.116	5.299	1.385	5.264	1001.188	199.666	6.116	995	194	2	14	11	8
29	1771	1082	1771	700	100947	57	0	57	57	57	840.657	202.780	5.548	7.349	1.675	7.746	840.651	202.780	5.548	831	195	2	19	16	8
30	732	660	732	369	36600	50	0	50	50	50	958.829	195.936	5.837	5.633	1.734	5.403	958.829	195.936	5.837	949	192	2	19	10	8
31	2122	1390	2122	901	110344	52	0	52	52	52	858.898	198.529	6.041	8.442	2.535	8.487	858.889	198.529	6.041	849	186	2	21	29	9
32	1330	1162	1330	659	73150	55	0	55	55	55	624.477	204.511	5.235	7.145	2.203	7.629	624.481	204.511	5.235	614	196	2	21	19	8
33	534	616	534	312	29904	56	0	56	56	56	813.124	200.333	6.099	5.154	1.497	5.160	813.124	200.333	6.099	806	192	2	15	15	8
34	2056	1292	2056	864	22616	11	0	11	11	11	513.770	215.000	5.157	8.276	2.591	8.366	513.770	215.000	5.157	505	204	2	18	27	8
35	2866	1790	2866	1116	194888	68	0	68	68	68	426.791	220.759	5.929	9.623	3.037	9.737	426.786	220.759	5.929	416	206	2	22	29	9
36	1287	924	1287	586	81081	63	0	63	63	63	857.461	216.296	6.211	6.762	1.719	6.911	857.466	216.296	6.211	850	209	2	16	19	9
37	1794	1146	1794	743	116610	65	0	65	65	65	531.379	216.296	5.755	7.619	2.052	7.896	531.375	216.296	5.755	524	207	2	18	20	8
38	2099	1524	2099	901	25188	12	0	12	12	12	779.453	220.970	5.427	8.426	2.603	8.659	779.453	220.970	5.427	768	207	2	27	27	8
39	1852	1314	1852	842	122232	66	0	66	66	66	497.386	218.537	5.344	8.249	2.698	8.159	497.379	218.537	5.344	486	206	2	20	26	8
40	1938	1594	1938	922	25194	13	0	13	13	13	445.519	221.199	5.822	9.159	3.559	8.809	445.519	221.199	5.822	436	208	2	20	31	9
41	1804	1118	1804	704	129888	72	0	72	72	72	550.447	225.040	5.568	7.420	1.647	7.658	550.447	225.040	5.568	541	218	2	20	17	9
42	1114	826	1114	501	71296	64	0	64	64	64	949.088	218.058	6.285	6.310	1.548	6.519	949.088	218.058	6.285	941	211	2	15	16	8
43	3714	2278	3714	1438	259980	70	0	70	70	70	840.090	226.278	6.428	10.991	3.791	11.001	840.097	226.278	6.428	826	212	2	30	33	10
44	2646	1980	2646	1154	39690	15	0	15	15	15	688.704	225.642	5.763	10.106	3.861	9.941	688.715	225.642	5.763	676	209	2	28	31	8
45	1532	1064	1532	669	108772	71	0	71	71	71	963.949	221.422	6.216	7.133	1.839	7.346	963.951	221.422	6.216	956	210	2	17	23	8
46	1330	972	1330	584	97090	73	0	73	73	73	865.102	230.441	5.871	6.732	1.674	6.949	865.097	230.441	5.871	856	222	2	19	17	9
47	2418	1814	2418	1021	38688	16	0	16	16	16	975.852	233.098	5.542	9.355	3.556	9.161	975.852	233.098	5.542	959	219	2	30	36	8
48	2546	1638	2546	1037	198588	78	0	78	78	78	1000.502	229.113	5.806	9.441	3.335	9.071	1000.510	229.113	5.806	990	214	2	18	31	9
49	2150	1656	2150	967	165550	77	0	77	77	77	901.262	230.334	6.183	9.661	4.036	8.931	901.259	230.335	6.183	887	214	2	32	27	10
50	1276	948	1276	554	95700	75	0	75	75	75	384.247	228.734	6.621	6.672	1.776	6.957	384.250	228.734	6.621	376	219	2	17	20	9
51	1511	1112	1511	654	114836	76	0	76	76	76	800.647	233.513	5.612	7.152	2.022	7.597	800.654	233.513	5.612	791	224	2	21	20	8
52	1506	1032	1506	665	25602	17	0	17	17	17	818.030	241.737	5.392	7.108	1.891	7.697	818.025	241.737	5.392	809	232	2	19	19	8
53	2502	1704	2502	1030	210168	84	0	84	84	84	229.061	244.228	5.807	9.232	3.012	9.165	229.061	244.228	5.807	213	233	2	31	23	9
54	1205	914	1205	534	102425	85	0	85	85	85	675.173	242.495	6.094	6.485	1.588	6.791	675.170	242.494	6.094	667	234	2	18	17	8
55	5038	3068	5038	1964	528990	105	0	105	105	105	288.893	256.360	6.098	12.393	4.215	12.515	288.890	256.359	6.098	274	235	2	34	44	10
56	1796	1156	1796	707	156252	87	0	87	87	87	653.378	242.263	6.153	7.492	1.882	7.921	653.381	242.263	6.153	645	233	2	19	19	9
57	1964	1322	1964	794	37316	19	0	19	19	19	691.818	250.131	5.399	7.811	2.104	8.321	691.826	250.131	5.399	681	240	2	22	21	8
58	2370	1470	2370	897	203820	86	0	86	86	86	422.359	244.532	6.336	8.469	2.317	8.714	422.364	244.532	6.336	411	234	2	24	22	9
59	1547	1034	1547	652	27846	18	0	18	18	18	859.068	248.930	5.610	7.128	1.753	7.374	859.068	248.930	5.610	852	240	2	15	20	9
60	1824	1328	1824	852	169632	93	0	93	93	93	928.014	243.783	6.202	8.462	2.903	8.391	928.010	243.783	6.202	915	236	2	26	17	9
61	1979	1206	1979	782	188005	95	0	95	95	95	267.530	248.487	6.207	7.765	1.910	8.117	267.533	248.486	6.207	258	236	2	19	22	9
62	3305	1978	3305	1292	363550	110	0	110	110	110	171.761	260.043	6.262	10.197	3.437	10.142	171.765	260.043	6.262	163	246	2	21	33	9
63	738	724	738	388	73800	100	0	100	100	100	846.098	250.762	6.401	5.987	2.070	5.555	846.098	250.762	6.401	840	239	2	11	21	8
64	1191	894	1191	533	23820	20	0	20	20	20	435.880	254.393	5.528	6.462	1.611	6.724	435.880	254.393	5.528	427	246	2	18	18	8
65	1380	980	1380	566	158700	115	0	115	115	115	464.099	260.980	5.921	6.759	1.678	7.115	464.102	260.980	5.921	455	253	2	19	18	8
66	1260	932	1260	574	134820	107	0	107	107	107	636.817	257.357	5.604	6.673	1.787	6.912	636.818	257.357	5.604	629	248	2	15	20	8
67	1792	1366	1792	855	37632	21	0	21	21	21	205.645	255.477	5.661	8.373	3.049	8.218	205.645	255.477	5.661	195	239	2	19	28	8
68	1365	972	1365	571	137865	101	0	101	101	101	803.866	253.298	6.073	6.728	1.601	7.166	803.863	253.298	6.073	795	245	2	18	18	8
69	2818	1726	2818	1109	343796	122	0	122	122	122	153.181	263.613	6.381	9.631	3.224	9.449	153.178	263.613	6.381	143	246	2	20	32	10
70	2123	1394	2123	878	237776	112	0	112	112	112	917.022	261.922	5.943	8.320	2.466	8.594	917.022	261.922	5.943	901	252	2	28	20	9
71	1353	988	1353	614	162360	120	0	120	120	120	261.980	262.998	6.355	6.971	1.940	6.746	261.980	262.998	6.355	250	256	2	23	17	9
72	1658	1276	1658	770	197302	119	0	119	119	119	229.769	264.768	6.308	8.221	3.002	7.916	229.771	264.768	6.308	222	252	2	22	24	9
73	1198	954	1198	554	124592	104	0	104	104	104	939.764	257.850	5.974	6.657	1.944	6.926	939.764	257.850	5.974	930	249	2	19	17	8
74	1467	1094	1467	637	177507	121	0	121	121	121	554.979	264.407	6.100	7.236	2.091	7.319	554.978	264.407	6.100	547	255	2	21	22	8
75	484	518	484	284	136972	283	0	283	283	283	273.351	271.585	7.017	4.996	1.707	4.874	273.352	271.585	7.017	269	263	2	9	17	10
76	2273	1476	2273	968	302309	133	0	133	133	133	507.278	271.935	5.950	8.715	2.725	8.918	507.276	271.934	5.950	495	260	2	24	23	9
77	2097	1328	2097	847	268416	128	0	128	128	128	581.073	269.282	5.759	8.103	2.207	8.508	581.073	269.282	5.759	569	261	2	23	20	8
78	753	700	753	374	101655	135	0	135	135	135	541.012	273.673	5.965	5.633	1.597	5.531	541.014	273.673	5.965	535	265	2	12	18	8
79	955	838	955	472	117465	123	0	123	123	123	789.821	265.444	6.224	6.099	1.732	6.427	789.822	265.444	6.224	783	256	2	15	19	8
80	1232	908	1232	532	174944	142	0	142	142	142	566.131	277.808	6.267	6.503	1.611	6.657	566.135	277.808	6.267	558	269	2	17	19	9
81	1055	806	1055	492	295400	280	0	280	280	280	657.915	269.221	6.646	6.164	1.463	6.431	657.918	269.221	6.646	650	262	2	17	16	9
82	2674	1468	2674	932	393078	147	0	147	147	147	777.729	282.933	6.071	8.559	2.025	8.693	777.731	282.932	6.071	766	273	2	24	19	10
83	1078	852	1078	501	149842	139	0	139	139	139	672.439	276.178	6.008	6.251	1.573	6.580	672.440	276.178	6.008	665	268	2	16	17	8
84	1572	1080	1572	654	213792	136	0	136	136	136	724.697	274.457	6.124	7.201	1.779	7.519	724.694	274.457	6.124	717	265	2	16	22	9
85	1733	1182	1733	675	249552	144	0	144	144	144	707.549	280.398	6.365	7.357	1.734	7.695	707.549	280.398	6.365	697	271	2	20	21	9
86	3086	2002	3086	1227	465986	151	0	151	151	151	557.814	291.419	6.237	10.408	3.854	10.090	557.815	291.419	6.237	545	280	2	36	22	9
87	851	628	851	409	124246	146	0	146	146	146	758.048	283.702	6.385	5.707	1.297	5.520	758.045	283.701	6.385	750	280	2	17	8	9
88	2292	1548	2292	928	683016	298	0	298	298	298	393.303	292.103	6.370	8.970	3.016	8.887	393.301	292.103	6.370	382	277	2	23	29	9
89	1889	1336	1889	827	283350	150	0	150	150	150	433.911	286.394	6.152	8.190	2.529	8.264	433.914	286.394	6.152	424	277	2	22	21	9
90	1487	1050	1487	615	234946	158	0	158	158	158	375.053	295.237	5.773	6.983	1.772	7.382	375.056	295.237	5.773	366	286	2	19	19	8
91	1754	1164	1754	713	254330	145	0	145	145	145	650.223	283.608	5.926	7.471	1.951	7.868	650.221	283.608	5.926	641	274	2	20	20	9
92	1396	998	1396	588	411820	295	0	295	295	295	871.302	287.436	6.552	6.805	1.625	7.044	871.303	287.436	6.552	863	279	2	18	16	9
93	1587	1082	1587	694	252333	159	0	159	159	159	760.507	296.038	6.466	7.421	2.040	7.216	760.507	296.039	6.466	751	289	2	18	19	10
94	3098	1764	3098	1065	495680	160	0	160	160	160	676.750	298.577	6.153	9.179	2.388	9.702	676.750	298.577	6.153	664	288	2	26	22	9
95	2143	1394	2143	832	345023	161	0	161	161	161	713.193	298.735	6.044	8.349	2.381	8.265	713.192	298.736	6.044	701	289	2	25	20	10
96	1325	986	1325	589	206700	156	0	156	156	156	974.931	294.522	5.782	6.812	1.877	7.118	974.938	294.522	5.782	966	285	2	19	19	8
97	1267	938	1267	583	382634	302	0	302	302	302	536.429	292.492	6.635	6.684	1.815	7.010	536.431	292.493	6.635	529	283	2	16	19	9
98	1463	996	1463	651	226765	155	0	155	155	155	740.669	291.508	6.064	7.037	1.833	7.297	740.670	291.508	6.064	732	284	2	18	15	8
99	2638	1578	2638	1013	804590	305	0	305	305	305	777.211	300.936	6.516	8.869	2.433	9.036	777.211	300.936	6.516	765	292	2	26	23	10
100	2593	1628	2593	1017	427845	165	0	165	165	165	870.143	304.751	6.156	8.909	2.543	9.192	870.142	304.751	6.156	857	295	2	28	21	9
101	2038	1358	2038	792	48912	24	0	24	24	24	390.390	315.503	5.299	7.959	2.147	8.262	390.390	315.503	5.299	380	305	2	23	22	8
102	1051	930	1051	524	180772	172	0	172	172	172	924.697	311.367	6.297	6.509	2.031	6.532	924.703	311.367	6.297	916	304	2	22	16	9
103	2045	1616	2045	897	335380	164	0	164	164	164	947.121	306.091	6.205	8.691	2.883	8.590	947.115	306.091	6.205	935	294	2	27	24	9
104	1637	1152	1637	690	284838	174	0	174	174	174	702.354	318.384	6.269	7.312	2.000	7.861	702.357	318.384	6.269	693	309	2	21	21	9
105	811	720	811	420	253032	312	0	312	312	312	720.842	311.693	6.430	5.869	1.777	5.799	720.845	311.693	6.430	715	301	2	12	22	9
106	2028	1390	2028	795	367068	181	0	181	181	181	583.435	322.828	6.404	8.338	2.672	8.193	583.434	322.828	6.404	569	312	2	27	20	9
107	2177	1448	2177	908	398391	183	0	183	183	183	290.186	332.689	6.280	8.469	2.533	8.600	290.188	332.689	6.280	282	321	2	19	24	9
108	2204	1572	2204	964	705280	320	0	320	320	320	907.845	327.510	6.627	8.982	3.154	8.923	907.845	327.510	6.627	897	312	2	23	29	9
109	2313	1640	2313	960	737847	319	0	319	319	319	934.930	327.305	6.406	8.841	2.867	8.777	934.924	327.306	6.406	924	314	2	21	31	9
110	1531	1060	1531	684	39806	26	0	26	26	26	566.198	341.995	5.446	7.301	2.071	7.365	566.198	341.995	5.446	556	333	2	20	20	8
111	1983	1326	1983	822	380736	192	0	192	192	192	583.183	345.359	6.133	8.111	2.331	8.338	583.183	345.359	6.133	575	333	2	18	23	9
112	1249	916	1249	550	243555	195	0	195	195	195	953.176	346.958	5.737	6.549	1.548	6.794	953.178	346.958	5.737	944	339	2	18	17	8
113	1543	1082	1543	682	291627	189	0	189	189	189	542.292	339.609	5.734	7.199	1.915	7.769	542.290	339.609	5.734	534	331	2	19	19	8
114	1141	856	1141	539	223636	196	0	196	196	196	553.839	351.320	6.495	6.448	1.774	6.579	553.835	351.320	6.495	547	341	2	16	21	8
115	1059	844	1059	502	205446	194	0	194	194	194	752.818	347.923	6.089	6.252	1.647	6.595	752.815	347.922	6.089	746	340	2	15	17	8
116	1228	880	1228	515	233320	190	0	190	190	190	737.248	343.706	6.030	6.462	1.504	6.824	737.251	343.706	6.030	729	336	2	17	16	9
117	1496	1052	1496	645	297704	199	0	199	199	199	538.733	357.811	5.550	7.034	1.827	7.462	538.735	357.812	5.550	530	350	2	19	19	8
118	1455	1044	1455	602	293910	202	0	202	202	202	789.789	359.023	6.303	6.939	1.738	7.367	789.787	359.023	6.303	781	351	2	19	17	9
119	863	766	863	453	173463	201	0	201	201	201	479.597	357.181	6.095	5.928	1.727	6.020	479.595	357.180	6.095	471	349	2	18	17	8
120	1892	1470	1892	865	673552	356	0	356	356	356	954.749	373.341	6.501	8.701	3.145	8.622	954.748	373.341	6.501	946	359	2	20	29	10
121	2370	1916	2370	1088	838980	354	0	354	354	354	488.287	369.869	6.975	9.989	4.329	9.193	488.285	369.868	6.975	466	358	2	39	29	10
122	4301	2702	4301	1677	929016	216	0	216	216	216	994.556	379.377	6.240	11.602	3.989	11.692	994.567	379.378	6.240	979	359	2	29	36	9
123	4281	2532	4281	1558	1588251	371	0	371	371	371	541.063	390.167	6.276	11.656	4.194	11.602	541.064	390.168	6.276	528	370	2	26	39	10
124	940	700	940	439	210560	224	0	224	224	224	1000.848	401.530	5.871	5.858	1.285	5.931	1000.848	401.530	5.871	994	396	2	13	14	9
125	3433	1944	3433	1208	1307973	381	0	381	381	381	669.241	408.435	6.815	9.857	2.888	10.048	669.244	408.437	6.815	658	393	2	24	29	10
126	3996	2710	3996	1761	931068	233	0	233	233	233	893.069	415.462	5.934	11.909	4.257	12.140	893.068	415.462	5.934	879	394	2	34	37	9
127	2036	1282	2036	771	802184	394	0	394	394	394	370.030	413.384	6.927	7.798	1.954	8.155	370.030	413.384	6.927	359	403	2	22	20	10
128	2058	1262	2058	774	808794	393	0	393	393	393	738.398	413.415	6.593	7.840	1.860	7.972	738.398	413.416	6.593	730	402	2	19	24	10
129	1238	1000	1238	568	297120	240	0	240	240	240	942.695	424.409	5.816	6.738	1.795	6.995	942.697	424.409	5.816	935	415	2	17	21	10
130	1256	984	1256	579	305208	243	0	243	243	243	580.264	430.600	6.233	6.734	1.873	6.999	580.264	430.600	6.233	571	422	2	19	19	8
131	1268	952	1268	548	523684	413	0	413	413	413	678.572	441.504	6.776	6.604	1.541	6.700	678.572	441.505	6.776	669	436	2	20	15	10
132	1775	1242	1775	775	436650	246	0	246	246	246	881.350	437.749	6.028	7.839	2.202	7.973	881.351	437.749	6.028	872	427	2	20	21	9
133	1698	1396	1698	857	426198	251	0	251	251	251	877.423	453.908	6.304	9.015	3.647	8.777	877.423	453.909	6.304	861	445	2	32	21	9
134	2895	1786	2895	1133	749805	259	0	259	259	259	882.599	481.405	6.889	9.536	2.986	9.640	882.595	481.404	6.889	873	467	2	20	33	10
135	1969	1464	1969	900	515878	262	0	262	262	262	829.698	495.087	5.933	8.718	3.346	8.576	829.699	495.088	5.933	820	481	2	27	27	8
136	1106	892	1106	536	36498	33	0	33	33	33	882.696	169.130	5.814	6.448	1.849	6.816	882.689	169.130	5.814	875	160	3	16	19	7
137	329	456	329	222	11844	36	0	36	36	36	738.444	175.161	5.666	4.409	1.437	4.526	738.444	175.161	5.666	733	170	3	13	13	6
138	1697	1312	1697	759	67880	40	0	40	40	40	752.763	186.223	6.000	7.916	2.529	7.974	752.763	186.223	6.000	742	176	3	23	23	7
139	380	468	380	225	14440	38	0	38	38	38	812.966	179.858	6.539	4.561	1.429	4.538	812.966	179.858	6.539	808	174	3	11	15	7
140	961	814	961	471	46128	48	0	48	48	48	711.856	189.748	5.963	6.131	1.827	6.302	711.856	189.748	5.963	703	182	3	19	16	7
141	1583	1298	1583	756	85482	54	0	54	54	54	730.973	198.196	6.243	7.970	2.855	7.973	730.980	198.196	6.243	721	184	3	24	25	7
142	1191	932	1191	541	69078	58	0	58	58	58	896.419	206.221	5.851	6.525	1.749	6.878	896.412	206.221	5.851	888	197	3	18	19	7
143	1065	778	1065	492	287550	270	0	270	270	270	873.362	207.868	6.546	6.177	1.581	6.401	873.364	207.868	6.546	868	200	3	13	17	8
144	333	492	333	227	3330	10	0	10	10	10	757.715	203.685	5.520	5.239	1.815	5.125	757.715	203.685	5.520	749	199	3	17	10	6
145	1055	882	1055	495	64355	61	0	61	61	61	805.802	213.532	6.273	6.467	2.057	6.428	805.798	213.532	6.273	799	206	3	21	16	8
146	518	450	518	292	139342	269	0	269	269	269	1001.751	208.500	6.542	4.747	1.178	4.644	1001.750	208.500	6.542	994	205	3	14	8	7
147	932	772	932	436	62444	67	0	67	67	67	649.436	221.777	5.778	5.959	1.564	6.214	649.439	221.777	5.778	643	214	3	14	17	8
148	516	520	516	299	35604	69	0	69	69	69	483.016	221.882	5.624	4.881	1.351	4.862	483.016	221.882	5.624	479	215	3	12	15	6
149	1278	920	1278	555	94572	74	0	74	74	74	924.505	229.462	6.123	6.721	1.742	6.820	924.498	229.462	6.123	915	222	3	20	15	7
150	1235	868	1235	541	334685	271	0	271	271	271	570.591	220.641	6.905	6.463	1.473	6.761	570.591	220.641	6.905	562	212	3	17	17	9
151	1123	822	1123	500	89840	80	0	80	80	80	564.740	235.024	5.842	6.263	1.448	6.502	564.740	235.024	5.842	556	228	3	17	16	7
152	839	730	839	405	66281	79	0	79	79	79	491.049	233.865	6.006	5.697	1.470	6.043	491.051	233.865	6.006	484	226	3	16	17	7
153	1876	1304	1876	788	155708	83	0	83	83	83	248.027	240.986	6.454	7.973	2.340	8.102	248.030	240.987	6.454	240	230	3	18	24	8
154	730	578	730	367	59860	82	0	82	82	82	299.404	239.840	5.784	5.352	1.183	5.511	299.404	239.840	5.784	294	234	3	12	12	7
155	936	800	936	441	82368	88	0	88	88	88	448.477	244.886	6.281	5.940	1.513	6.150	448.477	244.886	6.281	441	237	3	15	17	7
156	1235	914	1235	549	335920	272	0	272	272	272	281.408	233.794	7.300	6.595	1.737	6.758	281.408	233.794	7.300	272	226	3	20	15	9
157	987	848	987	492	88830	90	0	90	90	90	786.334	246.380	6.045	6.143	1.741	6.594	786.329	246.380	6.045	778	239	3	18	16	7
158	1314	1004	1314	635	360036	274	0	274	274	274	874.299	246.906	6.390	7.220	2.309	7.247	874.296	246.906	6.390	865	235	3	21	21	8
159	462	424	462	258	42042	91	0	91	91	91	881.154	241.764	6.368	4.515	0.951	4.446	881.156	241.764	6.368	878	235	3	8	12	8
160	586	522	586	319	53912	92	0	92	92	92	892.442	244.988	6.225	4.974	1.097	4.931	892.442	244.988	6.225	887	241	3	13	9	8
161	748	686	748	382	70312	94	0	94	94	94	591.365	246.731	6.392	5.609	1.634	5.718	591.366	246.731	6.392	583	241	3	17	13	7
162	942	802	942	455	83838	89	0	89	89	89	606.531	242.717	6.298	6.016	1.597	6.339	606.528	242.717	6.298	599	235	3	17	17	7
163	1014	840	1014	508	278850	275	0	275	275	275	133.684	254.433	6.629	6.258	1.750	6.387	133.685	254.433	6.629	125	247	3	19	14	7
164	1060	820	1060	495	289380	273	0	273	273	273	312.862	241.906	6.727	6.217	1.625	6.460	312.861	241.906	6.727	307	233	3	14	18	8
165	1356	1038	1356	612	134244	99	0	99	99	99	484.973	253.971	6.075	6.911	1.947	7.330	484.976	253.971	6.075	476	245	3	19	19	7
166	808	758	808	451	77568	96	0	96	96	96	506.755	246.614	6.442	6.284	2.274	5.989	506.755	246.614	6.442	497	240	3	21	12	8
167	633	562	633	367	74694	118	0	118	118	118	217.551	259.848	5.678	5.809	2.228	5.557	217.551	259.848	5.678	215	250	3	6	21	7
168	1265	966	1265	566	350405	277	0	277	277	277	381.418	255.538	6.923	6.651	1.753	6.987	381.418	255.537	6.923	373	247	3	18	18	8
169	1375	1120	1375	648	379500	276	0	276	276	276	579.300	255.103	6.519	8.016	3.294	7.448	579.296	255.103	6.519	567	248	3	31	13	9
170	503	448	503	272	51809	103	0	103	103	103	892.736	254.149	5.742	4.715	1.046	4.644	892.738	254.149	5.742	886	251	3	13	8	7
171	1648	1088	1648	676	182928	111	0	111	111	111	819.625	260.193	6.146	7.254	1.772	7.604	819.628	260.193	6.146	810	252	3	20	18	8
172	1181	1090	1181	642	134634	114	0	114	114	114	330.479	259.441	6.183	7.079	2.431	7.155	330.478	259.441	6.183	316	250	3	26	19	7
173	972	906	972	494	103032	106	0	106	106	106	529.155	258.820	6.350	6.313	1.968	6.428	529.152	258.820	6.350	520	250	3	22	17	8
174	503	490	503	279	51306	102	0	102	102	102	505.404	255.618	6.167	4.977	1.610	4.641	505.404	255.618	6.167	497	253	3	18	7	7
175	1400	1116	1400	640	151200	108	0	108	108	108	676.392	259.662	6.391	7.219	2.086	7.248	676.397	259.662	6.391	666	252	3	23	18	8
176	1270	972	1270	564	138430	109	0	109	109	109	755.535	259.135	6.341	6.722	1.876	6.822	755.532	259.135	6.341	746	251	3	20	18	7
177	782	658	782	433	88366	113	0	113	113	113	243.352	260.078	6.211	6.012	1.984	6.101	243.351	260.078	6.211	236	255	3	18	13	7
178	2499	1674	2499	1071	292383	117	0	117	117	117	357.123	261.993	6.564	9.447	3.245	9.497	357.121	261.993	6.564	343	251	3	30	23	8
179	919	826	919	460	119470	130	0	130	130	130	951.180	268.149	6.045	5.958	1.670	6.259	951.175	268.149	6.045	943	259	3	18	18	7
180	885	722	885	440	110625	125	0	125	125	125	901.690	267.105	6.181	5.872	1.531	5.912	901.689	267.105	6.181	896	260	3	15	15	7
181	1541	1044	1541	682	201871	131	0	131	131	131	741.388	273.616	6.435	7.178	1.864	7.651	741.390	273.616	6.435	734	263	3	17	20	8
182	2619	1626	2619	1078	324756	124	0	124	124	124	766.400	269.614	6.530	9.690	3.548	9.211	766.410	269.614	6.530	751	258	3	31	22	8
183	1480	1034	1480	657	186480	126	0	126	126	126	133.557	269.231	6.084	7.075	1.765	7.486	133.557	269.231	6.084	124	262	3	18	17	8
184	1495	1044	1495	599	189865	127	0	127	127	127	424.851	268.282	6.499	6.940	1.684	7.370	424.854	268.282	6.499	416	260	3	19	18	8
185	1377	994	1377	632	391068	284	0	284	284	284	523.985	275.774	6.490	6.902	1.835	7.225	523.989	275.774	6.490	516	267	3	18	17	8
186	712	718	712	402	93984	132	0	132	132	132	876.184	270.419	5.938	5.608	1.622	5.909	876.182	270.419	5.938	869	263	3	16	15	6
187	737	648	737	365	101706	138	0	138	138	138	102.796	276.434	6.380	5.420	1.321	5.665	102.796	276.434	6.380	95	269	3	15	15	7
188	1107	892	1107	547	148338	134	0	134	134	134	336.278	274.677	6.370	6.474	1.767	6.840	336.280	274.677	6.370	328	267	3	18	17	7
189	964	852	964	474	111824	116	0	116	116	116	603.310	262.876	6.608	6.108	1.703	6.450	603.310	262.876	6.608	596	255	3	16	17	8
190	1671	1194	1671	723	228927	137	0	137	137	137	256.075	275.974	6.245	7.619	2.191	7.486	256.073	275.974	6.245	244	268	3	24	19	8
191	3184	2124	3184	1360	445760	140	0	140	140	140	920.887	279.085	6.039	11.604	4.687	11.591	920.895	279.086	6.039	902	268	3	39	23	7
192	1051	810	1051	487	295331	281	0	281	281	281	374.253	271.686	6.790	6.207	1.608	6.593	374.252	271.686	6.790	367	264	3	16	17	8
193	1502	1044	1502	619	428070	285	0	285	285	285	119.427	280.157	7.165	7.010	1.795	7.412	119.426	280.157	7.165	111	271	3	18	19	8
194	1527	1054	1527	625	215307	141	0	141	141	141	987.341	279.797	6.109	7.049	1.774	7.490	987.341	279.797	6.109	979	271	3	18	19	8
195	1737	1290	1737	754	248391	143	0	143	143	143	458.364	280.564	6.535	8.164	2.780	7.954	458.366	280.564	6.535	447	271	3	26	20	8
196	904	810	904	442	134696	149	0	149	149	149	193.049	287.147	6.502	5.969	1.597	6.201	193.048	287.147	6.502	185	280	3	17	16	8
197	1095	920	1095	533	168630	154	0	154	154	154	956.047	291.475	6.167	6.449	1.832	6.780	956.044	291.475	6.167	947	283	3	17	19	8
198	1087	858	1087	493	313056	288	0	288	288	288	75.501	282.784	7.074	6.309	1.668	6.570	75.501	282.784	7.074	66	275	3	19	16	8
199	1478	1088	1478	696	224656	152	0	152	152	152	520.376	293.111	6.367	7.470	2.374	7.451	520.376	293.111	6.367	512	283	3	19	22	8
200	3093	2036	3093	1279	924807	299	0	299	299	299	845.971	293.231	6.702	10.213	3.512	10.336	845.966	293.232	6.702	832	281	3	30	30	9
201	492	522	492	276	144648	294	0	294	294	294	419.030	287.817	6.974	4.918	1.471	4.656	419.031	287.817	6.974	415	280	3	8	17	8
202	905	802	905	445	268785	297	0	297	297	297	926.014	292.699	6.533	5.976	1.582	6.218	926.014	292.699	6.533	918	286	3	17	16	8
203	1226	920	1226	528	362896	296	0	296	296	296	259.305	291.178	6.706	6.574	1.771	6.632	259.305	291.178	6.706	251	285	3	21	14	8
204	1157	868	1157	510	348257	301	0	301	301	301	99.041	292.208	6.776	6.434	1.524	6.547	99.041	292.208	6.776	92	284	3	16	17	8
205	1125	826	1125	515	176625	157	0	157	157	157	84.615	295.792	6.328	6.338	1.569	6.648	84.615	295.792	6.328	77	288	3	15	17	7
206	941	708	941	443	275713	293	0	293	293	293	830.537	285.980	6.508	5.878	1.448	6.096	830.536	285.980	6.508	823	279	3	14	16	7
207	1768	1188	1768	728	537472	304	0	304	304	304	505.904	301.485	7.031	7.552	1.993	7.956	505.905	301.485	7.031	496	292	3	23	20	8
208	1751	1226	1751	707	535806	306	0	306	306	306	116.054	301.546	6.682	7.566	1.874	7.677	116.053	301.547	6.682	107	291	3	18	21	9
209	759	726	759	394	229977	303	0	303	303	303	459.340	296.067	6.755	5.611	1.701	5.782	459.340	296.067	6.755	451	288	3	16	15	8
210	1235	926	1235	526	201305	163	0	163	163	163	644.103	305.912	5.928	6.524	1.593	6.831	644.104	305.912	5.928	636	298	3	18	17	7
211	2112	1698	2112	995	359040	170	0	170	170	170	818.358	311.711	6.571	9.069	3.140	9.160	818.356	311.711	6.571	806	299	3	30	25	8
212	919	1060	919	541	148878	162	0	162	162	162	906.649	302.249	6.654	6.519	2.162	6.770	906.646	302.249	6.654	899	293	3	18	20	8
213	1437	1130	1437	658	445470	310	0	310	310	310	294.388	309.841	6.825	7.308	2.286	7.471	294.390	309.841	6.825	283	300	3	22	20	8
214	935	854	935	485	157080	168	0	168	168	168	539.501	309.420	6.096	6.220	1.851	6.507	539.501	309.420	6.096	531	302	3	18	15	8
215	1273	950	1273	554	211318	166	0	166	166	166	424.269	307.838	6.483	6.649	1.753	6.994	424.272	307.838	6.483	416	299	3	17	19	8
216	357	428	357	223	111027	311	0	311	311	311	523.521	310.034	6.501	4.277	1.258	4.273	523.522	310.034	6.501	517	306	3	13	9	7
217	2102	1438	2102	895	359442	171	0	171	171	171	557.891	312.732	6.483	8.426	2.455	8.487	557.892	312.732	6.483	549	302	3	19	24	8
218	2536	1840	2536	1086	793768	313	0	313	313	313	260.761	320.058	6.871	9.689	3.496	9.731	260.760	320.058	6.871	251	306	3	21	32	9
219	152	246	152	109	25688	169	0	169	169	169	626.763	310.770	6.020	3.228	1.025	3.085	626.763	310.770	6.020	623	305	3	8	10	7
220	2396	1774	2396	1053	424092	177	0	177	177	177	667.454	322.356	6.599	9.484	3.605	9.432	667.452	322.356	6.599	657	309	3	22	34	8
221	1184	1006	1184	569	375328	317	0	317	317	317	787.353	317.648	6.710	6.798	2.207	6.995	787.353	317.648	6.710	777	309	3	25	17	8
222	1119	1042	1119	574	351366	314	0	314	314	314	192.363	317.548	7.411	6.966	2.559	7.011	192.361	317.548	7.411	184	303	3	18	28	9
223	1006	760	1006	486	176050	175	0	175	175	175	684.938	320.456	6.690	6.115	1.529	6.222	684.939	320.456	6.690	680	312	3	12	17	8
224	593	616	593	323	187388	316	0	316	316	316	117.408	317.275	7.164	5.123	1.365	5.086	117.408	317.275	7.164	110	313	3	16	11	8
225	477	640	477	306	150255	315	0	315	315	315	620.652	316.514	6.210	5.869	2.336	5.882	620.652	316.513	6.210	614	307	3	20	16	7
226	1107	874	1107	501	198153	179	0	179	179	179	645.988	322.465	6.002	6.332	1.613	6.601	645.989	322.465	6.002	637	316	3	19	16	7
227	738	712	738	407	127674	173	0	173	173	173	850.614	312.995	6.230	5.703	1.783	5.766	850.612	312.994	6.230	841	306	3	19	15	7
228	1710	1188	1710	719	300960	176	0	176	176	176	884.632	318.551	6.460	7.503	2.068	7.962	884.632	318.551	6.460	874	309	3	23	20	8
229	1318	992	1318	587	234604	178	0	178	178	178	308.958	320.948	6.420	6.790	1.827	7.162	308.956	320.948	6.420	299	312	3	20	18	8
230	1266	1018	1266	586	230412	182	0	182	182	182	442.980	323.102	6.300	6.744	1.941	7.252	442.983	323.102	6.300	434	315	3	20	17	8
231	719	636	719	383	17975	25	0	25	25	25	544.150	323.350	5.679	5.401	1.418	5.630	544.150	323.350	5.679	537	317	3	16	13	6
232	599	592	599	309	107820	180	0	180	180	180	1002.566	321.078	6.499	5.296	1.631	5.042	1002.564	321.078	6.499	998	313	3	9	17	8
233	1413	1064	1413	605	760194	538	0	538	538	538	843.965	325.120	7.544	6.873	1.722	7.209	843.964	325.120	7.544	835	317	3	21	18	9
234	1127	898	1127	522	365148	324	0	324	324	324	204.956	329.277	6.716	6.390	1.799	6.768	204.955	329.277	6.716	197	321	3	18	18	7
235	1123	920	1123	543	361606	322	0	322	322	322	757.014	329.616	6.660	6.463	1.824	6.880	757.012	329.616	6.660	748	321	3	18	18	7
236	1528	1204	1528	716	498128	326	0	326	326	326	822.242	329.551	6.669	7.377	2.247	7.545	822.243	329.551	6.669	812	318	3	21	22	8
237	749	704	749	388	245672	328	0	328	328	328	615.445	333.652	6.920	5.647	1.587	5.698	615.444	333.652	6.920	609	326	3	13	17	8
238	1838	1452	1838	868	990682	539	0	539	539	539	53.528	338.018	7.301	8.537	3.079	8.352	53.529	338.019	7.301	46	323	3	18	32	9
239	998	778	998	465	329340	330	0	330	330	330	274.148	335.677	7.239	6.018	1.384	6.232	274.147	335.677	7.239	267	328	3	14	17	9
240	1284	952	1284	590	408312	318	0	318	318	318	740.237	321.900	6.618	6.786	1.874	7.085	740.239	321.900	6.618	731	315	3	20	18	7
241	865	716	865	432	286315	331	0	331	331	331	853.561	336.333	6.760	5.925	1.736	5.750	853.561	336.333	6.760	845	331	3	19	10	8
242	1405	952	1405	599	259925	185	0	185	185	185	313.567	337.801	6.380	6.858	1.760	7.286	313.566	337.800	6.380	305	330	3	18	17	7
243	244	330	244	158	45384	186	0	186	186	186	626.135	336.783	5.742	3.681	0.890	3.609	626.135	336.783	5.742	623	332	3	8	11	6
244	1543	1140	1543	703	288541	187	0	187	187	187	680.877	338.070	6.157	7.369	2.084	7.691	680.878	338.070	6.157	669	330	3	22	20	8
245	1525	1026	1525	593	291275	191	0	191	191	191	120.017	345.021	6.410	6.963	1.588	7.445	120.018	345.021	6.410	112	336	3	18	19	8
246	1112	868	1112	506	373632	336	0	336	336	336	601.515	346.692	6.580	6.331	1.669	6.726	601.515	346.692	6.580	594	339	3	16	17	8
247	2310	1504	2310	916	796950	345	0	345	345	345	853.396	352.244	6.852	8.473	2.360	8.889	853.396	352.243	6.852	843	342	3	25	23	9
248	1619	1146	1619	645	556936	344	0	344	344	344	334.673	352.119	6.700	7.243	1.841	7.553	334.675	352.119	6.700	326	342	3	19	20	9
249	676	582	676	361	127088	188	0	188	188	188	524.747	339.331	6.277	5.475	1.605	5.391	524.747	339.331	6.277	516	334	3	17	10	7
250	1371	1040	1371	610	467511	341	0	341	341	341	281.850	350.709	6.807	6.843	1.751	7.310	281.850	350.709	6.807	273	343	3	18	18	8
251	621	698	621	370	208035	335	0	335	335	335	395.296	347.024	6.554	5.467	1.702	5.664	395.297	347.024	6.554	386	341	3	17	15	7
252	387	540	387	259	10449	27	0	27	27	27	37.292	348.217	5.757	5.088	1.946	5.163	37.292	348.217	5.757	30	342	3	16	16	6
253	1267	958	1267	531	430780	340	0	340	340	340	83.581	347.789	6.915	6.576	1.612	6.934	83.581	347.789	6.915	75	339	3	17	18	8
254	1068	888	1068	502	362052	339	0	339	339	339	437.637	344.263	6.616	6.276	1.742	6.713	437.637	344.263	6.616	429	336	3	18	17	7
255	1456	1086	1456	632	486304	334	0	334	334	334	835.253	342.353	7.220	7.120	2.011	7.409	835.254	342.353	7.220	827	333	3	18	23	9
256	573	552	573	309	110589	193	0	193	193	193	523.878	348.005	6.068	5.335	1.725	5.155	523.876	348.005	6.068	516	345	3	17	8	7
257	780	742	780	413	21840	28	0	28	28	28	422.440	353.326	5.622	5.731	1.653	5.965	422.440	353.326	5.622	416	346	3	15	17	7
258	1441	1258	1441	724	778140	540	0	540	540	540	490.139	343.851	7.826	7.834	2.895	7.730	490.141	343.851	7.826	479	334	3	26	21	9
259	1124	934	1124	551	222552	198	0	198	198	198	939.924	355.698	5.985	6.571	1.961	6.814	939.927	355.698	5.985	931	347	3	19	19	7
260	695	670	695	389	139000	200	0	200	200	200	134.637	358.866	6.095	5.498	1.587	5.775	134.637	358.866	6.095	127	352	3	15	16	6
261	1410	1054	1410	608	490680	348	0	348	348	348	566.423	363.500	6.250	6.912	1.851	7.289	566.426	363.500	6.250	558	354	3	18	20	8
262	1323	1074	1323	637	275184	208	0	208	208	208	714.425	370.319	6.397	7.097	2.224	7.393	714.425	370.319	6.397	703	357	3	22	22	8
263	1055	916	1055	522	214165	203	0	203	203	203	872.895	360.170	5.949	6.460	2.021	6.711	872.896	360.169	5.949	861	352	3	21	18	7
264	942	868	942	512	326874	347	0	347	347	347	358.618	357.461	7.030	6.266	1.881	6.647	358.619	357.461	7.030	350	349	3	18	17	8
265	1379	1040	1379	615	284074	206	0	206	206	206	302.339	370.375	6.054	6.934	1.914	7.335	302.341	370.375	6.054	294	362	3	19	19	7
266	1158	990	1158	565	237390	205	0	205	205	205	895.788	370.083	6.221	6.613	1.967	7.017	895.787	370.083	6.221	886	362	3	19	19	7
267	795	736	795	389	166950	210	0	210	210	210	319.825	374.507	6.376	5.737	1.679	5.824	319.824	374.507	6.376	313	366	3	15	17	7
268	1050	916	1050	506	369600	352	0	352	352	352	515.760	367.254	7.022	6.306	1.796	6.675	515.760	367.254	7.022	507	358	3	17	19	8
269	1763	1228	1763	730	375519	213	0	213	213	213	749.251	382.466	6.487	7.570	2.009	7.958	749.251	382.466	6.487	740	370	3	21	23	8
270	1226	1048	1226	582	256234	209	0	209	209	209	809.504	374.603	6.008	6.801	2.108	7.080	809.502	374.603	6.008	801	366	3	19	23	7
271	229	424	229	181	458	2	0	2	2	2	877.646	376.690	4.891	4.169	1.600	4.221	877.646	376.690	4.891	870	371	3	16	11	5
272	1703	1292	1703	762	611377	359	0	359	359	359	200.107	381.827	7.082	7.850	2.515	7.786	200.107	381.827	7.082	189	370	3	19	29	9
273	1381	1032	1381	597	483350	350	0	350	350	350	442.802	366.818	6.873	6.947	1.898	7.215	442.803	366.818	6.873	434	359	3	19	20	8
274	1845	1240	1845	779	669735	363	0	363	363	363	499.937	383.928	7.250	7.695	2.164	8.371	499.938	383.928	7.250	489	374	3	22	22	8
275	1780	1284	1780	741	642580	361	0	361	361	361	679.330	378.912	6.504	7.653	2.216	7.974	679.331	378.913	6.504	665	369	3	26	20	8
276	1595	1248	1595	700	342925	215	0	215	215	215	792.078	383.199	6.256	7.492	2.191	7.652	792.079	383.199	6.256	781	374	3	25	22	8
277	613	680	613	381	131182	214	0	214	214	214	922.516	380.768	5.910	5.598	1.932	5.589	922.518	380.768	5.910	914	374	3	17	13	7
278	199	332	199	141	5970	30	0	30	30	30	519.543	381.608	5.211	3.686	1.228	3.646	519.543	381.608	5.211	514	377	3	13	9	6
279	2202	1402	2202	877	792720	360	0	360	360	360	243.255	376.864	7.599	8.205	2.196	8.584	243.252	376.864	7.599	233	366	3	22	20	9
280	1156	952	1156	546	628864	544	0	544	544	544	404.407	382.856	7.558	6.515	1.770	6.941	404.407	382.856	7.558	396	374	3	18	18	9
281	1600	1044	1600	683	588800	368	0	368	368	368	242.426	392.244	7.089	7.453	2.124	7.123	242.426	392.244	7.089	231	387	3	24	11	9
282	2113	1610	2113	929	1151585	545	0	545	545	545	217.423	396.043	7.572	9.432	4.080	8.686	217.423	396.039	7.572	196	386	3	34	19	9
283	1047	956	1047	536	383202	366	0	366	366	366	597.354	390.504	6.585	6.508	2.173	6.791	597.356	390.505	6.585	589	382	3	18	23	8
284	1503	1144	1503	664	566631	377	0	377	377	377	968.998	402.983	6.600	7.410	2.395	7.588	968.996	402.983	6.600	959	388	3	20	24	9
285	1943	1260	1943	732	716967	369	0	369	369	369	309.111	393.559	6.903	7.647	1.946	8.126	309.110	393.557	6.903	299	384	3	21	21	9
286	1732	1260	1732	771	377576	218	0	218	218	218	907.322	394.596	5.949	7.786	2.281	8.056	907.320	394.597	5.949	897	384	3	23	22	7
287	1408	1076	1408	667	308352	219	0	219	219	219	732.392	393.183	6.563	7.135	2.042	7.540	732.393	393.183	6.563	725	382	3	18	20	8
288	1232	920	1232	561	272272	221	0	221	221	221	341.052	397.632	6.109	6.625	1.772	6.990	341.051	397.632	6.109	333	389	3	18	18	7
289	1601	1056	1601	646	582764	364	0	364	364	364	562.570	388.192	7.000	7.156	1.791	7.575	562.573	388.192	7.000	554	378	3	18	20	8
290	1742	1194	1742	776	378014	217	0	217	217	217	686.406	396.478	6.505	7.636	2.157	8.136	686.405	396.478	6.505	678	386	3	21	24	8
291	2820	1962	2820	1260	628860	223	0	223	223	223	718.423	396.275	6.745	11.391	4.667	11.620	718.426	396.275	6.745	706	380	3	26	36	8
292	929	840	929	466	204380	220	0	220	220	220	875.574	395.358	6.157	6.130	1.814	6.308	875.579	395.359	6.157	868	387	3	16	20	7
293	655	732	655	395	243660	372	0	372	372	372	136.102	393.380	6.876	5.585	1.715	6.026	136.102	393.380	6.876	130	385	3	15	16	7
294	1180	1196	1180	659	436600	370	0	370	370	370	517.296	395.242	6.651	7.341	2.685	7.435	517.295	395.242	6.651	509	384	3	22	25	7
295	1926	1218	1926	735	718398	373	0	373	373	373	118.652	395.016	6.949	7.661	1.945	8.070	118.651	395.015	6.949	109	385	3	20	20	9
296	1415	958	1415	593	318375	225	0	225	225	225	357.122	403.045	5.942	6.841	1.687	7.085	357.120	403.045	5.942	349	394	3	18	19	7
297	2739	1536	2739	979	1029864	376	0	376	376	376	752.957	402.214	6.903	8.792	2.169	9.037	752.964	402.215	6.903	742	392	3	22	23	9
298	522	496	522	303	118494	227	0	227	227	227	936.471	405.301	5.686	5.125	1.699	5.020	936.471	405.301	5.686	932	397	3	9	17	7
299	2544	1602	2544	984	961632	378	0	378	378	378	245.522	405.797	6.645	8.952	2.766	8.764	245.520	405.797	6.645	231	398	3	29	21	9
300	1354	1216	1354	657	521290	385	0	385	385	385	176.399	408.475	6.509	7.640	2.758	7.470	176.398	408.477	6.509	163	399	3	25	19	8
301	647	562	647	325	147516	228	0	228	228	228	944.425	406.325	5.793	5.242	1.416	5.131	944.420	406.325	5.793	941	399	3	9	16	7
302	1658	1252	1658	722	628382	379	0	379	379	379	78.483	406.612	7.215	7.897	2.668	7.697	78.483	406.611	7.215	68	398	3	26	18	8
303	1176	842	1176	537	450408	383	0	383	383	383	404.454	410.632	7.470	6.443	1.593	6.773	404.455	410.630	7.470	397	403	3	16	16	9
304	1178	968	1178	561	270940	230	0	230	230	230	419.049	416.685	6.228	6.668	1.994	7.003	419.052	416.685	6.228	410	407	3	18	19	7
305	878	752	878	425	333640	380	0	380	380	380	42.924	408.187	6.790	5.820	1.568	6.132	42.924	408.187	6.790	34	401	3	18	15	8
306	1412	1108	1412	667	319112	226	0	226	226	226	641.183	406.230	6.516	7.200	2.186	7.488	641.180	406.230	6.516	631	398	3	23	17	8
307	546	722	546	359	126672	232	0	232	232	232	993.725	416.982	5.623	5.743	2.168	5.875	993.725	416.982	5.623	986	408	3	17	18	6
308	393	494	393	241	150912	384	0	384	384	384	154.814	410.094	6.697	4.643	1.424	4.693	154.814	410.094	6.697	149	404	3	13	13	7
309	1590	1158	1590	653	631230	397	0	397	397	397	783.592	418.950	7.215	7.244	1.896	7.569	783.592	418.949	7.215	772	410	3	22	19	9
310	1127	906	1127	545	260337	231	0	231	231	231	871.357	416.025	6.638	6.613	2.014	6.609	871.358	416.025	6.638	865	406	3	13	21	7
311	1244	948	1244	569	292340	235	0	235	235	235	640.297	423.117	6.254	6.725	1.949	7.077	640.297	423.118	6.254	631	415	3	21	17	7
312	1352	1084	1352	633	319072	236	0	236	236	236	926.297	421.642	6.225	7.033	2.067	7.209	926.301	421.642	6.225	918	411	3	18	23	7
313	462	536	462	283	182490	395	0	395	395	395	584.602	414.968	6.390	5.177	1.877	5.063	584.602	414.968	6.390	577	405	3	13	17	7
314	2233	1410	2233	881	533687	239	0	239	239	239	705.636	425.695	6.481	8.394	2.357	8.637	705.637	425.695	6.481	694	414	3	23	21	8
315	2642	1676	2642	1089	1072652	406	0	406	406	406	677.147	427.785	6.908	9.708	3.525	9.174	677.148	427.787	6.908	660	419	3	33	20	9
316	613	568	613	356	143442	234	0	234	234	234	857.227	419.202	6.331	5.392	1.832	5.048	857.224	419.202	6.331	844	412	3	21	12	7
317	1572	1056	1572	607	627228	399	0	399	399	399	966.820	420.421	7.127	7.045	1.561	7.423	966.820	420.423	7.127	958	413	3	19	16	9
318	2107	1332	2107	805	851228	404	0	404	404	404	727.667	427.350	6.723	7.978	2.078	8.329	727.665	427.350	6.723	718	417	3	21	21	8
319	1862	1330	1862	785	450604	242	0	242	242	242	160.533	427.798	6.306	8.153	2.712	8.170	160.531	427.799	6.306	151	415	3	25	24	7
320	1113	916	1113	532	446313	401	0	401	401	401	752.518	424.290	6.702	6.663	2.177	6.644	752.518	424.290	6.702	745	416	3	16	21	9
321	2357	2102	2357	1206	568037	241	0	241	241	241	187.784	427.084	6.402	10.734	4.783	10.001	187.783	427.084	6.402	176	408	3	28	40	8
322	1353	1182	1353	717	322014	238	0	238	238	238	204.427	426.922	6.276	7.562	2.540	7.308	204.429	426.922	6.276	198	412	3	14	27	8
323	1503	1044	1503	594	601200	400	0	400	400	400	561.206	423.124	6.886	6.954	1.725	7.243	561.202	423.124	6.886	552	413	3	19	20	8
324	1313	1036	1313	586	529139	403	0	403	403	403	139.976	428.896	6.781	6.768	1.879	7.243	139.976	428.897	6.781	132	420	3	18	19	8
325	2343	1462	2343	936	1286307	549	0	549	549	549	844.525	429.475	7.426	8.483	2.296	8.851	844.525	429.475	7.426	836	417	3	18	25	9
326	2271	1590	2271	1008	556395	245	0	245	245	245	221.529	429.393	6.408	9.002	2.971	9.075	221.528	429.393	6.408	213	415	3	21	26	8
327	2666	1758	2666	1098	1468966	551	0	551	551	551	826.310	432.069	7.193	9.581	3.266	9.398	826.311	432.069	7.193	815	417	3	23	31	9
328	1782	1120	1782	671	730620	410	0	410	410	410	970.221	437.343	7.196	7.382	1.583	7.676	970.219	437.344	7.196	961	430	3	20	16	10
329	1947	1240	1947	800	796323	409	0	409	409	409	862.468	434.384	6.900	7.829	2.087	8.134	862.468	434.385	6.900	854	425	3	19	21	9
330	557	512	557	317	137579	247	0	247	247	247	953.065	436.456	6.431	5.059	1.490	4.878	953.065	436.456	6.431	944	432	3	16	9	7
331	2166	1490	2166	881	905388	418	0	418	418	418	424.671	448.182	6.856	8.558	2.734	8.515	424.670	448.181	6.856	415	434	3	21	27	9
332	367	418	367	215	153039	417	0	417	417	417	759.616	445.831	6.395	4.273	1.063	4.173	759.616	445.831	6.395	756	440	3	9	11	8
333	1299	986	1299	558	717048	552	0	552	552	552	472.852	440.824	7.807	6.727	1.665	6.877	472.849	440.824	7.807	464	432	3	19	18	9
334	2001	1460	2001	831	830415	415	0	415	415	415	209.951	447.626	6.583	8.405	2.834	8.311	209.952	447.626	6.583	199	438	3	31	22	9
335	2909	1952	2909	1195	1236325	425	0	425	425	425	985.034	456.325	6.707	9.843	3.208	9.733	985.034	456.325	6.707	971	441	3	32	32	9
336	3049	1860	3049	1183	756152	248	0	248	248	248	919.126	450.263	6.489	9.525	2.864	10.057	919.137	450.263	6.489	906	435	3	26	29	8
337	536	514	536	301	133464	249	0	249	249	249	229.050	447.672	5.739	4.967	1.397	4.767	229.050	447.671	5.739	221	443	3	16	9	7
338	4615	2796	4615	1781	1970605	427	0	427	427	427	944.571	457.478	6.795	11.959	4.130	11.941	944.559	457.475	6.795	932	442	3	32	36	9
339	1742	1132	1742	707	721188	414	0	414	414	414	512.972	445.041	7.294	7.425	1.905	7.929	512.973	445.040	7.294	503	435	3	20	19	9
340	1211	988	1211	560	507409	419	0	419	419	419	390.678	449.747	7.408	6.639	1.814	6.965	390.678	449.748	7.408	382	441	3	18	18	9
341	3907	2670	3907	1587	1672196	428	0	428	428	428	725.082	464.469	6.860	11.521	4.124	11.296	725.085	464.470	6.860	709	447	3	33	35	9
342	1501	1098	1501	657	633422	422	0	422	422	422	224.019	459.662	7.051	7.290	2.125	7.471	224.020	459.661	7.051	214	452	3	22	18	8
343	748	690	748	387	314908	421	0	421	421	421	753.733	452.731	6.805	5.668	1.578	5.671	753.733	452.731	6.805	748	443	3	16	16	9
344	1517	1244	1517	726	637140	420	0	420	420	420	815.885	451.095	6.914	8.243	3.520	7.553	815.882	451.094	6.914	796	443	3	32	16	8
345	1354	1016	1354	592	341208	252	0	252	252	252	623.112	459.516	6.357	6.845	1.855	7.241	623.117	459.517	6.357	615	450	3	18	20	8
346	1749	1154	1749	684	437250	250	0	250	250	250	643.509	452.879	6.485	7.394	1.904	7.843	643.507	452.879	6.485	634	443	3	20	20	8
347	1141	994	1141	548	483784	424	0	424	424	424	492.035	458.405	6.923	6.672	1.898	6.906	492.032	458.404	6.923	481	451	3	20	17	8
348	370	414	370	214	93610	253	0	253	253	253	768.703	457.324	6.154	4.464	1.367	4.071	768.702	457.324	6.154	761	454	3	16	7	7
349	3193	1864	3193	1227	1379376	432	0	432	432	432	804.256	468.325	6.334	9.645	2.695	10.107	804.267	468.325	6.334	790	455	3	25	25	9
350	588	558	588	309	149352	254	0	254	254	254	870.406	462.325	6.386	5.077	1.305	4.900	870.408	462.325	6.386	862	458	3	15	11	7
351	1909	1330	1909	777	818961	429	0	429	429	429	690.138	461.584	6.583	7.714	2.166	8.246	690.138	461.582	6.583	679	451	3	22	21	8
352	1273	962	1273	580	542298	426	0	426	426	426	409.513	460.189	6.771	6.734	1.869	7.056	409.512	460.189	6.771	401	451	3	20	18	8
353	2260	1310	2260	869	576300	255	0	255	255	255	823.231	470.076	6.383	8.177	2.097	8.432	823.217	470.075	6.383	816	460	3	18	22	9
354	1613	1070	1613	674	412928	256	0	256	256	256	999.511	472.032	6.344	7.304	1.943	7.308	999.511	472.032	6.344	991	461	3	15	23	8
355	1360	1026	1360	615	591600	435	0	435	435	435	706.320	470.165	6.456	6.950	1.873	7.157	706.321	470.164	6.456	698	459	3	18	21	9
356	1041	826	1041	525	267537	257	0	257	257	257	913.944	473.927	6.461	6.559	2.091	6.413	913.940	473.927	6.461	908	464	3	11	21	8
357	1973	1354	1973	818	860228	436	0	436	436	436	977.551	474.656	7.160	8.003	2.264	8.405	977.549	474.656	7.160	963	465	3	26	22	9
358	1195	912	1195	570	515045	431	0	431	431	431	750.192	466.627	7.156	6.591	1.721	6.886	750.191	466.627	7.156	742	458	3	16	17	9
359	1081	840	1081	488	469154	434	0	434	434	434	674.633	472.900	7.512	6.231	1.494	6.588	674.632	472.901	7.512	668	466	3	15	16	9
360	1099	864	1099	505	475867	433	0	433	433	433	601.726	473.203	6.745	6.300	1.671	6.714	601.726	473.204	6.745	594	465	3	16	18	8
361	2017	1500	2017	898	895548	444	0	444	444	444	860.917	481.283	6.956	9.090	3.525	8.843	860.922	481.283	6.956	849	469	3	23	28	8
362	3275	2126	3275	1360	1437725	439	0	439	439	439	770.539	474.459	6.790	10.474	3.526	10.614	770.537	474.457	6.790	750	461	3	39	28	8
363	2120	1464	2120	933	934920	441	0	441	441	441	928.191	480.009	7.044	8.661	2.905	8.674	928.191	480.009	7.044	920	465	3	21	28	8
364	1279	882	1279	559	562760	440	0	440	440	440	900.091	476.010	6.703	6.582	1.481	6.830	900.096	476.010	6.703	894	467	3	14	17	8
365	3113	1958	3113	1211	1375946	442	0	442	442	442	324.276	478.396	7.892	10.264	3.594	10.107	324.274	478.396	7.892	309	466	3	32	25	10
366	683	590	683	349	305301	447	0	447	447	447	755.653	481.836	7.117	5.326	1.298	5.192	755.654	481.837	7.117	747	478	3	17	8	9
367	2451	1640	2451	989	1115205	455	0	455	455	455	140.387	490.787	7.098	8.895	2.692	9.118	140.387	490.786	7.098	129	480	3	25	24	9
368	2076	1352	2076	862	541836	261	0	261	261	261	718.356	488.677	6.350	8.192	2.209	8.582	718.356	488.676	6.350	708	477	3	20	24	8
369	1532	998	1532	684	398320	260	0	260	260	260	810.228	486.664	5.961	7.227	2.025	7.188	810.223	486.662	5.961	800	481	3	23	13	7
370	2110	1340	2110	785	964270	457	0	457	457	457	532.973	491.555	7.258	7.915	1.954	8.392	532.972	491.557	7.258	521	483	3	23	19	10
371	1330	1216	1330	665	611800	460	0	460	460	460	465.647	495.405	7.514	7.358	2.524	7.494	465.649	495.405	7.514	455	485	3	21	22	9
372	2064	1418	2064	948	951504	461	0	461	461	461	737.951	492.610	6.698	8.496	2.573	8.532	737.951	492.610	6.698	727	482	3	25	25	9
373	1392	1000	1392	561	793440	570	0	570	570	570	324.850	495.416	8.524	6.787	1.469	6.834	324.849	495.416	8.524	316	488	3	19	16	10
374	1412	1026	1412	655	659404	467	0	467	467	467	811.884	501.738	6.642	7.077	1.853	7.299	811.885	501.737	6.642	803	493	3	17	19	8
375	1078	834	1078	466	499114	463	0	463	463	463	96.343	495.891	6.974	6.180	1.482	6.462	96.344	495.891	6.974	89	488	3	16	17	8
376	1470	1064	1470	654	693840	472	0	472	472	472	714.423	507.280	6.440	7.102	1.883	7.617	714.428	507.279	6.440	706	499	3	18	18	8
377	2268	1422	2268	993	598752	264	0	264	264	264	734.408	510.407	6.141	8.684	2.641	8.839	734.400	510.406	6.141	724	502	3	21	25	8
378	2027	1356	2027	795	948636	468	0	468	468	468	422.213	503.188	7.139	7.948	2.155	8.330	422.211	503.189	7.139	411	492	3	23	22	9
379	2203	1540	2203	932	579389	263	0	263	263	263	553.049	505.888	6.635	8.883	2.932	8.875	553.050	505.887	6.635	541	494	3	27	24	9
380	1284	1036	1284	579	613752	478	0	478	478	478	791.008	509.433	7.105	6.769	1.952	7.167	791.009	509.433	7.105	783	499	3	17	20	9
381	1631	1104	1631	638	774725	475	0	475	475	475	119.091	510.640	7.273	7.236	1.750	7.432	119.092	510.639	7.273	110	502	3	19	18	9
382	1575	1104	1575	691	740250	470	0	470	470	470	756.806	505.912	7.331	7.278	1.990	7.749	756.807	505.911	7.331	748	497	3	21	20	9
383	2240	1848	2240	1095	1079680	482	0	482	482	482	642.575	521.892	7.093	9.319	3.115	9.588	642.574	521.890	7.093	628	513	3	30	23	9
384	1309	1008	1309	546	627011	479	0	479	479	479	471.539	514.063	7.456	6.647	1.681	7.005	471.538	514.065	7.456	463	506	3	18	18	9
385	1619	1194	1619	681	783596	484	0	484	484	484	600.121	520.980	7.148	7.576	2.266	7.447	600.119	520.981	7.148	588	512	3	25	23	9
386	1005	822	1005	470	575865	573	0	573	573	573	573.065	509.031	7.537	6.091	1.571	6.202	573.064	509.031	7.537	567	501	3	14	18	9
387	891	764	891	443	428571	481	0	481	481	481	581.377	523.349	7.224	5.863	1.583	6.157	581.376	523.350	7.224	575	517	3	14	16	8
388	1021	798	1021	472	490080	480	0	480	480	480	746.901	519.254	6.860	6.267	1.713	6.136	746.901	519.254	6.860	742	508	3	12	21	8
389	1079	870	1079	484	525473	487	0	487	487	487	29.182	526.030	7.546	6.226	1.616	6.588	29.182	526.030	7.546	21	519	3	17	17	9
390	1487	1088	1487	634	725656	488	0	488	488	488	253.992	526.192	7.126	7.061	1.960	7.506	253.990	526.192	7.126	246	518	3	18	20	8
391	2696	1686	2696	1052	1550200	575	0	575	575	575	314.563	517.339	7.477	9.343	2.968	9.321	314.561	517.343	7.477	300	504	3	27	27	10
392	2164	1540	2164	978	573460	265	0	265	265	265	726.804	526.707	6.591	9.114	3.255	9.196	726.803	526.706	6.591	712	517	3	31	22	8
393	1203	950	1203	561	590673	491	0	491	491	491	665.598	530.108	7.121	6.603	1.811	6.987	665.599	530.109	7.121	657	522	3	18	17	8
394	708	646	708	351	188328	266	0	266	266	266	609.158	531.104	6.477	5.450	1.447	5.448	609.156	531.104	6.477	599	526	3	18	13	8
395	1189	906	1189	517	588555	495	0	495	495	495	190.606	536.436	7.622	6.443	1.601	6.824	190.606	536.435	7.622	182	528	3	18	17	9
396	569	518	569	316	282224	496	0	496	496	496	411.779	540.262	7.193	5.131	1.561	4.959	411.779	540.262	7.193	403	537	3	16	8	8
397	2309	1584	2309	953	1154500	500	0	500	500	500	639.291	547.625	6.728	8.665	2.571	8.845	639.291	547.625	6.728	630	535	3	21	26	9
398	1457	1110	1457	635	725586	498	0	498	498	498	473.504	540.454	6.712	7.022	1.926	7.462	473.504	540.455	6.712	464	531	3	20	20	8
399	1575	1080	1575	625	796950	506	0	506	506	506	622.571	556.312	7.464	7.090	1.708	7.246	622.571	556.311	7.464	614	548	3	17	19	9
400	896	796	896	460	456064	509	0	509	509	509	473.100	558.504	6.621	5.985	1.729	6.164	473.100	558.505	6.621	465	551	3	17	15	7
401	1183	908	1183	518	705068	596	0	596	596	596	103.973	564.693	8.376	6.481	1.615	6.617	103.973	564.693	8.376	96	557	3	18	17	9
402	1363	974	1363	637	696493	511	0	511	511	511	293.394	562.255	7.331	6.938	1.848	7.240	293.395	562.253	7.331	285	553	3	18	17	8
403	1323	976	1323	597	680022	514	0	514	514	514	363.687	578.177	6.711	6.902	1.988	7.114	363.686	578.175	6.711	354	571	3	20	18	8
404	1391	956	1391	589	716365	515	0	515	515	515	566.865	576.069	7.111	6.839	1.678	7.021	566.865	576.068	7.111	557	570	3	20	15	9
405	928	786	928	450	554944	598	0	598	598	598	10.055	570.269	7.728	6.238	1.917	6.046	10.055	570.269	7.728	6	560	3	13	20	9
406	1543	1080	1543	625	796188	516	0	516	516	516	327.103	578.055	7.301	7.088	1.762	7.472	327.101	578.054	7.301	318	569	3	19	19	9
407	1972	1380	1972	842	1019524	517	0	517	517	517	163.283	590.767	7.568	8.322	2.786	8.366	163.282	590.766	7.568	150	580	3	25	20	10
408	1926	1360	1926	797	997668	518	0	518	518	518	54.553	599.977	7.749	8.086	2.459	8.187	54.554	599.976	7.749	44	590	3	21	23	10
409	1467	1012	1467	647	762840	520	0	520	520	520	468.149	611.493	6.648	7.022	1.866	7.439	468.145	611.493	6.648	461	603	3	17	18	8
410	1498	1120	1498	655	781956	522	0	522	522	522	316.615	627.206	7.379	7.193	2.078	7.609	316.614	627.206	7.379	308	618	3	19	22	10
411	841	710	841	415	225388	268	0	268	268	268	369.939	627.751	6.636	5.775	1.601	5.711	369.941	627.751	6.636	361	622	3	18	12	7
412	3118	2152	3118	1297	1655658	531	0	531	531	531	308.893	659.907	7.239	10.130	3.276	10.343	308.893	659.907	7.239	296	646	3	28	32	9
413	861	740	861	439	50799	59	0	59	59	59	681.055	208.303	6.364	5.852	1.656	6.077	681.058	208.303	6.364	673	201	4	17	16	6
414	1026	884	1026	542	83106	81	0	81	81	81	946.879	236.430	6.155	6.451	1.959	6.743	946.877	236.430	6.155	938	228	4	20	18	6
415	981	840	981	526	95157	97	0	97	97	97	907.063	248.146	6.343	6.379	1.938	6.472	907.061	248.146	6.343	900	238	4	17	19	7
416	643	566	643	367	178754	278	0	278	278	278	649.955	257.457	7.023	5.258	1.426	5.343	649.957	257.457	7.023	645	251	4	13	14	7
417	1039	866	1039	465	555865	535	0	535	535	535	101.524	258.601	7.917	6.176	1.575	6.402	101.524	258.601	7.917	93	251	4	17	17	8
418	849	824	849	459	239418	282	0	282	282	282	43.935	268.667	7.352	5.955	1.808	6.278	43.935	268.667	7.352	37	260	4	16	18	7
419	808	726	808	417	104232	129	0	129	129	129	187.067	268.806	6.474	5.691	1.525	5.990	187.066	268.806	6.474	180	260	4	15	17	6
420	1224	998	1224	587	341496	279	0	279	279	279	23.848	268.449	6.589	6.925	2.217	6.980	23.848	268.449	6.589	13	261	4	21	16	7
421	644	626	644	379	184184	286	0	286	286	286	359.894	279.346	6.452	5.393	1.636	5.518	359.896	279.346	6.452	352	271	4	16	16	6
422	1328	944	1328	563	383792	289	0	289	289	289	156.557	282.941	6.988	6.678	1.597	7.023	156.556	282.942	6.988	148	275	4	18	17	7
423	234	296	234	148	67158	287	0	287	287	287	1005.385	281.026	6.923	3.765	1.171	3.570	1005.385	281.026	6.923	1003	275	4	5	13	7
424	451	462	451	261	66748	148	0	148	148	148	944.596	284.639	6.361	4.622	1.254	4.517	944.596	284.639	6.361	941	277	4	9	15	7
425	679	596	679	340	196910	290	0	290	290	290	16.744	282.299	7.007	5.273	1.278	5.312	16.744	282.299	7.007	12	276	4	12	14	7
426	481	514	481	265	257816	536	0	536	536	536	243.160	282.114	7.746	4.694	1.188	4.776	243.160	282.114	7.746	236	276	4	13	12	8
427	615	546	615	342	179580	292	0	292	292	292	503.514	287.148	7.054	5.311	1.600	5.039	503.512	287.148	7.054	495	284	4	17	8	7
428	761	662	761	396	116433	153	0	153	153	153	696.712	291.060	6.399	5.558	1.472	5.647	696.711	291.060	6.399	690	284	4	16	16	6
429	882	752	882	419	264600	300	0	300	300	300	281.268	293.155	7.141	5.800	1.501	6.124	281.268	293.155	7.141	274	286	4	16	16	7
430	828	706	828	420	255024	308	0	308	308	308	693.574	305.629	6.955	5.924	1.729	5.894	693.571	305.629	6.955	684	297	4	17	17	7
431	859	750	859	441	143453	167	0	167	167	167	278.786	310.556	6.851	5.820	1.578	6.197	278.787	310.557	6.851	271	303	4	15	16	7
432	944	774	944	479	291696	309	0	309	309	309	74.755	309.099	7.033	6.079	1.758	6.464	74.755	309.099	7.033	66	301	4	18	17	6
433	1050	846	1050	495	337050	321	0	321	321	321	135.884	325.630	6.765	6.222	1.674	6.584	135.883	325.630	6.765	128	318	4	17	17	7
434	1303	960	1303	576	426081	327	0	327	327	327	38.081	331.419	7.035	6.772	1.752	7.032	38.081	331.419	7.035	29	323	4	17	18	8
435	1049	846	1049	502	349317	333	0	333	333	333	697.617	338.766	7.145	6.243	1.657	6.622	697.616	338.766	7.145	691	331	4	15	17	7
436	1154	928	1154	560	383128	332	0	332	332	332	355.830	340.181	6.990	6.568	1.841	6.941	355.833	340.181	6.990	347	332	4	19	17	7
437	1703	1162	1703	710	582426	342	0	342	342	342	465.132	349.676	7.225	7.442	2.011	7.897	465.133	349.676	7.225	455	340	4	20	20	7
438	1120	902	1120	502	377440	337	0	337	337	337	20.005	346.718	6.805	6.684	2.112	6.517	20.005	346.719	6.805	11	341	4	21	13	7
439	1007	814	1007	468	340366	338	0	338	338	338	251.612	344.512	7.035	6.115	1.638	6.409	251.610	344.513	7.035	243	337	4	18	16	7
440	1242	994	1242	577	429732	346	0	346	346	346	768.772	354.953	6.692	6.699	1.847	7.058	768.771	354.953	6.692	760	346	4	19	18	7
441	769	664	769	396	263767	343	0	343	343	343	230.038	354.053	7.211	5.567	1.426	5.955	230.038	354.053	7.211	223	348	4	15	13	7
442	965	762	965	449	336785	349	0	349	349	349	585.967	361.992	7.080	5.992	1.460	6.108	585.967	361.992	7.080	578	357	4	17	13	8
443	374	548	374	271	76296	204	0	204	204	204	21.979	364.184	6.273	4.774	1.653	5.031	21.979	364.184	6.273	16	358	4	15	14	5
444	1098	852	1098	473	595116	542	0	542	542	542	57.550	368.470	7.331	6.193	1.503	6.552	57.550	368.470	7.331	50	361	4	16	17	8
445	888	794	888	433	311688	351	0	351	351	351	41.003	365.914	7.212	5.914	1.638	6.193	41.003	365.915	7.212	32	358	4	17	16	7
446	570	620	570	343	117990	207	0	207	207	207	144.198	372.009	6.307	5.175	1.543	5.369	144.198	372.009	6.307	137	365	4	15	15	5
447	740	660	740	368	261220	353	0	353	353	353	376.996	371.900	6.749	5.432	1.407	5.750	376.995	371.900	6.749	370	365	4	15	14	7
448	1115	940	1115	532	398055	357	0	357	357	357	427.223	376.615	6.711	6.445	1.844	6.799	427.223	376.615	6.711	419	368	4	19	17	7
449	1251	888	1251	568	447858	358	0	358	358	358	969.405	377.120	6.596	6.621	1.742	7.074	969.406	377.120	6.596	962	368	4	16	18	6
450	670	612	670	338	142040	212	0	212	212	212	365.951	379.916	6.333	5.232	1.278	5.468	365.951	379.916	6.333	360	374	4	15	14	6
451	1308	932	1308	582	710244	543	0	543	543	543	214.346	378.121	8.121	6.737	1.775	6.834	214.347	378.120	8.121	209	369	4	14	20	8
452	921	806	921	453	333402	362	0	362	362	362	14.496	384.090	7.043	6.620	2.699	6.029	14.496	384.090	7.043	10	375	4	12	25	7
453	920	750	920	436	335800	365	0	365	365	365	187.386	392.259	6.832	5.867	1.517	6.154	187.385	392.259	6.832	181	384	4	15	17	7
454	1114	920	1114	564	247308	222	0	222	222	222	926.082	398.043	6.092	6.696	2.069	6.763	926.084	398.043	6.092	918	388	4	18	20	6
455	1016	836	1016	484	372872	367	0	367	367	367	772.216	394.079	6.790	6.159	1.672	6.486	772.216	394.078	6.790	764	386	4	17	17	7
456	1793	1258	1793	759	684926	382	0	382	382	382	851.399	407.127	7.180	7.818	2.364	7.941	851.398	407.126	7.180	838	396	4	25	20	8
457	1543	1142	1543	633	844021	547	0	547	547	547	21.605	407.427	7.308	7.268	2.055	7.430	21.605	407.427	7.308	14	397	4	18	24	8
458	912	776	912	443	342000	375	0	375	375	375	60.133	400.091	7.116	5.913	1.626	6.281	60.133	400.091	7.116	53	392	4	16	19	7
459	304	388	304	197	69616	229	0	229	229	229	107.566	411.395	6.178	4.466	1.546	4.420	107.566	411.395	6.178	104	406	4	9	14	5
460	1016	874	1016	508	393192	387	0	387	387	387	123.316	411.716	7.239	6.521	2.121	6.360	123.317	411.715	7.239	112	405	4	21	15	7
461	1138	828	1138	532	444958	391	0	391	391	391	389.595	414.792	6.680	6.419	1.698	6.727	389.595	414.792	6.680	382	406	4	16	18	6
462	653	652	653	379	255976	392	0	392	392	392	522.237	411.303	7.202	5.510	1.703	5.680	522.237	411.303	7.202	515	404	4	14	16	7
463	405	442	405	230	157140	388	0	388	388	388	577.657	410.588	6.620	4.587	1.356	4.411	577.656	410.588	6.620	574	404	4	9	14	6
464	1356	1096	1356	645	527484	389	0	389	389	389	306.035	415.155	6.608	7.016	2.066	7.445	306.035	415.155	6.608	297	406	4	19	20	6
465	302	342	302	185	117780	390	0	390	390	390	532.126	413.566	7.354	3.937	0.879	3.914	532.127	413.566	7.354	529	410	4	8	10	7
466	515	544	515	267	203940	396	0	396	396	396	510.396	418.206	7.188	4.900	1.277	4.836	510.398	418.206	7.188	503	413	4	15	11	7
467	1677	1110	1677	658	918996	548	0	548	548	548	464.627	425.354	7.550	7.259	1.787	7.731	464.625	425.355	7.550	456	416	4	19	20	8
468	459	488	459	249	108783	237	0	237	237	237	22.983	424.891	6.386	4.772	1.422	4.530	22.983	424.891	6.386	16	418	4	13	13	6
469	1400	988	1400	596	567000	405	0	405	405	405	401.358	427.746	7.524	6.858	1.717	7.248	401.358	427.746	7.524	392	420	4	19	17	8
470	389	442	389	232	154822	398	0	398	398	398	12.499	418.928	7.111	4.643	1.613	4.257	12.499	418.928	7.111	9	411	4	8	17	7
471	1460	1012	1460	610	803000	550	0	550	550	550	372.443	430.762	7.808	6.929	1.696	7.225	372.444	430.762	7.808	363	424	4	19	16	9
472	471	546	471	278	192168	408	0	408	408	408	912.909	429.384	6.675	5.042	1.650	4.853	912.910	429.384	6.675	905	420	4	16	16	6
473	231	318	231	158	56364	244	0	244	244	244	430.104	430.753	5.706	3.833	1.307	3.585	430.104	430.753	5.706	422	426	4	14	9	5
474	1000	822	1000	492	412000	412	0	412	412	412	705.792	441.554	6.528	6.201	1.760	6.333	705.795	441.554	6.528	697	436	4	19	14	6
475	298	362	298	180	122478	411	0	411	411	411	1003.601	440.070	7.312	4.107	1.285	3.954	1003.602	440.071	7.312	1001	434	4	6	14	8
476	987	878	987	498	547785	555	0	555	555	555	529.129	453.190	7.672	6.183	1.706	6.605	529.129	453.191	7.672	521	446	4	19	16	8
477	1362	1038	1362	592	576126	423	0	423	423	423	665.351	455.910	6.949	6.893	1.928	7.211	665.351	455.910	6.949	657	445	4	18	21	7
478	1226	970	1226	581	527180	430	0	430	430	430	964.004	462.394	6.803	6.669	1.872	7.052	964.004	462.394	6.803	957	453	4	17	20	7
479	1117	856	1117	485	622169	557	0	557	557	557	589.738	462.278	7.464	6.266	1.518	6.573	589.738	462.277	7.464	582	455	4	17	16	9
480	1440	1006	1440	610	803520	558	0	558	558	558	513.443	462.485	7.876	6.939	1.711	7.293	513.443	462.485	7.876	504	455	4	19	17	8
481	552	668	552	352	306912	556	0	556	556	556	177.391	457.114	7.303	5.365	1.778	5.655	177.391	457.114	7.303	170	450	4	15	16	7
482	1567	1092	1567	678	684779	437	0	437	437	437	640.188	472.612	6.811	7.247	1.976	7.698	640.188	472.612	6.811	631	464	4	19	19	7
483	1224	898	1224	521	685440	560	0	560	560	560	13.860	470.489	7.888	6.479	1.570	6.597	13.860	470.489	7.888	8	462	4	15	18	8
484	1608	1054	1608	633	902088	561	0	561	561	561	528.734	473.621	8.080	7.123	1.759	7.468	528.733	473.620	8.080	520	465	4	21	18	8
485	900	770	900	447	398700	443	0	443	443	443	584.479	477.697	7.157	6.039	1.821	6.230	584.479	477.697	7.157	577	471	4	17	15	7
486	712	734	712	404	402280	565	0	565	565	565	198.757	483.535	7.376	5.816	2.035	5.780	198.757	483.534	7.376	191	474	4	17	18	7
487	718	664	718	371	322382	449	0	449	449	449	422.210	482.266	7.056	5.737	1.914	5.424	422.210	482.265	7.056	419	473	4	10	20	7
488	1302	962	1302	571	580692	446	0	446	446	446	454.422	481.068	6.804	6.690	1.743	7.075	454.423	481.068	6.804	446	473	4	18	18	7
489	577	550	577	309	258496	448	0	448	448	448	414.144	482.664	7.127	5.306	1.716	5.009	414.144	482.664	7.127	409	473	4	9	20	7
490	1318	1046	1318	619	594418	451	0	451	451	451	626.152	487.630	7.011	7.133	2.337	7.275	626.153	487.631	7.011	618	478	4	17	24	7
491	898	790	898	460	404100	450	0	450	450	450	788.631	487.784	7.522	5.940	1.678	6.305	788.629	487.784	7.522	781	480	4	16	17	7
492	1426	964	1426	570	644552	452	0	452	452	452	668.929	489.381	7.283	6.790	1.603	7.227	668.927	489.381	7.283	660	482	4	18	17	8
493	1091	834	1091	464	497496	456	0	456	456	456	591.190	489.784	7.112	6.202	1.494	6.465	591.186	489.784	7.112	583	482	4	17	17	7
494	862	774	862	457	390486	453	0	453	453	453	897.577	490.998	7.735	6.140	1.876	6.062	897.577	490.997	7.735	891	485	4	15	17	8
495	1486	992	1486	615	682074	459	0	459	459	459	119.927	493.182	7.100	6.978	1.693	7.380	119.928	493.181	7.100	111	484	4	18	18	8
496	725	618	725	368	329150	454	0	454	454	454	756.912	490.479	7.734	5.535	1.488	5.399	756.913	490.478	7.734	749	487	4	17	9	8
497	1256	880	1256	553	575248	458	0	458	458	458	867.580	494.795	6.847	6.559	1.583	6.916	867.581	494.794	6.847	859	488	4	17	16	7
498	1363	1020	1363	584	774184	568	0	568	568	568	342.690	490.308	8.283	6.807	1.774	7.174	342.693	490.308	8.283	334	481	4	19	19	8
499	1250	1098	1250	595	713750	571	0	571	571	571	372.613	496.198	7.586	7.003	2.212	6.937	372.613	496.199	7.586	363	488	4	25	18	8
500	1170	958	1170	535	544050	465	0	465	465	465	642.422	501.193	7.051	6.540	1.884	6.884	642.422	501.193	7.051	633	492	4	19	19	7
501	218	262	218	135	100716	462	0	462	462	462	845.349	494.959	7.252	3.363	0.551	3.354	845.349	494.959	7.252	842	492	4	7	7	8
502	836	704	836	411	387904	464	0	464	464	464	204.763	499.949	7.077	5.698	1.543	6.103	204.763	499.949	7.077	198	493	4	15	15	8
503	1292	1030	1292	629	602072	466	0	466	466	466	773.531	497.858	7.231	6.941	2.042	7.351	773.531	497.857	7.231	765	489	4	19	19	7
504	1235	1092	1235	650	589095	477	0	477	477	477	587.845	510.215	7.123	7.187	2.338	7.051	587.844	510.215	7.123	579	501	4	19	26	8
505	1260	940	1260	544	723240	574	0	574	574	574	335.384	509.755	8.138	6.572	1.611	6.957	335.386	509.754	8.138	328	501	4	17	18	8
506	553	630	553	323	259357	469	0	469	469	469	386.344	507.139	6.494	5.109	1.499	5.325	386.343	507.140	6.494	379	500	4	15	16	7
507	929	776	929	441	442204	476	0	476	476	476	490.487	513.326	7.490	5.912	1.550	6.087	490.489	513.326	7.490	482	507	4	17	13	8
508	1442	990	1442	584	705138	489	0	489	489	489	558.565	524.634	7.116	6.845	1.669	7.261	558.565	524.633	7.116	550	516	4	18	18	7
509	1036	800	1036	454	596736	576	0	576	576	576	128.797	522.704	8.218	6.095	1.467	6.305	128.797	522.704	8.218	121	515	4	16	16	8
510	239	366	239	177	116154	486	0	486	486	486	80.715	523.757	6.665	4.175	1.657	3.985	80.715	523.757	6.665	73	520	4	15	9	6
511	893	834	893	454	431319	483	0	483	483	483	455.180	521.105	7.087	5.978	1.679	6.266	455.180	521.106	7.087	447	513	4	16	17	8
512	1008	790	1008	463	493920	490	0	490	490	490	237.359	528.787	7.120	6.078	1.485	6.347	237.358	528.786	7.120	230	522	4	15	16	7
513	1423	1070	1423	606	821071	577	0	577	577	577	395.951	523.821	7.715	6.986	1.922	7.322	395.949	523.818	7.715	387	514	4	19	23	8
514	402	558	402	264	194970	485	0	485	485	485	686.552	523.015	7.157	5.179	1.723	5.341	686.552	523.015	7.157	680	517	4	14	15	6
515	1197	956	1197	550	691866	578	0	578	578	578	174.605	525.301	8.119	6.582	1.822	6.900	174.604	525.300	8.119	166	517	4	18	18	8
516	1377	984	1377	576	797283	579	0	579	579	579	486.394	528.081	8.041	6.778	1.677	7.145	486.393	528.082	8.041	478	521	4	18	17	9
517	1462	1044	1462	605	847960	580	0	580	580	580	328.620	529.266	8.053	6.941	1.739	7.293	328.618	529.266	8.053	320	520	4	18	19	8
518	1532	1204	1532	741	755276	493	0	493	493	493	415.182	525.807	7.711	7.656	2.558	7.815	415.182	525.806	7.711	404	515	4	22	21	8
519	1399	996	1399	586	695303	497	0	497	497	497	716.061	537.788	7.219	6.844	1.691	7.221	716.060	537.788	7.219	707	530	4	19	21	8
520	903	908	903	503	446082	494	0	494	494	494	272.646	531.092	7.310	6.094	1.857	6.465	272.647	531.092	7.310	265	522	4	16	18	7
521	978	796	978	477	488022	499	0	499	499	499	243.177	543.672	7.479	6.092	1.625	6.473	243.177	543.672	7.479	235	536	4	17	17	7
522	1167	906	1167	525	587001	503	0	503	503	503	284.404	547.515	7.082	6.473	1.751	6.794	284.405	547.515	7.082	277	537	4	17	19	7
523	873	902	873	493	515070	590	0	590	590	590	586.359	550.497	8.342	6.448	2.440	6.393	586.359	550.497	8.342	580	538	4	12	23	8
524	1087	830	1087	478	544587	501	0	501	501	501	268.152	548.304	7.484	6.243	1.577	6.487	268.151	548.303	7.484	260	540	4	16	18	8
525	1234	1080	1234	648	619468	502	0	502	502	502	511.998	545.720	7.237	6.992	2.132	7.211	511.998	545.721	7.237	502	536	4	20	19	8
526	925	808	925	446	542050	586	0	586	586	586	40.987	548.234	7.875	5.952	1.590	6.307	40.987	548.233	7.875	34	541	4	16	16	8
527	685	684	685	361	345240	504	0	504	504	504	227.082	551.599	6.975	5.561	1.623	5.552	227.082	551.599	6.975	218	545	4	17	17	7
528	1333	1002	1333	597	779805	585	0	585	585	585	378.389	546.202	7.788	6.840	1.891	7.175	378.388	546.202	7.788	369	537	4	20	20	8
529	2117	1562	2117	950	1069085	505	0	505	505	505	195.610	558.806	7.807	9.250	3.462	9.276	195.610	558.805	7.807	187	545	4	18	32	8
530	554	572	554	294	326306	589	0	589	589	589	496.884	551.940	7.966	4.977	1.298	5.095	496.884	551.940	7.966	491	544	4	13	15	8
531	959	792	959	433	562933	587	0	587	587	587	119.195	553.519	8.193	5.941	1.513	6.224	119.195	553.519	8.193	111	547	4	17	15	8
532	1667	1166	1667	698	986864	592	0	592	592	592	600.626	557.393	8.024	7.504	2.070	7.756	600.620	557.393	8.024	591	546	4	20	22	8
533	3656	2600	3656	1632	1864560	510	0	510	510	510	517.709	561.162	7.888	12.685	5.422	11.956	517.708	561.156	7.888	497	543	4	44	33	8
534	293	314	293	180	148551	507	0	507	507	507	220.853	558.710	6.833	3.766	0.679	3.783	220.854	558.710	6.833	218	555	4	8	9	7
535	825	818	825	455	419100	508	0	508	508	508	308.796	562.747	6.790	6.067	1.900	6.203	308.798	562.747	6.790	304	554	4	13	19	7
536	1002	790	1002	491	592182	591	0	591	591	591	574.169	556.231	7.672	6.130	1.568	6.453	574.168	556.230	7.672	567	549	4	15	16	8
537	705	698	705	373	418770	594	0	594	594	594	211.504	563.773	7.811	5.518	1.549	5.565	211.503	563.773	7.811	205	557	4	17	15	8
538	1060	840	1060	528	679460	641	0	641	641	641	561.600	562.123	8.488	6.417	1.879	6.454	561.601	562.125	8.488	553	551	4	19	18	9
539	1167	850	1167	522	692031	593	0	593	593	593	276.022	562.291	7.759	6.384	1.521	6.803	276.021	562.293	7.759	268	554	4	16	17	8
540	821	754	821	439	420352	512	0	512	512	512	453.568	565.552	6.557	5.869	1.697	5.992	453.568	565.552	6.557	446	559	4	17	15	6
541	1368	970	1368	605	813960	595	0	595	595	595	365.560	561.172	7.615	6.843	1.828	7.313	365.560	561.171	7.615	357	552	4	18	18	8
542	1440	1052	1440	619	859680	597	0	597	597	597	84.867	569.189	8.469	6.973	1.882	7.425	84.866	569.188	8.469	76	561	4	19	19	9
543	1459	1008	1459	617	878318	602	0	602	602	602	114.127	578.042	7.885	6.958	1.701	7.377	114.126	578.042	7.885	106	570	4	17	18	8
544	1272	1198	1272	670	761928	599	0	599	599	599	225.653	571.615	7.995	8.001	3.088	7.911	225.654	571.615	7.995	211	563	4	29	22	8
545	1584	1086	1584	681	959904	606	0	606	606	606	394.984	578.959	7.756	7.258	1.962	7.625	394.985	578.960	7.756	386	570	4	19	19	8
546	169	300	169	131	45123	267	0	267	267	267	466.805	574.195	6.414	3.474	1.254	3.461	466.805	574.195	6.414	464	569	4	8	13	6
547	1073	840	1073	506	649165	605	0	605	605	605	96.831	580.617	8.092	6.263	1.654	6.667	96.831	580.617	8.092	89	573	4	16	17	8
548	1410	976	1410	609	850230	603	0	603	603	603	295.301	577.935	7.562	6.874	1.834	7.259	295.302	577.936	7.562	286	570	4	19	17	8
549	926	818	926	480	475038	513	0	513	513	513	592.868	571.133	7.262	6.122	1.827	6.286	592.868	571.135	7.262	585	562	4	17	18	7
550	1322	946	1322	570	805098	609	0	609	609	609	10.881	591.113	7.688	6.886	1.977	6.859	10.881	591.113	7.688	6	581	4	13	21	8
551	1465	1020	1465	617	890720	608	0	608	608	608	357.538	591.918	8.309	6.947	1.801	7.303	357.538	591.918	8.309	348	585	4	19	17	9
552	1804	1200	1804	724	1095028	607	0	607	607	607	64.659	585.094	8.090	7.513	1.924	7.998	64.659	585.098	8.090	56	576	4	20	19	9
553	1065	974	1065	540	653910	614	0	614	614	614	140.967	604.780	7.908	6.862	2.627	6.568	140.968	604.780	7.908	135	590	4	15	25	8
554	1722	1256	1722	724	1108968	644	0	644	644	644	253.190	598.125	8.633	7.725	2.271	7.861	253.188	598.125	8.633	240	590	4	25	18	9
555	1427	1040	1427	623	873324	612	0	612	612	612	400.453	595.981	8.133	7.141	2.101	7.274	400.451	595.980	8.133	387	588	4	24	17	8
556	1838	1388	1838	787	953922	519	0	519	519	519	366.791	611.278	7.239	8.085	2.463	8.091	366.791	611.279	7.239	353	600	4	25	22	8
557	655	670	655	357	401515	613	0	613	613	613	157.626	604.345	8.273	5.478	1.612	5.218	157.626	604.345	8.273	150	601	4	18	10	9
558	1602	1368	1602	745	985230	615	0	615	615	615	39.430	608.125	8.096	8.215	3.047	7.811	39.430	608.125	8.096	28	598	4	29	21	8
559	1460	982	1460	587	899360	616	0	616	616	616	125.597	606.003	8.016	6.861	1.630	7.298	125.597	606.003	8.016	117	597	4	17	19	8
560	717	800	717	414	463182	646	0	646	646	646	71.460	606.393	8.081	6.171	2.249	6.008	71.460	606.393	8.081	66	597	4	16	18	8
561	1124	822	1124	513	694632	618	0	618	618	618	453.753	612.165	8.033	6.363	1.642	6.343	453.753	612.164	8.033	448	603	4	12	19	8
562	945	816	945	471	584955	619	0	619	619	619	247.767	614.086	7.738	6.129	1.729	6.262	247.768	614.085	7.738	242	606	4	19	17	8
563	1974	1262	1974	730	1225854	621	0	621	621	621	400.977	618.382	7.852	7.655	1.790	8.087	400.977	618.382	7.852	391	609	4	24	20	9
564	895	840	895	465	554900	620	0	620	620	620	154.706	616.960	8.454	6.031	1.890	6.320	154.707	616.959	8.454	147	610	4	20	15	8
565	1300	962	1300	572	802100	617	0	617	617	617	438.423	609.654	7.804	6.725	1.733	7.025	438.422	609.654	7.804	430	601	4	17	18	8
566	254	340	254	173	132334	521	0	521	521	521	52.492	619.736	7.201	3.925	1.298	3.784	52.492	619.737	7.201	46	615	4	12	9	7
567	1258	882	1258	535	659192	524	0	524	524	524	388.624	628.458	7.176	6.491	1.416	6.516	388.626	628.459	7.176	381	620	4	18	15	9
568	895	780	895	469	468085	523	0	523	523	523	435.930	625.549	7.191	6.053	1.828	6.277	435.930	625.549	7.191	427	619	4	19	15	7
569	1617	1184	1617	675	1005774	622	0	622	622	622	411.783	633.031	7.372	7.358	1.867	7.581	411.783	633.031	7.372	402	621	4	20	23	9
570	1441	1008	1441	605	897743	623	0	623	623	623	153.910	634.831	8.249	6.870	1.663	7.018	153.911	634.831	8.249	146	626	4	15	19	9
571	2401	1588	2401	937	1563051	651	0	651	651	651	43.642	640.602	8.438	8.729	2.500	8.752	43.643	640.603	8.438	33	629	4	24	24	10
572	2145	1490	2145	918	1126125	525	0	525	525	525	170.286	642.590	7.493	8.767	2.959	8.493	170.286	642.589	7.493	160	631	4	23	27	8
573	2111	1408	2111	811	1323597	627	0	627	627	627	369.236	645.621	7.703	8.134	2.147	8.313	369.236	645.623	7.703	359	635	4	21	23	9
574	1538	1118	1538	673	808988	526	0	526	526	526	394.977	641.780	7.587	7.294	2.051	7.483	394.978	641.780	7.587	383	633	4	22	21	8
575	1644	1442	1644	822	868032	528	0	528	528	528	348.855	650.050	7.877	8.434	3.121	8.478	348.854	650.049	7.877	335	639	4	27	22	9
576	1221	862	1221	524	768009	629	0	629	629	629	194.440	646.590	7.562	6.430	1.395	6.558	194.439	646.591	7.562	186	639	4	17	14	8
577	1647	1052	1647	651	1034316	628	0	628	628	628	140.777	645.747	8.084	7.186	1.760	7.637	140.776	645.747	8.084	132	637	4	19	19	8
578	1235	898	1235	536	653315	529	0	529	529	529	224.575	652.312	7.535	6.521	1.606	6.879	224.574	652.311	7.535	217	644	4	17	18	8
579	1608	1020	1608	668	1013040	630	0	630	630	630	208.277	659.177	7.561	7.176	1.663	7.611	208.278	659.177	7.561	201	651	4	17	18	8
580	2229	1316	2229	844	1181370	530	0	530	530	530	190.254	663.050	7.470	8.165	2.121	8.624	190.253	663.049	7.470	180	654	4	20	21	8
581	1553	1106	1553	641	983049	633	0	633	633	633	280.853	674.647	8.112	7.148	1.830	7.554	280.853	674.647	8.112	272	666	4	20	18	9
582	725	678	725	370	386425	533	0	533	533	533	90.971	716.571	7.290	5.446	1.426	5.687	90.971	716.570	7.290	84	710	4	15	15	7
583	1299	934	1299	562	693666	534	0	534	534	534	337.443	231.028	7.695	6.679	1.781	7.054	337.445	231.028	7.695	329	222	5	18	18	7
584	290	406	290	200	28420	98	0	98	98	98	403.945	251.321	6.528	4.312	1.662	4.194	403.945	251.321	6.528	396	244	5	14	14	4
585	699	782	699	426	203409	291	0	291	291	291	480.765	281.273	7.107	5.766	1.854	5.966	480.766	281.273	7.107	473	273	5	18	17	6
586	487	562	487	304	149509	307	0	307	307	307	1002.887	303.663	6.719	5.227	2.001	4.969	1002.888	303.663	6.719	997	293	5	11	19	5
587	990	790	990	464	531630	537	0	537	537	537	37.977	312.767	7.908	6.078	1.630	6.395	37.977	312.767	7.908	30	305	5	17	16	7
588	758	704	758	427	244834	323	0	323	323	323	803.491	328.306	7.364	5.699	1.626	5.987	803.492	328.306	7.364	796	320	5	16	17	6
589	449	460	449	244	145925	325	0	325	325	325	655.196	331.559	7.312	4.556	1.153	4.519	655.195	331.559	7.312	650	325	5	11	14	6
590	452	532	452	287	148708	329	0	329	329	329	475.606	333.750	7.268	5.059	1.744	5.088	475.606	333.750	7.268	470	328	5	15	16	6
591	772	718	772	426	288728	374	0	374	374	374	394.525	397.145	7.245	5.717	1.654	6.039	394.526	397.145	7.245	388	390	5	15	16	6
592	239	302	239	152	92254	386	0	386	386	386	506.711	409.364	7.427	3.682	0.910	3.682	506.711	409.364	7.427	503	404	5	9	10	6
593	943	824	943	486	522422	554	0	554	554	554	157.278	446.361	7.580	6.192	1.787	6.431	157.277	446.360	7.580	149	440	5	18	15	6
594	551	584	551	315	229216	416	0	416	416	416	569.573	446.677	7.276	4.957	1.394	5.159	569.573	446.677	7.276	563	440	5	14	14	7
595	1270	988	1270	566	709930	559	0	559	559	559	349.732	470.669	8.210	6.632	1.756	6.994	349.731	470.669	8.210	340	463	5	19	17	7
596	1171	906	1171	591	512898	438	0	438	438	438	657.929	476.006	7.032	6.659	1.986	7.068	657.931	476.006	7.032	650	467	5	17	22	6
597	1134	850	1134	511	637308	562	0	562	562	562	127.310	475.095	7.638	6.354	1.664	6.692	127.310	475.096	7.638	119	468	5	18	17	7
598	158	270	158	125	40764	258	0	258	258	258	235.152	477.918	6.627	3.536	1.458	3.350	235.152	477.918	6.627	232	472	5	7	14	4
599	532	552	532	315	236740	445	0	445	445	445	375.192	481.442	6.953	4.977	1.481	5.147	375.191	481.441	6.953	369	476	5	14	11	5
600	854	724	854	433	481656	564	0	564	564	564	359.870	484.822	7.994	5.864	1.655	6.159	359.868	484.822	7.994	353	478	5	15	15	7
601	547	508	547	278	310149	567	0	567	567	567	11.088	487.768	8.084	4.958	1.329	4.779	11.088	487.768	8.084	8	481	5	9	15	7
602	1052	834	1052	493	595432	566	0	566	566	566	509.424	486.430	8.051	6.239	1.690	6.683	509.425	486.430	8.051	501	478	5	17	17	7
603	1311	1026	1311	594	749892	572	0	572	572	572	296.652	495.954	7.924	6.813	1.933	7.214	296.654	495.954	7.924	287	487	5	20	19	7
604	461	466	461	273	217131	471	0	471	471	471	134.085	507.976	7.063	4.673	1.333	4.680	134.085	507.976	7.063	130	501	5	10	14	5
605	402	478	402	226	190146	473	0	473	473	473	91.149	510.246	7.017	4.545	1.404	4.485	91.149	510.246	7.017	85	504	5	12	14	5
606	180	294	180	141	88560	492	0	492	492	492	79.067	530.861	6.856	3.994	1.818	3.298	79.067	530.861	6.856	71	527	5	16	8	5
607	1084	816	1084	505	631972	583	0	583	583	583	624.790	538.298	7.686	6.266	1.642	6.586	624.790	538.298	7.686	617	530	5	16	17	6
608	868	734	868	404	506912	584	0	584	584	584	597.551	538.664	8.347	5.707	1.401	5.942	597.548	538.664	8.347	591	531	5	15	15	7
609	969	786	969	468	569772	588	0	588	588	588	410.044	553.242	8.071	6.040	1.616	6.400	410.046	553.241	8.071	402	546	5	17	16	7
610	1245	936	1245	563	747000	600	0	600	600	600	480.686	571.842	7.681	6.618	1.775	6.974	480.689	571.842	7.681	472	563	5	18	19	7
611	755	680	755	389	453755	601	0	601	601	601	49.629	577.276	7.760	5.574	1.597	5.741	49.629	577.275	7.760	43	569	5	14	17	7
612	857	718	857	437	517628	604	0	604	604	604	550.669	577.967	8.105	5.803	1.587	6.214	550.670	577.968	8.105	543	571	5	15	16	7
613	1061	920	1061	534	682223	643	0	643	643	643	204.037	590.534	8.733	6.370	1.965	6.846	204.037	590.536	8.733	195	582	5	18	18	7
614	1559	1184	1559	700	950990	610	0	610	610	610	105.964	595.256	8.064	7.364	2.130	7.744	105.963	595.256	8.064	94	586	5	23	19	7
615	1307	930	1307	570	843015	645	0	645	645	645	221.490	600.321	8.681	6.682	1.743	7.018	221.489	600.322	8.681	213	592	5	18	18	8
616	1050	812	1050	478	681450	649	0	649	649	649	37.802	624.159	8.837	6.155	1.514	6.461	37.802	624.160	8.837	30	617	5	17	16	8
617	1211	1028	1211	632	783517	647	0	647	647	647	235.495	608.212	8.912	7.064	2.372	7.073	235.496	608.213	8.912	227	594	5	19	27	8
618	199	334	199	151	129350	650	0	650	650	650	228.935	628.060	8.236	4.080	1.679	3.935	228.935	628.060	8.236	222	623	5	14	10	6
619	1260	894	1260	557	787500	625	0	625	625	625	210.683	641.577	7.690	6.589	1.654	6.925	210.683	641.578	7.690	203	633	5	17	17	7
620	917	776	917	442	572208	624	0	624	624	624	273.530	640.960	7.830	5.913	1.625	6.263	273.530	640.960	7.830	266	633	5	17	17	7
621	621	608	621	362	327267	527	0	527	527	527	25.836	646.865	7.412	5.270	1.560	5.450	25.836	646.865	7.412	20	640	5	12	16	6
622	546	532	546	298	344526	631	0	631	631	631	290.348	659.859	7.410	5.018	1.474	4.969	290.348	659.859	7.410	285	653	5	10	17	6
623	942	764	942	407	614184	652	0	652	652	652	88.069	660.555	8.813	5.797	1.216	6.100	88.069	660.556	8.813	82	653	5	14	16	8
624	619	642	619	358	329308	532	0	532	532	532	222.120	668.861	7.357	5.293	1.533	5.480	222.119	668.861	7.357	214	663	5	16	14	6
625	1059	786	1059	493	669288	632	0	632	632	632	203.126	675.101	8.513	6.145	1.524	6.547	203.126	675.101	8.513	195	668	5	17	15	7
626	1684	1104	1684	662	1067656	634	0	634	634	634	242.654	683.383	8.137	7.273	1.849	7.700	242.653	683.383	8.137	233	674	5	20	20	7
627	737	668	737	367	481998	654	0	654	654	654	187.602	680.889	8.792	5.494	1.453	5.558	187.603	680.889	8.792	180	675	5	16	13	8
628	1165	842	1165	502	739775	635	0	635	635	635	200.455	691.790	8.542	6.334	1.597	6.775	200.455	691.789	8.542	192	684	5	17	17	8
629	1057	906	1057	546	672252	636	0	636	636	636	153.169	703.513	8.030	6.441	1.912	6.863	153.170	703.512	8.030	145	693	5	17	21	6
630	1266	918	1266	548	806442	637	0	637	637	637	40.340	719.991	8.523	6.601	1.683	7.008	40.339	719.990	8.523	32	712	5	18	17	7
631	806	742	806	389	514228	638	0	638	638	638	96.309	729.870	8.069	5.707	1.585	5.891	96.309	729.868	8.069	88	723	5	17	15	7
632	758	772	758	382	497248	656	0	656	656	656	29.099	755.809	8.577	5.783	1.811	5.693	29.099	755.808	8.577	19	749	5	19	14	9
633	646	586	646	353	349486	541	0	541	541	541	228.082	367.655	8.031	5.247	1.398	5.521	228.082	367.655	8.031	221	362	6	15	13	6
634	442	498	442	262	241332	546	0	546	546	546	94.701	403.423	8.319	4.956	1.712	4.771	94.701	403.423	8.319	89	397	6	12	16	6
635	613	648	613	351	338989	553	0	553	553	553	80.034	443.382	7.847	5.235	1.580	5.545	80.034	443.382	7.847	73	437	6	15	14	5
636	1298	1052	1298	620	730774	563	0	563	563	563	286.000	479.284	8.375	6.834	2.001	7.241	286.000	479.284	8.375	277	470	6	19	19	7
637	870	722	870	417	555930	639	0	639	639	639	117.797	538.810	8.707	5.787	1.512	6.018	117.797	538.808	8.707	110	533	6	17	13	7
638	908	728	908	410	588384	648	0	648	648	648	132.795	622.211	8.502	5.814	1.445	6.069	132.795	622.211	8.502	125	615	6	16	15	7
639	164	276	164	129	102664	626	0	626	626	626	330.268	646.372	7.823	4.184	1.831	3.879	330.268	646.372	7.823	328	640	6	7	15	5
640	994	796	994	472	649082	653	0	653	653	653	98.799	671.364	9.215	6.069	1.646	6.456	98.798	671.364	9.215	91	664	6	17	16	7
641	1160	856	1160	514	759800	655	0	655	655	655	43.405	703.009	8.608	6.395	1.689	6.702	43.405	703.009	8.608	35	695	6	18	16	6
642	178	306	178	145	103418	581	0	581	581	581	154.809	536.685	8.028	4.355	1.872	4.232	154.809	536.685	8.028	150	530	7	10	16	3
643	489	662	489	344	312960	640	0	640	640	640	563.284	543.591	8.397	5.387	1.733	5.650	563.284	543.591	8.397	556	535	7	15	16	5
644	306	336	306	184	196452	642	0	642	642	642	215.082	581.742	8.915	3.937	0.984	3.935	215.081	581.742	8.915	210	578	7	11	9	5
645	272	440	272	205	166192	611	0	611	611	611	280.831	590.706	8.110	4.878	1.893	4.704	280.831	590.706	8.110	275	582	7	11	17	4
