 	Volume (pixel^3)	Surface (pixel^2)	Nb of obj. voxels	Nb of surf. voxels	IntDen	Mean	StdDev	Median	Min	Max	X	Y	Z	Mean dist. to surf. (pixel)	SD dist. to surf. (pixel)	Median dist. to surf. (pixel)	XM	YM	ZM	BX	BY	BZ	B-width	B-height	B-depth
1	1770	1240	1770	683	1770	1	0	1	1	1	677.109	238.839	7.223	7.432	1.810	7.849	677.109	238.839	7.223	668	229	3	20	20	10
2	1562	1138	1562	654	39050	25	0	25	25	25	641.581	247.601	8.348	7.204	1.852	7.602	641.575	247.601	8.348	631	238	3	20	20	10
3	1285	980	1285	585	33410	26	0	26	26	26	666.848	253.793	7.484	6.772	1.914	7.047	666.848	253.793	7.484	658	245	3	18	21	9
4	1040	792	1040	472	2080	2	0	2	2	2	653.724	260.015	7.363	6.119	1.463	6.283	653.724	260.015	7.363	646	252	3	16	17	8
5	869	752	869	394	2607	3	0	3	3	3	585.110	264.457	6.756	5.879	1.497	5.847	585.110	264.457	6.756	578	257	3	16	15	8
6	1274	944	1274	512	6370	5	0	5	5	5	556.111	282.642	6.954	6.770	1.901	6.670	556.111	282.642	6.954	546	274	3	19	17	9
7	1166	956	1166	563	6996	6	0	6	6	6	650.177	290.496	7.330	6.925	2.534	6.809	650.177	290.496	7.330	642	283	3	17	26	9
8	2127	1326	2127	792	14889	7	0	7	7	7	637.049	303.074	7.365	8.034	2.072	8.250	637.049	303.074	7.365	626	292	3	22	21	9
9	1670	1080	1670	668	53440	32	0	32	32	32	659.433	301.787	8.151	7.214	1.655	7.502	659.433	301.787	8.151	651	293	3	18	17	10
10	1613	1124	1613	651	56455	35	0	35	35	35	680.428	312.079	7.991	7.198	1.795	7.673	680.435	312.079	7.991	672	303	3	18	19	10
11	1506	1052	1506	570	54216	36	0	36	36	36	506.413	314.743	7.893	7.159	1.785	6.923	506.413	314.743	7.893	496	306	3	20	17	10
12	3735	1924	3735	1197	145665	39	0	39	39	39	512.350	331.711	7.991	9.730	2.228	10.124	512.359	331.710	7.991	501	317	3	24	27	11
13	1956	1186	1956	711	15648	8	0	8	8	8	712.717	327.895	7.482	7.596	1.749	7.989	712.717	327.895	7.482	704	318	3	19	21	9
14	2501	1476	2501	931	30012	12	0	12	12	12	515.428	353.354	7.614	8.652	2.416	8.896	515.428	353.354	7.614	501	343	3	26	20	10
15	1697	1178	1697	734	76365	45	0	45	45	45	574.308	351.661	7.819	7.789	2.477	7.589	574.302	351.660	7.819	566	344	3	25	16	10
16	2069	1332	2069	862	101381	49	0	49	49	49	561.390	367.886	8.078	8.659	2.944	8.410	561.384	367.886	8.078	554	354	3	14	29	11
17	2705	1604	2705	1047	135250	50	0	50	50	50	578.914	366.853	7.971	9.148	2.715	8.912	578.903	366.852	7.971	568	353	3	25	25	11
18	3347	1798	3347	1150	50205	15	0	15	15	15	579.417	384.610	7.746	9.643	2.728	9.548	579.430	384.610	7.746	566	376	3	28	19	10
19	1595	1136	1595	647	82940	52	0	52	52	52	732.632	382.008	7.814	7.346	1.966	7.266	732.632	382.008	7.814	725	371	3	15	24	10
20	3075	1874	3075	1063	52275	17	0	17	17	17	694.200	427.900	7.505	9.641	2.978	9.394	694.186	427.900	7.505	682	415	3	28	27	10
21	3839	2098	3839	1318	360866	94	0	94	94	94	814.112	543.650	8.430	10.554	3.329	10.411	814.121	543.651	8.430	800	529	3	27	29	11
22	1151	814	1151	510	26473	23	0	23	23	23	652.633	223.933	7.960	6.387	1.536	6.251	652.633	223.933	7.960	645	218	4	18	13	9
23	1129	910	1129	524	27096	24	0	24	24	24	659.663	235.614	8.018	6.398	1.642	6.642	659.663	235.614	8.018	651	227	4	17	17	8
24	1123	848	1123	508	4492	4	0	4	4	4	648.687	275.732	7.111	6.292	1.601	6.643	648.687	275.732	7.111	640	269	4	18	14	7
25	2197	1588	2197	913	59319	27	0	27	27	27	574.886	279.208	7.785	8.520	2.607	8.739	574.894	279.208	7.785	564	264	4	21	30	9
26	1803	1212	1803	713	50484	28	0	28	28	28	594.509	283.860	7.854	7.528	1.916	7.915	594.509	283.860	7.854	586	275	4	19	19	9
27	1404	988	1404	560	40716	29	0	29	29	29	667.447	287.225	7.802	6.756	1.560	6.972	667.442	287.225	7.802	660	279	4	19	17	9
28	494	530	494	267	14820	30	0	30	30	30	539.447	291.213	7.300	4.857	1.345	4.693	539.447	291.213	7.300	532	285	4	14	11	8
29	945	834	945	443	29295	31	0	31	31	31	539.905	301.839	8.148	5.992	1.673	5.983	539.905	301.839	8.148	531	297	4	18	11	9
30	1867	1218	1867	702	61611	33	0	33	33	33	560.863	303.432	7.912	7.523	1.823	7.968	560.857	303.432	7.912	552	294	4	20	20	9
31	762	820	762	433	25908	34	0	34	34	34	710.273	309.442	7.887	5.617	1.755	5.982	710.273	309.442	7.887	703	301	4	16	17	7
32	999	800	999	457	36963	37	0	37	37	37	664.182	316.429	8.445	6.036	1.338	6.055	664.179	316.429	8.445	657	307	4	15	17	9
33	2212	1378	2212	801	278712	126	0	126	126	126	491.865	328.979	8.820	8.115	2.040	8.377	491.869	328.980	8.820	477	319	4	25	21	10
34	1937	1166	1937	729	79417	41	0	41	41	41	531.711	334.368	7.602	7.632	1.720	7.665	531.705	334.367	7.602	525	325	4	17	21	10
35	1661	1212	1661	678	66440	40	0	40	40	40	617.720	328.955	8.361	7.320	1.918	7.783	617.720	328.955	8.361	606	320	4	21	20	9
36	1346	994	1346	587	12114	9	0	9	9	9	546.733	338.206	7.547	6.789	1.794	6.768	546.733	338.206	7.547	539	327	4	18	22	9
37	1306	1038	1306	571	165862	127	0	127	127	127	476.298	342.342	8.773	6.768	1.839	7.093	476.300	342.342	8.773	467	331	4	18	21	10
38	1102	966	1102	565	46284	42	0	42	42	42	635.174	331.294	8.202	6.557	2.004	6.977	635.174	331.294	8.202	628	321	4	17	21	8
39	1428	956	1428	617	62832	44	0	44	44	44	556.464	347.804	8.102	6.844	1.591	6.884	556.464	347.804	8.102	546	340	4	19	14	9
40	838	818	838	443	36034	43	0	43	43	43	666.686	348.792	7.427	6.259	2.129	6.332	666.689	348.792	7.427	659	342	4	18	18	8
41	673	774	673	391	6730	10	0	10	10	10	699.455	346.770	6.999	6.166	2.165	6.169	699.455	346.770	6.999	690	339	4	17	18	7
42	1422	1108	1422	653	18486	13	0	13	13	13	679.295	356.650	7.183	7.170	2.116	7.480	679.295	356.650	7.183	669	347	4	20	20	9
43	954	798	954	452	122112	128	0	128	128	128	498.492	346.320	8.753	5.981	1.461	6.169	498.492	346.320	8.753	491	339	4	16	16	9
44	3037	1824	3037	1142	142739	47	0	47	47	47	444.127	363.094	8.463	9.819	3.305	9.619	444.133	363.095	8.463	435	348	4	21	33	9
45	1536	1026	1536	649	21504	14	0	14	14	14	548.675	361.829	8.031	7.124	1.746	7.342	548.675	361.829	8.031	539	354	4	18	18	9
46	2251	1574	2251	900	108048	48	0	48	48	48	604.666	364.408	8.218	8.574	2.540	8.687	604.666	364.408	8.218	593	352	4	26	25	9
47	1399	986	1399	583	71349	51	0	51	51	51	428.310	371.438	8.034	6.835	1.726	6.877	428.313	371.438	8.034	419	361	4	16	20	9
48	655	604	655	329	85150	130	0	130	130	130	509.136	367.423	8.847	5.323	1.362	5.117	509.134	367.423	8.847	501	364	4	17	9	9
49	681	628	681	360	89211	131	0	131	131	131	622.507	375.512	8.235	5.517	1.692	5.434	622.508	375.512	8.235	615	371	4	17	9	8
50	1766	1122	1766	688	98896	56	0	56	56	56	747.945	385.705	7.569	7.439	1.796	7.520	747.945	385.705	7.569	741	376	4	17	20	9
51	1190	844	1190	508	64260	54	0	54	54	54	601.761	383.939	8.266	6.379	1.458	6.748	601.763	383.939	8.266	595	376	4	16	17	8
52	504	536	504	292	26712	53	0	53	53	53	623.929	383.778	8.393	5.038	1.642	4.735	623.929	383.778	8.393	615	381	4	18	8	8
53	1664	1092	1664	623	221312	133	0	133	133	133	681.415	391.698	8.412	7.155	1.625	7.572	681.413	391.698	8.412	672	384	4	19	17	10
54	2370	1372	2370	897	139830	59	0	59	59	59	411.009	403.300	7.905	8.328	2.020	8.524	411.014	403.300	7.905	402	393	4	18	22	10
55	2909	1888	2909	1126	395624	136	0	136	136	136	430.642	409.445	8.598	9.869	3.356	9.897	430.636	409.445	8.598	421	396	4	26	32	10
56	1993	1282	1993	769	115594	58	0	58	58	58	579.805	403.191	8.338	7.777	1.900	8.240	579.798	403.191	8.338	571	395	4	19	21	10
57	334	414	334	204	20040	60	0	60	60	60	519.512	401.835	7.392	4.355	1.449	4.179	519.512	401.835	7.392	514	396	4	11	12	8
58	2022	1268	2022	778	277014	137	0	137	137	137	393.251	406.402	8.893	7.827	1.959	8.171	393.249	406.402	8.893	383	396	4	20	22	9
59	1235	1102	1235	590	170430	138	0	138	138	138	376.070	418.625	8.743	6.809	1.891	6.866	376.066	418.625	8.743	366	408	4	19	18	10
60	951	814	951	490	62766	66	0	66	66	66	398.047	432.323	7.614	6.228	1.885	6.251	398.047	432.323	7.614	392	421	4	14	21	8
61	1464	1082	1464	623	92232	63	0	63	63	63	530.081	427.626	7.682	7.074	1.980	7.322	530.085	427.627	7.682	522	415	4	17	23	8
62	592	718	592	376	36704	62	0	62	62	62	713.796	417.230	7.429	6.147	2.085	6.121	713.796	417.230	7.429	706	409	4	15	19	7
63	1462	1008	1462	581	97954	67	0	67	67	67	546.749	433.133	7.870	6.869	1.516	7.228	546.753	433.133	7.870	538	425	4	18	17	9
64	1382	1062	1382	577	197626	143	0	143	143	143	595.104	449.454	8.973	6.914	1.846	7.107	595.105	449.454	8.973	587	441	4	17	21	10
65	1612	1256	1612	721	111228	69	0	69	69	69	399.248	451.179	8.009	7.541	2.305	7.860	399.245	451.179	8.009	390	442	4	24	20	8
66	502	692	502	326	9036	18	0	18	18	18	776.859	458.719	7.536	6.055	2.342	6.117	776.859	458.719	7.536	768	449	4	20	16	8
67	2966	2080	2966	1301	231348	78	0	78	78	78	558.663	481.903	7.936	10.318	3.545	10.379	558.671	481.902	7.936	544	465	4	32	32	9
68	1501	1060	1501	601	111074	74	0	74	74	74	689.335	469.851	8.518	6.968	1.751	7.377	689.329	469.851	8.518	680	461	4	19	19	9
69	1969	1570	1969	879	147675	75	0	75	75	75	590.714	473.631	8.297	8.525	2.888	8.523	590.718	473.631	8.297	577	462	4	28	22	9
70	3065	2198	3065	1283	453620	148	0	148	148	148	365.364	481.546	8.337	10.039	3.154	10.258	365.357	481.545	8.337	349	468	4	29	26	10
71	1522	1172	1522	669	120238	79	0	79	79	79	607.213	486.987	8.232	7.427	2.445	7.626	607.216	486.987	8.232	598	478	4	25	19	9
72	1237	1036	1237	615	95249	77	0	77	77	77	533.527	480.653	8.053	6.891	2.124	7.296	533.524	480.653	8.053	522	472	4	21	18	9
73	2265	1340	2265	824	181200	80	0	80	80	80	728.426	494.718	8.123	8.007	1.747	8.285	728.426	494.718	8.123	721	485	4	17	21	10
74	1600	1046	1600	639	129600	81	0	81	81	81	747.080	494.176	8.020	7.125	1.751	7.530	747.077	494.176	8.020	739	485	4	18	19	8
75	2987	2130	2987	1317	253895	85	0	85	85	85	358.901	505.009	8.012	10.006	3.297	10.373	358.897	505.009	8.012	343	489	4	29	28	9
76	3096	1942	3096	1213	253872	82	0	82	82	82	711.324	497.730	8.638	10.114	3.432	9.829	711.316	497.730	8.638	700	482	4	22	34	9
77	1180	952	1180	538	97940	83	0	83	83	83	616.915	507.874	7.993	6.492	1.753	6.881	616.918	507.874	7.993	608	500	4	18	17	8
78	2000	1230	2000	726	310000	155	0	155	155	155	385.414	513.828	9.230	7.642	1.615	7.852	385.416	513.827	9.230	376	505	4	19	20	10
79	2960	1876	2960	1160	473600	160	0	160	160	160	372.249	526.716	8.596	9.644	3.093	9.527	372.249	526.716	8.596	363	510	4	22	34	10
80	1913	1232	1913	732	168344	88	0	88	88	88	551.276	519.419	7.934	7.622	1.882	8.140	551.276	519.419	7.934	541	510	4	20	20	9
81	1134	1002	1134	585	98658	87	0	87	87	87	353.436	520.467	8.302	7.409	2.930	6.653	353.439	520.467	8.302	339	515	4	27	11	9
82	1927	1206	1927	695	306393	159	0	159	159	159	598.060	524.821	9.203	7.563	1.693	7.904	598.062	524.821	9.203	586	516	4	22	19	10
83	985	850	985	447	158585	161	0	161	161	161	443.770	527.500	8.914	6.103	1.536	6.253	443.768	527.500	8.914	436	520	4	15	17	9
84	1411	1244	1411	711	131223	93	0	93	93	93	667.242	535.191	8.024	7.789	2.826	7.581	667.238	535.191	8.024	657	524	4	20	26	9
85	1127	1038	1127	546	184828	164	0	164	164	164	741.292	537.344	8.587	6.396	1.943	6.780	741.287	537.344	8.587	734	529	4	17	18	10
86	1823	1268	1823	734	36460	20	0	20	20	20	774.741	540.608	7.512	7.709	2.089	8.022	774.741	540.608	7.512	765	531	4	20	23	9
87	1063	820	1063	486	20197	19	0	19	19	19	833.481	539.498	7.595	6.237	1.614	6.265	833.481	539.498	7.595	828	531	4	15	18	8
88	3819	2470	3819	1572	362805	95	0	95	95	95	590.716	542.855	8.619	11.992	4.809	11.400	590.720	542.856	8.619	572	527	4	43	28	10
89	1473	1052	1473	638	141408	96	0	96	96	96	791.215	549.370	7.613	6.963	1.753	7.284	791.215	549.370	7.613	782	541	4	17	19	10
90	1748	1194	1748	745	297160	170	0	170	170	170	606.981	561.581	8.865	7.638	2.125	7.830	606.977	561.581	8.865	597	554	4	21	16	10
91	1576	1078	1576	626	266344	169	0	169	169	169	822.186	558.820	8.582	7.202	1.871	7.290	822.185	558.820	8.582	812	549	4	20	19	9
92	1948	1204	1948	721	190904	98	0	98	98	98	588.008	563.818	8.423	7.619	1.740	8.086	588.002	563.818	8.423	579	555	4	19	19	9
93	1326	988	1326	576	131274	99	0	99	99	99	740.838	567.538	8.271	6.744	1.735	7.148	740.840	567.538	8.271	732	559	4	18	18	9
94	1748	1226	1748	677	316388	181	0	181	181	181	563.293	583.777	8.372	7.388	1.881	7.733	563.293	583.776	8.372	554	574	4	20	21	10
95	237	282	237	138	24411	103	0	103	103	103	638.435	584.869	7.422	3.487	0.512	3.548	638.435	584.869	7.422	636	581	4	7	8	8
96	3495	2056	3495	1279	639585	183	0	183	183	183	342.734	590.847	9.013	10.039	2.919	10.323	342.735	590.847	9.013	327	578	4	34	26	11
97	2598	1654	2598	985	272790	105	0	105	105	105	809.176	600.194	8.539	8.960	2.611	8.860	809.175	600.195	8.539	797	590	4	26	22	10
98	4807	2482	4807	1558	913330	190	0	190	190	190	635.411	609.389	8.371	11.145	3.326	11.420	635.411	609.389	8.371	619	598	4	34	24	10
99	2569	1614	2569	963	485541	189	0	189	189	189	825.390	608.840	8.866	8.855	2.501	8.899	825.389	608.838	8.866	813	599	4	29	22	10
100	1654	1184	1654	718	193518	117	0	117	117	117	638.946	629.614	8.448	7.523	2.024	7.586	638.944	629.613	8.448	629	622	4	21	19	9
101	2250	1314	2250	784	517500	230	0	230	230	230	784.914	692.184	8.833	7.971	1.834	8.486	784.916	692.183	8.833	775	682	4	21	21	10
102	3135	2198	3135	1302	884070	282	0	282	282	282	742.806	819.411	9.176	11.091	4.364	10.639	742.804	819.415	9.176	725	800	4	39	30	11
103	1458	1012	1458	589	182250	125	0	125	125	125	636.845	231.350	8.529	7.016	1.772	6.920	636.843	231.350	8.529	627	221	5	21	19	8
104	1279	984	1279	547	48602	38	0	38	38	38	566.597	324.106	8.076	6.600	1.674	6.985	566.597	324.106	8.076	558	315	5	18	18	8
105	180	246	180	123	1980	11	0	11	11	11	691.644	349.322	6.989	3.270	0.784	3.294	691.644	349.322	6.989	689	346	5	7	9	5
106	371	528	371	245	47859	129	0	129	129	129	461.992	345.722	8.318	4.820	1.742	4.834	461.991	345.722	8.318	453	339	5	15	15	8
107	365	426	365	204	16790	46	0	46	46	46	742.778	362.348	8.348	4.433	1.360	4.067	742.778	362.348	8.348	739	355	5	9	15	7
108	959	812	959	459	52745	55	0	55	55	55	480.159	385.802	8.484	6.019	1.507	6.165	480.161	385.802	8.484	473	378	5	15	16	8
109	1232	1006	1232	567	162624	132	0	132	132	132	407.459	388.187	8.610	7.181	2.553	7.061	407.459	388.187	8.610	395	380	5	27	17	8
110	1217	1054	1217	577	69369	57	0	57	57	57	494.151	390.846	8.202	6.938	2.504	7.096	494.148	390.846	8.202	486	383	5	26	17	8
111	1144	1026	1144	564	69784	61	0	61	61	61	537.903	403.300	8.413	6.777	2.260	6.906	537.900	403.300	8.413	529	395	5	24	17	8
112	666	730	666	386	10656	16	0	16	16	16	512.302	407.467	7.520	5.774	2.012	5.727	512.302	407.467	7.520	505	398	5	19	17	8
113	504	482	504	295	32256	64	0	64	64	64	373.948	429.417	8.429	4.919	1.563	4.754	373.948	429.417	8.429	366	427	5	17	7	8
114	1218	1082	1218	582	169302	139	0	139	139	139	476.440	433.081	8.408	7.269	2.756	7.038	476.441	433.081	8.408	467	425	5	26	17	9
115	971	818	971	489	136911	141	0	141	141	141	385.337	436.842	8.682	6.057	1.545	6.372	385.336	436.842	8.682	379	429	5	13	17	8
116	2214	1688	2214	986	314388	142	0	142	142	142	366.430	444.772	8.500	9.312	3.623	8.936	366.434	444.772	8.500	356	434	5	22	31	8
117	1482	1052	1482	627	207480	140	0	140	140	140	587.479	434.754	9.034	7.070	1.864	7.335	587.485	434.754	9.034	576	427	5	21	17	9
118	339	414	339	202	23052	68	0	68	68	68	448.053	455.233	8.690	4.493	1.538	4.366	448.053	455.233	8.690	443	450	5	10	14	7
119	1774	1310	1774	773	255456	144	0	144	144	144	572.666	461.213	8.856	7.812	2.218	8.045	572.666	461.213	8.856	562	451	5	21	23	9
120	1614	1202	1614	688	117822	73	0	73	73	73	421.549	468.353	8.703	7.391	2.081	7.721	421.545	468.353	8.703	412	457	5	20	22	8
121	460	522	460	272	32200	70	0	70	70	70	454.843	459.274	8.667	4.908	1.572	4.800	454.843	459.274	8.667	449	451	5	14	15	7
122	515	574	515	317	37080	72	0	72	72	72	530.777	461.926	8.004	5.086	1.662	5.177	530.777	461.926	8.004	526	456	5	14	15	6
123	1445	1278	1445	710	439280	304	0	304	304	304	391.774	475.913	8.970	7.811	2.842	7.366	391.774	475.913	8.970	386	464	5	18	29	9
124	996	898	996	499	144420	145	0	145	145	145	709.856	466.669	8.998	6.306	1.826	6.555	709.854	466.669	8.998	700	458	5	20	17	9
125	531	508	531	304	40356	76	0	76	76	76	381.169	475.838	8.382	5.076	1.549	4.786	381.169	475.838	8.382	378	468	5	7	17	8
126	2070	1552	2070	850	304290	147	0	147	147	147	442.793	483.369	8.934	8.544	2.971	8.541	442.795	483.369	8.934	429	472	5	35	22	8
127	1615	1162	1615	643	240635	149	0	149	149	149	795.546	485.452	9.045	7.357	2.107	7.475	795.544	485.452	9.045	787	474	5	21	21	9
128	1419	1010	1419	588	212850	150	0	150	150	150	584.855	489.809	8.531	6.892	1.720	7.259	584.859	489.809	8.531	574	482	5	21	18	8
129	513	502	513	267	156465	305	0	305	305	305	375.193	501.932	9.386	4.745	1.078	4.551	375.192	501.932	9.386	372	496	5	9	13	9
130	1788	1150	1788	704	271776	152	0	152	152	152	416.984	503.168	9.113	7.498	1.941	7.898	416.984	503.168	9.113	408	494	5	19	22	8
131	1190	1062	1190	584	182070	153	0	153	153	153	577.169	502.559	8.561	6.998	2.329	6.973	577.167	502.559	8.561	565	494	5	24	19	9
132	1825	1160	1825	696	275575	151	0	151	151	151	398.367	498.479	9.388	7.457	1.775	7.939	398.368	498.480	9.388	389	489	5	20	19	9
133	1635	1118	1635	650	140610	86	0	86	86	86	530.623	511.310	8.163	7.212	1.746	7.645	530.628	511.310	8.163	522	502	5	19	20	9
134	1542	1094	1542	651	237468	154	0	154	154	154	693.077	506.201	8.787	7.168	1.933	7.500	693.073	506.201	8.787	684	497	5	19	19	8
135	1439	1086	1439	666	225923	157	0	157	157	157	402.922	517.176	9.283	7.182	2.096	7.447	402.920	517.176	9.283	395	508	5	18	23	9
136	1576	1068	1576	637	140264	89	0	89	89	89	515.977	522.720	8.293	7.110	1.752	7.552	515.974	522.720	8.293	506	514	5	20	18	8
137	1209	930	1209	534	191022	158	0	158	158	158	630.356	517.662	8.961	6.507	1.721	6.867	630.359	517.662	8.961	622	509	5	18	18	8
138	1084	1176	1084	600	175608	162	0	162	162	162	428.734	532.906	8.784	6.993	2.471	6.877	428.732	532.906	8.784	421	522	5	17	23	8
139	759	740	759	406	69069	91	0	91	91	91	685.316	529.986	8.144	5.635	1.637	5.975	685.319	529.985	8.144	678	522	5	16	17	6
140	1472	1046	1472	574	135424	92	0	92	92	92	533.521	530.509	8.337	6.909	1.615	7.068	533.522	530.509	8.337	525	522	5	19	18	9
141	1556	1196	1556	740	140040	90	0	90	90	90	353.788	534.566	8.159	7.700	2.513	7.680	353.785	534.566	8.159	340	527	5	22	19	8
142	1045	862	1045	471	170335	163	0	163	163	163	559.324	536.777	9.001	6.178	1.545	6.450	559.326	536.777	9.001	551	530	5	18	15	8
143	1020	854	1020	498	98940	97	0	97	97	97	842.333	551.602	8.096	6.451	2.042	6.297	842.331	551.602	8.096	832	544	5	23	15	7
144	1415	1050	1415	586	236305	167	0	167	167	167	676.732	551.299	8.974	6.901	1.705	7.138	676.733	551.299	8.974	668	543	5	19	19	8
145	313	434	313	198	51645	165	0	165	165	165	339.728	548.364	8.639	4.516	1.617	4.323	339.728	548.364	8.639	335	542	5	13	13	8
146	1519	1180	1519	639	262787	173	0	173	173	173	385.330	569.778	8.477	7.203	1.846	7.433	385.328	569.779	8.477	373	561	5	23	18	10
147	1174	876	1174	506	201928	172	0	172	172	172	839.384	564.165	9.151	6.380	1.531	6.624	839.390	564.165	9.151	831	558	5	18	15	8
148	1459	1046	1459	597	261161	179	0	179	179	179	705.098	578.502	8.686	7.043	1.861	7.237	705.099	578.502	8.686	697	566	5	17	23	9
149	604	688	604	343	105700	175	0	175	175	175	856.887	568.760	8.651	5.683	1.976	5.447	856.888	568.761	8.651	850	560	5	15	15	8
150	1546	1072	1546	630	154600	100	0	100	100	100	758.537	572.355	8.419	7.105	1.743	7.458	758.529	572.355	8.419	750	563	5	18	20	9
151	1668	1190	1668	692	295236	177	0	177	177	177	355.658	575.165	8.667	7.485	2.161	7.709	355.657	575.165	8.667	343	567	5	28	17	8
152	1157	1002	1157	571	116857	101	0	101	101	101	603.636	575.388	8.086	6.810	2.137	6.710	603.634	575.388	8.086	594	568	5	23	16	8
153	1675	1252	1675	733	291450	174	0	174	174	174	442.584	574.145	9.171	7.615	2.298	7.983	442.587	574.145	9.171	432	564	5	21	25	8
154	1278	938	1278	566	227484	178	0	178	178	178	689.489	574.071	8.892	6.623	1.638	6.862	689.486	574.071	8.892	682	565	5	16	18	9
155	1975	1656	1975	909	201450	102	0	102	102	102	670.584	578.649	8.793	9.632	4.760	8.708	670.589	578.649	8.793	647	567	5	36	23	8
156	1673	1100	1673	647	304486	182	0	182	182	182	372.247	588.468	9.230	7.220	1.717	7.393	372.251	588.467	9.230	363	580	5	19	19	10
157	1698	1372	1698	786	186780	110	0	110	110	110	663.971	603.060	8.723	8.219	2.795	8.160	663.975	603.059	8.723	654	590	5	24	24	9
158	2361	1610	2361	948	441507	187	0	187	187	187	361.088	600.443	8.914	8.833	2.774	8.612	361.089	600.442	8.914	350	587	5	29	26	9
159	600	614	600	351	111000	185	0	185	185	185	632.775	591.132	9.270	5.259	1.540	5.291	632.774	591.132	9.270	627	582	5	14	16	8
160	1056	870	1056	511	114048	108	0	108	108	108	496.476	603.614	8.163	6.252	1.686	6.657	496.476	603.614	8.163	488	596	5	19	16	7
161	959	792	959	455	176456	184	0	184	184	184	508.557	591.626	8.926	5.985	1.446	6.257	508.557	591.626	8.926	501	584	5	16	17	8
162	1090	870	1090	526	118810	109	0	109	109	109	515.291	606.406	8.360	6.433	1.801	6.749	515.289	606.405	8.360	508	598	5	16	18	8
163	1062	1002	1062	574	113634	107	0	107	107	107	547.991	603.549	8.124	6.756	2.250	6.941	547.993	603.548	8.124	539	595	5	19	18	7
164	657	800	657	419	69642	106	0	106	106	106	564.679	604.581	8.262	6.223	2.332	6.296	564.678	604.581	8.262	559	596	5	18	18	8
165	1416	946	1416	597	266208	188	0	188	188	188	337.225	608.703	9.098	6.805	1.546	6.899	337.227	608.703	9.098	329	603	5	18	15	9
166	1182	946	1182	544	225762	191	0	191	191	191	428.492	611.501	9.107	6.510	1.776	6.940	428.493	611.502	9.107	420	603	5	17	18	8
167	1365	1022	1365	576	152880	112	0	112	112	112	736.736	614.734	8.575	6.800	1.757	7.206	736.736	614.734	8.575	728	606	5	19	18	9
168	1167	896	1167	496	225231	193	0	193	193	193	684.550	611.528	9.483	6.399	1.515	6.489	684.550	611.528	9.483	679	603	5	14	18	9
169	999	824	999	512	110889	111	0	111	111	111	673.448	617.482	7.941	6.292	1.938	6.380	673.451	617.482	7.941	667	608	5	16	19	7
170	841	716	841	405	163995	195	0	195	195	195	769.080	610.631	8.767	5.672	1.457	5.836	769.081	610.632	8.767	764	603	5	12	16	8
171	1163	898	1163	500	223296	192	0	192	192	192	755.498	610.886	9.100	6.383	1.560	6.619	755.498	610.886	9.100	748	602	5	15	20	9
172	1532	1046	1532	643	174648	114	0	114	114	114	657.877	623.897	7.841	7.124	1.849	7.510	657.871	623.897	7.841	650	615	5	17	19	7
173	658	590	658	367	129626	197	0	197	197	197	502.919	614.751	9.079	5.324	1.495	5.332	502.918	614.751	9.079	496	608	5	14	12	8
174	1091	808	1091	483	123283	113	0	113	113	113	516.434	622.961	8.359	6.212	1.478	6.471	516.431	622.960	8.359	509	616	5	16	15	8
175	2488	1630	2488	988	766304	308	0	308	308	308	347.787	619.301	9.392	9.028	2.786	9.131	347.783	619.301	9.392	335	606	5	26	27	10
176	486	498	486	269	56376	116	0	116	116	116	411.288	625.296	8.619	4.921	1.498	4.769	411.288	625.296	8.619	407	618	5	9	16	7
177	3195	2078	3195	1327	654975	205	0	205	205	205	405.505	641.826	8.685	10.597	3.793	10.620	405.504	641.826	8.685	390	627	5	31	31	9
178	2182	1562	2182	956	436400	200	0	200	200	200	425.361	632.610	9.034	8.968	3.194	8.854	425.357	632.609	9.034	416	618	5	21	33	9
179	1270	948	1270	549	255270	201	0	201	201	201	355.978	636.922	9.416	6.623	1.658	6.991	355.977	636.923	9.416	348	629	5	17	19	9
180	1185	896	1185	524	241740	204	0	204	204	204	339.299	641.775	8.737	6.454	1.666	6.829	339.300	641.775	8.737	330	634	5	19	16	8
181	244	424	244	180	50264	206	0	206	206	206	650.148	646.680	9.000	4.608	2.109	4.247	650.148	646.680	9.000	641	640	5	20	11	8
182	1009	790	1009	458	210881	209	0	209	209	209	394.545	651.943	8.693	5.996	1.401	6.235	394.544	651.944	8.693	387	645	5	14	16	9
183	1057	926	1057	498	223027	211	0	211	211	211	838.589	655.966	9.274	6.445	1.932	6.458	838.590	655.966	9.274	826	649	5	22	16	9
184	1285	970	1285	555	273705	213	0	213	213	213	339.056	658.293	8.921	6.672	1.670	6.985	339.055	658.294	8.921	330	651	5	19	17	8
185	2130	1640	2130	940	253470	119	0	119	119	119	812.302	658.326	8.510	9.298	3.815	8.848	812.304	658.325	8.510	801	643	5	29	28	9
186	254	416	254	189	55118	217	0	217	217	217	431.984	662.614	8.685	4.275	1.633	4.041	431.984	662.614	8.685	426	657	5	14	12	7
187	1758	1194	1758	683	379728	216	0	216	216	216	618.378	662.984	8.840	7.540	2.133	7.841	618.385	662.984	8.840	609	654	5	23	20	8
188	3179	2044	3179	1190	693022	218	0	218	218	218	367.909	665.713	9.414	9.784	2.903	9.856	367.907	665.715	9.414	357	652	5	22	31	10
189	997	840	997	469	214355	215	0	215	215	215	416.207	662.915	8.721	6.110	1.565	6.319	416.208	662.915	8.721	409	656	5	16	16	8
190	1549	1176	1549	673	345427	223	0	223	223	223	386.929	668.587	9.161	7.261	2.005	7.427	386.929	668.586	9.161	380	658	5	18	22	9
191	407	526	407	246	48840	120	0	120	120	120	655.651	667.344	8.334	4.714	1.513	4.764	655.651	667.344	8.334	650	662	5	14	13	7
192	589	722	589	347	128991	219	0	219	219	219	689.394	666.107	9.221	5.391	1.564	5.512	689.395	666.107	9.221	682	659	5	14	16	9
193	1392	978	1392	583	309024	222	0	222	222	222	598.933	672.599	8.610	6.808	1.799	7.201	598.936	672.599	8.610	590	664	5	19	18	8
194	154	276	154	122	34496	224	0	224	224	224	666.948	671.695	8.571	3.610	1.359	3.552	666.948	671.695	8.571	662	667	5	11	10	7
195	3258	2016	3258	1226	1019754	313	0	313	313	313	823.879	683.238	9.367	10.104	3.274	10.158	823.880	683.239	9.367	813	667	5	27	32	9
196	1237	968	1237	546	385944	312	0	312	312	312	513.787	685.751	9.304	6.650	1.705	6.640	513.790	685.751	9.304	506	677	5	18	19	9
197	1112	1078	1112	549	252424	227	0	227	227	227	333.689	687.837	9.145	7.035	2.465	7.082	333.690	687.837	9.145	323	675	5	21	24	8
198	1793	1218	1793	726	216953	121	0	121	121	121	538.054	689.728	8.586	7.651	2.069	7.966	538.051	689.728	8.586	528	680	5	21	20	8
199	1543	1034	1543	681	353347	229	0	229	229	229	670.283	689.014	8.824	7.165	1.826	7.541	670.283	689.015	8.824	662	679	5	18	18	9
200	621	602	621	354	75762	122	0	122	122	122	522.683	692.415	8.407	5.512	1.791	5.128	522.682	692.416	8.407	512	683	5	17	14	8
201	2853	1928	2853	1154	667602	234	0	234	234	234	641.841	700.488	9.277	9.864	3.433	9.603	641.839	700.487	9.277	628	687	5	29	32	9
202	1532	1170	1532	656	355424	232	0	232	232	232	761.595	695.889	8.908	7.138	2.017	7.656	761.587	695.889	8.908	752	686	5	20	20	8
203	612	562	612	302	142596	233	0	233	233	233	476.513	698.933	8.812	5.255	1.496	5.106	476.512	698.934	8.812	471	692	5	12	15	8
204	1322	1012	1322	587	313314	237	0	237	237	237	622.878	704.081	9.064	6.772	1.791	7.193	622.877	704.081	9.064	615	696	5	17	18	9
205	1486	1160	1486	726	353668	238	0	238	238	238	519.989	706.306	9.351	7.522	2.296	7.812	519.992	706.306	9.351	511	698	5	18	20	9
206	1330	946	1330	567	320530	241	0	241	241	241	586.672	707.756	8.474	6.698	1.743	7.126	586.672	707.754	8.474	578	699	5	19	19	8
207	1525	1040	1525	683	484950	318	0	318	318	318	670.766	704.170	9.522	7.210	1.935	7.216	670.766	704.170	9.522	662	698	5	20	13	9
208	1107	858	1107	522	269001	243	0	243	243	243	656.834	710.514	9.282	6.328	1.580	6.360	656.834	710.515	9.282	652	702	5	12	18	9
209	1641	1168	1641	696	403686	246	0	246	246	246	327.270	716.948	9.172	7.375	2.007	7.790	327.272	716.949	9.172	318	706	5	19	21	9
210	649	692	649	356	157058	242	0	242	242	242	456.536	711.630	9.136	5.869	2.220	5.614	456.535	711.630	9.136	453	701	5	10	22	8
211	3254	2242	3254	1391	803738	247	0	247	247	247	440.827	716.148	9.402	10.794	3.951	10.531	440.828	716.149	9.402	429	701	5	25	38	9
212	775	678	775	386	189875	245	0	245	245	245	685.968	713.924	8.935	5.741	1.633	5.431	685.966	713.924	8.935	682	705	5	10	18	8
213	1215	970	1215	525	306180	252	0	252	252	252	764.318	718.528	8.654	6.611	1.709	6.799	764.322	718.529	8.654	754	711	5	20	16	8
214	1345	996	1345	572	334905	249	0	249	249	249	598.385	718.884	9.829	6.793	1.710	7.013	598.384	718.884	9.829	589	710	5	19	18	9
215	1691	1128	1691	703	422750	250	0	250	250	250	671.887	719.056	9.484	7.366	1.737	7.679	671.885	719.056	9.484	663	712	5	18	17	9
216	1904	1262	1904	725	472192	248	0	248	248	248	793.693	716.270	9.308	7.700	2.011	8.065	793.702	716.271	9.308	784	707	5	20	24	9
217	1053	856	1053	484	266409	253	0	253	253	253	690.640	733.504	8.759	6.201	1.614	6.591	690.639	733.505	8.759	683	726	5	17	17	8
218	1346	970	1346	567	344576	256	0	256	256	256	615.610	736.579	8.840	6.767	1.752	7.018	615.610	736.579	8.840	607	729	5	19	17	8
219	1381	1082	1381	649	354917	257	0	257	257	257	370.741	738.312	9.490	7.145	2.142	7.421	370.740	738.312	9.490	362	727	5	17	22	9
220	962	802	962	419	311688	324	0	324	324	324	451.792	737.616	9.884	5.938	1.321	6.078	451.790	737.616	9.884	444	730	5	16	16	10
221	1335	960	1335	553	348435	261	0	261	261	261	627.693	747.701	8.679	6.704	1.714	7.033	627.693	747.700	8.679	619	739	5	18	18	8
222	1383	1088	1383	598	359580	260	0	260	260	260	468.682	742.872	9.206	6.761	1.870	7.186	468.678	742.872	9.206	460	734	5	19	19	10
223	1326	972	1326	548	430950	325	0	325	325	325	327.963	751.796	10.118	6.672	1.429	6.916	327.962	751.795	10.118	320	745	5	17	16	10
224	1622	1156	1622	675	429830	265	0	265	265	265	743.803	756.125	9.943	7.311	1.907	7.521	743.803	756.125	9.943	734	746	5	20	18	10
225	2954	1834	2954	1124	794626	269	0	269	269	269	540.002	772.585	9.333	9.754	3.244	9.661	540.002	772.583	9.333	525	760	5	29	27	9
226	1902	1318	1902	787	507834	267	0	267	267	267	740.437	772.617	9.568	7.817	2.072	7.944	740.436	772.615	9.568	730	765	5	22	20	10
227	1591	1106	1591	650	521848	328	0	328	328	328	779.458	764.550	9.523	7.123	1.787	7.604	779.451	764.550	9.523	770	755	5	19	20	10
228	1536	1126	1536	639	414720	270	0	270	270	270	661.027	777.479	8.853	7.233	2.059	7.478	661.028	777.480	8.853	652	768	5	19	22	9
229	1477	1042	1477	617	404698	274	0	274	274	274	478.766	783.705	9.558	6.972	1.725	7.410	478.764	783.704	9.558	470	775	5	19	18	10
230	1289	1042	1289	620	355764	276	0	276	276	276	634.463	788.727	9.299	6.889	1.991	7.284	634.459	788.727	9.299	625	780	5	20	19	9
231	1774	1154	1774	670	596064	336	0	336	336	336	539.866	799.777	9.945	7.391	1.732	7.721	539.863	799.777	9.945	530	791	5	20	20	9
232	1170	902	1170	508	325260	278	0	278	278	278	746.185	803.091	9.369	6.327	1.409	6.674	746.186	803.092	9.369	740	795	5	15	18	9
233	1432	1002	1432	601	400960	280	0	280	280	280	626.962	804.560	9.270	6.891	1.759	7.336	626.968	804.561	9.270	618	797	5	18	17	8
234	1768	1214	1768	735	496808	281	0	281	281	281	726.913	804.708	9.016	7.530	1.950	7.880	726.912	804.706	9.016	717	795	5	20	21	9
235	1559	1098	1559	647	530060	340	0	340	340	340	644.648	805.787	9.652	7.127	1.780	7.578	644.644	805.786	9.652	637	797	5	17	19	10
236	1604	1106	1604	653	453932	283	0	283	283	283	609.491	819.416	9.410	7.185	1.894	7.630	609.492	819.414	9.410	600	810	5	20	20	9
237	1606	1056	1606	603	558888	348	0	348	348	348	389.677	820.331	9.941	7.052	1.594	7.414	389.681	820.332	9.941	381	812	5	18	18	11
238	1983	1246	1983	731	563172	284	0	284	284	284	552.111	827.000	9.384	7.676	1.821	8.053	552.115	827.000	9.384	543	817	5	20	21	10
239	2065	1194	2065	736	592655	287	0	287	287	287	741.980	835.055	9.188	7.724	1.617	7.916	741.988	835.060	9.188	733	828	5	19	17	10
240	1374	1012	1374	574	392964	286	0	286	286	286	591.680	833.087	8.771	6.796	1.722	7.125	591.682	833.088	8.771	583	824	5	18	19	8
241	2098	1348	2098	839	597930	285	0	285	285	285	570.921	835.073	9.311	8.161	2.297	8.478	570.920	835.071	9.311	560	825	5	21	22	9
242	1917	1176	1917	757	555930	290	0	290	290	290	524.461	849.938	8.887	7.652	1.899	8.151	524.459	849.940	8.887	515	840	5	20	19	8
243	1289	936	1289	579	376388	292	0	292	292	292	421.733	850.853	9.145	6.715	1.745	6.810	421.730	850.854	9.145	413	843	5	20	15	9
244	1657	1150	1657	692	488815	295	0	295	295	295	721.555	877.366	9.182	7.402	2.040	7.767	721.554	877.365	9.182	711	869	5	21	19	9
245	2059	1238	2059	840	605346	294	0	294	294	294	526.140	868.291	9.134	7.965	2.075	8.540	526.142	868.292	9.134	516	860	5	20	19	9
246	2155	1330	2155	802	637880	296	0	296	296	296	522.422	891.088	9.501	7.965	1.957	8.428	522.416	891.088	9.501	512	881	5	21	22	9
247	2261	1442	2261	916	872746	386	0	386	386	386	553.889	922.594	9.735	8.844	2.998	8.574	553.890	922.597	9.735	543	906	5	19	29	9
248	2520	1502	2520	885	1020600	405	0	405	405	405	641.392	970.724	9.663	8.577	2.141	8.622	641.393	970.728	9.663	633	958	5	24	25	10
249	1364	908	1364	576	413292	303	0	303	303	303	624.991	972.967	9.107	6.701	1.544	6.983	624.993	972.968	9.107	617	964	5	15	19	9
250	1318	936	1318	546	176612	134	0	134	134	134	612.401	397.494	8.863	6.679	1.650	7.020	612.404	397.494	8.863	605	387	6	16	20	8
251	1060	780	1060	485	143100	135	0	135	135	135	596.747	400.004	8.862	6.164	1.506	6.378	596.749	400.004	8.862	590	393	6	14	16	7
252	332	380	332	207	23572	71	0	71	71	71	521.352	462.645	8.241	4.220	1.292	4.062	521.352	462.645	8.241	515	456	6	10	15	6
253	1027	798	1027	471	86268	84	0	84	84	84	804.322	510.567	8.348	6.118	1.582	6.477	804.322	510.567	8.348	797	503	6	16	16	6
254	418	446	418	223	65208	156	0	156	156	156	819.459	514.689	8.878	4.625	1.441	4.499	819.459	514.689	8.878	814	507	6	12	14	7
255	1109	1034	1109	552	186312	168	0	168	168	168	446.381	553.326	9.063	6.884	2.416	6.852	446.381	553.326	9.063	433	545	6	23	17	7
256	1934	1232	1934	748	340384	176	0	176	176	176	411.916	572.752	9.241	7.706	2.044	8.135	411.916	572.752	9.241	402	563	6	21	21	8
257	708	614	708	364	73632	104	0	104	104	104	828.468	591.246	8.500	5.328	1.327	5.562	828.468	591.246	8.500	821	585	6	15	13	6
258	671	726	671	369	205997	307	0	307	307	307	864.598	595.830	9.461	5.576	1.743	5.605	864.599	595.831	9.461	857	586	6	16	17	7
259	943	852	943	475	288558	306	0	306	306	306	495.326	584.756	9.563	6.198	1.881	6.372	495.324	584.757	9.563	487	574	6	17	20	8
260	1030	850	1030	484	191580	186	0	186	186	186	579.400	594.146	9.027	6.307	1.855	6.488	579.398	594.146	9.027	572	585	6	16	21	8
261	836	748	836	418	162184	194	0	194	194	194	588.559	613.647	8.522	5.741	1.534	6.019	588.556	613.646	8.522	581	606	6	15	16	6
262	832	754	832	415	164736	198	0	198	198	198	488.311	618.007	9.056	5.728	1.445	5.946	488.313	618.007	9.056	482	609	6	13	18	8
263	470	432	470	274	54050	115	0	115	115	115	502.211	624.677	8.611	4.610	1.078	4.578	502.212	624.677	8.611	496	621	6	12	8	6
264	644	610	644	331	128156	199	0	199	199	199	831.177	632.598	9.009	5.290	1.519	5.306	831.178	632.597	9.009	825	626	6	13	16	7
265	537	490	537	282	63366	118	0	118	118	118	502.633	633.013	8.596	4.951	1.413	4.766	502.633	633.013	8.596	495	630	6	16	9	6
266	1118	862	1118	507	225836	202	0	202	202	202	702.093	636.498	8.677	6.327	1.626	6.715	702.091	636.498	8.677	694	629	6	17	17	7
267	1235	886	1235	505	250705	203	0	203	203	203	843.600	638.105	9.196	6.439	1.452	6.765	843.602	638.105	9.196	836	630	6	16	18	8
268	1005	806	1005	451	310545	309	0	309	309	309	716.073	645.138	9.633	6.037	1.445	6.375	716.072	645.138	9.633	708	638	6	16	16	8
269	1416	1064	1416	606	294528	208	0	208	208	208	765.140	648.141	9.124	7.031	1.908	7.262	765.140	648.141	9.124	756	639	6	18	21	8
270	153	278	153	124	31671	207	0	207	207	207	325.817	647.418	8.752	3.352	1.140	3.391	325.817	647.418	8.752	322	642	6	8	11	7
271	501	502	501	282	110220	220	0	220	220	220	456.247	667.896	9.034	4.880	1.459	4.747	456.247	667.896	9.034	453	661	6	9	16	7
272	956	1054	956	566	204584	214	0	214	214	214	728.315	658.679	9.350	6.757	2.381	7.005	728.317	658.679	9.350	719	650	6	23	18	7
273	1582	1106	1582	662	349622	221	0	221	221	221	530.023	669.641	9.467	7.219	1.912	7.584	530.023	669.642	9.467	521	660	6	19	20	8
274	583	576	583	321	180730	310	0	310	310	310	447.142	669.774	9.633	5.125	1.476	5.024	447.144	669.774	9.633	442	662	6	10	16	8
275	1627	1060	1627	654	367702	226	0	226	226	226	688.344	685.191	9.218	7.202	1.806	7.593	688.341	685.191	9.218	680	676	6	18	20	7
276	1056	882	1056	513	240768	228	0	228	228	228	653.855	688.319	9.500	6.329	1.780	6.403	653.851	688.319	9.500	644	680	6	17	18	8
277	217	360	217	150	48825	225	0	225	225	225	311.562	682.880	8.991	4.034	1.567	3.862	311.562	682.880	8.991	308	678	6	10	14	7
278	1648	1198	1648	704	380688	231	0	231	231	231	353.976	696.703	8.957	7.403	2.022	7.797	353.976	696.702	8.957	344	686	6	20	21	7
279	695	694	695	372	218925	315	0	315	315	315	711.550	690.210	9.820	5.832	1.958	5.670	711.550	690.210	9.820	706	679	6	13	20	8
280	1741	1172	1741	730	550156	316	0	316	316	316	437.619	693.708	9.971	7.501	1.957	7.977	437.623	693.708	9.971	429	684	6	20	19	9
281	1608	1074	1608	653	377880	235	0	235	235	235	371.971	702.670	9.353	7.170	1.785	7.660	371.972	702.670	9.353	363	694	6	19	19	8
282	1307	956	1307	577	414319	317	0	317	317	317	419.878	698.895	9.797	6.680	1.680	7.162	419.877	698.896	9.797	411	690	6	19	17	8
283	895	762	895	409	211220	236	0	236	236	236	505.023	703.159	9.396	5.819	1.390	6.048	505.026	703.159	9.396	496	696	6	16	15	9
284	742	694	742	370	177338	239	0	239	239	239	483.240	704.268	9.243	5.860	1.906	5.637	483.241	704.269	9.243	474	694	6	16	18	7
285	1884	1370	1884	771	600996	319	0	319	319	319	348.251	718.891	9.553	8.061	2.476	8.148	348.251	718.893	9.553	338	708	6	28	20	9
286	1443	1050	1443	663	352092	244	0	244	244	244	422.180	714.373	9.226	7.127	2.000	7.232	422.176	714.373	9.226	412	704	6	18	21	8
287	539	594	539	303	135289	251	0	251	251	251	745.625	718.210	9.037	5.089	1.501	5.180	745.626	718.210	9.037	741	712	6	13	14	8
288	1516	1106	1516	686	486636	321	0	321	321	321	322.194	735.753	9.520	7.291	2.127	7.618	322.193	735.752	9.520	309	728	6	23	17	8
289	2300	1432	2300	872	742900	323	0	323	323	323	390.275	741.797	10.172	8.252	2.202	8.793	390.275	741.796	10.172	380	731	6	22	22	9
290	918	850	918	466	236844	258	0	258	258	258	704.623	742.188	9.197	6.027	1.811	6.416	704.621	742.188	9.197	697	734	6	16	17	7
291	1481	1150	1481	655	476882	322	0	322	322	322	348.139	736.205	9.864	7.289	2.141	7.435	348.137	736.203	9.864	339	729	6	22	17	9
292	258	382	258	168	67596	262	0	262	262	262	793.434	750.802	8.988	4.194	1.519	3.801	793.435	750.802	8.988	787	743	6	11	14	6
293	903	768	903	423	237489	263	0	263	263	263	566.846	756.168	9.332	5.868	1.524	6.136	566.847	756.168	9.332	559	749	6	17	16	7
294	986	860	986	471	324394	329	0	329	329	329	761.220	769.434	10.320	6.230	1.905	6.219	761.219	769.434	10.320	753	762	6	17	22	8
295	1122	892	1122	534	298452	266	0	266	266	266	643.999	767.698	9.000	6.425	1.844	6.877	643.998	767.697	9.000	636	759	6	18	18	8
296	856	838	856	487	229408	268	0	268	268	268	318.511	773.557	9.291	6.046	1.844	6.514	318.511	773.558	9.291	310	766	6	17	15	7
297	1062	914	1062	531	353646	333	0	333	333	333	457.083	779.849	10.383	6.382	1.878	6.772	457.082	779.849	10.383	449	771	6	17	17	8
298	1951	1224	1951	760	528721	271	0	271	271	271	560.363	780.206	9.061	7.729	2.024	8.178	560.364	780.209	9.061	550	770	6	21	22	7
299	954	792	954	470	260442	273	0	273	273	273	754.152	779.744	8.984	6.038	1.610	6.199	754.150	779.746	8.984	748	769	6	14	19	8
300	1247	1214	1247	649	416498	334	0	334	334	334	298.720	780.880	9.991	7.250	2.505	7.567	298.721	780.881	9.991	286	770	6	22	20	9
301	2314	1668	2314	990	768248	332	0	332	332	332	591.754	777.721	10.233	9.423	3.405	9.413	591.757	777.721	10.233	577	766	6	30	25	9
302	1682	1164	1682	693	462550	275	0	275	275	275	772.323	782.124	9.370	7.359	1.906	7.671	772.324	782.125	9.370	763	773	6	19	21	8
303	1144	902	1144	537	311168	272	0	272	272	272	726.218	782.573	9.193	6.443	1.798	6.758	726.218	782.573	9.193	718	774	6	18	18	7
304	1625	1222	1625	722	450125	277	0	277	277	277	317.344	791.079	9.281	7.438	2.057	7.917	317.343	791.078	9.281	307	782	6	22	19	9
305	1487	1090	1487	666	414873	279	0	279	279	279	473.330	801.352	8.882	7.182	2.020	7.630	473.331	801.353	8.882	464	793	6	19	18	7
306	1716	1126	1716	698	574860	335	0	335	335	335	299.843	799.280	10.019	7.355	1.824	7.857	299.844	799.280	10.019	291	791	6	20	19	8
307	2168	1628	2168	951	734952	339	0	339	339	339	569.031	800.934	9.944	9.031	3.127	9.042	569.031	800.935	9.944	557	789	6	28	24	8
308	1439	1046	1439	623	484943	337	0	337	337	337	491.380	803.070	9.582	6.975	1.848	7.410	491.380	803.069	9.582	483	795	6	18	18	8
309	2003	1336	2003	770	683023	341	0	341	341	341	405.892	808.664	10.403	7.858	2.036	8.273	405.891	808.667	10.403	396	799	6	22	22	10
310	1759	1228	1759	710	605096	344	0	344	344	344	424.765	814.534	9.590	7.530	2.003	7.938	424.770	814.533	9.590	414	803	6	21	22	8
311	2127	1326	2127	832	727434	342	0	342	342	342	312.363	811.615	9.772	8.274	2.387	8.383	312.364	811.615	9.772	301	802	6	23	19	9
312	1540	1094	1540	627	520520	338	0	338	338	338	682.893	804.284	9.723	7.052	1.870	7.480	682.892	804.283	9.723	674	795	6	19	19	9
313	1503	1294	1503	726	518535	345	0	345	345	345	289.086	817.369	9.784	7.825	2.890	7.600	289.085	817.370	9.784	274	808	6	26	20	8
314	1018	860	1018	477	352228	346	0	346	346	346	479.553	817.348	9.455	6.202	1.622	6.366	479.552	817.347	9.455	472	810	6	18	16	8
315	1332	988	1332	599	456876	343	0	343	343	343	665.151	812.974	9.752	6.822	1.910	7.290	665.151	812.974	9.752	657	804	6	17	19	8
316	1422	1010	1422	589	496278	349	0	349	349	349	369.271	820.916	10.349	6.800	1.626	7.150	369.271	820.917	10.349	361	813	6	18	17	9
317	1363	1014	1363	588	477050	350	0	350	350	350	646.894	826.726	9.762	6.812	1.779	7.176	646.896	826.722	9.762	638	817	6	18	19	8
318	489	474	489	265	204891	419	0	419	419	419	302.370	824.969	10.767	4.702	1.150	4.552	302.371	824.968	10.767	297	822	6	14	9	9
319	1749	1342	1749	757	734580	420	0	420	420	420	286.400	839.945	10.530	7.730	2.189	8.136	286.398	839.943	10.530	273	829	6	23	22	9
320	1554	1046	1554	613	545454	351	0	351	351	351	531.248	831.894	9.795	7.030	1.624	7.403	531.248	831.895	9.795	522	823	6	20	19	9
321	1345	944	1345	574	476130	354	0	354	354	354	512.580	836.636	10.543	6.719	1.744	7.105	512.578	836.634	10.543	505	829	6	17	17	9
322	2026	1416	2026	782	719230	355	0	355	355	355	665.734	835.756	10.395	8.168	2.538	8.256	665.735	835.757	10.395	656	821	6	22	26	9
323	1341	1058	1341	597	386208	288	0	288	288	288	398.781	841.318	9.450	6.920	1.978	7.217	398.781	841.318	9.450	389	832	6	20	19	8
324	1943	1298	1943	768	691708	356	0	356	356	356	316.885	839.286	10.017	7.762	2.076	8.281	316.882	839.285	10.017	307	829	6	21	21	9
325	1282	934	1282	568	370498	289	0	289	289	289	438.563	846.923	9.676	6.667	1.723	7.069	438.562	846.921	9.676	431	838	6	17	19	8
326	864	778	864	461	251424	291	0	291	291	291	582.738	848.751	9.106	6.083	1.921	6.309	582.739	848.751	9.106	573	839	6	18	19	7
327	1068	1018	1068	568	385548	361	0	361	361	361	714.104	861.451	9.226	6.770	2.236	6.882	714.104	861.452	9.226	706	853	6	19	17	7
328	613	624	613	348	179609	293	0	293	293	293	731.613	861.085	8.979	5.466	1.824	5.400	731.613	861.085	8.979	726	855	6	16	14	7
329	2091	1288	2091	787	756942	362	0	362	362	362	282.011	859.412	10.078	7.968	2.001	7.956	282.009	859.412	10.078	268	851	6	26	17	9
330	2198	1342	2198	768	806666	367	0	367	367	367	315.155	867.343	10.328	7.918	1.791	8.289	315.155	867.341	10.328	305	857	6	21	21	10
331	1016	840	1016	485	363728	358	0	358	358	358	560.515	855.992	9.811	6.127	1.609	6.413	560.517	855.991	9.811	552	848	6	18	17	8
332	1475	1196	1475	682	539850	366	0	366	366	366	371.232	869.785	10.252	7.511	2.463	7.533	371.233	869.786	10.252	361	860	6	22	22	9
333	1478	1288	1478	759	549816	372	0	372	372	372	382.962	878.022	9.838	8.385	3.540	7.809	382.960	878.022	9.838	374	860	6	18	34	8
334	877	884	877	470	319228	364	0	364	364	364	687.229	865.945	10.247	6.008	1.803	6.319	687.232	865.945	10.247	679	858	6	17	17	9
335	1600	1070	1600	669	584000	365	0	365	365	365	545.133	865.589	9.863	7.219	1.800	7.642	545.133	865.589	9.863	537	857	6	19	17	9
336	1753	1146	1753	690	738013	421	0	421	421	421	425.469	864.953	10.647	7.429	1.895	7.585	425.469	864.953	10.647	415	858	6	21	16	10
337	3469	2128	3469	1379	1280061	369	0	369	369	369	274.380	878.496	9.792	10.418	3.348	10.717	274.380	878.496	9.792	260	866	6	29	32	9
338	1666	1130	1666	666	613088	368	0	368	368	368	565.013	872.149	10.167	7.246	1.734	7.644	565.018	872.150	10.167	556	864	6	19	19	10
339	1898	1234	1898	731	704158	371	0	371	371	371	470.589	877.529	10.340	7.633	1.899	8.059	470.589	877.527	10.340	461	868	6	20	22	9
340	2081	1448	2081	857	780375	375	0	375	375	375	507.191	882.278	10.235	8.494	2.836	8.436	507.192	882.278	10.235	498	867	6	26	27	9
341	1526	1022	1526	613	570724	374	0	374	374	374	540.864	882.797	9.617	7.011	1.623	7.440	540.865	882.795	9.617	532	875	6	19	18	8
342	2446	1636	2446	1012	726462	297	0	297	297	297	708.538	889.586	9.062	9.241	3.146	9.291	708.538	889.587	9.062	696	875	6	26	29	8
343	614	566	614	327	260336	424	0	424	424	424	257.933	886.614	10.362	5.273	1.446	5.064	257.933	886.614	10.362	249	881	6	15	11	9
344	1231	984	1231	559	462856	376	0	376	376	376	300.045	888.982	9.936	6.968	2.372	6.805	300.045	888.982	9.936	286	880	6	22	18	8
345	1933	1292	1933	752	821525	425	0	425	425	425	574.606	888.458	10.374	7.809	2.056	7.938	574.606	888.459	10.374	565	878	6	19	25	10
346	2726	1556	2726	960	1030428	378	0	378	378	378	262.590	902.056	10.197	8.705	2.052	9.152	262.589	902.056	10.197	253	892	6	21	21	10
347	1662	1234	1662	678	709674	427	0	427	427	427	539.921	909.989	10.433	7.399	2.057	7.697	539.922	909.988	10.433	531	897	6	19	24	10
348	1533	1252	1533	694	577941	377	0	377	377	377	556.224	893.335	10.020	7.771	2.758	7.820	556.224	893.336	10.020	546	883	6	26	20	10
349	1597	1000	1597	644	606860	380	0	380	380	380	315.895	906.547	9.898	7.083	1.632	7.463	315.898	906.546	9.898	307	898	6	17	17	9
350	1962	1548	1962	889	743598	379	0	379	379	379	401.289	902.671	9.997	8.819	3.164	8.886	401.290	902.671	9.997	388	892	6	28	23	9
351	1364	1020	1364	582	407836	299	0	299	299	299	698.405	906.007	9.462	6.781	1.801	7.235	698.407	906.005	9.462	690	897	6	18	19	8
352	1070	878	1070	495	409810	383	0	383	383	383	580.684	914.476	10.089	6.303	1.718	6.574	580.686	914.473	10.089	573	906	6	17	17	9
353	1228	960	1228	561	467868	381	0	381	381	381	614.051	904.044	10.171	6.653	1.808	7.012	614.051	904.044	10.171	606	895	6	18	19	9
354	1461	1138	1461	691	558102	382	0	382	382	382	332.461	909.206	9.721	7.636	2.812	7.659	332.462	909.207	9.721	323	893	6	20	25	9
355	3581	2682	3581	1562	1074300	300	0	300	300	300	665.998	916.109	9.717	11.569	4.540	11.180	666.001	916.107	9.717	646	904	6	43	27	9
356	883	682	883	417	378807	429	0	429	429	429	261.467	919.234	10.524	5.689	1.171	5.880	261.466	919.236	10.524	255	914	6	13	13	10
357	1654	1066	1654	627	635136	384	0	384	384	384	368.919	916.895	9.712	7.147	1.629	7.398	368.919	916.895	9.712	360	909	6	20	18	9
358	1203	874	1203	498	463155	385	0	385	385	385	275.307	920.507	10.442	6.386	1.460	6.628	275.307	920.513	10.442	269	912	6	15	18	10
359	188	318	188	133	23124	123	0	123	123	123	498.824	917.202	8.117	3.954	1.764	3.524	498.824	917.202	8.117	495	908	6	8	17	5
360	1237	1080	1237	611	153388	124	0	124	124	124	486.048	925.461	8.519	6.946	2.157	7.217	486.050	925.462	8.519	477	916	6	20	22	6
361	808	664	808	398	345824	428	0	428	428	428	565.344	915.608	10.495	5.807	1.712	5.571	565.346	915.608	10.495	562	906	6	9	18	9
362	3505	2406	3505	1425	1514160	432	0	432	432	432	517.434	935.076	10.017	10.991	4.091	11.066	517.444	935.077	10.017	499	922	6	38	27	9
363	1336	946	1336	581	519704	389	0	389	389	389	569.130	931.640	10.354	6.719	1.687	6.977	569.129	931.639	10.354	560	923	6	19	18	9
364	1663	1176	1663	703	648570	390	0	390	390	390	662.094	935.049	9.885	7.552	2.185	7.608	662.094	935.048	9.885	651	927	6	25	18	8
365	1394	962	1394	546	540872	388	0	388	388	388	378.486	928.689	10.239	6.699	1.486	6.884	378.484	928.689	10.239	370	921	6	18	16	10
366	3432	2016	3432	1210	1492920	435	0	435	435	435	247.685	947.106	10.398	10.007	3.129	9.850	247.685	947.108	10.398	230	933	6	32	29	10
367	1411	1078	1411	609	551701	391	0	391	391	391	677.629	941.697	10.006	6.998	1.986	7.180	677.629	941.697	10.006	669	929	6	18	23	9
368	1769	1354	1769	801	693448	392	0	392	392	392	620.929	938.555	10.380	8.184	2.835	7.969	620.924	938.553	10.380	610	927	6	20	28	9
369	2093	1544	2093	891	824642	394	0	394	394	394	638.581	944.336	9.815	8.538	2.744	8.636	638.580	944.337	9.815	630	933	6	20	28	9
370	1831	1282	1831	760	719583	393	0	393	393	393	410.998	945.742	10.336	7.758	2.220	7.914	410.998	945.741	10.336	403	936	6	18	23	10
371	1454	1014	1454	616	577238	397	0	397	397	397	486.391	950.622	10.369	6.941	1.781	7.394	486.391	950.625	10.369	477	942	6	19	19	9
372	540	552	540	308	162540	301	0	301	301	301	340.615	953.785	9.548	5.162	1.676	4.896	340.614	953.785	9.548	336	946	6	9	18	7
373	1696	1120	1696	691	680096	401	0	401	401	401	239.032	963.443	10.078	7.347	1.897	7.638	239.032	963.444	10.078	229	954	6	21	19	9
374	1406	964	1406	551	560994	399	0	399	399	399	615.043	960.574	10.220	6.700	1.437	7.007	615.043	960.574	10.220	607	953	6	18	17	9
375	4715	2646	4715	1632	1904860	404	0	404	404	404	499.627	971.009	9.933	11.830	4.106	11.897	499.623	971.005	9.933	483	956	6	40	30	10
376	2233	1514	2233	938	906598	406	0	406	406	406	562.274	969.759	10.252	8.916	2.925	8.857	562.274	969.759	10.252	551	955	6	22	26	10
377	1788	1280	1788	776	727716	407	0	407	407	407	594.668	975.147	10.091	7.890	2.283	7.942	594.669	975.146	10.091	583	965	6	23	22	9
378	2747	1826	2747	1093	1137258	414	0	414	414	414	613.245	987.648	9.680	9.393	2.961	9.386	613.245	987.646	9.680	600	973	6	26	32	10
379	1878	1232	1878	711	852612	454	0	454	454	454	375.639	970.376	11.273	7.528	1.738	7.898	375.640	970.377	11.273	365	961	6	21	20	11
380	1892	1204	1892	727	832480	440	0	440	440	440	381.375	987.460	11.097	7.549	1.810	7.906	381.379	987.460	11.097	372	979	6	21	19	10
381	2235	1432	2235	891	920820	412	0	412	412	412	230.386	991.368	10.380	8.279	2.287	8.482	230.388	991.368	10.380	223	981	6	19	22	11
382	1248	958	1248	537	510432	409	0	409	409	409	319.082	986.356	10.605	6.586	1.716	6.922	319.081	986.357	10.605	311	979	6	18	18	10
383	1725	1090	1725	710	708975	411	0	411	411	411	635.664	988.118	10.017	7.407	1.884	7.680	635.664	988.118	10.017	627	981	6	19	18	9
384	2125	1494	2125	944	877625	413	0	413	413	413	561.513	989.492	10.623	8.943	3.209	8.305	561.512	989.493	10.623	552	973	6	19	38	11
385	1910	1206	1910	805	842310	441	0	441	441	441	588.646	992.909	10.812	7.969	2.351	7.851	588.646	992.911	10.812	582	983	6	15	25	10
386	1143	842	1143	523	474345	415	0	415	415	415	601.687	996.728	10.130	6.331	1.502	6.401	601.685	996.734	10.130	596	988	6	16	17	9
387	832	622	832	410	367744	442	0	442	442	442	575.345	993.768	10.312	5.527	0.992	5.631	575.344	993.768	10.312	569	988	6	12	12	9
388	582	666	582	348	242112	416	0	416	416	416	625.997	1016.052	9.302	5.482	1.902	5.273	625.997	1016.052	9.302	618	1010	6	19	11	8
389	287	428	287	206	51660	180	0	180	180	180	621.505	584.171	8.690	4.446	1.517	4.508	621.505	584.171	8.690	617	576	7	10	16	5
390	786	826	786	433	154056	196	0	196	196	196	443.980	617.594	9.407	5.833	1.736	6.239	443.980	617.594	9.407	436	610	7	17	16	6
391	643	692	643	376	136316	212	0	212	212	212	497.552	657.249	9.260	5.376	1.630	5.707	497.552	657.248	9.260	490	650	7	15	16	7
392	273	382	273	184	57330	210	0	210	210	210	513.784	655.282	9.505	3.998	1.263	3.992	513.784	655.282	9.505	507	650	7	12	12	7
393	682	648	682	378	214148	314	0	314	314	314	719.872	686.867	10.150	5.754	1.964	5.626	719.871	686.866	10.150	714	679	7	13	19	7
394	670	676	670	391	160800	240	0	240	240	240	535.931	707.607	8.979	5.478	1.652	5.811	535.931	707.607	8.979	530	701	7	14	15	5
395	333	438	333	216	84915	255	0	255	255	255	759.802	734.015	8.991	4.512	1.643	4.388	759.803	734.016	8.991	755	728	7	10	14	5
396	458	680	458	341	116332	254	0	254	254	254	746.072	734.367	8.939	5.667	2.226	5.537	746.074	734.367	8.939	737	727	7	18	15	5
397	738	666	738	389	194832	264	0	264	264	264	584.554	757.996	9.152	5.500	1.517	5.777	584.554	757.996	9.152	577	751	7	16	14	6
398	732	718	732	364	238632	326	0	326	326	326	419.898	753.467	10.206	5.640	1.746	5.649	419.899	753.467	10.206	413	745	7	15	17	7
399	1226	952	1226	557	405806	331	0	331	331	331	440.144	774.204	10.413	6.604	1.726	7.040	440.145	774.204	10.413	431	766	7	18	17	7
400	500	596	500	315	165000	330	0	330	330	330	332.064	774.328	10.136	5.562	2.110	5.552	332.063	774.328	10.136	327	766	7	11	19	6
401	1150	908	1150	527	480700	418	0	418	418	418	358.184	806.433	10.750	6.457	1.781	6.765	358.183	806.431	10.750	350	798	7	18	18	7
402	1153	932	1153	543	400091	347	0	347	347	347	328.746	818.636	10.168	6.569	1.952	6.807	328.747	818.634	10.168	320	810	7	22	18	8
403	1413	1024	1413	620	498789	353	0	353	353	353	723.495	834.073	9.957	6.956	1.855	7.379	723.498	834.070	9.957	715	825	7	17	19	7
404	1171	858	1171	522	412192	352	0	352	352	352	376.090	834.638	9.757	6.408	1.608	6.602	376.090	834.638	9.757	368	827	7	18	16	7
405	980	1036	980	571	349860	357	0	357	357	357	371.419	851.871	10.100	6.711	2.357	6.915	371.419	851.872	10.100	361	843	7	23	19	8
406	1637	1180	1637	682	589320	360	0	360	360	360	614.358	858.090	10.012	7.425	2.101	7.709	614.352	858.091	10.012	603	849	7	22	20	7
407	1542	1074	1542	637	553578	359	0	359	359	359	669.283	855.468	10.418	7.102	1.841	7.554	669.283	855.469	10.418	660	846	7	19	20	8
408	429	524	429	251	181038	422	0	422	422	422	394.061	866.930	10.492	4.872	1.584	4.479	394.062	866.930	10.492	390	859	7	10	16	9
409	915	834	915	471	338550	370	0	370	370	370	667.235	874.203	10.073	6.067	1.712	6.423	667.234	874.203	10.073	659	866	7	18	19	7
410	1580	1102	1580	696	589340	373	0	373	373	373	488.224	884.902	10.435	7.291	1.989	7.742	488.224	884.901	10.435	478	876	7	19	23	8
411	1115	850	1115	513	471645	423	0	423	423	423	314.930	886.225	10.470	6.298	1.593	6.567	314.930	886.224	10.470	309	879	7	15	17	8
412	2009	1350	2009	834	855834	426	0	426	426	426	595.097	897.739	10.708	7.999	2.293	8.544	595.096	897.740	10.708	583	888	7	23	21	8
413	555	652	555	322	165390	298	0	298	298	298	677.996	901.225	9.468	5.798	2.199	5.702	677.995	901.225	9.468	668	895	7	19	16	6
414	1291	912	1291	559	555130	430	0	430	430	430	318.215	921.812	10.677	6.650	1.669	6.816	318.217	921.810	10.677	309	916	7	19	15	8
415	927	758	927	463	358749	387	0	387	387	387	335.955	924.218	10.383	5.985	1.554	6.150	335.955	924.217	10.383	328	919	7	17	14	7
416	2174	1672	2174	963	858730	395	0	395	395	395	460.305	944.170	10.181	8.945	3.111	8.824	460.306	944.168	10.181	443	932	7	30	23	8
417	1230	904	1230	536	533820	434	0	434	434	434	606.033	945.722	10.628	6.512	1.617	6.902	606.031	945.723	10.628	598	938	7	18	17	8
418	1163	930	1163	560	460548	396	0	396	396	396	328.661	945.543	9.711	6.624	1.870	6.927	328.664	945.543	9.711	321	937	7	17	17	7
419	1257	956	1257	576	544281	433	0	433	433	433	396.551	939.634	10.582	6.691	1.861	6.892	396.552	939.634	10.582	388	930	7	18	20	8
420	1848	1378	1848	790	739200	400	0	400	400	400	548.146	962.108	10.289	8.209	2.927	8.100	548.140	962.108	10.289	538	944	7	20	29	9
421	402	420	402	235	121404	302	0	302	302	302	348.142	954.328	9.706	4.556	1.404	4.331	348.142	954.328	9.706	345	947	7	8	15	6
422	2343	1554	2343	968	1021548	436	0	436	436	436	305.517	959.401	10.650	8.781	2.861	8.788	305.515	959.401	10.650	295	947	7	21	30	9
423	168	240	168	106	66864	398	0	398	398	398	224.476	958.792	9.679	3.197	0.742	3.158	224.476	958.792	9.679	222	954	7	7	9	6
424	1907	1308	1907	837	766614	402	0	402	402	402	322.693	964.875	10.343	8.431	2.828	8.330	322.692	964.875	10.343	315	955	7	21	23	8
425	1210	892	1210	559	487630	403	0	403	403	403	474.980	966.550	10.469	6.567	1.751	6.789	474.980	966.552	10.469	467	958	7	17	18	7
426	2466	1674	2466	1003	1077642	437	0	437	437	437	407.246	974.808	10.875	9.293	3.188	9.317	407.244	974.807	10.875	397	960	7	22	29	8
427	1687	1138	1687	692	738906	438	0	438	438	438	301.672	977.126	10.666	7.398	1.833	7.638	301.673	977.126	10.666	293	969	7	19	21	9
428	920	712	920	469	375360	408	0	408	408	408	576.392	978.478	10.397	6.037	1.661	5.862	576.396	978.479	10.397	572	970	7	10	17	8
429	1362	976	1362	610	597918	439	0	439	439	439	245.199	979.456	10.590	6.843	1.828	7.075	245.200	979.456	10.590	236	971	7	19	19	8
430	1560	1078	1560	643	639600	410	0	410	410	410	541.917	986.265	10.323	7.114	1.849	7.528	541.916	986.267	10.323	533	977	7	18	19	8
431	1924	1438	1924	840	856180	445	0	445	445	445	371.793	1002.082	11.283	8.344	2.816	8.166	371.793	1002.083	11.283	360	993	7	29	17	9
432	1171	852	1171	513	519924	444	0	444	444	444	300.606	1000.401	10.733	6.508	1.737	6.537	300.609	1000.400	10.733	292	994	7	19	13	8
433	1604	1224	1604	659	710572	443	0	443	443	443	507.535	998.197	11.016	7.317	2.012	7.586	507.535	998.196	11.016	498	990	7	22	22	9
434	1615	1268	1615	740	726750	450	0	450	450	450	526.001	1009.220	10.853	7.863	2.595	7.781	525.998	1009.222	10.853	513	997	7	24	21	8
435	1577	1190	1577	728	703342	446	0	446	446	446	569.989	1007.751	11.204	7.691	2.414	7.742	569.989	1007.749	11.204	560	997	7	20	22	8
436	2219	1488	2219	931	994112	448	0	448	448	448	549.876	1006.798	10.843	8.647	2.702	8.972	549.876	1006.798	10.843	538	995	7	22	23	9
437	2163	1434	2163	875	966861	447	0	447	447	447	411.540	1001.184	11.209	8.453	2.566	8.610	411.537	1001.167	11.209	402	990	7	21	22	9
438	988	764	988	452	443612	449	0	449	449	449	436.997	1008.035	10.819	6.313	1.964	5.991	436.996	1008.038	10.819	426	1003	7	22	11	8
439	689	598	689	319	310739	451	0	451	451	451	608.300	1017.248	11.103	5.398	1.462	5.068	608.301	1017.245	11.103	600	1013	7	18	8	9
440	500	628	500	307	160000	320	0	320	320	320	804.430	730.974	10.014	5.308	1.776	5.396	804.430	730.974	10.014	796	725	8	15	15	7
441	1077	868	1077	524	352179	327	0	327	327	327	436.314	757.384	10.302	6.378	1.810	6.706	436.315	757.383	10.302	428	749	8	17	17	7
442	986	820	986	486	357918	363	0	363	363	363	653.449	863.665	10.341	6.151	1.694	6.516	653.450	863.665	10.341	645	856	8	17	17	6
443	150	250	150	105	67800	452	0	452	452	452	247.007	910.587	11.607	3.247	1.065	3.213	247.007	910.587	11.607	242	906	8	9	9	8
444	867	722	867	419	373677	431	0	431	431	431	591.456	924.866	10.714	5.773	1.502	6.059	591.456	924.865	10.714	584	918	8	16	15	7
445	1587	1224	1587	730	722085	455	0	455	455	455	216.362	989.545	12.995	7.990	3.053	7.589	216.363	989.545	12.995	209	973	9	15	30	8
