 	Volume (pixel^3)	Surface (pixel^2)	Nb of obj. voxels	Nb of surf. voxels	IntDen	Mean	StdDev	Median	Min	Max	X	Y	Z	Mean dist. to surf. (pixel)	SD dist. to surf. (pixel)	Median dist. to surf. (pixel)	XM	YM	ZM	BX	BY	BZ	B-width	B-height	B-depth
1	5110	3018	5110	1973	1139530	223	0	223	223	223	557.197	716.676	6.338	12.685	4.605	12.770	557.194	716.679	6.338	541	694	2	39	40	9
2	1656	1258	1656	789	465336	281	0	281	281	281	722.999	131.165	6.656	8.437	3.193	8.339	722.999	131.165	6.656	713	121	3	27	20	7
3	1468	1064	1468	642	8808	6	0	6	6	6	773.779	147.163	6.270	7.111	1.977	7.371	773.779	147.163	6.270	763	138	3	21	20	7
4	2744	1972	2744	1233	27440	10	0	10	10	10	745.108	156.401	6.286	9.900	3.444	10.107	745.108	156.401	6.286	732	140	3	26	35	7
5	733	672	733	399	5864	8	0	8	8	8	761.094	152.246	6.471	5.996	2.310	5.469	761.094	152.246	6.471	757	143	3	11	23	7
6	585	514	585	315	6435	11	0	11	11	11	645.795	156.441	6.106	4.996	1.250	5.153	645.795	156.441	6.106	640	150	3	12	13	7
7	732	692	732	418	9516	13	0	13	13	13	637.883	163.867	5.893	5.971	2.079	5.888	637.883	163.867	5.893	633	153	3	16	19	6
8	982	846	982	504	16694	17	0	17	17	17	734.073	184.481	6.560	6.493	2.088	6.506	734.073	184.481	6.560	727	176	3	20	18	7
9	3108	1722	3108	1029	926184	298	0	298	298	298	740.672	199.915	7.142	9.141	2.325	9.483	740.672	199.915	7.142	723	189	3	30	24	9
10	2536	1896	2536	1200	55792	22	0	22	22	22	682.819	210.501	6.351	9.728	3.277	9.872	682.823	210.501	6.351	671	195	3	30	30	7
11	2330	1694	2330	1074	2330	1	0	1	1	1	660.062	215.042	5.596	9.299	3.259	9.285	660.062	215.042	5.596	647	198	3	25	32	7
12	1624	1256	1624	751	495320	305	0	305	305	305	862.659	219.723	6.524	7.568	2.290	8.038	862.658	219.723	6.524	852	209	3	22	22	8
13	2177	1586	2177	1044	52248	24	0	24	24	24	754.767	233.349	6.038	9.097	3.194	9.070	754.767	233.349	6.038	743	224	3	30	20	7
14	1528	1218	1528	783	3056	2	0	2	2	2	645.827	236.010	5.522	7.684	2.479	8.076	645.827	236.010	5.522	636	223	3	22	24	6
15	4431	2778	4431	1866	110775	25	0	25	25	25	726.461	246.503	6.223	12.136	4.305	12.257	726.449	246.503	6.223	699	229	3	46	38	8
16	829	662	829	437	21554	26	0	26	26	26	750.999	246.770	6.492	5.922	1.794	5.699	750.999	246.770	6.492	743	243	3	20	9	7
17	1617	1432	1617	857	43659	27	0	27	27	27	650.134	256.221	5.841	8.381	3.058	8.445	650.140	256.221	5.841	641	246	3	20	27	6
18	1842	1474	1842	903	51576	28	0	28	28	28	893.362	251.277	6.514	8.399	2.792	8.683	893.362	251.277	6.514	884	241	3	23	22	8
19	3257	1966	3257	1232	1407024	432	0	432	432	432	754.167	264.013	7.312	9.821	2.916	10.241	754.179	264.013	7.312	744	253	3	25	26	10
20	1964	1342	1964	911	60884	31	0	31	31	31	733.815	267.597	6.683	8.387	2.625	8.498	733.823	267.597	6.683	722	256	3	21	22	8
21	3930	2522	3930	1779	1222230	311	0	311	311	311	797.408	251.863	6.872	11.683	4.059	11.978	797.408	251.862	6.872	780	228	3	35	43	8
22	2723	1992	2723	1236	92582	34	0	34	34	34	821.532	273.610	6.100	9.982	3.612	10.001	821.518	273.610	6.100	805	264	3	34	21	7
23	550	514	550	323	20900	38	0	38	38	38	672.756	287.855	5.836	5.006	1.380	5.224	672.756	287.855	5.836	667	281	3	13	13	6
24	1351	1332	1351	745	48636	36	0	36	36	36	657.762	284.852	6.207	7.796	2.749	7.852	657.762	284.852	6.207	643	275	3	26	21	7
25	1793	1324	1793	864	580932	324	0	324	324	324	691.557	287.163	7.148	8.146	2.569	8.375	691.553	287.163	7.148	680	279	3	24	19	8
26	1913	1440	1913	945	76520	40	0	40	40	40	899.622	298.594	6.097	8.500	2.767	8.838	899.622	298.594	6.097	889	286	3	27	25	7
27	379	368	379	211	15539	41	0	41	41	41	678.084	297.127	5.623	4.143	0.754	4.240	678.084	297.127	5.623	674	293	3	11	9	6
28	4313	2686	4313	1954	1418977	329	0	329	329	329	774.755	306.663	6.376	12.869	5.235	12.317	774.757	306.663	6.376	757	290	3	44	35	8
29	3569	2600	3569	1675	139191	39	0	39	39	39	800.642	292.713	6.483	11.829	4.660	11.846	800.649	292.714	6.483	786	275	3	36	36	7
30	3340	2114	3340	1475	143620	43	0	43	43	43	743.857	303.727	6.199	10.706	3.672	10.968	743.863	303.727	6.199	732	287	3	25	34	7
31	1383	1102	1383	669	63618	46	0	46	46	46	646.004	311.843	6.030	7.386	2.370	7.307	646.007	311.843	6.030	639	299	3	15	26	7
32	1363	1022	1363	672	61335	45	0	45	45	45	668.719	306.645	6.163	7.255	2.283	7.322	668.714	306.645	6.163	662	295	3	16	23	7
33	631	554	631	382	27764	44	0	44	44	44	657.090	306.090	6.076	5.809	2.198	5.633	657.090	306.090	6.076	654	297	3	8	20	7
34	848	662	848	429	39856	47	0	47	47	47	757.055	315.389	6.120	5.714	1.295	5.887	757.060	315.389	6.120	749	310	3	15	13	7
35	1378	1152	1378	755	71656	52	0	52	52	52	723.803	323.056	6.214	7.962	2.956	7.730	723.803	323.056	6.214	710	312	3	22	28	7
36	1331	1010	1331	627	67881	51	0	51	51	51	699.561	326.046	6.460	6.992	1.964	7.275	699.566	326.046	6.460	691	316	3	18	20	8
37	2388	1782	2388	1182	128952	54	0	54	54	54	783.271	328.155	6.173	9.716	3.544	9.862	783.281	328.154	6.173	766	317	3	35	23	7
38	964	884	964	513	51092	53	0	53	53	53	907.338	321.782	6.233	6.858	2.673	6.790	907.334	321.782	6.233	900	308	3	16	23	7
39	430	464	430	260	24080	56	0	56	56	56	808.035	328.270	5.781	4.575	1.184	4.512	808.035	328.270	5.781	801	323	3	13	10	6
40	1834	1356	1834	875	629062	343	0	343	343	343	810.557	344.392	6.390	8.418	2.874	8.640	810.557	344.392	6.390	801	334	3	23	24	7
41	1367	1216	1367	742	79286	58	0	58	58	58	795.778	348.386	5.808	8.534	3.676	8.244	795.771	348.386	5.808	786	334	3	18	33	7
42	2153	1538	2153	983	734173	341	0	341	341	341	831.485	347.716	7.028	9.001	3.238	8.964	831.484	347.717	7.028	820	333	3	23	33	8
43	1014	852	1014	507	60840	60	0	60	60	60	756.728	353.305	6.170	6.523	2.053	6.571	756.728	353.305	6.170	749	344	3	15	20	7
44	1151	1038	1151	604	393642	342	0	342	342	342	777.486	346.263	6.470	7.361	2.840	6.918	777.487	346.263	6.470	766	337	3	25	18	7
45	2053	1540	2053	975	127286	62	0	62	62	62	721.873	355.386	6.254	9.033	3.418	8.905	721.881	355.386	6.254	704	344	3	31	21	7
46	2253	1646	2253	1083	146445	65	0	65	65	65	771.582	365.673	5.985	9.131	3.130	9.422	771.578	365.672	5.985	759	347	3	26	32	7
47	321	354	321	200	20223	63	0	63	63	63	787.953	360.100	5.623	4.026	0.937	4.055	787.953	360.100	5.623	783	356	3	10	10	6
48	1032	818	1032	547	69144	67	0	67	67	67	740.958	368.983	5.958	6.759	2.334	6.462	740.961	368.983	5.958	736	358	3	11	23	7
49	1746	1550	1746	954	120474	69	0	69	69	69	727.227	373.599	6.268	8.947	3.318	8.491	727.223	373.599	6.268	713	358	3	28	31	7
50	982	796	982	505	66776	68	0	68	68	68	753.284	372.146	6.247	6.299	1.840	6.352	753.284	372.146	6.247	748	364	3	15	19	7
51	1388	1096	1388	685	98548	71	0	71	71	71	857.338	379.521	6.508	7.485	2.405	7.524	857.342	379.521	6.508	845	369	3	23	19	8
52	1754	1372	1754	848	129796	74	0	74	74	74	766.968	386.055	5.945	8.559	3.227	8.263	766.960	386.055	5.945	750	377	3	30	19	7
53	686	628	686	397	52136	76	0	76	76	76	850.292	393.159	6.187	6.150	2.397	5.729	850.292	393.159	6.187	845	384	3	10	22	7
54	2230	1706	2230	1054	171710	77	0	77	77	77	834.719	397.329	6.244	9.273	3.309	9.353	834.714	397.329	6.244	820	385	3	28	25	7
55	2562	1996	2562	1284	202398	79	0	79	79	79	736.785	401.019	6.200	11.009	4.973	10.370	736.790	401.018	6.200	719	390	3	45	21	7
56	1387	1092	1387	655	110960	80	0	80	80	80	797.383	408.599	6.293	7.139	2.143	7.506	797.383	408.599	6.293	788	398	3	21	21	7
57	1735	1228	1735	797	145740	84	0	84	84	84	730.424	418.459	6.282	7.814	2.395	8.076	730.416	418.459	6.282	721	410	3	22	18	7
58	1003	898	1003	529	90270	90	0	90	90	90	774.954	428.468	5.937	6.608	2.167	6.531	774.950	428.468	5.937	765	420	3	17	21	7
59	1048	972	1048	570	95368	91	0	91	91	91	787.080	431.308	5.889	7.146	2.611	6.980	787.082	431.308	5.889	779	419	3	21	22	7
60	2034	1400	2034	972	181026	89	0	89	89	89	909.247	424.578	6.340	8.698	2.931	8.947	909.244	424.577	6.340	899	414	3	24	21	7
61	2515	1692	2515	1123	231380	92	0	92	92	92	886.314	429.707	6.342	9.221	2.891	9.691	886.327	429.707	6.342	873	417	3	25	26	7
62	2720	1890	2720	1195	255680	94	0	94	94	94	832.474	443.725	6.492	10.303	3.975	10.262	832.481	443.725	6.492	818	432	3	28	32	8
63	1553	1266	1553	736	153747	99	0	99	99	99	892.597	471.104	5.937	7.971	3.044	7.815	892.600	471.104	5.937	874	463	3	30	19	7
64	1333	1144	1333	676	134633	101	0	101	101	101	697.430	468.758	6.271	7.521	2.766	7.390	697.427	468.758	6.271	682	460	3	28	19	7
65	1530	1264	1530	775	153000	100	0	100	100	100	812.725	469.121	6.374	8.391	3.286	8.064	812.717	469.121	6.374	801	458	3	24	26	7
66	1336	1052	1336	646	136272	102	0	102	102	102	832.159	473.205	6.127	7.023	2.123	7.424	832.164	473.205	6.127	823	464	3	20	19	7
67	3084	2360	3084	1558	1134912	368	0	368	368	368	720.486	466.303	6.338	11.923	4.883	11.688	720.499	466.303	6.338	703	445	3	35	37	8
68	2452	1928	2452	1165	252556	103	0	103	103	103	788.120	479.097	6.458	9.903	3.738	9.710	788.122	479.098	6.458	771	460	3	29	35	7
69	1310	1070	1310	658	137550	105	0	105	105	105	856.528	479.082	5.933	7.027	2.173	7.469	856.526	479.082	5.933	847	470	3	21	18	7
70	3541	2388	3541	1631	382428	108	0	108	108	108	699.625	488.389	6.253	11.643	4.621	11.575	699.636	488.389	6.253	676	469	3	40	33	7
71	3196	2176	3196	1450	338776	106	0	106	106	106	726.393	494.974	6.263	10.478	3.444	10.891	726.387	494.974	6.263	713	482	3	28	31	8
72	2113	1628	2113	1038	226091	107	0	107	107	107	841.694	490.841	6.072	9.419	3.596	9.186	841.696	490.841	6.072	827	478	3	33	24	7
73	1348	1194	1348	703	148280	110	0	110	110	110	864.209	497.568	5.713	7.952	3.031	7.612	864.214	497.569	5.713	852	483	3	20	29	7
74	1096	928	1096	544	123848	113	0	113	113	113	759.968	506.174	6.098	6.485	1.975	6.820	759.964	506.174	6.098	751	498	3	18	20	7
75	2207	1592	2207	1049	251598	114	0	114	114	114	820.453	504.116	6.099	9.575	3.652	9.504	820.448	504.116	6.099	811	485	3	25	30	7
76	3381	2320	3381	1571	395577	117	0	117	117	117	696.414	514.875	5.989	11.603	4.435	11.622	696.412	514.874	5.989	680	502	3	38	34	7
77	1153	932	1153	573	137207	119	0	119	119	119	843.752	515.933	5.892	6.635	1.904	7.025	843.754	515.933	5.892	835	506	3	18	20	7
78	467	484	467	271	56507	121	0	121	121	121	858.201	519.099	5.737	4.777	1.370	4.787	858.199	519.099	5.737	852	513	3	14	12	6
79	2110	1546	2110	1028	257420	122	0	122	122	122	885.418	518.842	5.978	9.071	3.217	9.096	885.414	518.842	5.978	872	506	3	27	27	7
80	889	844	889	514	106680	120	0	120	120	120	731.459	520.470	6.106	7.195	2.874	7.160	731.459	520.470	6.106	722	513	3	24	15	6
81	2343	1796	2343	1198	290532	124	0	124	124	124	825.648	525.269	6.220	9.953	3.714	9.917	825.658	525.270	6.220	808	515	3	36	28	7
82	1071	860	1071	547	131733	123	0	123	123	123	668.940	528.968	6.144	6.858	2.432	6.930	668.942	528.968	6.144	662	519	3	15	22	7
83	2127	1512	2127	979	272256	128	0	128	128	128	870.627	531.490	6.176	8.813	2.828	8.880	870.627	531.490	6.176	856	519	3	29	26	7
84	782	680	782	433	100878	129	0	129	129	129	678.739	533.063	6.133	5.899	1.846	5.889	678.737	533.062	6.133	673	522	3	13	19	7
85	951	790	951	490	127434	134	0	134	134	134	692.788	541.811	5.902	6.271	1.780	6.231	692.791	541.811	5.902	685	533	3	15	16	7
86	5221	3624	5221	2495	725719	139	0	139	139	139	691.113	553.903	6.038	15.123	5.921	15.394	691.113	553.900	6.038	663	533	3	52	41	7
87	1272	1002	1272	624	174264	137	0	137	137	137	881.019	549.495	6.169	7.260	2.457	7.060	881.017	549.493	6.169	869	542	3	24	16	7
88	5209	3318	5209	2315	687588	132	0	132	132	132	851.704	546.547	6.350	13.900	5.465	13.810	851.696	546.546	6.350	830	526	3	41	48	7
89	2198	1640	2198	1068	303324	138	0	138	138	138	799.370	557.456	5.911	9.535	3.557	9.668	799.366	557.455	5.911	785	544	3	29	28	7
90	2694	2140	2694	1307	379854	141	0	141	141	141	742.690	561.803	6.157	11.969	5.848	11.091	742.689	561.804	6.157	716	550	3	44	33	7
91	424	426	424	242	60208	142	0	142	142	142	821.033	559.684	6.009	4.427	1.075	4.486	821.035	559.684	6.009	815	556	3	13	10	7
92	3045	2160	3045	1394	444570	146	0	146	146	146	665.930	568.870	6.188	10.347	3.563	10.716	665.927	568.868	6.188	647	554	3	36	28	7
93	1292	984	1292	640	191216	148	0	148	148	148	734.439	571.173	6.279	7.230	2.363	7.383	734.433	571.173	6.279	725	564	3	20	16	7
94	3140	2122	3140	1429	474140	151	0	151	151	151	806.717	581.045	6.375	10.850	4.170	10.787	806.717	581.045	6.375	785	567	3	37	30	7
95	1386	1088	1386	693	200970	145	0	145	145	145	841.710	568.048	6.201	7.386	2.432	7.435	841.709	568.048	6.201	834	557	3	17	25	7
96	1183	1116	1183	651	177450	150	0	150	150	150	642.241	576.992	6.187	7.542	2.747	7.554	642.244	576.992	6.187	630	568	3	24	22	7
97	1190	968	1190	625	183260	154	0	154	154	154	675.286	587.736	5.735	6.946	2.207	7.091	675.282	587.736	5.735	668	579	3	21	19	7
98	1292	946	1292	635	200260	155	0	155	155	155	659.384	588.885	6.254	6.955	2.027	7.134	659.385	588.885	6.254	650	580	3	18	18	7
99	1202	988	1202	636	183906	153	0	153	153	153	692.077	583.678	6.016	6.988	2.200	7.316	692.075	583.678	6.016	684	574	3	19	20	6
100	1075	974	1075	549	163400	152	0	152	152	152	630.006	584.976	6.296	6.748	2.202	6.809	630.006	584.976	6.296	622	573	3	19	24	7
101	2034	1488	2034	937	321372	158	0	158	158	158	854.655	599.131	6.543	8.841	3.175	8.750	854.660	599.131	6.543	838	588	3	30	23	7
102	1059	854	1059	548	169440	160	0	160	160	160	657.987	605.340	5.835	6.582	2.104	6.671	657.987	605.340	5.835	647	599	3	21	15	6
103	1836	1520	1836	923	297432	162	0	162	162	162	638.185	611.582	6.017	9.252	3.777	8.825	638.181	611.582	6.017	626	598	3	28	28	7
104	1022	912	1022	565	170674	167	0	167	167	167	695.696	609.780	6.270	6.874	2.448	6.990	695.697	609.780	6.270	689	597	3	15	21	7
105	1833	1542	1833	960	311610	170	0	170	170	170	714.598	614.319	6.342	9.386	4.181	8.818	714.596	614.319	6.342	705	598	3	28	31	7
106	833	718	833	461	144109	173	0	173	173	173	698.191	624.957	6.244	6.013	1.805	6.051	698.189	624.957	6.244	690	618	3	17	17	7
107	638	604	638	369	111012	174	0	174	174	174	604.785	626.649	5.892	5.710	2.098	5.479	604.788	626.649	5.892	601	615	3	8	22	7
108	2340	1720	2340	1085	411840	176	0	176	176	176	631.001	631.259	6.319	9.211	3.178	9.550	631.001	631.259	6.319	615	619	3	36	23	7
109	1753	1432	1753	896	312034	178	0	178	178	178	733.300	627.857	6.425	8.588	3.100	8.529	733.297	627.857	6.425	723	615	3	29	22	7
110	784	738	784	451	141120	180	0	180	180	180	692.462	635.378	5.980	6.076	2.051	6.101	692.459	635.377	5.980	686	626	3	15	20	7
111	694	652	694	364	267884	386	0	386	386	386	751.156	641.745	6.669	5.745	1.911	5.552	751.154	641.744	6.669	742	636	3	20	11	7
112	780	680	780	389	144300	185	0	185	185	185	571.514	645.850	6.324	5.703	1.619	5.690	571.513	645.849	6.324	564	639	3	18	13	7
113	996	940	996	564	185256	186	0	186	186	186	621.727	647.220	6.145	7.117	2.730	7.028	621.724	647.220	6.145	611	637	3	23	24	6
114	3980	2360	3980	1642	764160	192	0	192	192	192	733.143	654.202	6.271	11.280	3.788	11.489	733.143	654.202	6.271	720	638	3	27	35	7
115	2019	1468	2019	963	383610	190	0	190	190	190	689.353	654.481	6.017	8.585	2.770	8.886	689.356	654.481	6.017	678	644	3	24	23	7
116	795	692	795	449	150255	189	0	189	189	189	791.886	651.572	6.152	5.926	1.836	5.962	791.884	651.573	6.152	783	645	3	19	14	7
117	617	558	617	354	120315	195	0	195	195	195	790.506	662.648	6.292	5.274	1.506	5.383	790.507	662.648	6.292	783	658	3	14	11	7
118	1376	1142	1376	703	265568	193	0	193	193	193	804.818	662.775	6.376	7.887	2.954	7.667	804.817	662.775	6.376	798	653	3	19	26	7
119	1799	1286	1799	893	361599	201	0	201	201	201	576.853	671.518	6.381	8.416	2.916	8.441	576.852	671.517	6.381	562	661	3	28	20	8
120	4087	2572	4087	1765	1626626	398	0	398	398	398	552.022	684.628	6.297	11.663	4.014	12.016	552.023	684.627	6.297	536	667	3	32	36	8
121	2343	1504	2343	1019	487344	208	0	208	208	208	578.320	690.873	6.471	8.817	2.726	9.217	578.318	690.873	6.471	565	682	3	29	21	7
122	2279	1522	2279	1025	471753	207	0	207	207	207	526.874	690.744	6.192	8.722	2.690	9.307	526.875	690.741	6.192	515	679	3	23	24	7
123	540	506	540	319	115560	214	0	214	214	214	513.163	701.152	5.826	5.142	1.565	4.907	513.165	701.152	5.826	509	692	3	10	16	7
124	3405	2410	3405	1631	738885	217	0	217	217	217	524.634	712.000	6.328	12.944	6.488	11.750	524.632	711.997	6.328	491	702	3	60	29	7
125	3335	2130	3335	1450	710355	213	0	213	213	213	662.687	701.784	6.447	10.889	3.957	10.994	662.685	701.784	6.447	648	687	3	34	34	7
126	2679	1690	2679	1151	578664	216	0	216	216	216	617.142	711.310	6.492	9.361	2.967	9.836	617.152	711.310	6.492	605	695	3	26	29	7
127	4552	2836	4552	2013	996888	219	0	219	219	219	640.456	718.752	6.263	12.869	4.975	12.950	640.457	718.752	6.263	623	691	3	35	45	7
128	1695	1216	1695	799	374595	221	0	221	221	221	727.917	714.694	6.085	7.757	2.411	8.216	727.916	714.693	6.085	717	704	3	22	22	7
129	1500	1244	1500	783	336000	224	0	224	224	224	507.010	723.897	6.453	8.940	3.934	8.156	507.010	723.897	6.453	491	715	3	27	26	7
130	1036	864	1036	539	229992	222	0	222	222	222	688.137	717.408	6.034	6.636	2.150	6.725	688.140	717.409	6.034	679	709	3	18	18	7
131	1060	820	1060	565	238500	225	0	225	225	225	529.991	725.214	6.533	7.026	2.604	6.542	529.990	725.215	6.533	518	718	3	22	16	7
132	1454	1022	1454	690	330058	227	0	227	227	227	493.911	729.127	6.341	7.199	2.015	7.545	493.912	729.124	6.341	485	720	3	19	19	7
133	1848	1380	1848	898	430584	233	0	233	233	233	479.250	736.140	6.252	8.522	3.071	8.421	479.249	736.140	6.252	464	723	3	29	22	8
134	874	764	874	471	200146	229	0	229	229	229	543.061	736.279	6.344	6.223	1.987	6.261	543.060	736.278	6.344	537	727	3	14	19	7
135	2618	1760	2618	1129	615230	235	0	235	235	235	565.447	739.563	6.231	9.369	2.967	9.608	565.450	739.562	6.231	552	728	3	28	24	7
136	2073	1312	2073	883	489228	236	0	236	236	236	684.380	737.868	6.196	8.238	2.376	8.471	684.385	737.868	6.196	675	727	3	21	22	7
137	1647	1276	1647	842	378810	230	0	230	230	230	663.012	733.449	6.310	8.242	2.854	8.148	663.014	733.449	6.310	648	721	3	27	21	7
138	775	762	775	445	181350	234	0	234	234	234	635.018	739.117	6.103	6.415	2.551	6.025	635.015	739.118	6.103	622	734	3	25	11	7
139	4701	2640	4701	1864	1132941	241	0	241	241	241	673.756	755.985	6.273	12.271	4.443	12.137	673.755	755.986	6.273	653	741	3	40	34	8
140	1760	1178	1760	840	417120	237	0	237	237	237	499.893	746.503	6.491	8.214	2.744	8.308	499.893	746.502	6.491	490	737	3	22	19	8
141	885	632	885	430	212400	240	0	240	240	240	483.332	752.061	6.226	5.733	1.252	5.788	483.332	752.061	6.226	477	746	3	12	14	8
142	2203	1418	2203	989	533126	242	0	242	242	242	498.934	763.739	6.210	8.637	2.654	8.800	498.931	763.740	6.210	487	753	3	23	21	7
143	2608	1862	2608	1206	641568	246	0	246	246	246	471.719	761.237	6.285	9.872	3.535	9.861	471.721	761.236	6.285	457	745	3	30	30	7
144	2051	1352	2051	926	498393	243	0	243	243	243	519.054	763.846	6.498	8.492	2.754	8.594	519.055	763.846	6.498	509	749	3	20	29	7
145	4823	3118	4823	2217	1191281	247	0	247	247	247	547.042	762.622	6.354	13.374	5.040	13.428	547.042	762.620	6.354	529	746	3	43	30	7
146	672	602	672	362	166656	248	0	248	248	248	457.439	769.253	6.344	5.502	1.699	5.260	457.439	769.253	6.344	447	764	3	20	10	7
147	2602	1980	2602	1229	650500	250	0	250	250	250	627.658	768.341	6.331	10.030	3.886	10.045	627.657	768.341	6.331	614	750	3	37	32	7
148	3474	2060	3474	1436	896292	258	0	258	258	258	502.225	787.217	6.085	10.424	3.272	10.975	502.224	787.222	6.085	489	774	3	27	27	7
149	1314	1002	1314	602	331128	252	0	252	252	252	454.282	779.387	6.188	7.080	2.301	7.073	454.286	779.387	6.188	444	773	3	24	16	7
150	1311	964	1311	650	332994	254	0	254	254	254	546.732	781.124	6.045	7.587	2.815	7.097	546.734	781.124	6.045	535	777	3	27	10	7
151	1950	1442	1950	908	497250	255	0	255	255	255	649.491	783.415	6.339	8.288	2.555	8.617	649.496	783.416	6.339	638	774	3	25	24	7
152	7050	4206	7050	2935	1847100	262	0	262	262	262	464.388	801.290	6.273	16.990	7.389	16.268	464.390	801.292	6.273	438	775	3	50	57	8
153	2017	1330	2017	934	516352	256	0	256	256	256	585.441	793.458	6.356	8.371	2.587	8.624	585.441	793.458	6.356	575	784	3	23	23	7
154	2270	1590	2270	1065	583390	257	0	257	257	257	524.255	788.596	6.424	9.562	3.600	9.205	524.251	788.602	6.424	516	773	3	19	33	8
155	1052	788	1052	520	272468	259	0	259	259	259	634.580	789.974	6.298	6.270	1.583	6.573	634.581	789.973	6.298	628	781	3	14	17	7
156	2564	1748	2564	1194	669204	261	0	261	261	261	619.720	793.951	6.166	10.157	3.985	9.796	619.720	793.950	6.166	604	781	3	36	27	7
157	2586	1604	2586	1083	680118	263	0	263	263	263	568.162	802.100	6.193	9.175	2.859	9.367	568.162	802.101	6.193	559	787	3	22	30	7
158	1612	1214	1612	840	419120	260	0	260	260	260	545.543	792.984	6.329	9.170	4.019	8.778	545.538	792.984	6.329	529	784	3	35	20	7
159	3289	2156	3289	1493	874874	266	0	266	266	266	490.366	811.771	6.014	11.058	4.173	11.121	490.365	811.771	6.014	475	796	3	29	40	7
160	1756	1216	1756	873	472364	269	0	269	269	269	509.089	814.941	6.141	8.362	2.863	8.268	509.088	814.943	6.141	499	802	3	18	27	7
161	1009	766	1009	514	267385	265	0	265	265	265	548.273	803.275	6.261	6.553	2.172	6.104	548.271	803.273	6.261	535	799	3	23	10	7
162	1346	1014	1346	664	555898	413	0	413	413	413	602.779	800.884	6.543	7.304	2.416	7.350	602.778	800.885	6.543	593	788	3	18	26	7
163	3903	2400	3903	1700	1615842	414	0	414	414	414	588.854	820.469	6.479	11.535	4.159	11.793	588.855	820.467	6.479	569	806	3	42	32	8
164	397	378	397	230	106396	268	0	268	268	268	557.373	814.224	6.239	4.174	0.691	4.179	557.373	814.224	6.239	554	809	3	9	10	7
165	662	548	662	366	179402	271	0	271	271	271	561.696	822.639	5.965	5.477	1.684	5.467	561.697	822.639	5.965	554	818	3	16	9	7
166	1387	1082	1387	718	378651	273	0	273	273	273	504.234	833.401	6.412	8.054	3.157	7.818	504.232	833.401	6.412	491	826	3	27	18	7
167	3837	2230	3837	1603	1603866	418	0	418	418	418	571.996	840.842	6.508	11.053	3.639	11.428	571.996	840.839	6.508	555	828	3	34	25	8
168	720	620	720	383	197280	274	0	274	274	274	510.936	841.206	6.528	5.551	1.633	5.393	510.934	841.206	6.528	503	837	3	18	13	8
169	1820	1220	1820	871	500500	275	0	275	275	275	542.308	836.266	6.590	8.424	2.918	8.370	542.309	836.268	6.590	533	825	3	19	25	7
170	2084	1538	2084	990	875280	420	0	420	420	420	536.687	852.163	6.637	9.479	3.698	9.145	536.684	852.165	6.637	522	839	3	30	27	8
171	1526	1164	1526	774	643972	422	0	422	422	422	567.594	861.107	6.630	8.300	3.199	7.673	567.594	861.106	6.630	555	850	3	23	26	8
172	614	566	614	345	171306	279	0	279	279	279	541.987	885.329	6.448	5.494	1.876	5.165	541.988	885.329	6.448	538	876	3	8	20	7
173	1020	818	1020	475	3060	3	0	3	3	3	655.057	104.165	6.499	6.171	1.652	6.418	655.057	104.165	6.499	647	96	4	17	17	6
174	2176	1654	2176	1057	620160	285	0	285	285	285	701.557	136.920	6.730	9.143	3.225	9.308	701.557	136.919	6.730	687	121	4	27	29	6
175	804	740	804	409	226728	282	0	282	282	282	750.209	133.032	6.748	5.878	1.769	6.028	750.207	133.032	6.748	741	127	4	18	15	6
176	450	492	450	276	1800	4	0	4	4	4	764.331	134.393	5.838	4.784	1.477	4.761	764.331	134.393	5.838	759	127	4	12	15	5
177	1527	1224	1527	757	432141	283	0	283	283	283	669.417	131.365	6.867	8.043	2.970	7.797	669.417	131.365	6.867	662	115	4	16	29	7
178	833	712	833	455	236572	284	0	284	284	284	684.064	133.517	7.004	5.960	1.800	5.976	684.067	133.517	7.004	678	124	4	13	19	7
179	948	820	948	491	4740	5	0	5	5	5	731.556	141.335	6.501	6.722	2.598	6.175	731.556	141.335	6.501	721	136	4	25	13	6
180	1184	1134	1184	669	8288	7	0	7	7	7	657.839	146.348	6.397	7.589	2.864	7.467	657.839	146.348	6.397	648	131	4	21	28	6
181	1751	1342	1751	843	500786	286	0	286	286	286	679.883	151.545	6.499	8.244	2.787	8.223	679.886	151.545	6.499	668	142	4	27	20	7
182	1314	1192	1314	680	11826	9	0	9	9	9	710.689	152.817	6.356	7.642	2.926	7.392	710.689	152.817	6.356	696	143	4	26	20	6
183	605	632	605	335	7260	12	0	12	12	12	726.238	162.334	6.483	5.471	1.761	5.516	726.238	162.334	6.483	718	154	4	15	16	6
184	474	552	474	287	6636	14	0	14	14	14	665.517	164.283	6.259	5.128	1.990	5.008	665.517	164.283	6.259	654	160	4	20	10	6
185	551	538	551	299	158137	287	0	287	287	287	683.902	163.697	6.608	5.198	1.727	4.968	683.903	163.697	6.608	676	160	4	18	10	6
186	2300	1788	2300	1163	36800	16	0	16	16	16	702.143	174.496	6.478	10.000	3.786	10.048	702.143	174.496	6.478	684	164	4	36	22	6
187	1737	1270	1737	800	26055	15	0	15	15	15	651.670	175.571	6.441	7.949	2.525	8.184	651.670	175.571	6.441	641	165	4	26	22	6
188	2291	1512	2291	1001	666681	291	0	291	291	291	790.843	178.639	6.776	8.750	2.729	9.121	790.843	178.639	6.776	776	168	4	28	23	7
189	437	484	437	266	126730	290	0	290	290	290	637.078	179.188	6.664	4.909	1.726	4.665	637.077	179.188	6.664	633	173	4	8	17	6
190	1458	1186	1458	725	427194	293	0	293	293	293	715.593	188.684	6.479	7.867	2.875	7.809	715.592	188.684	6.479	701	177	4	25	22	6
191	1140	1016	1140	566	332880	292	0	292	292	292	682.497	186.427	6.558	6.921	2.271	6.797	682.493	186.427	6.558	671	178	4	25	17	7
192	740	656	740	397	217560	294	0	294	294	294	846.401	192.793	6.661	5.669	1.719	5.706	846.403	192.793	6.661	838	187	4	18	13	6
193	1961	1414	1961	941	578495	295	0	295	295	295	771.930	191.736	7.140	8.417	2.710	8.887	771.931	191.736	7.140	760	179	4	25	25	7
194	1011	870	1011	538	18198	18	0	18	18	18	854.513	204.494	6.230	6.462	2.020	6.615	854.513	204.494	6.230	846	196	4	19	19	6
195	503	570	503	332	149391	297	0	297	297	297	699.734	199.107	6.487	5.728	2.409	5.297	699.733	199.107	6.487	691	194	4	21	10	6
196	2427	1892	2427	1198	725673	299	0	299	299	299	818.271	211.187	6.472	9.967	3.830	9.866	818.273	211.186	6.472	802	198	4	30	33	7
197	836	1016	836	548	15884	19	0	19	19	19	705.398	211.087	6.420	7.002	2.620	7.210	705.398	211.087	6.420	697	204	4	22	18	6
198	1266	1032	1266	652	382332	302	0	302	302	302	750.518	214.882	6.811	7.488	2.763	7.373	750.520	214.882	6.811	737	203	4	22	20	6
199	2017	1618	2017	1013	605100	300	0	300	300	300	837.609	212.301	6.981	9.732	4.343	8.792	837.612	212.301	6.981	830	193	4	17	41	7
200	203	314	203	142	4263	21	0	21	21	21	786.453	210.025	6.350	3.690	1.290	3.508	786.453	210.025	6.350	781	205	4	12	10	5
201	1004	914	1004	566	302204	301	0	301	301	301	766.484	215.147	6.416	6.624	2.202	6.786	766.484	215.147	6.416	760	204	4	16	22	6
202	667	606	667	378	15341	23	0	23	23	23	736.208	228.567	6.135	5.573	1.781	5.524	736.208	228.567	6.135	726	222	4	18	12	6
203	1069	1018	1069	535	328183	307	0	307	307	307	875.428	231.729	6.804	6.909	2.727	6.841	875.429	231.729	6.804	866	223	4	26	18	7
204	1032	872	1032	507	318888	309	0	309	309	309	823.950	239.307	7.457	6.401	1.887	6.595	823.949	239.307	7.457	816	228	4	17	19	7
205	916	784	916	491	285792	312	0	312	312	312	875.655	250.007	6.750	6.535	2.264	6.466	875.659	250.007	6.750	866	240	4	17	17	7
206	992	822	992	531	28768	29	0	29	29	29	821.355	255.666	6.419	6.336	1.772	6.664	821.351	255.666	6.419	814	248	4	16	15	6
207	569	542	569	327	178097	313	0	313	313	313	834.438	259.691	6.817	5.269	1.709	5.062	834.437	259.691	6.817	830	252	4	9	18	7
208	259	302	259	174	7770	30	0	30	30	30	665.023	258.544	5.664	3.709	0.951	3.810	665.023	258.544	5.664	661	254	4	9	9	5
209	517	592	517	350	16544	32	0	32	32	32	674.520	263.793	5.783	5.592	2.213	5.484	674.520	263.793	5.783	671	254	4	10	21	5
210	1049	820	1049	513	329386	314	0	314	314	314	876.725	262.411	6.665	6.443	1.868	6.343	876.723	262.411	6.665	866	257	4	21	12	7
211	1820	1404	1820	933	576940	317	0	317	317	317	693.842	267.468	6.955	8.352	2.701	8.791	693.842	267.468	6.955	682	257	4	24	21	6
212	2327	1938	2327	1228	739986	318	0	318	318	318	781.408	263.336	7.123	11.416	4.904	10.858	781.413	263.336	7.123	766	242	4	37	36	7
213	594	702	594	395	19602	33	0	33	33	33	661.667	269.801	6.062	5.983	2.235	6.026	661.667	269.801	6.062	651	264	4	19	12	6
214	660	668	660	386	208560	316	0	316	316	316	842.971	261.985	7.085	5.786	2.016	5.680	842.973	261.985	7.085	839	252	4	14	20	7
215	1503	1126	1503	706	52605	35	0	35	35	35	899.264	273.200	6.549	7.396	2.179	7.703	899.272	273.200	6.549	889	264	4	22	20	6
216	1408	1032	1408	691	451968	321	0	321	321	321	875.147	277.648	6.649	7.239	2.190	7.595	875.139	277.647	6.649	865	270	4	21	16	6
217	2972	1876	2972	1367	959956	323	0	323	323	323	772.814	284.502	6.711	10.086	3.339	10.531	772.817	284.502	6.711	757	272	4	29	25	7
218	849	752	849	463	31413	37	0	37	37	37	912.324	284.548	6.174	6.063	1.878	6.162	912.319	284.548	6.174	903	275	4	18	18	6
219	1454	1368	1454	869	468188	322	0	322	322	322	731.907	283.457	7.144	9.891	4.547	9.508	731.906	283.457	7.144	715	274	4	38	17	6
220	1758	1334	1758	854	573108	326	0	326	326	326	874.422	296.202	6.547	8.524	3.177	8.584	874.424	296.202	6.547	864	287	4	24	30	7
221	246	330	246	156	79950	325	0	325	325	325	640.195	290.882	6.707	3.999	1.511	3.583	640.195	290.882	6.707	638	283	4	6	15	6
222	1006	892	1006	570	329968	328	0	328	328	328	704.484	300.195	6.815	6.695	2.213	6.873	704.479	300.195	6.815	694	290	4	18	21	6
223	468	490	468	291	19656	42	0	42	42	42	883.472	304.491	6.096	5.125	1.996	4.678	883.472	304.491	6.096	880	295	4	8	21	5
224	2244	1690	2244	1149	740520	330	0	330	330	330	718.926	303.934	6.609	9.947	4.021	9.910	718.925	303.933	6.609	699	290	4	33	27	7
225	1255	998	1255	600	415405	331	0	331	331	331	830.257	310.197	6.659	6.953	2.210	6.947	830.258	310.197	6.659	818	301	4	24	16	6
226	688	618	688	342	228416	332	0	332	332	332	691.352	312.301	6.727	5.344	1.397	5.397	691.354	312.301	6.727	686	305	4	12	16	7
227	537	578	537	320	26313	49	0	49	49	49	916.298	316.413	6.307	5.509	2.033	5.307	916.296	316.413	6.307	912	307	4	10	20	6
228	2157	1534	2157	967	118635	55	0	55	55	55	863.146	325.949	6.535	8.655	2.761	9.007	863.151	325.949	6.535	852	313	4	25	27	6
229	552	686	552	374	26496	48	0	48	48	48	805.496	316.799	6.415	5.710	2.136	5.657	805.496	316.799	6.415	798	309	4	19	14	6
230	2262	1592	2262	1011	757770	335	0	335	335	335	828.082	327.727	6.708	8.890	2.820	9.201	828.082	327.726	6.708	814	318	4	27	20	7
231	437	450	437	301	21850	50	0	50	50	50	736.579	327.009	6.016	5.446	2.392	5.079	736.579	327.009	6.016	733	320	4	7	20	5
232	938	848	938	528	313292	334	0	334	334	334	745.881	329.169	6.455	6.721	2.503	6.353	745.881	329.170	6.455	741	320	4	11	23	6
233	776	684	776	428	260736	336	0	336	336	336	757.144	329.866	6.537	5.789	1.642	5.838	757.144	329.866	6.537	752	323	4	13	17	6
234	383	504	383	238	127539	333	0	333	333	333	670.446	326.138	7.397	4.850	1.849	4.448	670.446	326.138	7.397	661	320	4	18	12	7
235	1595	1224	1595	785	90915	57	0	57	57	57	712.069	337.078	6.532	8.251	3.122	7.949	712.063	337.078	6.532	705	321	4	16	32	6
236	427	430	427	263	143899	337	0	337	337	337	731.588	335.721	6.504	4.635	1.418	4.561	731.587	335.721	6.504	726	330	4	11	13	6
237	257	366	257	180	86866	338	0	338	338	338	673.693	334.366	6.440	4.319	1.811	4.020	673.692	334.366	6.440	668	330	4	15	10	7
238	2687	1800	2687	1163	913580	340	0	340	340	340	919.595	339.042	6.842	9.510	3.200	9.858	919.592	339.043	6.842	902	327	4	31	25	7
239	648	614	648	358	219672	339	0	339	339	339	700.145	343.904	6.633	5.716	1.975	5.485	700.145	343.904	6.633	695	335	4	10	19	6
240	1982	1552	1982	1009	681808	344	0	344	344	344	852.643	347.629	6.535	8.989	3.228	9.067	852.650	347.629	6.535	842	334	4	30	25	6
241	474	666	474	349	27966	59	0	59	59	59	872.089	345.186	6.466	6.470	3.108	6.207	872.091	345.186	6.466	863	339	4	23	15	6
242	753	732	753	436	45933	61	0	61	61	61	744.382	354.490	6.036	6.133	2.150	6.071	744.379	354.490	6.036	735	346	4	17	17	6
243	1134	882	1134	560	392364	346	0	346	346	346	907.122	356.218	7.073	6.560	1.894	6.957	907.120	356.218	7.073	900	349	4	17	17	7
244	694	674	694	381	240818	347	0	347	347	347	816.252	362.085	6.722	5.601	1.737	5.602	816.253	362.084	6.722	809	354	4	17	15	6
245	253	326	253	177	16192	64	0	64	64	64	857.561	362.545	6.198	3.883	1.379	3.739	857.561	362.545	6.198	852	360	4	15	7	5
246	676	642	676	380	235248	348	0	348	348	348	924.793	365.469	6.645	5.616	1.828	5.637	924.796	365.469	6.645	915	359	4	19	13	6
247	476	544	476	308	31416	66	0	66	66	66	865.683	368.032	6.292	5.193	1.936	5.073	865.683	368.032	6.292	854	359	4	19	15	6
248	2688	2108	2688	1387	188160	70	0	70	70	70	810.263	378.885	6.045	10.888	4.204	10.985	810.272	378.885	6.045	796	368	4	36	29	6
249	706	724	706	434	247806	351	0	351	351	351	874.446	375.248	6.636	6.215	2.312	6.140	874.445	375.248	6.636	867	364	4	14	23	6
250	440	458	440	269	153560	349	0	349	349	349	885.857	368.907	6.668	4.737	1.411	4.668	885.856	368.906	6.668	881	362	4	13	13	6
251	350	384	350	214	123550	353	0	353	353	353	883.729	378.743	6.909	4.271	1.210	4.182	883.728	378.743	6.909	879	375	4	12	10	6
252	1247	1030	1247	679	89784	72	0	72	72	72	787.784	383.658	5.974	7.194	2.391	7.250	787.784	383.658	5.974	781	372	4	17	23	6
253	867	900	867	522	306918	354	0	354	354	354	918.761	378.209	6.649	6.639	2.402	6.746	918.759	378.209	6.649	910	371	4	22	17	6
254	1277	1100	1277	666	449504	352	0	352	352	352	901.241	376.164	7.023	7.243	2.448	7.436	901.241	376.164	7.023	892	366	4	21	21	6
255	236	332	236	164	17228	73	0	73	73	73	739.695	387.093	6.064	4.092	1.618	3.926	739.695	387.093	6.064	733	384	4	16	7	5
256	645	622	645	361	48375	75	0	75	75	75	815.963	392.828	6.231	5.639	1.906	5.383	815.966	392.828	6.231	805	388	4	20	11	6
257	1288	1214	1288	710	457240	355	0	355	355	355	864.099	397.192	6.385	7.545	2.636	7.850	864.100	397.192	6.385	855	389	4	24	19	7
258	947	954	947	541	337132	356	0	356	356	356	920.139	396.543	6.640	6.659	2.302	6.718	920.136	396.543	6.640	910	385	4	18	22	6
259	400	408	400	248	31200	78	0	78	78	78	812.600	403.655	6.360	4.454	1.238	4.508	812.600	403.655	6.360	806	400	4	13	9	6
260	510	544	510	319	41310	81	0	81	81	81	760.678	408.380	6.214	4.996	1.448	5.046	760.676	408.380	6.214	756	402	4	12	14	6
261	706	774	706	425	252042	357	0	357	357	357	909.817	408.790	6.562	5.921	1.960	5.857	909.817	408.791	6.562	901	399	4	20	17	6
262	408	424	408	238	33456	82	0	82	82	82	750.174	411.056	6.409	4.417	1.104	4.272	750.174	411.056	6.409	744	405	4	11	12	6
263	1018	880	1018	517	364444	358	0	358	358	358	714.123	416.680	6.619	6.627	2.323	6.498	714.124	416.680	6.619	707	407	4	13	24	6
264	578	596	578	329	47974	83	0	83	83	83	775.910	410.917	6.218	5.328	1.761	5.342	775.913	410.917	6.218	768	404	4	16	15	5
265	1592	1336	1592	834	571528	359	0	359	359	359	815.097	421.310	6.663	8.133	2.810	8.167	815.098	421.310	6.663	806	409	4	19	26	6
266	906	712	906	465	77916	86	0	86	86	86	829.854	422.657	6.605	6.068	1.742	6.109	829.859	422.657	6.605	824	413	4	12	18	6
267	802	688	802	423	68170	85	0	85	85	85	840.509	421.458	6.369	6.003	1.981	5.901	840.506	421.457	6.369	836	413	4	11	20	6
268	2672	1854	2672	1243	964592	361	0	361	361	361	738.473	438.958	6.420	9.732	3.235	10.137	738.474	438.958	6.420	724	426	4	30	25	6
269	1476	1212	1476	751	137268	93	0	93	93	93	854.328	436.615	6.269	7.516	2.368	7.924	854.325	436.615	6.269	843	426	4	23	22	6
270	305	390	305	213	26840	88	0	88	88	88	801.334	427.016	6.279	4.434	1.707	4.378	801.334	427.016	6.279	796	421	4	11	15	5
271	1447	1028	1447	709	523814	362	0	362	362	362	904.486	443.147	6.804	7.310	2.174	7.623	904.485	443.147	6.804	894	436	4	22	17	6
272	1170	1072	1170	655	424710	363	0	363	363	363	764.378	444.315	6.555	7.153	2.464	7.288	764.378	444.314	6.555	755	434	4	22	19	6
273	1825	1356	1825	879	666125	365	0	365	365	365	885.625	453.727	6.653	8.235	2.614	8.588	885.625	453.726	6.653	872	443	4	27	21	6
274	1133	920	1133	588	108768	96	0	96	96	96	735.687	461.127	6.380	7.234	2.761	6.957	735.687	461.127	6.380	725	448	4	18	25	6
275	830	742	830	451	80510	97	0	97	97	97	746.459	461.608	6.318	6.323	2.236	6.177	746.456	461.608	6.318	741	452	4	13	21	6
276	1000	1148	1000	627	364000	364	0	364	364	364	853.474	455.685	6.972	7.296	2.722	7.273	853.476	455.685	6.972	845	445	4	22	22	6
277	772	688	772	415	282552	366	0	366	366	366	758.079	457.146	6.640	5.972	1.964	5.742	758.081	457.146	6.640	750	449	4	15	19	6
278	399	398	399	229	37905	95	0	95	95	95	902.276	456.955	6.283	4.283	0.959	4.336	902.278	456.955	6.283	898	453	4	10	11	6
279	1234	938	1234	585	452878	367	0	367	367	367	772.877	460.738	6.549	6.705	1.878	7.054	772.877	460.739	6.549	766	452	4	16	20	6
280	600	618	600	340	58800	98	0	98	98	98	802.130	462.943	6.270	5.215	1.502	5.335	802.127	462.943	6.270	795	455	4	14	16	6
281	208	260	208	127	76752	369	0	369	369	369	757.293	470.293	6.490	3.337	0.605	3.345	757.292	470.293	6.490	753	467	4	9	7	6
282	675	700	675	425	70200	104	0	104	104	104	743.884	482.191	6.212	6.357	2.674	5.988	743.884	482.191	6.212	739	474	4	13	24	6
283	1115	920	1115	559	413665	371	0	371	371	371	760.603	484.643	6.626	6.946	2.363	6.898	760.602	484.643	6.626	752	475	4	18	20	6
284	906	910	906	521	337032	372	0	372	372	372	750.725	494.553	6.107	6.906	2.890	6.387	750.723	494.553	6.107	742	484	4	27	21	6
285	1556	1236	1556	802	174272	112	0	112	112	112	879.732	496.071	6.141	8.262	3.086	8.158	879.732	496.071	6.141	872	482	4	22	25	6
286	998	842	998	533	108782	109	0	109	109	109	804.931	493.169	6.126	6.518	2.110	6.588	804.930	493.169	6.126	796	485	4	17	19	6
287	1520	1198	1520	753	176320	116	0	116	116	116	798.945	510.304	6.504	7.957	2.789	7.962	798.937	510.304	6.504	789	498	4	21	25	6
288	569	568	569	321	65435	115	0	115	115	115	787.773	508.130	6.204	5.086	1.501	5.188	787.775	508.130	6.204	781	499	4	13	17	6
289	202	276	202	137	23836	118	0	118	118	118	740.347	514.540	6.158	3.520	1.012	3.490	740.347	514.540	6.158	736	510	4	10	9	5
290	1618	1282	1618	858	202250	125	0	125	125	125	710.538	526.809	6.124	8.328	2.933	8.258	710.536	526.810	6.124	697	515	4	26	28	6
291	2224	1864	2224	1186	291344	131	0	131	131	131	783.469	532.631	6.059	10.018	3.958	9.943	783.470	532.630	6.059	765	515	4	38	30	6
292	873	806	873	474	109998	126	0	126	126	126	804.078	529.719	6.252	6.392	2.213	6.478	804.082	529.719	6.252	796	522	4	21	15	6
293	250	342	250	171	31750	127	0	127	127	127	761.944	529.544	5.752	3.960	1.387	3.954	761.945	529.544	5.752	758	523	4	9	14	5
294	2889	2088	2889	1427	384237	133	0	133	133	133	727.503	539.284	6.129	10.628	3.939	10.794	727.502	539.284	6.129	712	527	4	35	28	6
295	1027	820	1027	537	138645	135	0	135	135	135	774.035	544.999	6.081	6.504	2.080	6.515	774.037	544.999	6.081	764	539	4	21	14	5
296	1196	1024	1196	621	162656	136	0	136	136	136	818.003	545.533	6.453	6.928	2.197	7.191	818.003	545.533	6.453	808	537	4	20	18	6
297	255	294	255	163	35700	140	0	140	140	140	832.031	556.271	6.078	3.667	0.864	3.601	832.031	556.271	6.078	828	553	4	10	9	5
298	505	474	505	320	72720	144	0	144	144	144	810.895	563.984	6.034	4.879	1.390	4.982	810.895	563.984	6.034	806	558	4	14	11	5
299	600	606	600	332	85800	143	0	143	143	143	871.997	562.525	6.395	5.630	2.096	5.215	871.998	562.526	6.395	865	556	4	16	17	6
300	466	466	466	262	68502	147	0	147	147	147	828.863	568.624	6.399	4.630	1.138	4.693	828.864	568.625	6.399	823	563	4	11	12	6
301	721	674	721	415	107429	149	0	149	149	149	716.123	571.255	6.076	5.826	1.801	5.917	716.122	571.255	6.076	708	563	4	16	16	6
302	579	592	579	346	216546	374	0	374	374	374	704.278	575.408	6.618	5.297	1.779	5.149	704.279	575.408	6.618	699	568	4	12	19	6
303	459	446	459	268	172125	375	0	375	375	375	714.573	581.601	6.791	4.665	1.301	4.696	714.573	581.601	6.791	709	577	4	14	9	7
304	1393	1096	1393	669	523768	376	0	376	376	376	740.454	589.970	6.854	7.295	2.320	7.535	740.460	589.970	6.854	731	581	4	25	20	6
305	1720	1482	1720	909	268320	156	0	156	156	156	711.219	596.078	6.318	8.770	3.478	8.607	711.226	596.079	6.318	697	587	4	32	19	6
306	302	348	302	192	113854	377	0	377	377	377	636.401	594.752	6.712	3.949	0.964	3.925	636.400	594.752	6.712	632	591	4	12	9	6
307	1243	932	1243	575	469854	378	0	378	378	378	794.217	597.450	6.690	6.704	1.868	7.012	794.216	597.450	6.690	785	589	4	20	17	7
308	511	508	511	299	80227	157	0	157	157	157	646.994	597.164	6.172	4.833	1.335	5.037	646.992	597.164	6.172	641	590	4	13	14	5
309	1770	1368	1770	874	670830	379	0	379	379	379	769.086	597.001	6.703	8.183	2.644	8.448	769.086	597.001	6.703	758	584	4	24	27	6
310	1427	1060	1427	690	229747	161	0	161	161	161	678.629	605.352	6.352	7.361	2.309	7.505	678.628	605.352	6.352	668	598	4	21	19	6
311	1037	838	1037	537	169031	163	0	163	163	163	619.745	609.226	6.164	6.632	2.164	6.698	619.747	609.226	6.164	613	598	4	15	20	6
312	437	454	437	267	69483	159	0	159	159	159	824.940	601.666	6.110	4.770	1.520	4.612	824.942	601.666	6.110	819	596	4	15	10	6
313	646	670	646	392	105944	164	0	164	164	164	815.766	609.037	6.144	6.060	2.403	5.748	815.764	609.037	6.144	808	597	4	13	23	5
314	3930	2522	3930	1721	1505190	383	0	383	383	383	787.729	619.596	6.422	11.895	4.512	11.826	787.754	619.579	6.422	776	599	4	31	42	7
315	1581	1244	1581	802	265608	168	0	168	168	168	840.525	613.903	6.379	8.024	2.810	7.930	840.516	613.903	6.379	829	600	4	21	26	6
316	548	524	548	295	90420	165	0	165	165	165	600.464	611.038	6.451	4.921	1.253	4.837	600.462	611.039	6.451	593	605	4	16	11	6
317	574	522	574	346	95284	166	0	166	166	166	826.451	612.932	6.068	5.130	1.451	5.083	826.454	612.932	6.068	822	607	4	11	15	5
318	1840	1338	1840	887	314640	171	0	171	171	171	767.017	620.221	6.211	8.205	2.645	8.576	767.019	620.221	6.211	756	609	4	21	29	6
319	576	516	576	311	97344	169	0	169	169	169	671.731	616.731	6.405	4.944	1.197	5.046	671.730	616.730	6.405	663	612	4	16	11	6
320	948	874	948	519	362136	382	0	382	382	382	746.270	617.987	6.629	6.510	2.046	6.553	746.271	617.987	6.629	740	607	4	15	21	6
321	1041	864	1041	571	182175	175	0	175	175	175	615.457	625.203	6.296	6.861	2.378	6.553	615.459	625.202	6.296	610	614	4	18	23	6
322	2008	1494	2008	958	345376	172	0	172	172	172	590.040	625.857	6.385	8.623	2.873	8.927	590.046	625.858	6.385	579	615	4	25	24	6
323	1109	954	1109	588	196293	177	0	177	177	177	809.497	626.179	6.470	6.961	2.310	6.963	809.496	626.178	6.470	801	615	4	19	23	6
324	1172	900	1172	585	450048	384	0	384	384	384	675.102	629.844	6.606	6.764	2.018	6.856	675.102	629.844	6.606	666	623	4	19	14	6
325	1115	972	1115	575	199585	179	0	179	179	179	828.908	630.543	6.387	6.946	2.336	6.816	828.909	630.543	6.387	819	622	4	20	22	6
326	1495	1138	1495	723	575575	385	0	385	385	385	712.505	635.825	6.328	7.867	2.780	7.723	712.499	635.829	6.328	701	624	4	21	22	7
327	483	450	483	279	87423	181	0	181	181	181	799.739	635.422	6.402	4.723	1.243	4.598	799.738	635.422	6.402	796	629	4	9	15	6
328	389	380	389	228	70798	182	0	182	182	182	791.473	639.936	6.380	4.189	0.801	4.251	791.475	639.936	6.380	786	635	4	10	10	6
329	1082	972	1082	587	198006	183	0	183	183	183	819.861	643.308	6.411	7.172	2.656	7.005	819.862	643.308	6.411	814	630	4	18	24	6
330	1490	1200	1490	770	576630	387	0	387	387	387	670.681	644.862	6.715	7.955	2.963	7.748	670.680	644.863	6.715	659	637	4	29	19	6
331	783	652	783	429	144072	184	0	184	184	184	806.478	645.326	6.427	5.737	1.579	5.879	806.478	645.326	6.427	800	639	4	14	15	6
332	711	768	711	440	132957	187	0	187	187	187	590.430	645.266	6.376	6.285	2.373	6.294	590.432	645.266	6.376	580	637	4	23	17	6
333	1752	1406	1752	840	679776	388	0	388	388	388	606.228	655.631	6.670	8.119	2.638	8.392	606.225	655.631	6.670	595	646	4	27	22	7
334	868	806	868	497	163184	188	0	188	188	188	710.442	652.585	6.121	6.103	1.900	6.307	710.446	652.585	6.121	701	646	4	18	16	6
335	1222	1048	1222	656	475358	389	0	389	389	389	774.214	649.477	6.715	7.091	2.259	7.426	774.214	649.476	6.715	765	639	4	20	22	6
336	1801	1214	1801	794	343991	191	0	191	191	191	554.288	656.017	6.612	7.805	2.292	8.243	554.289	656.017	6.612	544	646	4	22	21	6
337	652	582	652	342	254280	390	0	390	390	390	752.109	652.471	6.521	5.315	1.460	5.340	752.110	652.471	6.521	746	647	4	16	12	6
338	487	482	487	283	190417	391	0	391	391	391	578.877	657.287	6.840	4.680	1.095	4.788	578.877	657.288	6.840	575	652	4	11	12	7
339	573	518	573	336	224616	392	0	392	392	392	568.918	659.367	6.508	5.009	1.256	4.986	568.918	659.367	6.508	563	653	4	11	12	7
340	1467	1344	1467	813	576531	393	0	393	393	393	627.502	665.684	6.428	8.934	3.654	8.952	627.501	665.684	6.428	615	650	4	24	30	6
341	411	460	411	245	79734	194	0	194	194	194	671.599	662.445	6.075	4.781	1.626	4.684	671.597	662.445	6.075	666	656	4	11	16	5
342	320	388	320	220	62720	196	0	196	196	196	717.441	664.356	6.450	4.099	1.174	4.229	717.441	664.356	6.450	712	659	4	11	12	6
343	302	354	302	198	59494	197	0	197	197	197	595.060	666.030	6.215	4.035	1.161	4.034	595.059	666.029	6.215	591	661	4	12	10	5
344	354	436	354	234	70446	199	0	199	199	199	681.229	669.621	6.492	4.680	1.824	4.548	681.230	669.621	6.492	676	665	4	10	16	6
345	823	798	823	467	324262	394	0	394	394	394	761.311	667.522	6.305	6.549	2.517	6.430	761.310	667.523	6.305	749	660	4	23	14	6
346	281	318	281	171	55638	198	0	198	198	198	775.662	666.648	6.249	3.739	0.779	3.797	775.663	666.648	6.249	772	663	4	9	8	6
347	1058	1256	1058	648	215832	204	0	204	204	204	707.655	676.992	5.964	7.719	3.029	7.615	707.659	676.992	5.964	697	663	4	21	29	6
348	463	472	463	267	93526	202	0	202	202	202	537.030	673.054	6.350	4.659	1.338	4.709	537.029	673.054	6.350	530	667	4	13	12	6
349	396	404	396	251	79200	200	0	200	200	200	790.859	673.414	6.301	4.494	1.255	4.432	790.859	673.414	6.301	785	670	4	12	9	5
350	205	256	205	145	41615	203	0	203	203	203	779.263	673.873	6.200	3.408	0.883	3.371	779.264	673.873	6.200	774	670	4	10	8	5
351	636	572	636	321	251856	396	0	396	396	396	592.862	677.028	6.613	5.179	1.280	5.229	592.864	677.028	6.613	586	671	4	13	15	6
352	599	546	599	318	237803	397	0	397	397	397	758.038	676.439	6.486	5.187	1.482	4.909	758.038	676.438	6.486	750	673	4	17	10	7
353	2357	1944	2357	1262	483185	205	0	205	205	205	609.383	684.461	6.343	10.010	3.621	10.214	609.382	684.461	6.343	595	669	4	35	29	6
354	1026	924	1026	570	409374	399	0	399	399	399	640.377	681.217	6.891	6.599	2.054	6.914	640.378	681.218	6.891	630	672	4	20	18	6
355	1478	1088	1478	683	304468	206	0	206	206	206	748.094	686.227	6.422	7.333	2.231	7.506	748.095	686.227	6.422	738	677	4	23	20	6
356	1402	1370	1402	804	563604	402	0	402	402	402	730.996	691.454	6.287	8.761	3.659	8.368	730.996	691.455	6.287	718	676	4	29	26	7
357	1076	868	1076	514	431476	401	0	401	401	401	773.354	685.085	6.778	6.383	1.750	6.674	773.354	685.086	6.778	764	677	4	18	17	7
358	928	822	928	507	196736	212	0	212	212	212	503.033	701.334	6.401	6.988	2.772	6.904	503.031	701.333	6.401	491	691	4	20	19	6
359	1166	1028	1166	649	244860	210	0	210	210	210	760.777	699.885	6.534	6.947	2.228	7.330	760.774	699.885	6.534	752	690	4	20	21	6
360	494	490	494	304	199576	404	0	404	404	404	629.589	696.514	6.504	4.944	1.564	4.903	629.587	696.514	6.504	624	688	4	10	16	6
361	396	400	396	251	83556	211	0	211	211	211	638.455	696.475	6.402	4.432	1.247	4.427	638.456	696.475	6.402	635	691	4	10	12	6
362	1034	854	1034	510	418770	405	0	405	405	405	746.149	707.571	6.614	6.282	1.801	6.520	746.149	707.570	6.614	738	700	4	17	17	6
363	396	480	396	268	85140	215	0	215	215	215	601.838	702.833	6.215	4.883	1.842	4.423	601.839	702.833	6.215	598	693	4	13	20	5
364	611	758	611	399	133198	218	0	218	218	218	709.028	715.907	6.010	5.980	2.070	6.152	709.026	715.906	6.010	701	708	4	15	19	5
365	1904	1500	1904	886	773024	406	0	406	406	406	586.354	717.830	6.608	8.498	2.967	8.559	586.355	717.832	6.608	576	706	4	24	30	6
366	475	468	475	294	104500	220	0	220	220	220	676.771	715.888	6.244	4.862	1.517	4.679	676.771	715.889	6.244	673	710	4	9	16	6
367	245	308	245	148	55370	226	0	226	226	226	698.555	724.506	6.102	3.675	0.949	3.622	698.555	724.506	6.102	694	719	4	10	11	5
368	1726	1240	1726	816	393528	228	0	228	228	228	610.509	730.765	6.359	8.045	2.595	8.151	610.504	730.765	6.359	600	720	4	22	24	6
369	241	292	241	166	98087	407	0	407	407	407	660.718	722.378	6.913	3.615	0.938	3.491	660.718	722.378	6.913	657	716	4	8	11	6
370	476	442	476	288	110432	232	0	232	232	232	533.219	738.139	6.187	4.771	1.318	4.598	533.219	738.139	6.187	530	731	4	8	14	6
371	556	526	556	322	128436	231	0	231	231	231	524.149	738.581	6.498	4.989	1.258	4.904	524.150	738.581	6.498	517	732	4	12	14	6
372	2368	1830	2368	1183	565952	239	0	239	239	239	593.430	749.824	6.320	9.761	3.478	9.933	593.431	749.824	6.320	581	735	4	30	31	6
373	587	578	587	351	139706	238	0	238	238	238	633.504	750.121	6.140	5.422	1.863	5.164	633.506	750.121	6.140	625	746	4	20	11	6
374	655	600	655	367	267895	409	0	409	409	409	516.798	748.556	6.707	5.344	1.449	5.444	516.798	748.556	6.707	512	742	4	16	14	6
375	1246	1062	1246	661	305270	245	0	245	245	245	645.217	760.101	6.474	7.230	2.388	7.365	645.218	760.102	6.474	634	749	4	22	22	7
376	752	720	752	431	308320	410	0	410	410	410	578.343	759.685	6.637	5.930	1.928	5.926	578.342	759.686	6.637	571	750	4	17	17	6
377	1017	868	1017	547	248148	244	0	244	244	244	607.298	762.887	6.325	6.500	1.945	6.715	607.294	762.887	6.325	597	755	4	20	16	6
378	1074	888	1074	546	267426	249	0	249	249	249	659.507	768.807	6.381	6.484	1.999	6.718	659.506	768.807	6.381	652	757	4	17	22	6
379	1094	964	1094	592	450728	412	0	412	412	412	571.571	774.568	6.665	7.478	2.922	7.299	571.574	774.569	6.665	563	764	4	24	24	6
380	1738	1186	1738	793	714318	411	0	411	411	411	597.837	775.658	6.602	7.782	2.256	8.027	597.837	775.660	6.602	588	766	4	22	21	7
381	376	362	376	226	94376	251	0	251	251	251	613.678	776.681	6.082	4.202	0.932	4.174	613.679	776.681	6.082	610	772	4	10	10	6
382	727	630	727	400	183931	253	0	253	253	253	580.750	778.622	6.384	5.756	1.807	5.666	580.749	778.623	6.384	574	771	4	15	17	6
383	825	766	825	455	217800	264	0	264	264	264	443.422	802.258	6.416	5.972	1.720	6.244	443.422	802.258	6.416	435	794	4	16	16	6
384	2754	1754	2754	1261	743580	270	0	270	270	270	525.879	821.061	6.375	10.299	3.915	9.948	525.880	821.060	6.375	517	800	4	19	38	6
385	2070	1492	2070	1014	552690	267	0	267	267	267	615.752	815.846	6.628	8.676	2.774	9.248	615.751	815.847	6.628	605	804	4	25	26	6
386	1399	966	1399	694	580585	415	0	415	415	415	543.994	815.773	6.456	7.232	2.107	7.455	543.996	815.771	6.456	535	807	4	18	17	7
387	2607	1760	2607	1223	709104	272	0	272	272	272	476.860	828.750	6.228	10.081	3.775	9.897	476.855	828.749	6.228	464	815	4	27	31	6
388	798	662	798	432	331968	416	0	416	416	416	553.445	836.105	6.931	6.094	2.067	5.808	553.445	836.105	6.931	550	825	4	8	21	7
389	2155	1622	2155	1102	898635	417	0	417	417	417	599.784	843.350	6.703	9.969	4.169	9.724	599.789	843.351	6.703	589	831	4	25	33	6
390	1116	1066	1116	608	308016	276	0	276	276	276	470.124	842.771	6.022	8.551	4.007	8.003	470.120	842.771	6.022	455	832	4	32	23	6
391	490	490	490	293	135730	277	0	277	277	277	497.563	849.151	6.241	4.857	1.410	4.910	497.562	849.151	6.241	491	844	4	14	11	6
392	430	400	430	252	180170	419	0	419	419	419	522.256	848.279	6.740	4.435	1.047	4.341	522.256	848.279	6.740	519	841	4	8	13	6
393	2719	2110	2719	1378	1144699	421	0	421	421	421	515.147	861.184	6.769	10.572	4.055	10.482	515.148	861.185	6.769	502	845	4	34	36	7
394	327	434	327	213	90906	278	0	278	278	278	483.492	859.544	6.391	4.401	1.437	4.384	483.493	859.544	6.391	477	852	4	12	14	6
395	657	724	657	415	277911	423	0	423	423	423	496.656	863.542	6.472	6.057	2.335	5.886	496.656	863.542	6.472	490	856	4	13	21	6
396	1068	808	1068	540	452832	424	0	424	424	424	580.623	863.333	6.567	6.754	2.290	6.511	580.619	863.334	6.567	576	854	4	12	22	7
397	1059	906	1059	546	450075	425	0	425	425	425	553.115	865.619	6.671	6.671	2.218	6.639	553.115	865.619	6.671	544	849	4	19	26	7
398	1622	1358	1622	814	695838	429	0	429	429	429	560.258	883.981	6.585	8.178	2.929	8.085	560.258	883.982	6.585	550	869	4	23	28	6
399	480	542	480	327	204960	427	0	427	427	427	549.229	880.152	6.454	5.921	2.875	5.493	549.229	880.153	6.454	544	874	4	12	22	6
400	280	354	280	175	78400	280	0	280	280	280	684.354	119.389	7.046	3.956	1.140	3.862	684.354	119.389	7.046	680	114	5	11	11	5
401	923	866	923	518	265824	288	0	288	288	288	798.975	162.762	6.985	6.314	2.004	6.353	798.975	162.762	6.985	789	153	5	20	19	6
402	201	284	201	148	58089	289	0	289	289	289	776.692	164.806	7.095	3.492	1.111	3.507	776.691	164.806	7.095	772	160	5	11	10	5
403	271	414	271	195	80216	296	0	296	296	296	792.583	199.609	6.849	4.782	2.060	4.605	792.583	199.609	6.849	786	196	5	16	14	5
404	432	574	432	288	130896	303	0	303	303	303	641.787	213.801	7.238	5.573	2.353	5.276	641.787	213.801	7.238	636	204	5	13	20	5
405	768	810	768	470	235008	306	0	306	306	306	801.892	225.202	7.263	6.938	3.172	6.264	801.890	225.202	7.263	789	216	5	27	15	6
406	1048	934	1048	552	322784	308	0	308	308	308	689.075	233.177	7.168	6.559	2.041	6.785	689.072	233.176	7.168	681	224	5	19	20	6
407	587	562	587	361	252410	430	0	430	430	430	803.869	234.923	7.578	5.869	2.303	5.708	803.870	234.924	7.578	795	232	5	21	7	6
408	626	710	626	392	194060	310	0	310	310	310	675.989	245.487	6.883	5.668	1.757	5.935	675.990	245.487	6.883	667	237	5	18	17	5
409	711	682	711	428	223965	315	0	315	315	315	711.293	261.461	6.876	5.975	2.132	5.881	711.293	261.461	6.876	703	252	5	14	20	5
410	565	594	565	342	180235	319	0	319	319	319	708.982	279.188	7.119	5.234	1.578	5.271	708.983	279.188	7.119	702	273	5	13	16	6
411	162	208	162	114	51840	320	0	320	320	320	800.185	278.827	6.852	3.020	0.628	3.046	800.185	278.827	6.852	796	275	5	8	7	5
412	175	328	175	144	57225	327	0	327	327	327	850.651	297.434	6.863	3.890	1.619	3.783	850.652	297.434	6.863	845	293	5	12	13	4
413	1465	1518	1465	890	505425	345	0	345	345	345	894.964	349.924	6.986	9.693	4.201	9.706	894.965	349.923	6.986	881	331	5	28	36	6
414	190	312	190	147	66500	350	0	350	350	350	707.605	371.684	6.474	4.051	1.686	3.805	707.606	371.684	6.474	704	366	5	8	15	4
415	380	574	380	298	33060	87	0	87	87	87	757.974	425.513	6.384	5.514	2.159	5.582	757.976	425.513	6.384	748	419	5	18	15	4
416	161	278	161	119	57960	360	0	360	360	360	716.031	437.143	6.646	3.658	1.460	3.488	716.031	437.143	6.646	710	432	5	12	10	4
417	221	256	221	145	81770	370	0	370	370	370	812.688	480.253	6.959	3.443	0.806	3.384	812.686	480.253	6.959	809	478	5	10	6	5
418	170	266	170	125	18870	111	0	111	111	111	782.859	498.224	6.382	3.450	1.254	3.285	782.859	498.224	6.382	777	495	5	12	10	4
419	239	378	239	193	31070	130	0	130	130	130	751.983	530.180	5.921	4.478	1.872	4.295	751.983	530.180	5.921	748	522	5	9	17	3
420	212	366	212	163	79076	373	0	373	373	373	756.552	544.486	6.731	3.998	1.453	3.930	756.551	544.485	6.731	749	539	5	13	12	5
421	485	536	485	298	184300	380	0	380	380	380	749.480	600.637	6.934	5.029	1.615	4.957	749.483	600.638	6.934	740	594	5	17	14	5
422	224	302	224	152	85344	381	0	381	381	381	737.571	607.442	7.000	3.788	1.214	3.666	737.571	607.442	7.000	731	604	5	12	8	5
423	296	368	296	216	116920	395	0	395	395	395	691.088	672.655	6.753	4.157	1.358	4.257	691.088	672.655	6.753	687	667	5	10	13	4
424	242	350	242	162	96800	400	0	400	400	400	688.422	684.339	6.537	4.155	1.615	3.955	688.422	684.339	6.537	682	680	5	14	9	5
425	450	584	450	284	183600	408	0	408	408	408	710.867	733.169	6.609	5.377	1.919	5.506	710.867	733.169	6.609	703	726	5	17	14	5
426	1219	1104	1219	691	519294	426	0	426	426	426	530.948	875.913	7.049	7.756	2.956	7.493	530.947	875.911	7.049	517	867	5	26	22	6
427	330	354	330	200	141240	428	0	428	428	428	523.124	884.291	6.861	4.096	1.092	4.005	523.124	884.291	6.861	517	881	5	12	9	5
428	722	648	722	412	311182	431	0	431	431	431	784.435	233.084	7.702	5.655	1.746	5.811	784.435	233.084	7.702	778	223	6	13	18	5
