 	Volume (pixel^3)	Surface (pixel^2)	Nb of obj. voxels	Nb of surf. voxels	IntDen	Mean	StdDev	Median	Min	Max	X	Y	Z	Mean dist. to surf. (pixel)	SD dist. to surf. (pixel)	Median dist. to surf. (pixel)	XM	YM	ZM	BX	BY	BZ	B-width	B-height	B-depth
1	6921	3412	6921	2283	145341	21	0	21	21	21	813.996	177.020	6.198	13.903	4.956	13.129	813.980	177.019	6.198	803	153	1	27	50	12
2	6971	3254	6971	2329	153362	22	0	22	22	22	791.491	183.633	6.234	13.919	4.929	13.127	791.515	183.633	6.234	781	159	1	24	45	12
3	11256	5382	11256	3646	270144	24	0	24	24	24	747.522	201.830	6.588	17.194	6.194	17.024	747.574	201.830	6.588	724	173	1	48	56	11
4	6675	3358	6675	2289	180225	27	0	27	27	27	816.450	216.432	5.813	13.917	5.140	13.562	816.462	216.432	5.813	796	202	1	50	33	10
5	6598	3362	6598	2163	1141454	173	0	173	173	173	752.090	405.058	6.644	13.123	4.036	13.077	752.089	405.058	6.644	734	387	1	37	43	12
6	6207	3258	6207	2070	6207	1	0	1	1	1	820.477	448.146	6.044	13.033	4.305	12.962	820.477	448.146	6.044	798	425	1	40	39	11
7	5559	2546	5559	1615	1039533	187	0	187	187	187	840.202	497.248	6.715	11.477	3.125	11.611	840.205	497.246	6.715	826	483	1	29	30	12
8	1805	1196	1805	702	193135	107	0	107	107	107	739.852	701.368	5.726	7.572	1.833	7.796	739.853	701.368	5.726	731	692	1	20	20	10
9	3964	2132	3964	1255	903792	228	0	228	228	228	772.368	762.169	6.997	10.478	3.083	10.136	772.365	762.170	6.997	756	750	1	30	25	12
10	7158	3336	7158	2045	1739394	243	0	243	243	243	776.362	852.366	6.866	12.985	3.736	12.789	776.361	852.370	6.866	760	835	1	42	34	13
11	6125	3268	6125	1907	1494500	244	0	244	244	244	747.526	858.413	6.632	12.786	4.261	12.614	747.521	858.412	6.632	721	845	1	41	34	13
12	4053	2288	4053	1350	506625	125	0	125	125	125	823.939	852.054	6.604	10.775	3.352	10.432	823.938	852.052	6.604	805	835	1	33	30	11
13	2744	1632	2744	963	373184	136	0	136	136	136	852.352	963.112	5.665	8.922	2.601	9.272	852.337	963.111	5.665	839	952	1	25	26	10
14	5231	2546	5231	1503	742802	142	0	142	142	142	770.556	998.272	6.066	11.313	3.297	11.339	770.560	998.273	6.066	750	984	1	41	27	11
15	3590	2078	3590	1432	46670	13	0	13	13	13	819.390	119.079	6.460	10.787	3.821	10.422	819.371	119.079	6.460	801	110	2	37	21	10
16	2940	1976	2940	1361	47040	16	0	16	16	16	791.116	125.943	6.035	10.650	3.984	10.425	791.116	125.943	6.035	782	108	2	24	38	10
17	1797	1300	1797	805	264159	147	0	147	147	147	794.652	144.661	6.430	8.120	2.507	7.803	794.652	144.661	6.430	789	134	2	18	25	10
18	8558	4056	8558	2817	1283700	150	0	150	150	150	767.328	179.664	6.919	16.296	6.930	14.920	767.329	179.664	6.919	747	149	2	34	64	11
19	1592	1026	1592	690	46168	29	0	29	29	29	783.947	225.702	5.921	7.214	1.729	7.498	783.938	225.702	5.921	776	219	2	18	18	9
20	3806	2350	3806	1502	593736	156	0	156	156	156	828.893	241.611	6.323	11.108	3.959	10.891	828.901	241.611	6.323	810	232	2	36	21	10
21	1284	1066	1284	665	39804	31	0	31	31	31	798.628	239.844	5.549	7.649	2.854	7.777	798.634	239.844	5.549	788	229	2	23	23	8
22	3914	2234	3914	1540	133076	34	0	34	34	34	757.207	263.722	6.380	10.950	3.655	11.118	757.192	263.722	6.380	747	251	2	26	34	10
23	3005	1844	3005	1214	123205	41	0	41	41	41	778.203	280.541	6.064	10.006	3.461	9.839	778.196	280.541	6.064	762	272	2	36	25	9
24	2469	1570	2469	963	103698	42	0	42	42	42	801.534	288.802	6.103	8.780	2.442	8.935	801.523	288.802	6.103	787	279	2	25	26	9
25	1606	1046	1606	690	70664	44	0	44	44	44	787.014	295.083	6.167	7.392	1.968	7.377	787.014	295.083	6.167	777	287	2	21	15	9
26	1704	1116	1704	786	78384	46	0	46	46	46	790.927	308.879	6.155	7.809	2.402	7.893	790.935	308.879	6.155	779	303	2	23	15	9
27	5239	2890	5239	1882	256711	49	0	49	49	49	763.770	317.353	6.436	12.257	4.115	12.329	763.762	317.354	6.436	745	298	2	34	39	9
28	9092	4764	9092	3091	1491088	164	0	164	164	164	828.152	346.654	7.195	16.263	6.331	15.942	828.147	346.653	7.195	794	318	2	55	47	12
29	7481	3870	7481	2474	1234365	165	0	165	165	165	776.929	354.067	7.087	14.376	5.102	14.313	776.929	354.068	7.087	762	338	2	41	40	12
30	2639	1810	2639	1190	145145	55	0	55	55	55	832.912	372.899	6.285	9.990	3.721	9.662	832.918	372.898	6.285	814	364	2	36	22	9
31	1007	786	1007	527	57399	57	0	57	57	57	818.401	378.841	5.714	6.591	2.249	6.241	818.398	378.841	5.714	814	368	2	10	24	8
32	1529	1180	1529	743	100914	66	0	66	66	66	789.084	507.128	5.974	7.557	2.277	7.917	789.076	507.128	5.974	780	495	2	20	22	8
33	2236	1592	2236	1018	154284	69	0	69	69	69	814.108	526.247	5.510	9.138	3.094	9.028	814.104	526.247	5.510	800	515	2	23	28	9
34	1497	1214	1497	725	106287	71	0	71	71	71	808.065	540.522	5.675	8.415	3.466	7.846	808.069	540.522	5.675	798	527	2	22	27	8
35	572	520	572	325	1716	3	0	3	3	3	739.128	532.696	5.502	5.006	1.278	4.959	739.128	532.696	5.502	733	528	2	12	12	8
36	3700	2438	3700	1559	270100	73	0	73	73	73	794.271	555.991	6.380	11.298	4.278	11.149	794.270	555.991	6.380	781	538	2	25	45	10
37	2007	1362	2007	886	152532	76	0	76	76	76	774.755	578.672	6.124	8.410	2.726	8.279	774.766	578.672	6.124	764	571	2	27	17	9
38	1327	1024	1327	676	103506	78	0	78	78	78	774.600	592.362	6.080	7.697	2.879	7.387	774.607	592.363	6.080	761	587	2	25	12	8
39	3587	2384	3587	1503	286960	80	0	80	80	80	803.389	600.383	6.403	12.102	4.692	12.372	803.389	600.383	6.403	784	583	2	37	35	10
40	1565	1022	1565	624	316130	202	0	202	202	202	794.599	591.421	7.357	7.167	1.630	7.087	794.597	591.421	7.357	787	583	2	15	18	11
41	3463	2202	3463	1330	959251	277	0	277	277	277	792.210	629.769	7.114	10.638	3.526	10.600	792.214	629.768	7.114	782	614	2	27	35	12
42	1765	1370	1765	890	158850	90	0	90	90	90	768.350	645.435	6.057	9.460	4.302	8.939	768.344	645.435	6.057	762	624	2	15	34	9
43	916	792	916	462	83356	91	0	91	91	91	753.408	650.932	5.965	6.075	1.628	6.274	753.411	650.932	5.965	745	645	2	16	15	8
44	555	516	555	307	51060	92	0	92	92	92	782.263	655.126	5.560	4.838	0.969	4.901	782.263	655.126	5.560	778	651	2	11	10	8
45	1322	1052	1322	667	128234	97	0	97	97	97	798.315	658.008	5.877	7.268	2.293	7.150	798.310	658.008	5.877	790	646	2	15	24	9
46	1001	792	1001	486	93093	93	0	93	93	93	830.393	652.920	5.907	6.371	1.868	6.389	830.391	652.920	5.907	824	644	2	12	19	8
47	1623	1124	1623	735	159054	98	0	98	98	98	771.152	665.529	6.131	7.738	2.455	7.478	771.146	665.530	6.131	756	659	2	27	14	9
48	3536	2276	3536	1406	760240	215	0	215	215	215	835.199	679.009	6.693	10.479	3.381	10.756	835.200	679.005	6.693	823	664	2	29	30	10
49	2196	1852	2196	1071	237168	108	0	108	108	108	814.239	709.306	6.518	9.097	2.974	9.362	814.247	709.307	6.518	801	700	2	28	23	9
50	1081	968	1081	549	150259	139	0	139	139	139	827.548	977.574	5.648	6.874	2.297	6.792	827.549	977.572	5.648	821	967	2	19	20	8
51	2662	1668	2662	1105	385990	145	0	145	145	145	810.486	99.808	6.940	9.191	2.879	9.400	810.484	99.808	6.940	797	89	3	28	21	8
52	3414	2176	3414	1442	40968	12	0	12	12	12	771.407	119.221	6.485	10.977	4.244	10.938	771.407	119.221	6.485	759	96	3	25	40	8
53	1087	856	1087	554	15218	14	0	14	14	14	755.143	126.521	6.093	6.908	2.378	6.856	755.143	126.521	6.093	750	113	3	12	23	8
54	2501	1724	2501	1133	37515	15	0	15	15	15	825.419	140.054	6.062	9.757	3.496	9.798	825.433	140.054	6.062	812	129	3	26	28	8
55	2268	1376	2268	898	335664	148	0	148	148	148	778.926	145.813	6.832	8.649	2.732	8.403	778.920	145.813	6.832	770	131	3	18	28	9
56	1304	1060	1304	673	22168	17	0	17	17	17	755.719	144.978	6.078	7.406	2.526	7.630	755.719	144.978	6.078	746	137	3	23	21	8
57	353	444	353	230	6354	18	0	18	18	18	814.346	144.408	5.606	4.505	1.500	4.371	814.346	144.408	5.606	806	141	3	14	10	6
58	838	714	838	446	15922	19	0	19	19	19	775.012	161.214	6.298	6.017	1.787	5.617	775.012	161.214	6.298	771	151	3	14	18	8
59	1357	1088	1357	686	27140	20	0	20	20	20	836.041	166.496	6.450	7.676	2.726	7.552	836.041	166.496	6.450	830	152	3	16	26	7
60	1179	850	1179	546	27117	23	0	23	23	23	831.556	185.629	5.871	6.604	1.837	6.729	831.560	185.629	5.871	825	178	3	16	17	8
61	1637	1096	1637	761	40925	25	0	25	25	25	785.767	211.684	6.139	7.709	2.334	7.575	785.760	211.684	6.139	773	205	3	22	21	8
62	651	552	651	342	16926	26	0	26	26	26	838.644	214.763	6.146	5.202	1.237	5.295	838.644	214.763	6.146	834	209	3	12	12	7
63	576	500	576	311	16128	28	0	28	28	28	771.012	223.901	6.080	4.934	1.177	4.799	771.012	223.901	6.080	767	217	3	8	14	8
64	900	668	900	434	27000	30	0	30	30	30	800.541	226.912	6.073	5.978	1.569	5.743	800.541	226.912	6.073	795	219	3	12	16	7
65	3013	1942	3013	1296	96416	32	0	32	32	32	780.895	244.711	6.325	10.592	4.123	10.130	780.895	244.711	6.325	768	232	3	37	23	8
66	2537	1492	2537	1029	393235	155	0	155	155	155	755.395	241.579	6.659	8.891	2.547	8.954	755.397	241.580	6.659	745	230	3	23	23	9
67	1293	986	1293	619	203001	157	0	157	157	157	820.929	259.041	7.002	7.016	2.094	6.944	820.928	259.041	7.002	812	253	3	21	18	8
68	1517	956	1517	673	54612	36	0	36	36	36	776.860	262.082	6.216	7.133	1.770	7.330	776.860	262.082	6.216	770	254	3	15	17	8
69	808	634	808	412	28280	35	0	35	35	35	789.132	260.589	6.286	5.691	1.436	5.581	789.135	260.589	6.286	784	255	3	11	16	8
70	1404	1042	1404	677	46332	33	0	33	33	33	735.011	256.172	6.429	7.426	2.422	7.401	735.005	256.172	6.429	723	249	3	23	15	8
71	1391	1046	1391	668	51467	37	0	37	37	37	834.295	263.422	6.405	7.283	2.227	7.195	834.288	263.422	6.405	824	254	3	20	17	8
72	2716	1748	2716	1167	103208	38	0	38	38	38	803.926	268.405	6.253	9.530	3.072	9.532	803.939	268.405	6.253	789	255	3	30	25	8
73	838	784	838	432	32682	39	0	39	39	39	724.536	278.834	6.446	6.094	2.039	5.982	724.539	278.834	6.446	718	267	3	13	23	7
74	1610	1172	1610	748	64400	40	0	40	40	40	826.627	277.719	6.568	7.971	2.832	7.561	826.627	277.719	6.568	813	272	3	28	14	8
75	3944	2278	3944	1470	177480	45	0	45	45	45	757.003	294.487	6.608	10.747	3.410	11.092	756.997	294.486	6.608	744	278	3	30	33	9
76	1007	796	1007	526	161120	160	0	160	160	160	819.571	294.260	7.080	6.692	2.292	6.504	819.571	294.260	7.080	813	286	3	15	19	8
77	1874	1346	1874	837	88078	47	0	47	47	47	809.343	309.201	6.430	8.358	2.895	8.170	809.350	309.201	6.430	802	293	3	18	30	8
78	2956	1998	2956	1239	141888	48	0	48	48	48	733.864	311.188	6.570	9.829	3.163	10.163	733.864	311.188	6.570	721	297	3	26	32	8
79	559	476	559	316	27950	50	0	50	50	50	782.680	317.628	5.873	4.897	1.166	4.861	782.680	317.628	5.873	778	314	3	12	10	7
80	3462	2154	3462	1423	560844	162	0	162	162	162	790.982	329.815	6.936	10.534	3.548	10.575	790.981	329.814	6.936	774	319	3	39	23	9
81	1737	1246	1737	769	92061	53	0	53	53	53	744.762	331.934	6.533	7.944	2.637	7.865	744.756	331.934	6.533	733	323	3	25	17	8
82	681	634	681	375	34731	51	0	51	51	51	840.025	328.255	6.120	5.465	1.630	5.559	840.028	328.255	6.120	835	321	3	12	15	7
83	492	470	492	296	25584	52	0	52	52	52	809.244	331.681	5.896	4.801	1.315	4.709	809.244	331.681	5.896	804	326	3	9	13	7
84	536	504	536	292	87368	163	0	163	163	163	809.474	343.550	6.591	4.868	1.188	4.780	809.475	343.550	6.591	804	339	3	14	11	8
85	5297	3326	5297	2151	286038	54	0	54	54	54	740.350	351.349	6.730	13.309	4.945	13.335	740.362	351.350	6.730	717	336	3	45	29	9
86	2065	1396	2065	911	344855	167	0	167	167	167	749.349	372.041	6.555	8.701	2.935	8.501	749.350	372.042	6.555	737	361	3	26	19	9
87	1897	1312	1897	856	318696	168	0	168	168	168	790.375	372.422	6.713	8.073	2.339	8.138	790.365	372.422	6.713	780	361	3	19	24	8
88	1246	974	1246	589	206836	166	0	166	166	166	723.494	371.863	6.827	6.960	2.124	6.876	723.498	371.863	6.827	712	363	3	22	15	8
89	1147	848	1147	559	64232	56	0	56	56	56	806.106	371.676	6.454	6.520	1.698	6.624	806.106	371.676	6.454	800	363	3	13	17	8
90	882	714	882	480	234612	266	0	266	266	266	778.976	389.416	7.002	6.286	2.112	6.070	778.976	389.416	7.002	775	378	3	9	21	8
91	1404	996	1404	627	240084	171	0	171	171	171	806.421	387.355	6.668	7.060	1.905	7.071	806.422	387.356	6.668	797	379	3	18	18	8
92	1060	930	1060	567	61480	58	0	58	58	58	768.294	387.030	6.068	7.072	2.626	6.919	768.290	387.030	6.068	760	379	3	16	22	7
93	1751	1240	1751	831	297670	170	0	170	170	170	743.595	385.484	7.254	8.506	3.095	8.137	743.591	385.484	7.254	734	372	3	25	22	9
94	2042	1482	2042	892	547256	268	0	268	268	268	794.459	402.786	7.605	9.008	3.364	8.480	794.463	402.786	7.605	775	393	3	37	21	10
95	2424	1620	2424	1022	421776	174	0	174	174	174	783.236	414.746	6.555	9.106	3.031	9.216	783.239	414.746	6.555	772	402	3	27	23	9
96	2435	1714	2435	1034	426125	175	0	175	175	175	734.529	424.335	6.788	9.038	2.886	9.269	734.529	424.334	6.788	719	412	3	30	24	9
97	810	702	810	419	48600	60	0	60	60	60	766.001	420.826	6.727	5.758	1.579	5.940	766.001	420.826	6.727	760	414	3	14	15	8
98	2060	1514	2060	932	364620	177	0	177	177	177	777.828	433.943	7.377	8.395	2.574	8.728	777.825	433.943	7.377	766	423	3	24	22	9
99	3229	2134	3229	1350	871830	270	0	270	270	270	810.370	426.573	6.946	10.655	3.838	10.444	810.371	426.573	6.946	799	411	3	29	32	10
100	1062	810	1062	494	186912	176	0	176	176	176	794.583	428.621	7.174	6.276	1.484	6.125	794.583	428.621	7.174	789	419	3	11	20	9
101	3629	1990	3629	1213	983459	271	0	271	271	271	730.863	449.687	7.733	9.889	2.679	10.109	730.863	449.687	7.733	719	437	3	26	27	11
102	1568	1334	1568	821	3136	2	0	2	2	2	789.114	460.632	5.823	8.054	2.824	8.207	789.114	460.632	5.823	779	445	3	23	26	7
103	1803	1418	1803	861	328146	182	0	182	182	182	754.296	459.282	6.729	8.329	2.882	8.369	754.298	459.282	6.729	746	447	3	19	30	8
104	442	414	442	238	26962	61	0	61	61	61	806.620	467.452	5.647	4.397	0.874	4.451	806.619	467.452	5.647	803	461	3	8	12	7
105	1816	1390	1816	831	112592	62	0	62	62	62	819.150	472.636	6.066	8.340	2.824	8.227	819.159	472.636	6.066	804	465	3	28	18	8
106	2113	1484	2113	960	388792	184	0	184	184	184	779.656	481.778	6.757	8.948	3.129	8.936	779.666	481.778	6.757	771	471	3	21	28	9
107	1357	1016	1357	608	251045	185	0	185	185	185	763.311	484.172	6.919	7.197	2.192	7.048	763.311	484.171	6.919	754	473	3	17	20	9
108	2307	1652	2307	1025	433716	188	0	188	188	188	743.633	496.512	6.932	9.087	3.046	9.075	743.639	496.512	6.932	734	484	3	21	30	9
109	3255	2290	3255	1489	205065	63	0	63	63	63	810.983	498.644	6.320	10.825	3.741	11.134	810.991	498.643	6.320	791	483	3	34	31	8
110	535	486	535	300	34240	64	0	64	64	64	758.411	498.497	6.335	4.819	1.130	4.742	758.411	498.497	6.335	754	494	3	10	13	8
111	1722	1236	1722	766	111930	65	0	65	65	65	771.424	501.535	6.682	7.838	2.404	7.995	771.421	501.535	6.682	763	491	3	18	25	8
112	280	320	280	169	18760	67	0	67	67	67	744.707	510.386	5.854	3.724	0.732	3.786	744.707	510.386	5.854	741	506	3	10	9	7
113	2490	1772	2490	1147	169320	68	0	68	68	68	832.497	525.906	5.692	9.412	2.993	9.628	832.484	525.906	5.692	823	514	3	23	25	8
114	1324	1086	1324	678	252884	191	0	191	191	191	768.069	530.039	6.970	7.879	3.114	7.392	768.070	530.039	6.970	764	515	3	10	30	10
115	2504	1710	2504	1069	475760	190	0	190	190	190	784.642	527.385	6.627	8.956	2.632	9.481	784.646	527.384	6.627	775	517	3	23	23	9
116	2766	1894	2766	1234	193620	70	0	70	70	70	752.007	529.447	6.379	9.978	3.409	10.285	752.014	529.449	6.379	736	516	3	27	26	8
117	2921	1968	2921	1293	569595	195	0	195	195	195	831.569	550.504	6.730	9.828	3.070	10.223	831.568	550.503	6.730	819	538	3	26	28	9
118	2382	1634	2382	1058	457344	192	0	192	192	192	731.612	546.728	7.039	8.971	2.770	9.437	731.612	546.728	7.039	721	535	3	24	24	9
119	1525	1192	1525	715	295850	194	0	194	194	194	751.281	549.595	6.470	7.689	2.459	7.725	751.278	549.594	6.470	740	543	3	23	16	8
120	1180	954	1180	587	227740	193	0	193	193	193	777.014	545.474	7.034	6.824	2.042	6.816	777.016	545.473	7.034	766	539	3	22	18	9
121	3977	2522	3977	1713	294298	74	0	74	74	74	819.817	570.794	6.245	11.705	4.214	11.833	819.810	570.793	6.245	806	552	3	33	35	8
122	2037	1526	2037	966	401289	197	0	197	197	197	734.963	566.562	6.629	9.211	3.425	9.154	734.962	566.563	6.629	720	560	3	32	18	8
123	2241	1648	2241	1078	439236	196	0	196	196	196	768.227	562.021	6.726	9.299	3.309	9.350	768.222	562.021	6.726	753	550	3	28	22	8
124	545	506	545	301	40875	75	0	75	75	75	803.189	577.659	6.053	4.937	1.237	4.854	803.191	577.659	6.053	795	572	3	14	11	7
125	1059	782	1059	481	211800	200	0	200	200	200	841.297	580.945	6.735	6.230	1.474	6.391	841.293	580.945	6.735	835	574	3	15	14	8
126	2650	1944	2650	1237	204050	77	0	77	77	77	714.677	582.654	6.246	9.906	3.535	10.025	714.673	582.653	6.246	702	565	3	27	32	8
127	969	860	969	483	194769	201	0	201	201	201	730.490	589.104	6.925	6.699	2.266	6.300	730.490	589.104	6.925	723	579	3	15	21	8
128	2724	1858	2724	1196	223368	82	0	82	82	82	831.277	600.443	5.834	9.607	3.057	9.840	831.270	600.443	5.834	816	588	3	32	27	8
129	1075	1010	1075	556	84925	79	0	79	79	79	750.181	594.724	5.970	7.140	2.622	7.067	750.185	594.723	5.970	736	584	3	24	24	7
130	437	386	437	248	1748	4	0	4	4	4	842.355	592.490	5.629	4.357	0.756	4.382	842.355	592.490	5.629	838	589	3	10	8	7
131	497	524	497	293	2485	5	0	5	5	5	756.998	602.936	5.755	4.860	1.389	4.942	756.998	602.936	5.755	752	596	3	13	15	6
132	565	516	565	315	45765	81	0	81	81	81	778.427	602.042	6.214	5.090	1.489	4.868	778.424	602.042	6.214	770	599	3	17	8	7
133	383	442	383	249	2298	6	0	6	6	6	724.817	603.509	5.478	4.492	1.403	4.471	724.817	603.509	5.478	720	599	3	16	9	7
134	1238	996	1238	563	103992	84	0	84	84	84	771.729	610.413	5.890	6.917	2.139	7.001	771.726	610.413	5.890	763	601	3	21	17	8
135	283	342	283	186	1981	7	0	7	7	7	735.989	607.466	5.173	3.906	1.011	3.917	735.989	607.466	5.173	731	603	3	12	10	5
136	505	566	505	311	4040	8	0	8	8	8	722.489	614.917	6.250	5.245	1.777	5.359	722.489	614.917	6.250	718	609	3	12	15	8
137	2560	1834	2560	1139	217600	85	0	85	85	85	816.158	617.017	6.613	9.583	3.373	9.542	816.156	617.017	6.613	804	599	3	25	36	9
138	1418	1034	1418	608	296362	209	0	209	209	209	830.678	634.639	6.256	6.994	1.835	7.243	830.681	634.640	6.256	822	625	3	18	20	8
139	726	732	726	416	149556	206	0	206	206	206	755.763	622.995	6.658	5.830	1.958	5.778	755.765	622.995	6.658	751	613	3	12	20	8
140	1066	868	1066	529	296348	278	0	278	278	278	776.091	633.395	7.322	6.532	1.959	6.493	776.092	633.394	7.322	771	623	3	12	20	9
141	858	692	858	425	74646	87	0	87	87	87	755.698	637.551	5.566	5.924	1.622	5.942	755.701	637.551	5.566	748	631	3	15	13	7
142	1643	1134	1643	687	341744	208	0	208	208	208	804.285	636.824	6.783	7.425	1.889	7.502	804.284	636.824	6.783	797	628	3	16	20	10
143	1229	1140	1229	614	251945	205	0	205	205	205	730.181	624.286	6.774	7.742	2.897	7.482	730.181	624.286	6.774	718	612	3	22	23	8
144	404	444	404	238	34744	86	0	86	86	86	814.965	635.696	5.807	4.599	1.313	4.300	814.965	635.696	5.807	812	629	3	9	16	7
145	2441	1984	2441	1208	217249	89	0	89	89	89	732.168	649.774	6.377	10.227	3.930	10.139	732.166	649.774	6.377	719	633	3	32	33	8
146	433	418	433	241	91363	211	0	211	211	211	781.829	646.342	6.439	4.404	0.899	4.322	781.830	646.341	6.439	777	642	3	12	8	8
147	520	530	520	295	45760	88	0	88	88	88	819.629	646.521	6.212	4.953	1.366	4.809	819.629	646.521	6.212	814	638	3	12	17	7
148	930	824	930	480	87420	94	0	94	94	94	840.866	653.412	6.160	6.527	2.255	6.308	840.870	653.412	6.160	837	643	3	11	22	8
149	630	606	630	345	133560	212	0	212	212	212	858.794	646.259	6.638	5.509	1.848	5.278	858.790	646.258	6.638	849	642	3	19	9	8
150	2181	1554	2181	964	207195	95	0	95	95	95	814.467	662.330	6.209	8.713	2.859	8.827	814.470	662.330	6.209	806	649	3	20	27	8
151	1722	1282	1722	808	165312	96	0	96	96	96	855.976	659.707	6.288	8.030	2.546	8.147	855.976	659.707	6.288	845	651	3	24	18	8
152	682	574	682	343	68200	100	0	100	100	100	787.773	667.475	6.119	5.160	0.993	5.302	787.773	667.475	6.119	783	660	3	11	15	8
153	889	728	889	439	88011	99	0	99	99	99	722.744	670.449	5.978	5.946	1.628	6.145	722.746	670.449	5.978	716	663	3	14	17	7
154	775	688	775	411	78275	101	0	101	101	101	856.467	672.148	5.867	6.033	2.089	5.851	856.465	672.149	5.867	846	668	3	21	11	7
155	855	722	855	426	182970	214	0	214	214	214	801.027	675.687	7.242	5.993	1.788	5.876	801.030	675.686	7.242	792	670	3	20	11	8
156	2206	1590	2206	1046	227218	103	0	103	103	103	769.205	677.750	6.252	9.889	3.913	9.591	769.209	677.751	6.252	753	667	3	35	21	8
157	2289	1904	2289	1181	238056	104	0	104	104	104	752.250	688.661	6.132	10.206	3.998	9.978	752.243	688.660	6.132	738	672	3	29	36	7
158	332	384	332	212	71712	216	0	216	216	216	793.858	684.241	6.630	4.068	1.010	3.887	793.858	684.241	6.630	791	679	3	8	13	8
159	390	416	390	224	85410	219	0	219	219	219	855.544	685.233	7.077	4.323	1.023	4.254	855.544	685.234	7.077	851	680	3	9	13	8
160	934	936	934	525	98070	105	0	105	105	105	775.376	693.291	6.196	6.901	2.441	6.949	775.374	693.291	6.196	766	687	3	19	21	7
161	1348	1078	1348	654	296560	220	0	220	220	220	815.191	692.137	6.703	7.358	2.453	7.120	815.195	692.138	6.703	804	682	3	25	17	8
162	1306	1040	1306	651	138436	106	0	106	106	106	842.972	696.841	5.680	7.349	2.517	7.064	842.968	696.841	5.680	830	691	3	26	13	8
163	1325	1178	1325	692	144425	109	0	109	109	109	792.241	711.615	6.306	7.446	2.516	7.640	792.238	711.616	6.306	784	700	3	19	22	8
164	1819	1454	1819	874	405637	223	0	223	223	223	845.133	714.898	6.494	8.523	2.952	8.411	845.140	714.898	6.494	833	705	3	27	20	9
165	1137	962	1137	561	126207	111	0	111	111	111	847.471	727.427	7.131	7.365	2.858	6.915	847.474	727.426	7.131	833	722	3	27	12	8
166	154	216	154	101	17248	112	0	112	112	112	810.870	727.981	5.662	2.995	0.647	2.928	810.870	727.981	5.662	807	726	3	9	5	6
167	2062	1424	2062	900	461888	224	0	224	224	224	740.145	733.017	6.802	8.330	2.556	8.705	740.145	733.017	6.802	729	722	3	22	24	8
168	1423	1202	1423	713	321598	226	0	226	226	226	756.739	743.499	6.815	7.664	2.542	7.811	756.737	743.500	6.815	748	730	3	22	25	9
169	321	514	321	243	36273	113	0	113	113	113	819.162	750.199	5.913	5.353	2.241	5.314	819.161	750.199	5.913	814	743	3	16	14	6
170	1259	1044	1259	628	285793	227	0	227	227	227	868.405	759.872	6.935	7.139	2.364	7.054	868.406	759.870	6.935	857	751	3	25	16	8
171	1339	1046	1339	626	152646	114	0	114	114	114	793.683	761.076	6.895	7.369	2.557	7.076	793.678	761.076	6.895	787	749	3	13	25	8
172	574	656	574	337	132020	230	0	230	230	230	834.348	764.650	6.441	5.717	2.329	4.951	834.350	764.650	6.441	824	756	3	18	18	8
173	6314	3328	6314	2121	1780548	282	0	282	282	282	863.548	784.198	6.879	13.118	4.282	13.257	863.546	784.190	6.879	847	763	3	37	42	10
174	958	920	958	518	111128	116	0	116	116	116	809.970	777.621	6.349	6.696	2.436	6.460	809.966	777.621	6.349	797	772	3	23	15	8
175	777	712	777	427	89355	115	0	115	115	115	837.156	774.560	5.911	5.835	1.668	5.609	837.157	774.561	5.911	828	766	3	15	17	8
176	1488	1228	1488	749	343728	231	0	231	231	231	848.421	766.593	6.696	8.287	3.266	7.854	848.421	766.593	6.696	842	752	3	15	31	8
177	3133	2100	3133	1281	739388	236	0	236	236	236	839.861	795.495	6.737	10.707	4.182	10.306	839.864	795.495	6.737	826	780	3	32	30	9
178	250	306	250	157	29250	117	0	117	117	117	813.240	789.228	6.104	3.739	0.994	3.565	813.239	789.228	6.104	809	786	3	10	8	7
179	1390	1236	1390	678	165410	119	0	119	119	119	877.577	803.030	6.547	8.182	3.339	7.556	877.578	803.030	6.547	871	790	3	17	29	8
180	1419	1186	1419	673	336303	237	0	237	237	237	816.160	811.510	6.718	7.345	2.322	7.604	816.159	811.508	6.718	803	803	3	24	19	8
181	935	930	935	530	113135	121	0	121	121	121	736.978	829.892	6.507	7.269	3.022	6.997	736.977	829.892	6.507	730	818	3	14	27	8
182	1101	990	1101	562	264240	240	0	240	240	240	860.545	827.048	6.951	6.815	2.144	6.747	860.545	827.048	6.951	850	820	3	21	14	9
183	3447	2304	3447	1477	423981	123	0	123	123	123	800.029	835.301	6.983	11.161	4.147	11.171	800.031	835.303	6.983	788	818	3	27	37	8
184	899	816	899	449	111476	124	0	124	124	124	843.581	845.640	6.090	6.205	1.909	6.072	843.583	845.640	6.090	839	836	3	13	19	8
185	1766	1458	1766	917	425606	241	0	241	241	241	866.312	842.260	6.745	8.810	3.323	8.611	866.311	842.257	6.745	851	834	3	30	22	8
186	1043	916	1043	501	131418	126	0	126	126	126	881.793	872.726	6.846	6.611	2.182	6.579	881.797	872.725	6.846	873	866	3	22	14	8
187	1371	1222	1371	699	175488	128	0	128	128	128	777.118	887.282	6.410	7.301	2.299	7.706	777.118	887.282	6.410	768	875	3	20	24	8
188	974	896	974	526	242526	249	0	249	249	249	885.521	883.621	6.872	6.687	2.323	6.805	885.520	883.622	6.872	874	876	3	22	16	8
189	1583	1282	1583	786	400499	253	0	253	253	253	750.731	904.981	6.889	7.822	2.500	8.070	750.731	904.979	6.889	742	891	3	19	26	8
190	1347	1196	1347	699	175110	130	0	130	130	130	881.279	896.278	6.368	8.051	3.124	7.958	881.275	896.277	6.368	869	887	3	26	19	7
191	1122	962	1122	550	286110	255	0	255	255	255	844.229	926.689	6.611	6.648	1.885	6.859	844.229	926.687	6.611	836	917	3	18	18	8
192	672	598	672	360	88704	132	0	132	132	132	872.371	946.173	6.335	5.478	1.668	5.363	872.369	946.172	6.335	867	938	3	10	18	7
193	548	536	548	303	72884	133	0	133	133	133	881.356	946.995	6.392	5.067	1.445	4.908	881.354	946.994	6.392	878	939	3	10	17	7
194	1041	940	1041	542	9369	9	0	9	9	9	827.396	960.046	5.347	6.619	2.133	6.918	827.396	960.046	5.347	819	952	3	19	16	6
195	6280	4146	6280	2625	1626520	259	0	259	259	259	738.808	962.341	6.953	14.529	5.380	14.655	738.799	962.345	6.953	715	945	3	49	44	9
196	1235	1068	1235	641	166725	135	0	135	135	135	764.164	963.936	6.138	7.452	2.604	7.402	764.164	963.938	6.138	756	955	3	22	17	8
197	476	482	476	259	65212	137	0	137	137	137	783.634	968.807	5.941	4.615	0.992	4.734	783.633	968.807	5.941	778	964	3	11	12	7
198	808	862	808	479	111504	138	0	138	138	138	761.871	977.696	6.459	6.713	2.562	6.545	761.868	977.696	6.459	751	972	3	22	17	7
199	3535	2422	3535	1497	926170	262	0	262	262	262	807.367	986.239	6.528	10.974	3.855	10.968	807.368	986.240	6.528	789	971	3	35	29	8
200	409	424	409	232	4090	10	0	10	10	10	776.773	978.663	5.538	4.342	0.989	4.435	776.773	978.663	5.538	773	973	3	10	13	6
201	535	538	535	304	76505	143	0	143	143	143	811.862	1002.507	6.279	5.103	1.563	4.750	811.864	1002.506	6.279	803	999	3	18	9	7
202	530	522	530	336	5830	11	0	11	11	11	788.879	101.400	6.404	5.121	1.633	5.345	788.879	101.400	6.404	782	95	4	14	13	6
203	1113	872	1113	528	162498	146	0	146	146	146	744.181	131.451	7.189	6.718	2.231	6.458	744.178	131.451	7.189	738	120	4	12	23	7
204	850	812	850	462	126650	149	0	149	149	149	742.405	162.774	6.435	6.163	2.052	6.241	742.404	162.774	6.435	735	156	4	19	16	6
205	921	756	921	495	139071	151	0	151	151	151	745.845	224.194	7.014	6.159	1.874	6.065	745.846	224.194	7.014	736	218	4	17	16	8
206	1282	954	1282	628	194864	152	0	152	152	152	734.209	228.151	6.885	7.055	2.156	7.197	734.210	228.151	6.885	726	219	4	18	17	7
207	500	494	500	295	76500	153	0	153	153	153	763.562	231.604	7.178	5.022	1.481	4.777	763.561	231.604	7.178	756	228	4	13	12	8
208	604	566	604	348	93016	154	0	154	154	154	733.267	240.136	6.737	5.377	1.702	5.124	733.264	240.136	6.737	725	237	4	19	8	7
209	1507	1182	1507	760	238106	158	0	158	158	158	738.329	274.543	7.127	7.800	2.639	7.770	738.331	274.543	7.127	727	265	4	19	22	7
210	1786	1248	1786	778	283974	159	0	159	159	159	833.966	292.519	7.259	7.674	2.109	8.224	833.966	292.519	7.259	825	282	4	20	21	8
211	518	552	518	312	22274	43	0	43	43	43	734.162	291.718	5.986	5.251	1.835	4.918	734.162	291.718	5.986	725	287	4	18	10	6
212	1562	1250	1562	803	251482	161	0	161	161	161	828.024	312.331	6.897	7.911	2.660	8.017	828.023	312.331	6.897	816	303	4	25	18	7
213	1326	946	1326	652	224094	169	0	169	169	169	724.290	384.765	6.659	7.239	2.297	7.279	724.288	384.765	6.659	712	379	4	21	15	7
214	1030	798	1030	505	275010	267	0	267	267	267	790.424	390.674	7.438	6.215	1.539	6.335	790.425	390.674	7.438	785	383	4	15	15	8
215	369	390	369	206	21771	59	0	59	59	59	830.398	390.089	6.415	4.226	0.993	4.198	830.399	390.089	6.415	824	387	4	14	8	6
216	1412	1082	1412	690	242864	172	0	172	172	172	724.407	402.749	6.596	7.291	2.189	7.658	724.413	402.749	6.596	712	395	4	23	18	7
217	1651	1290	1651	743	444119	269	0	269	269	269	841.569	420.409	7.286	7.745	2.544	8.020	841.568	420.409	7.286	831	408	4	21	24	8
218	1257	1124	1257	638	223746	178	0	178	178	178	747.777	439.424	7.310	7.086	2.293	7.191	747.775	439.424	7.310	739	429	4	22	21	8
219	574	592	574	322	102746	179	0	179	179	179	841.103	441.706	6.601	5.377	1.840	5.106	841.103	441.705	6.601	837	434	4	10	19	7
220	510	496	510	286	91800	180	0	180	180	180	770.667	451.180	7.259	4.862	1.287	4.831	770.666	451.180	7.259	765	445	4	13	13	7
221	1058	928	1058	527	287776	272	0	272	272	272	744.094	472.986	7.743	6.771	2.194	6.729	744.094	472.986	7.743	737	462	4	17	22	8
222	310	334	310	190	84630	273	0	273	273	273	796.677	473.242	7.548	3.858	0.755	3.803	796.676	473.242	7.548	793	470	4	9	8	7
223	1380	1022	1380	650	256680	186	0	186	186	186	795.020	485.024	7.357	7.080	1.989	7.271	795.017	485.024	7.357	786	478	4	21	16	8
224	2030	1400	2030	912	383670	189	0	189	189	189	724.266	499.547	7.400	8.228	2.488	8.796	724.266	499.548	7.400	713	489	4	21	23	8
225	844	712	844	431	60768	72	0	72	72	72	716.028	547.649	6.411	6.039	1.919	6.021	716.028	547.649	6.411	710	539	4	12	19	6
226	386	402	386	247	76428	198	0	198	198	198	785.889	569.653	7.295	4.344	1.154	4.174	785.890	569.653	7.295	782	563	4	10	11	7
227	316	364	316	207	62884	199	0	199	199	199	744.111	576.693	6.813	4.120	1.174	4.107	744.112	576.693	6.813	739	573	4	10	10	7
228	353	386	353	209	97075	275	0	275	275	275	753.943	575.946	7.680	4.174	0.966	4.174	753.944	575.946	7.680	750	573	4	10	9	8
229	1030	860	1030	542	85490	83	0	83	83	83	709.798	603.579	6.552	6.462	2.003	6.458	709.802	603.578	6.552	700	598	4	19	13	7
230	1289	1068	1289	634	261667	203	0	203	203	203	840.323	616.735	7.011	6.912	2.059	7.205	840.323	616.735	7.011	831	608	4	20	19	7
231	610	618	610	342	124440	204	0	204	204	204	746.064	621.436	7.011	5.875	2.261	5.506	746.066	621.436	7.011	742	612	4	9	21	7
232	818	836	818	435	169326	207	0	207	207	207	850.840	634.400	7.452	5.859	1.809	6.206	850.840	634.398	7.452	843	626	4	15	18	7
233	671	676	671	376	68442	102	0	102	102	102	734.022	674.726	6.604	5.575	1.723	5.461	734.025	674.726	6.604	728	665	4	13	19	6
234	340	372	340	200	72420	213	0	213	213	213	743.944	669.988	7.206	4.043	0.898	4.151	743.943	669.988	7.206	740	665	4	10	10	7
235	398	458	398	222	86366	217	0	217	217	217	722.525	684.427	6.942	4.614	1.437	4.456	722.524	684.427	6.942	716	681	4	16	9	7
236	617	576	617	340	134506	218	0	218	218	218	803.598	686.532	7.164	5.185	1.438	5.099	803.596	686.532	7.164	798	682	4	14	11	7
237	1198	946	1198	566	264758	221	0	221	221	221	865.300	693.321	6.903	6.641	1.820	6.899	865.299	693.321	6.903	856	685	4	18	18	7
238	910	740	910	453	202020	222	0	222	222	222	723.201	702.671	7.047	5.931	1.603	6.209	723.203	702.673	7.047	716	694	4	14	17	7
239	459	548	459	275	50490	110	0	110	110	110	867.821	716.046	6.858	5.036	1.693	5.007	867.823	716.046	6.858	861	709	4	14	17	7
240	1202	928	1202	558	275258	229	0	229	229	229	804.832	761.397	7.321	7.181	2.520	6.823	804.833	761.397	7.321	800	749	4	12	24	8
241	1149	1102	1149	605	266568	232	0	232	232	232	737.617	782.879	6.690	6.880	2.118	7.313	737.613	782.879	6.690	729	774	4	19	19	7
242	1754	1332	1754	801	408682	233	0	233	233	233	783.680	780.289	7.525	7.925	2.525	8.263	783.679	780.288	7.525	771	768	4	24	25	8
243	439	464	439	257	103165	235	0	235	235	235	802.654	785.622	6.934	4.755	1.450	4.593	802.655	785.622	6.934	796	781	4	12	13	7
244	305	496	305	239	35990	118	0	118	118	118	747.328	801.669	6.164	4.847	2.039	4.616	747.328	801.669	6.164	740	795	4	15	17	5
245	693	662	693	395	83160	120	0	120	120	120	865.009	811.851	6.440	5.595	1.655	5.736	865.009	811.851	6.440	859	805	4	13	15	7
246	1611	1200	1611	700	455913	283	0	283	283	283	763.394	810.160	7.967	7.333	2.113	7.869	763.395	810.159	7.967	753	801	4	20	21	8
247	459	616	459	303	109242	238	0	238	238	238	851.007	815.597	7.240	5.788	2.202	5.624	851.008	815.597	7.240	841	809	4	19	13	7
248	577	572	577	331	70394	122	0	122	122	122	746.421	827.695	6.380	5.425	1.860	5.074	746.419	827.695	6.380	743	818	4	9	20	6
249	503	572	503	301	120217	239	0	239	239	239	831.099	826.272	7.165	5.326	1.995	5.101	831.101	826.272	7.165	823	819	4	19	14	7
250	391	366	391	228	94622	242	0	242	242	242	808.844	848.210	6.913	4.242	0.854	4.096	808.843	848.209	6.913	806	844	4	7	11	7
251	739	718	739	392	211354	286	0	286	286	286	727.847	871.820	7.819	6.104	2.205	5.869	727.849	871.821	7.819	719	864	4	21	14	8
252	1178	1080	1178	638	149606	127	0	127	127	127	758.285	880.230	6.390	6.970	2.201	7.267	758.287	880.231	6.390	748	870	4	21	20	7
253	329	412	329	211	81263	247	0	247	247	247	855.310	877.343	7.088	4.385	1.355	4.427	855.311	877.344	7.088	850	873	4	11	13	7
254	293	358	293	178	72664	248	0	248	248	248	867.171	882.932	6.993	4.036	1.156	3.816	867.171	882.932	6.993	860	879	4	14	8	7
255	424	628	424	330	54696	129	0	129	129	129	799.783	883.351	6.604	5.535	2.164	5.484	799.782	883.352	6.604	790	875	4	18	16	6
256	450	474	450	262	112950	251	0	251	251	251	762.898	895.513	6.622	4.857	1.877	4.446	762.899	895.514	6.622	759	890	4	9	20	6
257	1442	1088	1442	675	363384	252	0	252	252	252	731.644	900.162	6.906	7.208	2.167	7.646	731.648	900.162	6.906	722	890	4	19	21	7
258	3169	2720	3169	1558	922179	291	0	291	291	291	759.590	928.858	7.963	10.997	3.898	11.213	759.592	928.860	7.963	744	912	4	37	33	9
259	1268	1186	1268	688	166108	131	0	131	131	131	889.815	937.330	6.644	8.020	3.284	7.874	889.817	937.330	6.644	881	926	4	17	28	6
260	1114	988	1114	573	285184	256	0	256	256	256	838.764	943.354	7.248	6.636	1.980	6.967	838.764	943.354	7.248	831	936	4	18	17	7
261	1112	936	1112	591	149008	134	0	134	134	134	802.861	949.497	6.607	6.870	2.178	6.844	802.865	949.498	6.607	794	940	4	18	20	6
262	762	708	762	405	223266	293	0	293	293	293	769.692	948.291	8.207	5.854	1.879	5.854	769.691	948.292	8.207	763	938	4	14	19	8
263	750	780	750	445	192750	257	0	257	257	257	815.104	942.893	7.388	6.520	2.715	5.969	815.104	942.893	7.388	811	932	4	10	25	8
264	1030	918	1030	556	265740	258	0	258	258	258	785.836	953.378	7.261	6.736	2.283	6.872	785.835	953.377	7.261	778	943	4	15	21	7
265	1191	1000	1191	615	309660	260	0	260	260	260	802.099	965.319	6.910	7.022	2.390	7.189	802.095	965.318	6.910	793	956	4	21	18	7
266	959	930	959	522	135219	141	0	141	141	141	884.807	990.123	6.420	6.822	2.512	6.570	884.806	990.123	6.420	877	980	4	16	23	6
267	228	300	228	157	32832	144	0	144	144	144	795.680	1003.132	5.886	3.612	0.957	3.601	795.680	1003.132	5.886	791	999	4	11	9	5
268	410	448	410	241	74210	181	0	181	181	181	771.081	460.737	7.429	4.544	1.258	4.386	771.079	460.736	7.429	765	457	5	13	10	6
269	555	606	555	334	101565	183	0	183	183	183	843.119	467.942	6.935	5.450	1.935	5.392	843.120	467.942	6.935	835	462	5	17	15	5
270	711	618	711	391	194814	274	0	274	274	274	842.037	564.634	7.968	5.508	1.539	5.726	842.035	564.634	7.968	836	559	5	13	14	7
271	635	598	635	339	175260	276	0	276	276	276	711.987	616.899	8.447	5.350	1.545	5.306	711.985	616.899	8.447	706	611	5	12	16	7
272	246	320	246	160	51660	210	0	210	210	210	713.947	644.760	6.890	3.838	1.236	3.819	713.947	644.760	6.890	710	639	5	9	12	5
273	226	258	226	144	50850	225	0	225	225	225	764.062	737.040	6.951	3.478	0.756	3.373	764.061	737.040	6.951	761	733	5	8	8	5
274	982	1016	982	561	274960	280	0	280	280	280	858.188	740.954	7.388	6.620	2.119	7.066	858.193	740.954	7.388	849	731	5	19	20	6
275	1654	1382	1654	846	464774	281	0	281	281	281	745.837	756.720	7.695	8.571	3.450	8.351	745.837	756.721	7.695	734	746	5	24	29	7
276	175	262	175	126	40950	234	0	234	234	234	886.309	783.463	6.834	3.422	1.154	3.318	886.308	783.463	6.834	882	777	5	9	12	5
277	426	452	426	240	120984	284	0	284	284	284	835.221	819.369	7.685	4.726	1.418	4.574	835.223	819.369	7.685	827	815	5	15	10	6
278	698	678	698	369	171010	245	0	245	245	245	834.060	868.166	7.206	5.430	1.607	5.628	834.059	868.165	7.206	826	860	5	16	16	6
279	153	224	153	111	37638	246	0	246	246	246	797.386	875.020	7.085	3.064	0.793	3.192	797.386	875.020	7.085	793	872	5	9	7	5
280	307	390	307	202	88109	287	0	287	287	287	848.016	882.853	7.450	4.334	1.586	4.162	848.017	882.853	7.450	844	874	5	10	16	6
281	220	274	220	145	55000	250	0	250	250	250	863.736	891.495	7.236	3.478	0.856	3.586	863.735	891.495	7.236	859	888	5	9	8	5
282	808	858	808	479	232704	288	0	288	288	288	773.620	906.207	8.191	6.767	2.649	6.710	773.620	906.207	8.191	764	897	5	22	18	7
283	554	606	554	334	140716	254	0	254	254	254	831.646	918.480	7.403	5.223	1.773	5.313	831.648	918.481	7.403	826	911	5	13	16	6
284	262	356	262	176	75718	289	0	289	289	289	775.859	917.714	7.866	3.853	1.058	3.886	775.858	917.714	7.866	772	912	5	12	11	6
285	504	652	504	325	146160	290	0	290	290	290	795.317	924.097	8.050	5.427	1.985	5.366	795.316	924.098	8.050	787	916	5	17	15	6
286	250	324	250	159	73000	292	0	292	292	292	824.168	939.392	7.676	3.836	1.109	3.775	824.168	939.392	7.676	821	933	5	8	13	6
287	373	400	373	227	97353	261	0	261	261	261	717.869	970.552	7.062	4.473	1.354	4.362	717.868	970.553	7.062	713	965	5	10	13	6
288	308	380	308	193	81004	263	0	263	263	263	875.091	998.461	7.088	4.389	1.567	4.145	875.092	998.462	7.088	871	990	5	8	14	6
289	381	466	381	243	100584	264	0	264	264	264	828.672	1002.294	7.142	4.783	1.724	4.751	828.672	1002.294	7.142	822	996	5	16	11	6
290	165	262	165	121	43725	265	0	265	265	265	854.321	1002.661	6.679	4.077	1.828	3.924	854.320	1002.660	6.679	846	1001	5	16	5	4
291	395	568	395	259	110205	279	0	279	279	279	830.435	738.162	8.266	5.200	1.987	5.033	830.436	738.161	8.266	823	730	6	18	17	6
292	535	744	535	381	152475	285	0	285	285	285	717.981	843.542	7.854	5.834	1.986	6.096	717.981	843.542	7.854	711	837	6	18	16	5
