 	Volume (pixel^3)	Surface (pixel^2)	Nb of obj. voxels	Nb of surf. voxels	IntDen	Mean	StdDev	Median	Min	Max	X	Y	Z	Mean dist. to surf. (pixel)	SD dist. to surf. (pixel)	Median dist. to surf. (pixel)	XM	YM	ZM	BX	BY	BZ	B-width	B-height	B-depth
1	1873	1320	1873	790	9365	5	0	5	5	5	200.138	25.535	7.327	7.821	2.209	8.319	200.138	25.535	7.327	190	16	3	22	21	8
2	1652	1236	1652	715	6608	4	0	4	4	4	223.796	21.174	7.109	7.667	2.392	7.606	223.796	21.174	7.109	211	15	3	25	16	10
3	1991	1280	1991	707	171226	86	0	86	86	86	164.290	26.209	8.169	7.845	1.939	7.887	164.290	26.209	8.169	154	15	3	20	22	10
4	2717	1828	2717	1065	21736	8	0	8	8	8	208.967	45.561	7.265	9.137	2.720	9.512	208.967	45.561	7.265	197	32	3	27	29	9
5	1592	1282	1592	741	14328	9	0	9	9	9	133.376	73.519	7.079	7.740	2.541	7.702	133.376	73.519	7.079	120	63	3	26	21	10
6	5311	2906	5311	1811	1056889	199	0	199	199	199	151.005	87.476	8.032	12.164	3.907	12.124	151.006	87.476	8.032	137	70	3	31	40	12
7	2523	1650	2523	1010	27753	11	0	11	11	11	233.246	88.947	7.288	8.972	2.708	9.280	233.246	88.947	7.288	220	77	3	23	24	11
8	819	834	819	476	8190	10	0	10	10	10	249.631	78.551	7.913	6.484	2.276	6.360	249.631	78.551	7.913	243	68	3	16	19	9
9	553	528	553	311	553	1	0	1	1	1	247.741	92.788	6.870	4.971	1.176	4.932	247.741	92.788	6.870	244	88	3	12	12	9
10	3578	2294	3578	1504	42936	12	0	12	12	12	268.983	93.554	6.771	11.441	4.341	11.309	268.983	93.554	6.771	254	75	3	26	39	10
11	3759	1998	3759	1232	364623	97	0	97	97	97	124.701	92.932	8.435	9.897	2.395	10.291	124.698	92.932	8.435	109	81	3	28	24	11
12	3735	2078	3735	1333	52290	14	0	14	14	14	254.864	111.130	7.289	10.348	3.174	10.433	254.864	111.130	7.289	238	98	3	30	27	10
13	2849	1604	2849	987	572649	201	0	201	201	201	289.140	102.833	8.909	8.788	2.098	9.359	289.139	102.833	8.909	280	92	3	21	23	11
14	4160	2342	4160	1443	411840	99	0	99	99	99	280.084	124.765	8.285	10.697	3.134	11.020	280.087	124.765	8.285	267	113	3	32	28	11
15	1902	1586	1902	965	30432	16	0	16	16	16	257.166	133.429	7.451	8.899	3.115	8.700	257.166	133.429	7.451	241	124	3	31	25	10
16	1085	916	1085	528	19530	18	0	18	18	18	265.965	143.991	7.371	6.447	1.680	6.440	265.965	143.991	7.371	258	138	3	19	14	10
17	2447	1820	2447	1064	46493	19	0	19	19	19	291.328	157.499	7.523	9.517	3.206	9.479	291.328	157.499	7.523	278	145	3	29	27	9
18	4347	2194	4347	1386	512946	118	0	118	118	118	278.324	195.951	8.329	10.485	2.745	10.658	278.329	195.951	8.329	265	182	3	25	30	12
19	2711	1616	2711	1114	73197	27	0	27	27	27	299.150	197.214	6.957	9.298	2.915	9.173	299.154	197.214	6.957	288	187	3	23	25	9
20	3011	1702	3011	1179	96352	32	0	32	32	32	299.319	218.446	7.107	9.429	2.712	9.684	299.319	218.446	7.107	290	206	3	22	25	9
21	1569	1048	1569	659	47070	30	0	30	30	30	315.792	212.374	6.558	7.112	1.726	7.382	315.792	212.374	6.558	307	206	3	19	17	9
22	1513	1018	1513	668	49929	33	0	33	33	33	280.923	220.044	7.003	7.200	1.915	7.288	280.923	220.044	7.003	270	213	3	19	16	9
23	671	618	671	342	22814	34	0	34	34	34	206.274	220.824	6.568	5.366	1.463	5.347	206.274	220.824	6.568	201	211	3	11	17	9
24	1044	824	1044	497	133632	128	0	128	128	128	180.047	239.480	7.156	6.172	1.475	6.254	180.047	239.480	7.156	170	234	3	19	13	9
25	3098	2028	3098	1345	123920	40	0	40	40	40	140.812	239.035	6.923	10.826	4.377	10.595	140.812	239.035	6.923	116	230	3	41	23	9
26	1273	848	1273	559	53466	42	0	42	42	42	285.921	244.891	7.358	6.654	1.519	6.698	285.921	244.891	7.358	281	237	3	12	17	9
27	1793	1238	1793	775	233090	130	0	130	130	130	303.315	244.404	7.823	7.832	2.322	8.019	303.312	244.404	7.823	293	233	3	21	21	10
28	4146	2352	4146	1634	182424	44	0	44	44	44	157.713	258.382	7.330	11.213	3.684	11.307	157.713	258.382	7.330	142	239	3	29	38	10
29	1762	1262	1762	806	81052	46	0	46	46	46	282.031	265.150	6.991	7.855	2.322	7.984	282.031	265.150	6.991	270	255	3	22	19	9
30	1275	974	1275	605	170850	134	0	134	134	134	296.362	260.226	8.328	6.728	1.711	6.795	296.365	260.226	8.328	289	254	3	17	17	10
31	1649	1134	1649	770	74205	45	0	45	45	45	139.117	265.340	7.209	7.802	2.456	7.771	139.117	265.340	7.209	128	252	3	19	22	9
32	2239	1412	2239	913	107472	48	0	48	48	48	168.586	277.611	7.355	8.321	2.383	8.910	168.586	277.611	7.355	159	268	3	22	21	9
33	2899	2162	2899	1348	402961	139	0	139	139	139	301.779	289.343	7.323	10.652	4.102	10.371	301.781	289.343	7.323	282	273	3	33	35	9
34	790	760	790	432	45820	58	0	58	58	58	284.258	334.490	7.225	6.475	2.374	6.236	284.258	334.490	7.225	273	328	3	21	13	9
35	2558	1536	2558	911	388816	152	0	152	152	152	138.312	339.181	7.775	8.590	2.253	8.860	138.312	339.181	7.775	128	322	3	22	29	10
36	3495	1958	3495	1207	573180	164	0	164	164	164	154.821	374.440	8.057	9.946	2.883	10.102	154.819	374.439	8.057	143	361	3	25	27	10
37	3238	2148	3238	1324	197518	61	0	61	61	61	318.716	374.604	7.340	10.195	3.238	10.424	318.712	374.604	7.340	302	360	3	34	28	10
38	1824	1246	1824	776	116736	64	0	64	64	64	252.220	386.123	6.877	7.750	2.192	8.000	252.220	386.123	6.877	242	376	3	19	22	9
39	1895	1266	1895	782	119385	63	0	63	63	63	339.816	380.699	7.390	7.843	2.089	8.088	339.820	380.699	7.390	332	370	3	19	21	9
40	802	676	802	395	52130	65	0	65	65	65	320.929	391.186	6.476	5.669	1.365	5.683	320.929	391.186	6.476	312	387	3	18	11	8
41	5279	2578	5279	1546	1145543	217	0	217	217	217	307.735	424.666	8.716	11.460	3.275	11.261	307.734	424.667	8.716	295	408	3	26	32	13
42	2272	1724	2272	994	408960	180	0	180	180	180	302.217	449.152	7.930	9.120	3.055	8.973	302.213	449.152	7.930	289	435	3	27	29	10
43	2357	1576	2357	931	440759	187	0	187	187	187	353.669	477.333	7.599	8.712	2.534	8.803	353.671	477.333	7.599	341	464	3	24	23	10
44	3868	2188	3868	1423	715580	185	0	185	185	185	312.363	478.701	8.062	11.780	4.784	11.270	312.362	478.702	8.062	301	462	3	24	40	11
45	2042	1402	2042	885	163360	80	0	80	80	80	367.545	482.894	7.158	9.608	3.832	9.482	367.545	482.894	7.158	359	469	3	21	29	9
46	1763	1196	1763	806	144566	82	0	82	82	82	349.814	494.088	7.117	7.887	2.346	7.701	349.810	494.087	7.117	341	486	3	24	17	9
47	3037	2128	3037	1258	267256	88	0	88	88	88	286.806	32.630	7.738	10.520	3.811	10.561	286.806	32.630	7.738	275	16	4	25	35	9
48	2025	1826	2025	1028	12150	6	0	6	6	6	243.167	34.337	7.370	10.111	4.392	9.632	243.167	34.337	7.370	232	19	4	25	36	8
49	2359	1794	2359	1076	209951	89	0	89	89	89	86.931	38.415	7.999	9.306	3.180	9.301	86.931	38.415	7.999	76	23	4	27	32	9
50	819	742	819	394	5733	7	0	7	7	7	302.900	45.636	7.437	6.014	1.869	5.929	302.900	45.636	7.437	294	38	4	17	15	8
51	2198	1518	2198	873	206612	94	0	94	94	94	95.882	59.049	7.836	8.444	2.388	8.703	95.882	59.049	7.836	85	48	4	22	23	9
52	1757	1368	1757	775	166915	95	0	95	95	95	321.575	59.804	7.796	7.903	2.355	8.038	321.578	59.804	7.796	308	50	4	25	22	9
53	1936	1342	1936	845	29040	15	0	15	15	15	132.903	111.163	7.071	8.168	2.598	8.355	132.903	111.163	7.071	121	100	4	23	22	7
54	1690	1356	1690	796	21970	13	0	13	13	13	88.073	108.085	7.630	7.895	2.621	8.254	88.073	108.085	7.630	76	95	4	22	25	8
55	1587	1120	1587	704	322161	203	0	203	203	203	299.687	120.716	8.897	7.292	1.916	7.407	299.689	120.716	8.897	292	110	4	16	22	9
56	2952	2218	2952	1280	298152	101	0	101	101	101	316.459	128.155	7.835	10.321	3.733	10.019	316.457	128.155	7.835	303	115	4	33	29	9
57	944	786	944	441	16048	17	0	17	17	17	146.246	141.789	7.914	6.385	2.121	6.103	146.246	141.789	7.914	142	131	4	11	22	8
58	870	734	870	399	93960	108	0	108	108	108	201.569	145.372	8.218	5.742	1.476	5.919	201.569	145.372	8.218	195	137	4	14	16	8
59	952	822	952	464	19040	20	0	20	20	20	180.417	156.635	7.829	6.252	1.942	6.168	180.417	156.635	7.829	172	150	4	20	14	8
60	1604	1310	1604	782	36892	23	0	23	23	23	297.878	178.600	7.785	8.196	3.192	7.990	297.878	178.600	7.785	289	161	4	21	27	8
61	1468	1168	1468	681	30828	21	0	21	21	21	85.193	169.578	7.511	7.220	2.108	7.627	85.193	169.578	7.511	76	159	4	20	20	9
62	1359	1192	1359	705	152208	112	0	112	112	112	267.729	163.353	8.440	7.487	2.509	7.671	267.729	163.353	8.440	258	152	4	20	22	9
63	538	528	538	310	60794	113	0	113	113	113	127.301	166.915	8.539	5.107	1.692	4.838	127.301	166.915	8.539	118	164	4	18	8	8
64	949	882	949	491	109135	115	0	115	115	115	163.357	172.058	7.941	6.128	1.810	6.501	163.357	172.058	7.941	155	164	4	16	17	8
65	2476	2008	2476	1141	287216	116	0	116	116	116	138.049	180.882	8.176	10.203	3.900	9.930	138.049	180.882	8.176	121	166	4	34	28	9
66	682	690	682	371	75020	110	0	110	110	110	183.163	166.076	7.928	5.928	2.069	5.820	183.163	166.076	7.928	174	160	4	18	16	8
67	1157	1046	1157	565	131898	114	0	114	114	114	312.866	168.723	7.946	7.095	2.350	7.173	312.865	168.723	7.946	304	156	4	17	22	8
68	419	426	419	248	9218	22	0	22	22	22	272.196	178.432	7.200	4.374	0.860	4.334	272.196	178.432	7.200	268	174	4	11	9	8
69	1506	1186	1506	653	176202	117	0	117	117	117	257.301	180.270	8.237	7.202	1.988	7.598	257.299	180.269	8.237	249	171	4	18	20	9
70	908	660	908	441	21792	24	0	24	24	24	317.976	191.129	6.877	5.812	1.294	6.018	317.976	191.129	6.877	312	185	4	14	12	7
71	885	754	885	447	22125	25	0	25	25	25	195.028	200.069	6.904	6.161	1.983	6.124	195.028	200.069	6.904	189	191	4	12	19	7
72	159	262	159	110	4134	26	0	26	26	26	259.082	195.730	7.553	3.349	1.089	3.138	259.082	195.730	7.553	253	193	4	13	6	7
73	613	494	613	335	17777	29	0	29	29	29	317.145	200.958	6.923	5.112	1.312	5.044	317.145	200.958	6.923	311	198	4	15	7	7
74	1111	1180	1111	627	132209	119	0	119	119	119	216.222	193.625	7.156	7.244	2.180	7.506	216.224	193.625	7.156	208	183	4	20	23	8
75	507	530	507	305	14196	28	0	28	28	28	204.402	200.444	7.347	5.180	1.780	5.013	204.402	200.444	7.347	201	192	4	9	18	7
76	325	370	325	196	10075	31	0	31	31	31	198.228	214.615	6.462	4.060	0.932	4.044	198.228	214.615	6.462	192	211	4	12	11	6
77	1303	1060	1303	614	46908	36	0	36	36	36	141.114	221.809	7.060	7.312	2.411	7.234	141.114	221.809	7.060	130	213	4	21	17	8
78	1237	972	1237	545	153388	124	0	124	124	124	157.112	226.049	7.463	6.745	1.868	6.798	157.112	226.049	7.463	150	216	4	15	22	8
79	2339	1824	2339	1082	294714	126	0	126	126	126	196.555	232.206	7.868	9.496	3.586	9.274	196.558	232.206	7.868	186	218	4	27	29	9
80	1414	1078	1414	662	176750	125	0	125	125	125	176.110	224.429	7.762	7.174	2.010	7.352	176.109	224.429	7.762	166	217	4	19	16	9
81	234	256	234	152	8190	35	0	35	35	35	125.124	223.628	7.235	3.399	0.509	3.384	125.124	223.628	7.235	122	220	4	7	7	7
82	865	714	865	450	32870	38	0	38	38	38	279.311	231.083	6.953	6.419	2.264	6.120	279.311	231.083	6.953	270	226	4	21	10	8
83	547	648	547	354	14079	25.739	16.365	37	2	37	119.793	229.872	6.896	4.977	1.554	5.229	117.948	229.572	7.285	114	222	4	15	14	7
84	533	514	533	305	20787	39	0	39	39	39	296.657	235.004	6.953	4.872	1.217	4.780	296.657	235.004	6.953	291	231	4	15	10	8
85	672	596	672	367	85344	127	0	127	127	127	167.731	234.156	7.990	5.233	1.248	5.251	167.731	234.156	7.990	160	229	4	16	11	8
86	887	760	887	471	36367	41	0	41	41	41	124.697	245.805	6.791	6.352	2.131	6.259	124.697	245.805	6.791	115	241	4	19	11	7
87	1462	1166	1462	728	192984	132	0	132	132	132	174.666	253.189	7.840	8.064	3.086	7.626	174.666	253.189	7.840	165	241	4	16	27	9
88	2259	1518	2259	952	295929	131	0	131	131	131	269.885	247.900	7.394	8.608	2.602	8.905	269.887	247.899	7.394	257	237	4	23	23	9
89	1840	1546	1840	904	244720	133	0	133	133	133	190.070	252.856	8.198	8.954	3.653	8.436	190.068	252.856	8.198	182	241	4	30	27	9
90	888	722	888	451	119880	135	0	135	135	135	128.753	259.398	7.283	6.087	1.759	5.826	128.753	259.398	7.283	124	251	4	10	19	8
91	241	388	241	171	10363	43	0	43	43	43	200.050	261.004	7.477	4.077	1.613	3.620	200.050	261.004	7.477	194	255	4	12	15	7
92	1454	1206	1454	777	197744	136	0	136	136	136	117.406	263.419	7.253	8.248	3.189	8.400	117.406	263.419	7.253	99	253	4	28	22	8
93	976	778	976	467	45872	47	0	47	47	47	106.585	269.902	7.766	6.162	1.514	6.184	106.585	269.902	7.766	99	264	4	15	13	9
94	5447	3130	5447	2098	272350	50	0	50	50	50	141.513	290.015	7.553	13.243	4.970	13.312	141.511	290.016	7.553	124	275	4	33	40	9
95	1659	1210	1659	754	81291	49	0	49	49	49	279.180	282.046	7.143	7.582	2.185	8.043	279.178	282.046	7.143	270	274	4	20	20	8
96	1850	1384	1850	855	253450	137	0	137	137	137	114.857	283.904	8.565	8.487	3.005	8.345	114.855	283.904	8.565	99	275	4	28	21	9
97	393	612	393	279	20043	51	0	51	51	51	216.763	294.669	6.919	5.501	2.030	5.521	216.763	294.669	6.919	207	287	4	16	16	6
98	743	658	743	358	102534	138	0	138	138	138	317.113	291.989	8.685	5.603	1.558	5.180	317.113	291.989	8.685	313	284	4	10	19	9
99	3633	2294	3633	1510	192549	53	0	53	53	53	123.679	308.720	7.803	10.910	3.655	11.015	123.676	308.719	7.803	107	294	4	34	30	9
100	2460	1634	2460	1045	349320	142	0	142	142	142	164.801	301.547	7.512	8.930	2.720	9.261	164.804	301.547	7.512	155	289	4	22	25	8
101	1212	1032	1212	608	63024	52	0	52	52	52	296.343	303.476	7.623	7.153	2.482	6.983	296.343	303.476	7.623	282	297	4	25	15	8
102	2773	1942	2773	1153	390993	141	0	141	141	141	265.262	304.275	8.567	10.046	3.601	9.729	265.260	304.275	8.567	254	288	4	24	35	9
103	1291	1000	1291	592	71005	55	0	55	55	55	182.659	317.211	7.143	6.752	1.912	7.079	182.659	317.212	7.143	176	308	4	16	20	8
104	1124	938	1124	547	60696	54	0	54	54	54	280.753	311.453	7.538	6.555	1.860	6.793	280.753	311.453	7.538	272	302	4	18	18	7
105	619	586	619	339	89136	144	0	144	144	144	298.236	316.599	7.840	5.252	1.406	5.099	298.236	316.599	7.840	291	312	4	16	10	8
106	1149	816	1149	530	64344	56	0	56	56	56	131.589	323.771	7.537	6.324	1.501	6.361	131.589	323.771	7.537	123	318	4	17	14	8
107	909	844	909	517	131805	145	0	145	145	145	166.559	318.998	7.417	6.578	2.251	6.475	166.558	318.998	7.417	155	311	4	20	20	7
108	1494	1088	1494	642	219618	147	0	147	147	147	151.423	325.835	8.138	7.102	1.935	7.406	151.424	325.835	8.138	143	316	4	18	20	9
109	546	554	546	304	80808	148	0	148	148	148	284.559	324.929	8.024	5.027	1.398	4.993	284.559	324.929	8.024	276	320	4	15	10	8
110	2601	1840	2601	1112	387549	149	0	149	149	149	305.887	326.872	7.624	9.661	3.267	9.830	305.885	326.872	7.624	292	314	4	28	26	9
111	1567	1274	1567	723	235050	150	0	150	150	150	188.491	335.978	7.476	7.717	2.544	7.858	188.492	335.978	7.476	176	326	4	23	25	9
112	1007	852	1007	465	212477	211	0	211	211	211	322.195	335.382	8.665	6.239	1.687	6.241	322.196	335.383	8.665	315	325	4	15	20	9
113	2334	1434	2334	860	352434	151	0	151	151	151	234.737	339.144	8.383	8.250	2.180	8.665	234.739	339.144	8.383	224	328	4	22	23	9
114	1619	1486	1619	875	250945	155	0	155	155	155	208.250	346.374	7.863	8.854	3.424	8.815	208.251	346.374	7.863	197	332	4	21	32	8
115	2410	1626	2410	987	390420	162	0	162	162	162	179.174	360.563	8.316	8.864	2.729	9.077	179.171	360.563	8.316	169	347	4	23	27	9
116	2637	1648	2637	1031	158220	60	0	60	60	60	329.656	356.812	7.432	8.811	2.496	9.420	329.656	356.812	7.432	318	345	4	24	23	8
117	1076	920	1076	541	168932	157	0	157	157	157	291.185	349.901	7.497	6.656	2.057	6.539	291.184	349.901	7.497	284	341	4	16	20	8
118	719	608	719	355	113602	158	0	158	158	158	303.078	351.312	8.197	5.433	1.288	5.246	303.078	351.312	8.197	299	344	4	10	16	9
119	1220	934	1220	560	195200	160	0	160	160	160	259.911	357.726	8.205	6.762	1.972	6.766	259.911	357.726	8.205	249	351	4	20	14	9
120	1058	874	1058	508	172454	163	0	163	163	163	239.071	360.558	7.992	6.495	1.987	6.534	239.072	360.558	7.992	233	351	4	13	20	8
121	390	416	390	232	62010	159	0	159	159	159	312.685	354.749	7.946	4.285	0.968	4.236	312.685	354.749	7.946	310	349	4	8	11	9
122	457	480	457	253	26963	59	0	59	59	59	229.313	359.755	7.460	4.780	1.478	4.544	229.313	359.755	7.460	226	352	4	8	18	8
123	729	624	729	346	154548	212	0	212	212	212	200.380	355.499	8.538	5.500	1.332	5.304	200.380	355.499	8.538	195	349	4	11	15	9
124	262	334	262	177	42182	161	0	161	161	161	277.958	357.763	7.573	3.965	1.312	3.786	277.958	357.763	7.573	272	355	4	11	10	7
125	1605	1126	1605	690	264825	165	0	165	165	165	287.696	377.988	7.874	7.303	1.882	7.744	287.694	377.989	7.874	280	366	4	18	22	8
126	2481	1752	2481	1090	411846	166	0	166	166	166	268.905	384.406	8.078	9.670	3.728	9.212	268.909	384.406	8.078	259	369	4	20	36	9
127	804	684	804	409	172860	215	0	215	215	215	257.845	368.082	8.785	5.876	1.772	5.508	257.846	368.082	8.785	249	364	4	20	11	9
128	964	892	964	505	59768	62	0	62	62	62	175.768	378.716	7.573	6.945	2.640	6.432	175.768	378.716	7.573	166	373	4	24	14	8
129	845	730	845	425	144495	171	0	171	171	171	342.436	395.834	7.374	5.986	1.747	6.004	342.437	395.834	7.374	334	391	4	18	11	8
130	1059	826	1059	506	70953	67	0	67	67	67	178.915	397.652	7.330	6.469	1.928	6.298	178.915	397.653	7.330	172	387	4	14	20	8
131	1241	1014	1241	589	81906	66	0	66	66	66	283.029	394.901	7.703	6.761	1.853	6.862	283.029	394.901	7.703	274	385	4	19	20	8
132	3257	2506	3257	1574	221476	68	0	68	68	68	234.067	395.768	7.595	11.316	4.260	11.219	234.067	395.767	7.595	221	377	4	29	42	8
133	1397	1096	1397	664	96393	69	0	69	69	69	328.338	404.233	7.304	7.402	2.296	7.282	328.335	404.233	7.304	319	392	4	17	24	9
134	1017	812	1017	494	174924	172	0	172	172	172	307.567	401.697	7.717	6.488	2.026	6.237	307.567	401.697	7.717	298	396	4	20	11	8
135	394	458	394	249	1182	3	0	3	3	3	252.409	409.043	6.411	4.709	1.668	4.326	252.409	409.043	6.411	249	401	4	9	17	6
136	488	522	488	268	34648	71	0	71	71	71	210.879	413.291	7.691	4.932	1.522	4.616	210.879	413.291	7.691	207	405	4	9	17	8
137	281	338	281	180	20232	72	0	72	72	72	243.964	415.349	7.356	4.003	1.150	3.953	243.964	415.349	7.356	238	412	4	11	8	8
138	1670	1230	1670	740	295590	177	0	177	177	177	367.352	430.952	7.832	7.834	2.587	7.622	367.350	430.952	7.832	361	419	4	15	27	9
139	748	644	748	360	133144	178	0	178	178	178	356.586	431.985	7.922	5.649	1.677	5.414	356.584	431.985	7.922	352	422	4	9	20	9
140	990	902	990	508	75240	76	0	76	76	76	288.488	455.186	6.945	6.701	2.248	6.566	288.488	455.186	6.945	278	443	4	18	21	8
141	1370	1180	1370	660	249340	182	0	182	182	182	270.347	457.362	8.406	7.274	2.312	7.625	270.349	457.362	8.406	262	448	4	21	19	9
142	753	662	753	393	137799	183	0	183	183	183	346.367	463.019	7.490	5.526	1.398	5.580	346.368	463.019	7.490	342	456	4	11	16	9
143	1213	1046	1213	618	93401	77	0	77	77	77	374.406	461.405	7.412	7.271	2.573	7.015	374.404	461.405	7.412	362	453	4	24	15	8
144	3202	1950	3202	1269	589168	184	0	184	184	184	327.624	462.960	8.058	9.889	3.047	10.110	327.630	462.961	8.058	312	451	4	29	24	9
145	1593	1218	1593	743	125847	79	0	79	79	79	281.945	475.800	7.444	8.014	2.754	8.194	281.948	475.801	7.444	274	463	4	22	24	8
146	645	584	645	349	50310	78	0	78	78	78	291.634	470.662	7.195	5.256	1.329	5.271	291.634	470.662	7.195	287	464	4	11	14	8
147	1094	846	1094	537	206766	189	0	189	189	189	329.418	480.654	7.410	6.671	2.019	6.592	329.416	480.655	7.410	321	476	4	19	14	9
148	2064	1458	2064	876	388032	188	0	188	188	188	262.312	478.520	8.058	8.184	2.319	8.727	262.315	478.521	8.058	252	468	4	22	22	9
149	689	590	689	363	55809	81	0	81	81	81	334.624	490.732	7.152	5.340	1.248	5.175	334.624	490.732	7.152	327	485	4	13	13	8
150	1497	1074	1497	651	285927	191	0	191	191	191	333.297	502.874	7.910	7.315	2.120	6.955	333.298	502.875	7.910	320	497	4	25	14	9
151	2524	1678	2524	1045	209492	83	0	83	83	83	348.407	512.947	7.354	9.265	3.055	9.205	348.410	512.946	7.354	336	503	4	27	25	8
152	2499	1782	2499	1095	482307	193	0	193	193	193	322.059	516.539	8.136	9.261	3.039	9.458	322.058	516.539	8.136	308	503	4	31	24	9
153	3316	2188	3316	1409	649936	196	0	196	196	196	322.469	538.398	7.942	10.714	3.826	10.644	322.463	538.398	7.942	302	527	4	36	26	9
154	699	720	699	389	136305	195	0	195	195	195	340.871	531.488	8.300	5.825	1.919	5.815	340.872	531.488	8.300	332	524	4	18	17	9
155	605	612	605	311	54450	90	0	90	90	90	106.233	40.975	7.841	5.280	1.500	5.263	106.233	40.975	7.841	100	32	5	13	16	7
156	1162	960	1162	537	105742	91	0	91	91	91	261.782	44.262	7.701	6.503	1.822	6.943	261.784	44.262	7.701	253	36	5	18	17	7
157	644	636	644	363	59248	92	0	92	92	92	119.798	55.289	7.893	5.682	1.994	5.643	119.798	55.289	7.893	114	46	5	11	19	6
158	464	482	464	247	92800	200	0	200	200	200	164.940	98.011	9.043	4.666	1.133	4.587	164.940	98.011	9.043	160	92	5	11	12	8
159	1662	1214	1662	744	162876	98	0	98	98	98	107.824	106.662	7.799	7.538	2.241	7.943	107.824	106.662	7.799	99	96	5	20	22	7
160	505	548	505	283	50500	100	0	100	100	100	83.327	125.673	8.065	5.047	1.537	4.840	83.327	125.673	8.065	76	121	5	17	12	7
161	183	228	183	122	18666	102	0	102	102	102	91.896	130.191	7.650	3.147	0.574	3.198	91.896	130.191	7.650	89	127	5	7	7	6
162	1006	790	1006	480	104624	104	0	104	104	104	136.578	140.717	8.150	6.375	2.029	6.118	136.578	140.717	8.150	131	131	5	11	21	7
163	1107	888	1107	514	228042	206	0	206	206	206	165.956	143.448	8.846	6.348	1.692	6.693	165.956	143.448	8.846	157	136	5	18	16	8
164	621	594	621	347	65826	106	0	106	106	106	110.011	138.419	8.205	5.198	1.452	5.390	110.011	138.419	8.205	103	132	5	13	13	7
165	765	768	765	418	81855	107	0	107	107	107	116.949	144.889	8.548	6.453	2.392	6.354	116.949	144.889	8.548	109	133	5	15	21	7
166	2189	1468	2189	951	238601	109	0	109	109	109	94.737	151.507	7.750	8.537	2.696	8.962	94.736	151.507	7.750	84	141	5	24	22	7
167	802	854	802	445	89022	111	0	111	111	111	202.153	164.490	7.640	6.257	2.217	6.199	202.154	164.490	7.640	194	156	5	20	16	7
168	557	508	557	298	116413	209	0	209	209	209	126.054	177.892	8.959	4.951	1.189	4.994	126.054	177.892	8.959	121	172	5	10	12	8
169	2196	1680	2196	955	263520	120	0	120	120	120	110.837	199.741	8.806	8.902	3.105	8.940	110.837	199.741	8.806	99	187	5	23	31	8
170	1235	1062	1235	631	149435	121	0	121	121	121	233.556	205.990	7.563	6.904	2.102	7.300	233.555	205.990	7.563	225	197	5	19	20	6
171	171	262	171	113	21033	123	0	123	123	123	96.234	209.789	7.766	3.389	1.136	3.130	96.234	209.789	7.766	94	203	5	6	13	6
172	1830	1330	1830	804	236070	129	0	129	129	129	102.631	247.535	8.161	7.881	2.412	8.295	102.630	247.535	8.161	92	237	5	21	23	8
173	650	658	650	348	91000	140	0	140	140	140	233.865	305.712	8.191	5.376	1.645	5.495	233.865	305.712	8.191	227	298	5	14	16	7
174	190	300	190	134	27170	143	0	143	143	143	214.005	310.763	7.811	3.508	1.088	3.345	214.005	310.763	7.811	209	307	5	12	9	6
175	1526	1354	1526	766	233478	153	0	153	153	153	259.980	339.345	8.166	7.982	2.738	8.039	259.978	339.344	8.166	249	327	5	23	24	8
176	474	500	474	293	72996	154	0	154	154	154	186.105	345.715	8.135	4.872	1.491	4.693	186.105	345.715	8.135	179	341	5	14	12	7
177	482	508	482	284	75192	156	0	156	156	156	277.251	349.042	7.801	4.969	1.618	4.857	277.251	349.042	7.801	269	344	5	15	12	7
178	1184	936	1184	546	253376	214	0	214	214	214	299.476	364.427	8.487	6.513	1.733	6.819	299.479	364.427	8.487	291	356	5	18	18	8
179	587	596	587	311	125031	213	0	213	213	213	157.112	357.903	9.198	5.607	1.955	5.210	157.112	357.903	9.198	149	353	5	20	10	8
180	1422	1170	1422	663	238896	168	0	168	168	168	211.004	386.056	8.402	7.105	2.120	7.574	211.004	386.056	8.402	201	376	5	20	20	8
181	495	468	495	264	82665	167	0	167	167	167	184.105	387.141	8.091	4.628	0.932	4.529	184.105	387.141	8.091	179	381	5	11	13	7
182	468	448	468	256	79092	169	0	169	169	169	305.780	389.786	8.239	4.562	1.033	4.575	305.779	389.786	8.239	300	385	5	13	10	7
183	827	740	827	432	140590	170	0	170	170	170	191.492	396.915	7.896	6.035	1.825	5.738	191.492	396.915	7.896	187	386	5	11	22	7
184	541	616	541	335	37870	70	0	70	70	70	263.388	405.068	7.006	5.588	2.114	5.480	263.388	405.068	7.006	255	398	5	20	15	5
185	538	494	538	281	93074	173	0	173	173	173	339.292	407.755	8.481	4.808	1.039	4.794	339.291	407.754	8.481	336	403	5	9	12	8
186	854	750	854	403	148596	174	0	174	174	174	220.938	413.830	8.047	6.134	2.008	5.809	220.938	413.830	8.047	216	405	5	11	20	7
187	760	738	760	415	133000	175	0	175	175	175	264.238	421.974	8.041	6.017	2.114	6.163	264.239	421.974	8.041	254	415	5	18	18	7
188	365	402	365	224	64240	176	0	176	176	176	256.567	426.375	7.934	4.392	1.325	4.334	256.567	426.375	7.934	251	422	5	11	12	6
189	1492	1058	1492	602	325256	218	0	218	218	218	239.949	437.041	9.058	6.980	1.757	7.334	239.947	437.040	9.058	231	428	5	19	19	8
190	150	272	150	119	10950	73	0	73	73	73	282.860	435.547	7.500	3.701	1.329	3.671	282.860	435.547	7.500	278	430	5	10	11	5
191	427	500	427	272	76433	179	0	179	179	179	380.304	442.342	7.340	5.123	1.932	4.927	380.305	442.342	7.340	376	435	5	9	17	6
192	893	752	893	451	66082	74	0	74	74	74	215.337	442.806	7.597	6.207	2.126	6.030	215.337	442.806	7.597	205	437	5	21	11	6
193	228	286	228	138	17100	75	0	75	75	75	373.289	448.171	7.614	3.504	0.712	3.486	373.289	448.171	7.614	369	445	5	9	7	6
194	733	670	733	372	132673	181	0	181	181	181	215.040	452.188	7.956	5.841	1.990	5.434	215.039	452.188	7.956	205	449	5	20	9	7
195	2167	2032	2167	1114	403062	186	0	186	186	186	245.635	471.348	8.293	10.180	4.080	10.020	245.633	471.348	8.293	234	453	5	23	36	8
196	1831	1288	1831	813	347890	190	0	190	190	190	300.233	492.424	8.507	7.812	2.287	8.313	300.236	492.425	8.507	290	482	5	21	22	8
197	1072	846	1072	476	207968	194	0	194	194	194	279.871	512.694	7.994	6.221	1.554	6.465	279.869	512.694	7.994	271	505	5	17	17	7
198	736	694	736	405	141312	192	0	192	192	192	305.067	510.628	8.622	5.768	1.714	5.743	305.067	510.628	8.622	298	503	5	13	18	8
199	877	744	877	438	172769	197	0	197	197	197	308.280	548.986	8.088	6.020	1.797	6.061	308.279	548.986	8.088	300	543	5	18	13	7
200	352	482	352	247	29568	84	0	84	84	84	83.207	18.017	8.082	4.811	1.877	4.612	83.207	18.017	8.082	77	14	6	16	11	6
201	640	732	640	392	55680	87	0	87	87	87	121.864	26.939	8.158	5.928	2.204	5.646	121.864	26.939	8.158	115	17	6	13	20	6
202	302	370	302	189	59796	198	0	198	198	198	148.526	19.142	8.669	3.987	1.108	4.108	148.526	19.142	8.669	144	15	6	10	11	6
203	224	324	224	157	19040	85	0	85	85	85	112.884	26.223	7.777	3.751	1.260	3.624	112.884	26.223	7.777	110	20	6	7	13	5
204	532	620	532	326	49476	93	0	93	93	93	129.867	55.226	8.152	5.343	1.772	5.395	129.867	55.226	8.152	125	47	6	12	17	6
205	723	742	723	421	69408	96	0	96	96	96	86.053	81.971	8.322	5.670	1.770	6.067	86.053	81.971	8.322	79	75	6	16	16	6
206	412	424	412	224	83224	202	0	202	202	202	161.410	106.532	9.223	4.437	1.057	4.312	161.410	106.532	9.223	157	103	6	15	9	7
207	958	846	958	475	195432	204	0	204	204	204	160.939	128.834	8.565	6.095	1.790	6.342	160.939	128.834	8.565	153	122	6	18	16	7
208	506	526	506	277	52118	103	0	103	103	103	83.113	135.460	8.437	5.273	1.888	5.061	83.113	135.460	8.437	76	131	6	18	10	6
209	635	598	635	360	131445	207	0	207	207	207	127.220	158.154	8.791	5.478	1.807	5.393	127.220	158.154	8.791	118	153	6	19	10	6
210	483	512	483	291	100464	208	0	208	208	208	283.644	176.990	9.174	4.937	1.600	4.824	283.644	176.990	9.174	279	169	6	10	16	7
211	278	366	278	187	33916	122	0	122	122	122	255.504	204.809	8.435	4.225	1.552	4.164	255.504	204.809	8.435	251	199	6	12	12	5
212	594	556	594	330	124740	210	0	210	210	210	109.633	297.052	8.990	5.175	1.418	5.349	109.633	297.052	8.990	103	290	6	14	14	6
213	346	484	346	222	70930	205	0	205	205	205	185.428	141.176	9.220	4.887	1.637	4.839	185.428	141.176	9.220	180	136	7	15	13	6
214	715	650	715	385	154440	216	0	216	216	216	201.785	400.206	9.238	5.695	1.834	5.897	201.785	400.206	9.238	196	391	7	13	19	6
215	472	642	472	317	103368	219	0	219	219	219	224.898	464.627	8.549	5.439	1.986	5.470	224.899	464.627	8.549	214	457	7	18	17	6
