 	Volume (pixel^3)	Surface (pixel^2)	Nb of obj. voxels	Nb of surf. voxels	IntDen	Mean	StdDev	Median	Min	Max	X	Y	Z	Mean dist. to surf. (pixel)	SD dist. to surf. (pixel)	Median dist. to surf. (pixel)	XM	YM	ZM	BX	BY	BZ	B-width	B-height	B-depth
1	7528	3528	7528	2169	376400	50	0	50	50	50	648.499	467.037	8.276	13.374	4.170	13.336	648.487	467.037	8.276	629	447	2	37	42	13
2	3983	2442	3983	1506	282793	71	0	71	71	71	627.160	591.427	8.692	11.154	3.773	11.386	627.162	591.427	8.692	610	577	3	32	32	11
3	2378	1544	2378	971	171216	72	0	72	72	72	621.941	608.143	9.038	8.679	2.480	8.950	621.941	608.143	9.038	610	599	3	24	21	11
4	6817	3440	6817	2099	552177	81	0	81	81	81	714.636	656.193	8.482	13.338	4.538	12.944	714.635	656.192	8.482	701	632	3	33	43	12
5	1538	1254	1538	736	4614	3	0	3	3	3	768.683	653.658	6.613	7.665	2.528	7.876	768.683	653.658	6.613	760	644	3	20	25	8
6	7711	4102	7711	2523	1465090	190	0	190	190	190	603.301	678.974	9.053	14.741	5.397	13.925	603.294	678.976	9.053	582	656	3	38	52	13
7	2022	1306	2022	803	50550	25	0	25	25	25	872.186	727.395	7.280	7.999	2.236	8.391	872.175	727.395	7.280	863	717	3	23	22	9
8	4451	2270	4451	1340	467355	105	0	105	105	105	840.048	760.068	8.436	10.769	3.103	10.513	840.048	760.069	8.436	828	748	3	30	29	12
9	3372	2078	3372	1274	118020	35	0	35	35	35	896.642	786.366	7.210	10.030	3.011	10.234	896.651	786.366	7.210	883	772	3	27	27	10
10	3593	2652	3593	1499	176057	49	0	49	49	49	698.905	923.303	7.885	11.490	4.217	11.487	698.899	923.305	7.885	680	905	3	35	37	10
11	6537	4054	6537	2510	333387	51	0	51	51	51	686.174	483.102	8.049	14.576	5.707	14.506	686.178	483.102	8.049	665	460	4	42	50	10
12	1050	864	1050	485	128100	122	0	122	122	122	623.577	482.529	9.170	6.286	1.621	6.538	623.574	482.528	9.170	615	471	4	16	20	9
13	681	652	681	408	36093	53	0	53	53	53	632.467	492.201	7.637	5.804	2.099	5.580	632.465	492.201	7.637	627	481	4	11	20	8
14	673	628	673	336	83452	124	0	124	124	124	731.510	491.897	8.465	5.241	1.197	5.156	731.510	491.897	8.465	725	486	4	12	16	9
15	1064	826	1064	515	133000	125	0	125	125	125	646.718	494.866	8.709	6.537	1.973	6.431	646.716	494.866	8.709	638	489	4	20	11	9
16	1176	960	1176	544	63504	54	0	54	54	54	743.531	499.515	7.714	6.999	2.372	6.603	743.536	499.515	7.714	738	489	4	12	26	9
17	1024	788	1024	485	56320	55	0	55	55	55	755.511	502.424	8.104	6.137	1.410	6.045	755.514	502.424	8.104	749	495	4	12	16	11
18	670	632	670	341	5360	8	0	8	8	8	622.142	503.149	7.649	5.391	1.458	5.280	622.142	503.149	7.649	617	495	4	11	18	8
19	1318	970	1318	590	75126	57	0	57	57	57	766.702	507.929	7.635	6.851	1.805	6.958	766.698	507.929	7.635	760	498	4	14	20	10
20	1932	1252	1932	729	112056	58	0	58	58	58	724.362	504.109	8.151	7.599	1.844	8.125	724.354	504.109	8.151	712	495	4	23	20	9
21	846	756	846	451	7614	9	0	9	9	9	758.730	517.291	7.545	6.497	2.439	6.036	758.730	517.291	7.545	749	512	4	24	10	8
22	1742	1370	1742	799	102778	59	0	59	59	59	784.472	515.113	8.516	8.318	3.181	8.148	784.477	515.114	8.516	775	505	4	28	21	9
23	2177	1636	2177	985	132797	61	0	61	61	61	696.403	525.760	8.664	9.108	3.231	9.058	696.398	525.760	8.664	686	513	4	29	30	10
24	1381	1096	1381	655	85622	62	0	62	62	62	680.043	527.946	8.487	7.260	2.156	7.281	680.049	527.946	8.487	672	516	4	19	20	9
25	845	710	845	455	8450	10	0	10	10	10	760.489	525.756	7.740	6.416	2.422	6.056	760.489	525.756	7.740	751	522	4	23	8	9
26	2641	2008	2641	1178	338048	128	0	128	128	128	644.936	520.517	8.341	10.387	4.140	10.094	644.936	520.517	8.341	632	506	4	33	32	9
27	2859	1972	2859	1198	371670	130	0	130	130	130	798.858	532.715	8.870	9.911	3.597	9.689	798.854	532.716	8.870	778	522	4	36	23	9
28	1207	908	1207	597	77248	64	0	64	64	64	757.869	536.317	7.862	6.818	1.995	6.747	757.869	536.317	7.862	746	529	4	22	13	8
29	1757	1468	1757	830	235438	134	0	134	134	134	708.775	541.000	8.685	8.979	3.496	8.486	708.779	541.001	8.685	694	531	4	33	17	10
30	2289	1564	2289	984	25179	11	0	11	11	11	793.369	550.303	8.027	8.763	2.697	8.786	793.374	550.303	8.027	779	542	4	27	25	9
31	2846	1846	2846	1182	387056	136	0	136	136	136	757.686	551.486	8.497	9.806	3.319	9.641	757.673	551.485	8.497	740	543	4	30	25	10
32	570	566	570	301	102030	179	0	179	179	179	650.970	547.305	9.668	4.977	1.222	4.830	650.971	547.306	9.668	647	541	4	10	15	10
33	2431	1902	2431	1140	432718	178	0	178	178	178	677.994	544.272	9.398	10.348	4.261	10.092	677.991	544.271	9.398	658	537	4	37	19	10
34	2670	1788	2670	1087	176220	66	0	66	66	66	609.878	546.519	8.188	9.317	3.002	9.497	609.870	546.519	8.188	598	533	4	23	32	9
35	1426	1022	1426	619	196788	138	0	138	138	138	717.055	554.637	8.802	7.065	1.952	6.903	717.053	554.637	8.802	703	548	4	22	15	10
36	1740	1290	1740	757	118320	68	0	68	68	68	683.186	561.659	8.145	8.582	3.381	7.733	683.182	561.659	8.145	666	554	4	34	13	9
37	1917	1516	1917	896	128439	67	0	67	67	67	626.389	561.764	8.103	9.518	4.012	8.873	626.393	561.765	8.103	611	551	4	32	24	9
38	1924	1344	1924	860	267436	139	0	139	139	139	777.088	558.674	8.834	8.047	2.325	8.223	777.089	558.673	8.834	770	547	4	16	24	10
39	2319	1754	2319	1001	331617	143	0	143	143	143	729.245	565.305	9.012	9.232	3.204	8.718	729.246	565.303	9.012	722	547	4	17	36	11
40	442	520	442	263	62322	141	0	141	141	141	799.357	564.891	8.400	4.848	1.436	4.724	799.356	564.891	8.400	795	560	4	11	14	9
41	3537	2100	3537	1456	244053	69	0	69	69	69	680.312	578.246	7.819	10.810	3.913	10.586	680.309	578.247	7.819	663	567	4	35	25	10
42	847	830	847	461	122815	145	0	145	145	145	642.176	574.332	8.296	6.830	2.771	6.536	642.174	574.332	8.296	630	570	4	25	10	9
43	1386	964	1386	586	202356	146	0	146	146	146	699.307	582.391	8.610	6.730	1.325	6.704	699.305	582.391	8.610	694	572	4	13	19	10
44	1804	1230	1804	706	333740	185	0	185	185	185	662.106	578.382	9.379	7.438	1.651	7.627	662.106	578.381	9.379	653	568	4	18	20	11
45	445	678	445	303	83215	187	0	187	187	187	780.218	585.362	8.753	5.212	1.865	4.989	780.219	585.362	8.753	773	581	4	18	13	10
46	316	624	316	251	59408	188	0	188	188	188	804.418	591.120	8.810	5.113	2.105	4.930	804.418	591.120	8.810	795	586	4	19	11	10
47	8595	4720	8595	3284	627435	73	0	73	73	73	679.782	608.546	7.277	16.015	5.834	16.206	679.778	608.545	7.277	652	590	4	52	44	9
48	3354	1936	3354	1194	499746	149	0	149	149	149	649.019	607.491	8.693	9.750	2.765	9.959	649.022	607.492	8.693	638	594	4	25	31	10
49	3229	2086	3229	1274	242175	75	0	75	75	75	801.551	611.884	8.111	9.894	3.050	10.277	801.554	611.883	8.111	789	596	4	28	28	9
50	1747	1380	1747	800	129278	74	0	74	74	74	782.687	615.373	7.857	8.570	3.292	8.305	782.681	615.372	7.857	775	602	4	19	28	9
51	5799	3622	5799	2177	875649	151	0	151	151	151	763.234	626.105	8.661	13.896	5.441	13.387	763.233	626.102	8.661	742	611	4	52	32	11
52	2614	2084	2614	1221	33982	13	0	13	13	13	809.334	632.151	7.207	9.975	3.531	9.915	809.322	632.151	7.207	794	622	4	35	23	9
53	1318	952	1318	597	15816	12	0	12	12	12	661.670	631.064	6.939	6.961	2.045	6.904	661.670	631.064	6.939	652	625	4	21	14	8
54	505	498	505	271	7070	14	0	14	14	14	680.061	640.515	6.790	4.885	1.411	4.680	680.061	640.515	6.790	673	636	4	15	10	7
55	1006	992	1006	526	16096	16	0	16	16	16	785.148	648.405	7.083	7.654	3.203	7.193	785.148	648.405	7.083	779	637	4	12	27	7
56	3069	2500	3069	1410	242451	79	0	79	79	79	661.428	653.556	7.802	10.869	3.931	10.859	661.434	653.556	7.802	645	638	4	35	32	9
57	390	444	390	221	5850	15	0	15	15	15	690.277	646.654	7.569	4.382	1.102	4.210	690.277	646.654	7.569	686	639	4	11	13	9
58	2616	1640	2616	1035	201432	77	0	77	77	77	610.272	640.393	8.190	8.844	2.583	9.457	610.268	640.393	8.190	600	628	4	23	25	9
59	1883	1332	1883	804	143108	76	0	76	76	76	736.635	640.866	8.462	7.882	2.217	8.024	736.643	640.865	8.462	726	630	4	24	21	9
60	2240	1628	2240	987	183680	82	0	82	82	82	739.822	659.100	7.727	9.076	2.997	9.186	739.815	659.101	7.727	729	650	4	27	23	9
61	823	718	823	422	68309	83	0	83	83	83	804.148	655.770	7.350	6.134	2.134	5.801	804.151	655.770	7.350	795	651	4	21	9	8
62	832	810	832	455	14144	17	0	17	17	17	821.823	662.505	7.300	6.297	2.211	5.960	821.823	662.505	7.300	815	652	4	14	23	8
63	1372	998	1372	631	24696	18	0	18	18	18	804.820	666.062	7.317	7.182	2.190	7.103	804.820	666.062	7.317	794	661	4	22	14	8
64	1185	1060	1185	572	101910	86	0	86	86	86	831.578	667.932	7.718	7.096	2.377	6.667	831.583	667.933	7.718	824	656	4	21	24	9
65	1990	1570	1990	916	37810	19	0	19	19	19	790.815	675.969	7.317	8.713	2.979	8.839	790.825	675.969	7.317	776	663	4	27	30	8
66	3516	2288	3516	1469	77352	22	0	22	22	22	841.545	686.738	7.186	10.536	3.304	10.909	841.564	686.738	7.186	830	671	4	27	31	9
67	3018	2166	3018	1230	277656	92	0	92	92	92	864.747	697.770	7.943	10.094	3.456	10.144	864.759	697.770	7.943	851	677	4	27	37	9
68	841	726	841	423	76531	91	0	91	91	91	884.108	691.410	8.348	6.185	2.034	5.795	884.111	691.410	8.348	879	682	4	9	21	9
69	3041	2038	3041	1229	273690	90	0	90	90	90	898.988	683.339	8.388	10.319	3.793	10.172	898.983	683.340	8.388	889	669	4	24	34	9
70	372	390	372	216	7440	20	0	20	20	20	781.137	682.465	6.952	4.289	1.082	4.247	781.137	682.465	6.952	776	678	4	10	11	7
71	764	732	764	411	16044	21	0	21	21	21	751.500	684.463	7.262	6.155	2.265	5.848	751.500	684.463	7.262	741	679	4	22	11	7
72	1350	1076	1350	664	118800	88	0	88	88	88	817.052	682.419	8.180	7.160	2.166	7.365	817.052	682.419	8.180	806	674	4	22	15	9
73	1231	1022	1231	664	4924	4	0	4	4	4	819.620	693.948	6.670	7.550	2.836	7.393	819.620	693.948	6.670	804	683	4	26	18	8
74	2116	1384	2116	828	196788	93	0	93	93	93	769.437	700.583	7.815	8.036	2.171	8.534	769.435	700.583	7.815	759	690	4	22	22	9
75	934	1034	934	526	91532	98	0	98	98	98	881.934	709.958	8.073	6.659	2.131	6.810	881.930	709.958	8.073	874	699	4	19	20	9
76	2005	1438	2005	880	192480	96	0	96	96	96	817.291	709.114	7.957	8.538	2.862	8.576	817.291	709.114	7.957	805	701	4	22	24	9
77	3517	2230	3517	1296	334115	95	0	95	95	95	609.844	707.746	8.211	10.217	3.199	10.360	609.845	707.742	8.211	596	692	4	30	29	10
78	2276	1628	2276	994	54624	24	0	24	24	24	853.220	716.080	7.272	8.809	2.751	9.087	853.220	716.080	7.272	841	704	4	25	24	8
79	1352	966	1352	591	133848	99	0	99	99	99	750.404	707.911	8.080	6.835	1.825	7.111	750.406	707.911	8.080	741	701	4	19	16	8
80	1852	1382	1852	907	179644	97	0	97	97	97	835.768	711.160	7.280	8.321	2.628	8.360	835.766	711.160	7.280	828	702	4	20	22	8
81	501	522	501	293	2505	5	0	5	5	5	833.385	728.962	6.575	4.991	1.605	4.782	833.385	728.962	6.575	824	725	4	18	10	6
82	2240	1886	2240	1067	224000	100	0	100	100	100	775.319	728.104	8.277	9.683	3.589	9.505	775.308	728.102	8.277	761	713	4	29	28	9
83	925	820	925	473	24050	26	0	26	26	26	814.067	730.175	6.958	6.079	1.786	6.404	814.067	730.175	6.958	807	722	4	16	18	7
84	318	390	318	202	1908	6	0	6	6	6	828.399	736.921	6.283	4.183	1.273	4.129	828.399	736.921	6.283	823	733	4	11	12	6
85	2603	1654	2603	1011	70281	27	0	27	27	27	850.158	739.648	7.259	8.919	2.675	9.278	850.169	739.648	7.259	835	729	4	28	23	8
86	3456	2442	3456	1478	352512	102	0	102	102	102	950.245	744.989	8.476	10.841	3.721	11.097	950.251	744.990	8.476	932	730	4	36	30	10
87	1563	1258	1563	714	160989	103	0	103	103	103	665.134	736.988	7.967	7.353	2.198	7.842	665.137	736.989	7.967	656	726	4	20	21	8
88	1808	1360	1808	826	289280	160	0	160	160	160	891.097	752.915	9.212	7.816	2.251	8.235	891.097	752.915	9.212	880	744	4	23	19	9
89	2057	1916	2057	1053	337348	164	0	164	164	164	957.107	768.295	8.144	9.766	3.692	9.773	957.101	768.294	8.144	943	754	4	30	33	9
90	1243	1064	1243	608	131758	106	0	106	106	106	921.671	759.905	7.597	7.112	2.219	7.141	921.666	759.905	7.597	912	749	4	19	21	8
91	1042	948	1042	558	29176	28	0	28	28	28	887.007	766.595	6.590	6.797	2.431	6.644	887.007	766.595	6.590	878	760	4	23	14	8
92	642	602	642	333	18618	29	0	29	29	29	938.037	768.858	6.829	5.207	1.273	5.243	938.037	768.858	6.829	932	762	4	14	13	8
93	209	292	209	138	1463	7	0	7	7	7	905.368	767.976	6.191	3.546	0.966	3.429	905.368	767.976	6.191	901	764	4	10	8	5
94	1002	852	1002	526	30060	30	0	30	30	30	925.718	775.525	6.770	6.563	2.170	6.431	925.718	775.525	6.770	914	767	4	21	16	7
95	1626	1284	1626	803	50406	31	0	31	31	31	946.131	781.587	6.351	7.918	2.567	8.083	946.140	781.587	6.351	936	771	4	22	23	8
96	774	754	774	402	25542	33	0	33	33	33	878.227	779.422	7.120	5.747	1.650	5.912	878.224	779.423	7.120	871	771	4	16	17	7
97	1353	998	1353	638	46002	34	0	34	34	34	917.619	787.852	6.858	7.030	1.970	7.267	917.615	787.852	6.858	911	778	4	15	20	7
98	657	652	657	379	23652	36	0	36	36	36	932.099	789.455	6.738	5.495	1.628	5.600	932.099	789.455	6.738	927	784	4	17	13	7
99	272	406	272	190	10336	38	0	38	38	38	941.143	799.004	7.596	4.506	1.831	4.186	941.143	799.004	7.596	937	795	4	14	10	9
100	441	584	441	278	17199	39	0	39	39	39	919.472	803.313	7.172	5.394	1.910	5.512	919.472	803.313	7.172	913	799	4	16	11	7
101	2027	1508	2027	888	227024	112	0	112	112	112	899.006	820.239	7.482	8.358	2.645	8.666	899.006	820.239	7.482	888	806	4	23	26	9
102	942	848	942	485	38622	41	0	41	41	41	700.919	844.207	7.742	6.197	1.856	6.426	700.915	844.207	7.742	693	836	4	18	17	7
103	1044	858	1044	478	45936	44	0	44	44	44	800.828	859.981	7.487	6.325	1.862	6.488	800.828	859.981	7.487	794	850	4	16	20	7
104	3489	2396	3489	1454	163983	47	0	47	47	47	709.568	880.211	7.835	11.473	4.393	11.606	709.574	880.211	7.835	693	867	4	36	30	9
105	775	618	775	369	93000	120	0	120	120	120	676.517	905.554	8.270	5.435	1.024	5.474	676.517	905.554	8.270	671	900	4	11	13	9
106	1068	868	1068	502	55536	52	0	52	52	52	662.180	487.407	8.617	6.454	1.896	6.388	662.180	487.407	8.617	655	479	5	14	21	8
107	386	372	386	220	47478	123	0	123	123	123	640.407	484.448	9.181	4.175	0.663	4.091	640.408	484.448	9.181	636	481	5	9	8	9
108	301	344	301	181	37926	126	0	126	126	126	669.096	495.262	9.076	3.935	0.895	3.888	669.096	495.262	9.076	665	492	5	10	8	8
109	282	312	282	185	15792	56	0	56	56	56	632.628	505.025	7.560	3.714	0.766	3.671	632.628	505.025	7.560	629	502	5	9	7	7
110	992	770	992	470	125984	127	0	127	127	127	647.185	504.933	9.188	6.318	1.888	6.009	647.188	504.934	9.188	637	501	5	21	11	9
111	150	266	150	121	150	1	0	1	1	1	674.740	509.873	7.120	3.893	1.556	4.049	674.740	509.873	7.120	669	505	5	13	10	6
112	466	490	466	278	27960	60	0	60	60	60	627.502	514.891	7.796	4.780	1.367	4.703	627.502	514.891	7.796	622	510	5	13	12	7
113	1650	1342	1650	802	212850	129	0	129	129	129	664.316	526.076	8.993	8.173	2.807	8.182	664.314	526.076	8.993	650	516	5	26	23	8
114	1359	1186	1359	664	85617	63	0	63	63	63	741.581	531.018	8.260	7.348	2.489	7.462	741.585	531.018	8.260	732	521	5	18	24	7
115	1155	996	1155	564	152460	132	0	132	132	132	625.798	536.684	8.876	7.257	2.751	6.530	625.795	536.684	8.876	619	523	5	13	27	9
116	636	596	636	332	83316	131	0	131	131	131	655.555	535.385	8.830	5.214	1.250	5.357	655.557	535.385	8.830	650	530	5	12	14	8
117	385	434	385	248	51205	133	0	133	133	133	641.816	545.899	9.322	4.560	1.446	4.312	641.814	545.899	9.322	636	542	5	10	13	8
118	465	458	465	249	62775	135	0	135	135	135	631.477	548.441	9.099	4.528	0.907	4.499	631.479	548.441	9.099	625	543	5	13	10	8
119	1205	900	1205	540	165085	137	0	137	137	137	703.230	555.760	9.035	6.496	1.435	6.463	703.227	555.761	9.035	693	549	5	17	15	9
120	706	694	706	366	127786	181	0	181	181	181	662.493	556.922	9.186	5.708	1.749	5.712	662.492	556.922	9.186	655	551	5	14	15	9
121	2289	1676	2289	1014	320460	140	0	140	140	140	749.811	564.743	9.395	9.682	3.773	9.320	749.819	564.743	9.395	736	551	5	31	25	9
122	1596	1212	1596	705	229824	144	0	144	144	144	598.821	569.395	8.652	7.478	2.169	7.794	598.821	569.395	8.652	588	560	5	23	19	8
123	497	504	497	278	70574	142	0	142	142	142	640.646	566.441	8.628	5.008	1.606	4.678	640.647	566.441	8.628	631	562	5	18	8	8
124	1233	940	1233	595	224406	182	0	182	182	182	713.099	567.509	9.799	6.959	2.141	6.836	713.102	567.510	9.799	701	562	5	20	16	10
125	1644	1286	1644	730	305784	186	0	186	186	186	743.614	583.211	10.402	7.608	2.325	7.824	743.611	583.211	10.402	734	572	5	21	24	9
126	406	430	406	227	74298	183	0	183	183	183	758.414	578.431	9.978	4.384	0.984	4.248	758.415	578.432	9.978	752	576	5	14	7	9
127	411	402	411	264	60417	147	0	147	147	147	689.645	585.915	9.005	4.352	0.969	4.326	689.645	585.915	9.005	687	580	5	8	11	9
128	1177	1016	1177	599	174196	148	0	148	148	148	651.472	589.686	8.982	7.192	2.444	7.056	651.468	589.685	8.982	642	581	5	19	18	9
129	1276	944	1276	574	89320	70	0	70	70	70	710.603	595.700	8.683	6.800	1.798	6.802	710.609	595.700	8.683	705	587	5	13	20	9
130	1269	1022	1269	575	190350	150	0	150	150	150	603.288	614.851	9.545	6.885	2.005	6.887	603.291	614.851	9.545	596	605	5	19	20	9
131	4384	2904	4384	1800	666368	152	0	152	152	152	590.332	642.678	8.969	12.705	5.131	12.349	590.346	642.678	8.969	576	619	5	28	45	9
132	982	904	982	479	76596	78	0	78	78	78	637.902	648.422	8.408	6.283	1.848	6.472	637.906	648.422	8.408	631	639	5	18	19	7
133	762	700	762	415	60960	80	0	80	80	80	753.010	650.690	7.930	6.096	2.255	5.767	753.010	650.690	7.930	745	644	5	14	21	7
134	1295	1212	1295	674	108780	84	0	84	84	84	688.389	660.115	8.041	7.235	2.361	7.355	688.388	660.114	8.041	680	652	5	17	20	8
135	219	324	219	141	18615	85	0	85	85	85	675.224	664.635	8.050	3.820	1.265	3.704	675.224	664.635	8.050	672	659	5	9	11	7
136	1769	1420	1769	826	153903	87	0	87	87	87	879.053	674.025	8.914	8.023	2.631	8.327	879.057	674.025	8.914	869	659	5	22	27	8
137	1836	1270	1836	763	286416	156	0	156	156	156	642.975	677.571	8.827	7.671	2.156	8.209	642.982	677.571	8.827	632	668	5	22	20	8
138	490	486	490	273	75950	155	0	155	155	155	658.186	675.618	9.106	4.719	1.086	4.731	658.187	675.618	9.106	654	671	5	11	11	8
139	890	884	890	477	79210	89	0	89	89	89	727.448	687.093	7.998	6.308	2.326	6.429	727.445	687.093	7.998	716	680	5	21	18	7
140	735	684	735	398	16905	23	0	23	23	23	752.135	694.014	7.435	5.931	2.032	5.716	752.135	694.014	7.435	742	690	5	21	10	6
141	308	406	308	194	28952	94	0	94	94	94	725.977	701.841	8.529	4.239	1.376	4.178	725.977	701.841	8.529	718	697	5	14	10	7
142	1501	1132	1501	682	237158	158	0	158	158	158	796.075	732.536	8.561	7.258	2.115	7.693	796.079	732.536	8.561	787	723	5	19	20	8
143	748	878	748	471	75548	101	0	101	101	101	684.805	728.136	7.785	6.223	1.943	6.507	684.803	728.137	7.785	677	718	5	17	18	6
144	1751	1246	1751	756	278409	159	0	159	159	159	892.420	734.830	8.664	7.580	2.129	8.123	892.422	734.831	8.664	882	725	5	21	19	8
145	1386	1130	1386	667	144144	104	0	104	104	104	782.841	749.490	8.153	7.097	2.180	7.629	782.841	749.490	8.153	774	741	5	20	19	7
146	1677	1074	1677	694	179439	107	0	107	107	107	819.035	763.436	8.295	7.334	1.891	7.614	819.038	763.436	8.295	810	754	5	17	20	8
147	1146	956	1146	527	185652	162	0	162	162	162	607.201	765.475	9.113	6.575	1.905	6.816	607.197	765.475	9.113	598	758	5	18	18	8
148	1773	1468	1773	852	288999	163	0	163	163	163	624.645	762.080	9.076	8.215	2.622	8.248	624.646	762.078	9.076	617	750	5	18	26	9
149	805	754	805	408	25760	32	0	32	32	32	732.135	781.075	7.266	6.018	2.023	6.057	732.135	781.075	7.266	726	773	5	14	19	6
150	727	714	727	357	120682	166	0	166	166	166	616.279	781.457	8.469	5.517	1.487	5.628	616.282	781.456	8.469	609	775	5	17	14	8
151	525	608	525	311	56700	108	0	108	108	108	710.608	789.590	7.373	5.386	1.826	5.378	710.608	789.590	7.373	702	784	5	18	12	6
152	789	722	789	431	86001	109	0	109	109	109	681.089	790.569	8.203	6.100	2.134	6.054	681.086	790.568	8.203	671	785	5	20	12	7
153	196	298	196	142	7252	37	0	37	37	37	710.398	798.949	7.214	3.838	1.575	3.780	710.398	798.949	7.214	704	796	5	15	7	5
154	560	628	560	333	108640	194	0	194	194	194	779.243	808.425	9.945	5.485	1.950	5.186	779.241	808.425	9.945	775	799	5	11	19	9
155	1082	886	1082	489	120102	111	0	111	111	111	681.946	814.453	8.688	6.294	1.585	6.553	681.948	814.453	8.688	675	807	5	17	17	8
156	381	428	381	227	15240	40	0	40	40	40	916.433	815.945	6.963	4.511	1.430	4.424	916.433	815.945	6.963	912	811	5	13	13	5
157	1564	1438	1564	751	265880	170	0	170	170	170	720.763	836.101	8.642	8.199	3.095	7.804	720.761	836.101	8.642	710	826	5	24	26	8
158	985	1124	985	556	169420	172	0	172	172	172	825.857	839.548	8.947	7.494	3.000	7.604	825.861	839.549	8.947	812	827	5	23	24	8
159	533	586	533	290	60229	113	0	113	113	113	870.345	846.559	8.283	5.314	1.710	5.159	870.343	846.559	8.283	864	841	5	16	15	7
160	366	506	366	244	15372	42	0	42	42	42	648.208	849.320	7.153	4.800	1.808	4.704	648.208	849.320	7.153	640	844	5	16	12	5
161	568	590	568	305	64752	114	0	114	114	114	812.234	850.063	7.699	5.138	1.587	5.102	812.232	850.063	7.699	804	844	5	15	14	6
162	833	986	833	531	35819	43	0	43	43	43	731.203	857.391	7.621	7.378	3.236	7.203	731.206	857.392	7.621	716	850	5	25	19	8
163	1302	1158	1302	684	58590	45	0	45	45	45	753.659	860.820	7.359	7.320	2.436	7.565	753.654	860.820	7.359	742	851	5	23	20	6
164	480	624	480	317	22080	46	0	46	46	46	835.719	870.785	6.904	5.334	1.960	5.336	835.719	870.785	6.904	829	862	5	15	18	5
165	608	722	608	357	69920	115	0	115	115	115	727.610	869.939	8.436	5.886	2.338	5.382	727.612	869.939	8.436	721	861	5	18	19	8
166	1599	1356	1599	781	76752	48	0	48	48	48	802.131	881.837	7.695	7.882	2.727	8.166	802.131	881.837	7.695	792	869	5	21	28	7
167	303	344	303	185	35451	117	0	117	117	117	676.663	895.670	8.264	3.908	0.847	3.809	676.662	895.670	8.264	671	892	5	10	7	8
168	1032	878	1032	522	122808	119	0	119	119	119	686.377	902.489	8.121	6.536	2.028	6.183	686.379	902.488	8.121	682	892	5	13	21	8
169	1452	1114	1452	648	254100	175	0	175	175	175	726.698	923.534	9.683	7.090	1.977	7.463	726.699	923.533	9.683	717	914	5	20	19	9
170	1562	1114	1562	660	276474	177	0	177	177	177	728.072	942.360	9.020	7.192	1.900	7.647	728.070	942.360	9.020	719	934	5	19	19	8
171	432	452	432	271	28080	65	0	65	65	65	637.544	536.609	8.188	4.675	1.429	4.570	637.544	536.609	8.188	633	532	6	14	10	7
172	510	464	510	276	91800	180	0	180	180	180	673.494	552.439	10.084	4.635	0.856	4.629	673.494	552.439	10.084	669	548	6	11	12	8
173	959	790	959	483	176456	184	0	184	184	184	711.840	579.564	9.981	6.235	1.790	6.044	711.840	579.564	9.981	701	573	6	19	15	9
174	744	736	744	397	147312	198	0	198	198	198	722.251	591.114	10.329	6.484	2.653	6.029	722.253	591.114	10.329	719	581	6	9	24	8
175	675	612	675	346	103275	153	0	153	153	153	623.944	665.810	9.080	5.609	1.837	5.271	623.942	665.811	9.080	621	656	6	9	20	7
176	713	804	713	429	114793	161	0	161	161	161	744.541	755.125	8.847	5.780	1.829	6.113	744.539	755.126	8.847	736	747	6	17	16	7
177	1767	1326	1767	767	291555	165	0	165	165	165	666.953	776.544	9.263	7.668	2.280	8.202	666.952	776.543	9.263	657	766	6	21	22	7
178	532	550	532	310	58520	110	0	110	110	110	679.970	799.630	8.336	5.308	1.893	4.954	679.971	799.629	8.336	671	796	6	20	9	6
179	255	378	255	172	43095	169	0	169	169	169	827.255	812.729	9.235	4.235	1.553	3.925	827.254	812.729	9.235	819	809	6	14	10	7
180	891	786	891	443	154143	173	0	173	173	173	709.442	861.121	9.329	6.180	2.054	6.022	709.441	861.123	9.329	699	855	6	21	12	8
181	274	344	274	166	31784	116	0	116	116	116	825.577	881.650	8.047	4.055	1.317	3.770	825.577	881.650	8.047	821	877	6	11	11	6
182	243	326	243	159	28674	118	0	118	118	118	787.638	897.140	8.058	3.847	1.248	3.643	787.638	897.140	8.058	784	891	6	8	13	5
183	226	368	226	178	27346	121	0	121	121	121	793.960	903.425	7.867	4.433	1.864	4.438	793.960	903.425	7.867	786	898	6	17	11	5
184	1199	968	1199	549	211024	176	0	176	176	176	744.309	934.304	9.795	6.660	1.949	6.828	744.309	934.304	9.795	736	926	6	19	19	8
185	167	258	167	116	31563	189	0	189	189	189	740.814	600.144	9.952	3.193	0.844	3.106	740.814	600.144	9.952	738	596	7	7	10	6
186	230	276	230	145	35420	154	0	154	154	154	667.626	675.004	9.052	3.548	0.875	3.462	667.626	675.004	9.052	665	671	7	7	10	6
187	1291	928	1291	559	247872	192	0	192	192	192	612.352	725.377	10.145	6.825	1.969	6.850	612.352	725.377	10.145	601	719	7	22	14	8
188	182	292	182	138	30394	167	0	167	167	167	846.846	788.451	8.879	3.870	1.659	3.465	846.847	788.451	8.879	840	785	7	15	9	4
189	1249	996	1249	578	243555	195	0	195	195	195	666.168	807.674	9.634	6.686	1.921	7.124	666.170	807.675	9.634	658	799	7	18	19	6
190	292	336	292	176	56356	193	0	193	193	193	769.860	803.421	9.784	3.941	1.009	3.821	769.859	803.422	9.784	765	799	7	10	9	6
191	499	624	499	339	83832	168	0	168	168	168	768.176	814.735	9.932	5.622	2.203	5.451	768.176	814.735	9.932	758	807	7	17	17	6
192	229	304	229	150	39159	171	0	171	171	171	837.162	840.690	8.860	3.854	1.403	3.433	837.162	840.690	8.860	835	833	7	6	16	5
193	406	508	406	254	70644	174	0	174	174	174	688.278	873.266	9.485	4.881	1.673	4.991	688.280	873.266	9.485	683	867	7	11	14	6
194	192	292	192	138	36672	191	0	191	191	191	622.745	690.677	9.568	3.797	1.463	3.599	622.745	690.677	9.568	616	687	8	15	7	5
195	323	442	323	215	63308	196	0	196	196	196	768.480	826.944	10.257	4.412	1.512	4.304	768.480	826.944	10.257	761	822	8	14	11	6
196	672	604	672	331	134400	200	0	200	200	200	683.638	887.003	10.695	5.357	1.463	5.251	683.638	887.003	10.695	676	882	8	16	11	7
197	247	314	247	169	48659	197	0	197	197	197	698.101	902.227	10.474	3.696	1.035	3.804	698.100	902.226	10.474	694	897	8	9	10	6
