 	Volume (pixel^3)	Surface (pixel^2)	Nb of obj. voxels	Nb of surf. voxels	IntDen	Mean	StdDev	Median	Min	Max	X	Y	Z	Mean dist. to surf. (pixel)	SD dist. to surf. (pixel)	Median dist. to surf. (pixel)	XM	YM	ZM	BX	BY	BZ	B-width	B-height	B-depth
1	5915	3512	5915	2357	218855	37	0	37	37	37	400.080	544.685	5.962	15.196	6.540	14.426	400.071	544.685	5.962	369	532	2	60	27	9
2	5037	2862	5037	1898	261924	52	0	52	52	52	425.102	589.582	6.342	12.125	4.017	12.394	425.088	589.581	6.342	409	572	2	30	40	9
3	1533	1190	1533	699	6132	4	0	4	4	4	311.947	643.751	5.564	7.437	2.283	7.746	311.947	643.751	5.564	303	629	2	20	25	8
4	2061	1472	2061	947	282357	137	0	137	137	137	435.539	717.263	5.843	8.724	2.968	8.823	435.536	717.263	5.843	426	703	2	23	32	8
5	1708	1112	1708	744	269864	158	0	158	158	158	431.164	734.244	5.911	7.544	2.058	7.866	431.167	734.245	5.911	423	724	2	19	21	8
6	3114	1694	3114	1004	1152180	370	0	370	370	370	737.633	751.589	6.845	9.048	2.170	9.464	737.632	751.591	6.845	722	741	2	28	23	10
7	3501	2496	3501	1570	689697	197	0	197	197	197	445.640	772.066	5.720	11.158	3.843	11.413	445.639	772.066	5.720	427	755	2	32	36	8
8	976	796	976	495	10736	11	0	11	11	11	651.765	769.939	5.089	6.367	2.104	6.360	651.765	769.939	5.089	644	761	2	13	21	7
9	1317	1160	1317	690	15804	12	0	12	12	12	660.892	763.567	5.434	8.187	3.323	8.116	660.892	763.567	5.434	652	749	2	16	33	7
10	1822	1186	1822	750	397196	218	0	218	218	218	516.642	793.325	6.265	7.663	2.009	7.964	516.640	793.327	6.265	509	784	2	17	20	9
11	2692	1930	2692	1251	61916	23	0	23	23	23	405.658	504.044	5.634	10.214	3.793	10.070	405.664	504.045	5.634	388	493	3	35	30	7
12	963	830	963	510	20223	21	0	21	21	21	443.318	496.073	5.996	6.357	2.041	6.430	443.318	496.073	5.996	434	490	3	19	16	7
13	753	722	753	420	753	1	0	1	1	1	432.263	510.527	5.401	5.867	1.939	5.846	432.263	510.527	5.401	423	506	3	21	12	6
14	913	966	913	526	24651	27	0	27	27	27	415.962	517.578	5.677	6.752	2.591	6.714	415.962	517.578	5.677	407	507	3	17	25	7
15	1906	1306	1906	811	617544	324	0	324	324	324	269.150	516.556	6.639	8.265	2.672	8.141	269.147	516.555	6.639	256	509	3	25	17	8
16	1232	938	1232	570	2464	2	0	2	2	2	235.860	520.131	5.679	6.828	2.076	6.927	235.860	520.131	5.679	225	513	3	22	16	6
17	897	760	897	470	289731	323	0	323	323	323	289.106	512.932	6.706	6.185	1.998	5.982	289.107	512.932	6.706	282	507	3	20	15	7
18	1162	972	1162	589	33698	29	0	29	29	29	204.437	524.605	6.223	7.235	2.699	6.875	204.437	524.605	6.223	195	517	3	22	19	7
19	2516	1774	2516	1127	80512	32	0	32	32	32	364.715	527.835	6.240	9.280	2.919	9.674	364.715	527.835	6.240	352	515	3	27	27	7
20	1991	1454	1991	865	69685	35	0	35	35	35	257.838	537.495	6.323	8.532	3.074	8.501	257.839	537.495	6.323	240	527	3	30	23	7
21	3471	2356	3471	1540	1141959	329	0	329	329	329	297.801	536.825	6.768	11.339	4.247	11.222	297.801	536.825	6.768	284	516	3	26	41	8
22	2549	1920	2549	1214	104509	41	0	41	41	41	441.526	553.028	5.909	10.239	4.183	9.920	441.520	553.028	5.909	419	541	3	41	22	7
23	651	624	651	355	24738	38	0	38	38	38	228.032	548.187	6.269	5.500	1.660	5.323	228.032	548.187	6.269	222	539	3	13	16	7
24	1961	1424	1961	885	70596	36	0	36	36	36	198.345	546.859	6.656	8.315	2.714	8.578	198.345	546.859	6.656	187	535	3	25	24	8
25	1190	954	1190	633	46410	39	0	39	39	39	244.849	557.452	5.784	7.551	2.897	7.299	244.849	557.452	5.784	240	544	3	11	26	6
26	523	482	523	309	20920	40	0	40	40	40	255.222	552.866	5.967	4.906	1.385	4.890	255.222	552.866	5.967	251	545	3	11	14	7
27	1695	1280	1695	766	569520	336	0	336	336	336	357.271	560.640	6.652	7.866	2.451	7.912	357.271	560.639	6.652	346	548	3	20	24	8
28	1453	1204	1453	743	486755	335	0	335	335	335	375.681	558.525	6.706	8.009	3.282	7.596	375.682	558.525	6.706	367	547	3	30	23	8
29	1639	1182	1639	793	68838	42	0	42	42	42	318.817	556.677	6.562	7.988	2.624	8.002	318.817	556.677	6.562	310	543	3	17	27	8
30	855	674	855	430	36765	43	0	43	43	43	193.492	563.553	6.395	6.035	1.781	5.969	193.492	563.553	6.395	189	556	3	11	17	8
31	2743	1730	2743	1099	927134	338	0	338	338	338	215.265	565.704	6.866	9.239	2.812	9.652	215.263	565.705	6.866	202	549	3	25	29	9
32	1533	1086	1533	707	67452	44	0	44	44	44	261.744	567.887	5.787	7.406	2.215	7.663	261.744	567.887	5.787	252	560	3	20	19	7
33	961	766	961	466	43245	45	0	45	45	45	279.772	567.649	6.387	6.071	1.617	6.085	279.772	567.649	6.387	273	559	3	13	18	7
34	2061	1354	2061	883	702801	341	0	341	341	341	336.588	571.408	6.529	8.215	2.415	8.542	336.587	571.407	6.529	325	561	3	23	22	8
35	693	592	693	344	32571	47	0	47	47	47	232.078	574.564	6.085	5.230	1.053	5.191	232.078	574.564	6.085	226	569	3	12	14	8
36	2999	2030	2999	1373	137954	46	0	46	46	46	298.328	569.514	6.591	10.139	3.308	10.702	298.332	569.514	6.591	287	555	3	30	28	7
37	2458	1776	2458	1149	122900	50	0	50	50	50	244.127	586.683	5.971	9.949	3.782	9.687	244.127	586.683	5.971	235	570	3	22	36	7
38	1327	1002	1327	652	65023	49	0	49	49	49	193.572	579.331	6.077	7.087	2.175	7.158	193.572	579.331	6.077	183	570	3	20	19	7
39	1535	1194	1535	741	531110	346	0	346	346	346	211.193	585.310	6.752	7.789	2.774	7.656	211.192	585.310	6.752	203	573	3	26	21	8
40	657	628	657	369	33507	51	0	51	51	51	256.839	582.858	6.314	5.401	1.580	5.395	256.839	582.859	6.314	252	575	3	13	16	7
41	2168	1372	2168	870	123576	57	0	57	57	57	293.722	593.042	6.150	8.253	2.330	8.608	293.718	593.040	6.150	282	584	3	23	21	7
42	820	840	820	473	45100	55	0	55	55	55	367.710	595.695	6.110	7.171	3.258	6.369	367.710	595.695	6.110	361	583	3	12	29	7
43	1755	1426	1755	898	98280	56	0	56	56	56	400.573	593.178	6.162	8.989	3.518	8.724	400.573	593.178	6.162	383	582	3	29	18	7
44	2495	1646	2495	1111	134730	54	0	54	54	54	189.663	595.397	6.292	9.450	3.206	9.442	189.663	595.397	6.292	174	584	3	29	26	8
45	784	722	784	435	41552	53	0	53	53	53	377.168	592.403	5.642	6.268	2.298	6.137	377.168	592.403	5.642	373	583	3	12	21	6
46	1680	1378	1680	891	97440	58	0	58	58	58	331.871	594.733	6.237	9.503	3.907	9.634	331.871	594.733	6.237	317	585	3	30	21	7
47	1651	1348	1651	817	97409	59	0	59	59	59	329.832	607.075	6.081	8.418	3.164	8.073	329.835	607.075	6.081	316	600	3	31	21	7
48	1551	1140	1551	812	93060	60	0	60	60	60	400.878	605.170	6.033	9.102	4.175	8.339	400.878	605.170	6.033	381	601	3	36	10	7
49	2065	1540	2065	992	6195	3	0	3	3	3	437.603	614.597	5.380	8.906	3.095	8.888	437.603	614.597	5.380	422	604	3	31	26	6
50	1716	1306	1716	867	108108	63	0	63	63	63	383.267	617.198	5.956	8.240	2.831	8.229	383.271	617.198	5.956	374	605	3	18	26	7
51	1103	920	1103	570	68386	62	0	62	62	62	402.702	615.947	6.113	7.027	2.468	6.678	402.702	615.947	6.113	393	612	3	24	13	7
52	2875	1978	2875	1270	189750	66	0	66	66	66	452.505	625.921	6.096	10.485	4.099	10.155	452.498	625.921	6.096	434	609	3	37	34	8
53	940	778	940	481	61100	65	0	65	65	65	469.186	624.163	5.609	6.160	1.765	6.387	469.184	624.163	5.609	463	617	3	16	18	6
54	1886	1286	1886	765	130134	69	0	69	69	69	212.417	632.115	6.434	7.720	2.046	8.176	212.414	632.114	6.434	202	622	3	22	21	8
55	446	462	446	256	31220	70	0	70	70	70	259.966	627.836	5.650	4.677	1.316	4.443	259.966	627.836	5.650	256	621	3	13	13	6
56	1978	1632	1978	965	140438	71	0	71	71	71	336.231	631.385	6.170	8.809	3.062	8.918	336.235	631.385	6.170	320	619	3	29	25	7
57	238	300	238	137	16184	68	0	68	68	68	426.559	628.248	6.029	3.511	0.568	3.448	426.559	628.248	6.029	422	625	3	11	8	7
58	1536	1316	1536	760	110592	72	0	72	72	72	248.957	629.663	6.152	8.300	3.287	7.950	248.957	629.663	6.152	234	617	3	29	24	7
59	4155	2958	4155	1844	315780	76	0	76	76	76	430.124	647.802	6.120	12.250	4.408	12.529	430.136	647.801	6.120	411	628	3	40	37	7
60	1287	994	1287	599	95238	74	0	74	74	74	293.812	648.070	5.971	6.857	2.064	7.251	293.812	648.070	5.971	286	634	3	17	24	7
61	370	478	370	243	27750	75	0	75	75	75	405.570	645.924	5.419	4.692	1.683	4.599	405.570	645.924	5.419	397	641	3	15	12	7
62	2389	1668	2389	1068	848095	355	0	355	355	355	223.521	645.458	6.715	9.500	3.528	9.199	223.522	645.457	6.715	206	634	3	35	20	8
63	192	286	192	136	960	5	0	5	5	5	397.073	650.953	5.057	3.477	1.117	3.337	397.073	650.953	5.057	392	646	3	11	10	5
64	1780	1474	1780	837	144180	81	0	81	81	81	569.624	655.158	5.950	8.458	2.960	8.266	569.620	655.157	5.950	558	641	3	25	25	7
65	984	800	984	484	5904	6	0	6	6	6	385.659	658.543	5.504	6.125	1.666	6.389	385.659	658.543	5.504	378	650	3	16	19	6
66	4670	3026	4670	1993	387610	83	0	83	83	83	227.418	675.334	6.260	13.609	5.605	13.572	227.421	675.333	6.260	214	655	3	27	47	8
67	1014	826	1014	478	80106	79	0	79	79	79	651.736	655.806	6.150	6.178	1.652	6.463	651.739	655.806	6.150	644	648	3	16	17	7
68	3287	2352	3287	1465	282682	86	0	86	86	86	371.599	668.940	6.042	11.325	4.378	11.298	371.606	668.940	6.042	354	655	3	36	35	8
69	870	724	870	445	71340	82	0	82	82	82	208.683	660.397	5.943	6.028	1.788	5.995	208.683	660.396	5.943	199	655	3	18	13	7
70	4267	3034	4267	1937	388297	91	0	91	91	91	410.828	673.137	5.626	12.731	4.928	12.551	410.831	673.137	5.626	390	657	3	47	41	7
71	2237	1432	2237	990	194619	87	0	87	87	87	478.332	668.341	6.028	8.645	2.608	8.871	478.336	668.341	6.028	470	657	3	22	25	7
72	2439	1626	2439	1023	207315	85	0	85	85	85	307.869	666.624	6.459	9.055	3.007	9.303	307.866	666.624	6.459	295	656	3	31	25	7
73	1381	1062	1381	645	121528	88	0	88	88	88	587.638	668.316	6.106	7.108	1.982	7.413	587.638	668.316	6.106	578	659	3	19	19	7
74	3001	2090	3001	1399	270090	90	0	90	90	90	459.715	670.518	6.221	10.828	4.154	10.543	459.709	670.517	6.221	442	655	3	33	31	8
75	1745	1424	1745	797	165775	95	0	95	95	95	264.239	677.276	6.174	8.141	2.754	8.092	264.242	677.277	6.174	254	664	3	25	27	8
76	1730	1194	1730	761	12110	7	0	7	7	7	293.272	679.829	5.487	7.766	2.454	8.073	293.272	679.829	5.487	283	669	3	21	23	6
77	898	708	898	430	83514	93	0	93	93	93	494.072	673.243	6.067	5.787	1.349	6.118	494.070	673.243	6.067	488	666	3	15	14	7
78	3866	2906	3866	1790	378868	98	0	98	98	98	552.631	683.785	6.341	12.599	5.058	12.336	552.625	683.786	6.341	531	666	3	48	31	8
79	1256	1124	1256	635	120576	96	0	96	96	96	617.869	684.112	6.145	7.470	2.989	7.178	617.869	684.112	6.145	605	675	3	24	24	7
80	4049	2632	4049	1738	437292	108	0	108	108	108	446.982	695.809	5.825	11.622	3.952	12.072	446.992	695.811	5.825	431	680	3	31	34	7
81	1525	1154	1525	724	147925	97	0	97	97	97	721.048	682.969	6.241	7.995	2.888	7.799	721.045	682.970	6.241	712	673	3	25	20	7
82	1518	1176	1518	731	150282	99	0	99	99	99	398.939	688.530	5.961	7.612	2.519	7.753	398.942	688.531	5.961	387	680	3	24	18	7
83	2981	1952	2981	1267	336853	113	0	113	113	113	273.081	697.976	5.921	10.298	3.682	10.395	273.079	697.974	5.921	261	681	3	25	35	7
84	1684	1212	1684	817	178504	106	0	106	106	106	471.327	693.075	5.740	8.007	2.643	8.208	471.322	693.076	5.740	462	683	3	21	22	7
85	3602	2554	3602	1663	367404	102	0	102	102	102	511.606	685.599	6.170	12.187	5.061	11.684	511.612	685.599	6.170	486	673	3	47	27	7
86	1694	1348	1694	823	169400	100	0	100	100	100	666.034	682.931	6.525	8.430	3.104	8.211	666.028	682.930	6.525	658	667	3	17	31	7
87	2022	1564	2022	936	226464	112	0	112	112	112	768.034	696.044	5.842	9.378	3.726	9.256	768.034	696.044	5.842	756	679	3	24	31	7
88	588	474	588	333	61740	105	0	105	105	105	488.230	690.367	5.628	5.009	1.241	5.045	488.228	690.367	5.628	482	685	3	13	10	6
89	918	802	918	465	98226	107	0	107	107	107	727.745	693.317	6.146	6.614	2.496	6.105	727.748	693.318	6.146	718	687	3	24	14	7
90	1117	930	1117	594	123987	111	0	111	111	111	492.508	699.776	5.899	7.206	2.584	7.010	492.510	699.775	5.899	482	693	3	23	14	7
91	798	726	798	414	87780	110	0	110	110	110	309.982	698.521	5.791	5.995	1.902	5.737	309.982	698.521	5.791	301	692	3	19	12	7
92	1779	1354	1779	809	213480	120	0	120	120	120	217.459	703.429	6.088	8.032	2.489	8.125	217.459	703.430	6.088	208	691	3	21	25	7
93	788	746	788	424	93772	119	0	119	119	119	756.949	703.982	6.043	6.312	2.550	5.841	756.951	703.982	6.043	752	695	3	14	23	7
94	1391	1220	1391	710	168311	121	0	121	121	121	707.185	704.293	6.029	7.732	2.876	7.518	707.184	704.292	6.029	693	694	3	26	20	7
95	2685	1866	2685	1213	335625	125	0	125	125	125	741.247	708.109	5.861	9.777	3.325	10.044	741.246	708.108	5.861	729	692	3	25	33	7
96	1242	1038	1242	608	144072	116	0	116	116	116	380.436	700.936	6.091	7.000	2.253	7.130	380.436	700.936	6.091	370	692	3	23	18	7
97	224	300	224	142	26208	117	0	117	117	117	414.424	702.071	5.875	3.501	0.823	3.500	414.424	702.071	5.875	409	698	3	11	9	6
98	2095	1536	2095	935	257685	123	0	123	123	123	589.119	710.850	5.767	8.572	2.776	8.881	589.121	710.851	5.767	577	695	3	25	30	7
99	1727	1400	1727	847	219329	127	0	127	127	127	636.177	712.394	5.675	8.428	3.041	8.491	636.179	712.394	5.675	626	698	3	22	28	6
100	1596	1314	1596	778	207480	130	0	130	130	130	306.055	713.164	5.820	8.009	2.812	8.100	306.051	713.163	5.820	295	705	3	25	21	7
101	3258	2342	3258	1493	452862	139	0	139	139	139	410.289	719.527	6.313	10.836	3.859	11.064	410.290	719.529	6.313	389	706	3	36	26	7
102	2692	2096	2692	1319	333808	124	0	124	124	124	546.444	712.460	5.911	10.874	4.387	10.657	546.451	712.460	5.911	529	695	3	29	38	7
103	280	344	280	164	35280	126	0	126	126	126	464.736	710.643	6.250	3.929	1.065	3.745	464.736	710.643	6.250	459	708	3	12	7	7
104	2106	1616	2106	1033	277992	132	0	132	132	132	487.277	716.215	6.002	9.578	3.776	9.238	487.270	716.214	6.002	470	700	3	29	33	7
105	481	586	481	288	63011	131	0	131	131	131	322.355	716.293	6.081	5.587	2.277	5.354	322.356	716.293	6.081	316	709	3	13	19	7
106	1651	1320	1651	827	212979	129	0	129	129	129	514.517	710.377	6.057	7.996	2.700	8.386	514.515	710.379	6.057	503	700	3	26	22	7
107	448	504	448	277	60480	135	0	135	135	135	662.444	715.663	6.004	4.889	1.730	4.793	662.446	715.662	6.004	652	712	3	19	9	7
108	911	854	911	472	123896	136	0	136	136	136	258.604	717.379	5.925	6.539	2.179	6.605	258.604	717.379	5.925	249	710	3	18	19	7
109	1417	1112	1417	691	12753	9	0	9	9	9	574.465	723.845	5.533	7.704	2.724	7.780	574.465	723.845	5.533	564	713	3	20	26	6
110	1751	1296	1751	862	248642	142	0	142	142	142	504.306	725.421	5.927	8.337	3.036	8.137	504.310	725.420	5.927	497	709	3	19	29	7
111	1796	1220	1796	820	247848	138	0	138	138	138	348.794	718.793	6.423	7.862	2.310	8.338	348.790	718.794	6.423	338	710	3	22	20	7
112	1515	1150	1515	736	224220	148	0	148	148	148	453.957	724.975	5.819	7.686	2.462	7.889	453.953	724.975	5.819	445	713	3	20	22	7
113	1863	1490	1863	945	281313	151	0	151	151	151	702.493	726.692	6.032	8.880	3.306	8.680	702.495	726.690	6.032	686	715	3	31	23	7
114	1130	1036	1130	613	159330	141	0	141	141	141	472.136	722.066	5.850	7.035	2.415	7.223	472.135	722.066	5.850	464	711	3	17	28	7
115	1728	1272	1728	770	257472	149	0	149	149	149	526.907	724.402	5.828	7.926	2.639	8.088	526.906	724.403	5.828	517	710	3	20	25	7
116	1108	1032	1108	591	161768	146	0	146	146	146	615.606	725.352	6.000	6.958	2.273	7.033	615.602	725.352	6.000	605	716	3	21	20	7
117	209	262	209	142	29260	140	0	140	140	140	252.531	722.110	5.813	3.414	0.802	3.251	252.531	722.110	5.813	249	719	3	7	9	6
118	501	480	501	269	75150	150	0	150	150	150	565.090	727.455	5.515	4.723	1.129	4.681	565.091	727.455	5.515	560	722	3	11	14	6
119	3648	2620	3648	1676	536256	147	0	147	147	147	788.603	725.393	6.598	12.000	4.568	12.188	788.603	725.392	6.598	768	705	3	38	38	8
120	1684	1296	1684	824	244180	145	0	145	145	145	648.047	727.171	6.046	8.081	2.796	8.292	648.046	727.172	6.046	638	716	3	26	24	7
121	1610	1270	1610	789	231840	144	0	144	144	144	228.298	724.465	6.598	8.126	2.906	8.068	228.298	724.465	6.598	214	716	3	25	21	7
122	970	772	970	479	149380	154	0	154	154	154	243.393	728.913	5.880	6.267	1.859	6.216	243.392	728.913	5.880	238	719	3	13	20	7
123	725	674	725	413	113100	156	0	156	156	156	540.796	733.026	5.775	5.670	1.696	5.638	540.796	733.027	5.775	531	725	3	18	14	6
124	1982	1464	1982	901	307210	155	0	155	155	155	340.765	737.378	6.269	9.020	3.584	8.683	340.767	737.378	6.269	329	725	3	25	33	8
125	803	750	803	429	126071	157	0	157	157	157	588.787	734.067	6.107	6.201	2.231	5.962	588.785	734.067	6.107	577	728	3	24	11	7
126	1141	988	1141	585	181419	159	0	159	159	159	730.624	736.259	6.179	7.056	2.395	6.982	730.625	736.260	6.179	722	726	3	22	23	7
127	1698	1304	1698	847	275076	162	0	162	162	162	413.872	741.070	6.088	8.315	3.014	8.165	413.869	741.070	6.088	399	732	3	27	22	7
128	947	832	947	499	156255	165	0	165	165	165	485.298	738.628	5.661	6.365	2.042	6.469	485.296	738.628	5.661	477	732	3	21	17	6
129	652	616	652	350	106276	163	0	163	163	163	559.425	737.837	5.652	5.720	2.030	5.487	559.426	737.838	5.652	550	732	3	20	11	6
130	464	518	464	279	74240	160	0	160	160	160	310.922	734.787	5.511	4.907	1.612	5.016	310.922	734.787	5.511	306	728	3	13	15	6
131	1178	1052	1178	594	189658	161	0	161	161	161	679.143	737.884	6.211	6.989	2.237	7.077	679.141	737.884	6.211	668	729	3	24	18	7
132	1524	1176	1524	754	256032	168	0	168	168	168	455.106	744.887	5.694	7.662	2.503	7.995	455.106	744.886	5.694	443	736	3	26	21	6
133	727	662	727	404	120682	166	0	166	166	166	707.307	741.945	5.992	5.714	1.733	5.848	707.310	741.946	5.992	697	736	3	17	13	7
134	2292	1626	2292	984	407976	178	0	178	178	178	326.701	750.807	5.942	9.476	3.754	9.114	326.698	750.808	5.942	318	737	3	22	35	7
135	1878	1504	1878	934	332406	177	0	177	177	177	435.227	751.151	5.853	9.210	3.740	8.681	435.226	751.150	5.853	419	738	3	29	27	7
136	580	538	580	333	95120	164	0	164	164	164	717.771	738.140	6.259	5.351	1.835	5.025	717.771	738.140	6.259	715	729	3	7	20	7
137	1008	818	1008	511	171360	170	0	170	170	170	557.835	747.589	5.744	6.435	2.033	6.396	557.832	747.589	5.744	550	742	3	20	14	6
138	1111	916	1111	608	193314	174	0	174	174	174	542.600	749.311	5.934	6.960	2.376	6.787	542.604	749.311	5.934	537	740	3	15	22	7
139	1699	1288	1699	800	299024	176	0	176	176	176	525.737	746.687	6.177	7.886	2.470	8.215	525.737	746.687	6.177	511	737	3	25	19	7
140	1199	1030	1199	625	441232	368	0	368	368	368	269.925	746.565	6.346	7.768	3.113	7.521	269.925	746.564	6.346	260	736	3	25	19	7
141	1173	1054	1173	643	211140	180	0	180	180	180	603.277	750.850	5.957	7.304	2.551	7.238	603.273	750.849	5.957	595	739	3	23	19	7
142	1334	1060	1334	681	230782	173	0	173	173	173	497.861	747.612	5.934	7.351	2.359	7.514	497.859	747.610	5.934	489	737	3	18	21	7
143	990	878	990	531	182160	184	0	184	184	184	851.181	756.292	5.897	6.384	1.945	6.507	851.183	756.292	5.897	842	747	3	19	20	6
144	2811	1872	2811	1230	520035	185	0	185	185	185	402.605	758.510	6.287	9.859	3.263	9.951	402.604	758.512	6.287	386	743	3	32	27	8
145	2470	1776	2470	1149	464360	188	0	188	188	188	679.383	761.704	6.010	9.478	3.108	9.700	679.390	761.704	6.010	668	746	3	26	31	7
146	1339	1048	1339	678	250393	187	0	187	187	187	341.189	759.761	6.154	7.164	2.205	7.542	341.190	759.761	6.154	332	750	3	20	19	7
147	1042	910	1042	534	188602	181	0	181	181	181	309.369	757.767	6.304	6.534	2.024	6.491	309.368	757.767	6.304	304	748	3	14	21	8
148	2667	1976	2667	1299	533400	200	0	200	200	200	505.127	771.591	5.990	10.891	4.628	10.184	505.118	771.591	5.990	487	758	3	38	27	8
149	2517	1940	2517	1237	478230	190	0	190	190	190	814.968	763.027	6.198	10.040	3.779	10.111	814.973	763.026	6.198	797	750	3	31	32	7
150	1414	1094	1414	664	274316	194	0	194	194	194	468.739	767.591	5.709	7.164	2.100	7.493	468.736	767.591	5.709	459	758	3	19	21	7
151	1318	968	1318	564	258328	196	0	196	196	196	273.391	764.016	6.456	6.694	1.756	7.127	273.390	764.016	6.456	265	756	3	18	18	8
152	1075	880	1075	574	206400	192	0	192	192	192	605.245	763.281	5.913	7.001	2.551	6.704	605.245	763.281	5.913	593	759	3	26	10	7
153	1258	1044	1258	649	245310	195	0	195	195	195	747.510	765.494	6.564	7.569	2.895	7.239	747.511	765.495	6.564	734	754	3	25	20	7
154	1676	1280	1676	755	338552	202	0	202	202	202	859.423	771.689	6.080	7.607	2.289	7.997	859.420	771.689	6.080	848	761	3	23	22	7
155	465	408	465	255	92535	199	0	199	199	199	519.372	771.542	6.129	4.477	0.816	4.481	519.373	771.541	6.129	515	767	3	11	9	7
156	1023	912	1023	580	13299	13	0	13	13	13	401.022	774.256	5.874	7.294	2.880	7.068	401.022	774.256	5.874	387	770	3	30	13	7
157	1789	1342	1789	857	359589	201	0	201	201	201	578.390	777.885	5.892	8.331	2.899	8.239	578.389	777.885	5.892	561	767	3	27	21	7
158	4097	2576	4097	1803	839885	205	0	205	205	205	602.036	783.841	5.929	11.803	4.072	12.140	602.037	783.837	5.929	589	767	3	32	34	7
159	1401	1050	1401	666	285804	204	0	204	204	204	485.164	775.780	6.066	7.117	2.111	7.527	485.168	775.780	6.066	474	767	3	21	19	7
160	3228	2200	3228	1465	716616	222	0	222	222	222	750.388	788.689	5.882	10.707	3.630	10.972	750.389	788.689	5.882	739	774	3	31	30	7
161	715	636	715	386	147290	206	0	206	206	206	733.338	780.176	5.849	5.606	1.671	5.525	733.341	780.176	5.849	724	775	3	17	11	7
162	1616	1356	1616	848	328048	203	0	203	203	203	336.405	776.961	6.453	8.598	3.389	8.108	336.407	776.963	6.453	320	770	3	33	15	7
163	1424	1174	1424	716	296192	208	0	208	208	208	411.737	782.827	5.757	8.069	3.269	7.713	411.737	782.827	5.757	394	770	3	33	21	7
164	1587	1258	1587	802	22218	14	0	14	14	14	642.707	787.241	5.204	7.766	2.502	8.206	642.707	787.241	5.204	632	774	3	22	24	6
165	1884	1368	1884	906	389988	207	0	207	207	207	536.015	779.436	6.214	8.293	2.637	8.628	536.015	779.439	6.214	526	767	3	21	25	7
166	2456	1732	2456	1050	518216	211	0	211	211	211	289.623	788.066	6.143	9.687	3.588	9.711	289.624	788.066	6.143	274	777	3	33	24	7
167	1970	1452	1970	921	421580	214	0	214	214	214	338.738	792.211	6.268	9.173	3.628	8.921	338.741	792.211	6.268	321	784	3	32	21	8
168	4240	2656	4240	1789	945520	223	0	223	223	223	722.512	797.818	5.934	11.807	4.051	12.074	722.514	797.817	5.934	702	780	3	39	37	8
169	646	540	646	334	136952	212	0	212	212	212	582.639	791.310	5.930	5.128	1.098	5.054	582.638	791.309	5.930	578	787	3	12	12	7
170	819	668	819	378	314496	384	0	384	384	384	478.840	792.509	6.806	5.555	1.196	5.624	478.840	792.509	6.806	470	786	3	15	14	8
171	1460	1196	1460	704	319740	219	0	219	219	219	560.248	795.997	5.826	7.830	2.803	7.454	560.248	795.996	5.826	551	783	3	17	26	7
172	817	678	817	451	177289	217	0	217	217	217	571.936	795.874	5.875	6.132	2.100	5.726	571.936	795.875	5.875	568	788	3	9	21	7
173	1850	1232	1850	859	394050	213	0	213	213	213	498.462	791.153	6.516	8.064	2.506	8.367	498.461	791.152	6.516	489	781	3	20	28	7
174	1130	1108	1130	592	244080	216	0	216	216	216	452.385	796.222	5.893	7.327	2.864	6.977	452.385	796.223	5.893	439	788	3	24	22	7
175	1170	1034	1170	605	266760	228	0	228	228	228	591.503	803.683	5.858	7.162	2.437	7.262	591.500	803.683	5.858	581	791	3	23	22	7
176	558	474	558	309	122760	220	0	220	220	220	327.633	796.391	5.668	4.868	1.134	4.859	327.633	796.391	5.668	321	792	3	12	12	6
177	2228	1546	2228	1054	479020	215	0	215	215	215	381.252	794.114	6.582	9.308	3.419	9.130	381.253	794.114	6.582	364	779	3	29	27	7
178	1902	1408	1902	939	420342	221	0	221	221	221	402.932	796.706	6.060	8.735	3.133	8.613	402.931	796.707	6.060	392	787	3	29	20	7
179	974	856	974	502	221098	227	0	227	227	227	486.357	802.533	6.209	6.353	2.041	6.451	486.358	802.534	6.209	477	789	3	17	22	7
180	2338	2134	2338	1314	35070	15	0	15	15	15	652.296	809.374	5.435	10.644	4.262	10.741	652.303	809.374	5.435	637	797	3	40	30	6
181	2212	1788	2212	1072	508760	230	0	230	230	230	888.568	803.161	6.161	9.461	3.527	9.300	888.570	803.161	6.161	873	792	3	31	24	7
182	420	466	420	246	94500	225	0	225	225	225	547.576	802.707	6.019	4.775	1.507	4.808	547.575	802.707	6.019	543	796	3	11	14	6
183	2586	1934	2586	1304	584436	226	0	226	226	226	790.438	794.083	6.907	11.562	4.758	11.332	790.436	794.085	6.907	775	773	3	37	33	8
184	636	584	636	358	148824	234	0	234	234	234	611.720	805.395	5.987	5.441	1.737	5.388	611.718	805.395	5.987	604	800	3	18	10	7
185	1724	1286	1724	769	399968	232	0	232	232	232	318.838	807.541	6.612	7.717	2.259	8.018	318.838	807.541	6.612	308	797	3	23	23	8
186	3106	2198	3106	1484	754758	243	0	243	243	243	732.338	823.052	6.504	11.163	4.305	11.210	732.337	823.051	6.504	719	805	3	32	37	8
187	3174	1920	3174	1193	1228338	387	0	387	387	387	751.415	815.881	7.077	9.767	2.962	9.913	751.411	815.879	7.077	741	805	3	25	27	10
188	714	578	714	356	163506	229	0	229	229	229	870.329	804.099	6.500	5.383	1.360	5.377	870.329	804.099	6.500	863	798	3	14	12	7
189	2283	1820	2283	1196	538788	236	0	236	236	236	786.984	808.139	6.572	11.878	5.472	11.834	786.989	808.139	6.572	764	793	3	43	30	8
190	993	804	993	545	233355	235	0	235	235	235	816.792	807.482	6.108	6.483	2.028	6.579	816.792	807.484	6.108	808	800	3	18	15	7
191	1785	1322	1785	799	423045	237	0	237	237	237	338.870	815.315	6.052	7.803	2.319	8.259	338.869	815.316	6.052	328	806	3	23	21	7
192	1760	1162	1760	746	418880	238	0	238	238	238	420.047	814.306	6.354	7.626	2.101	8.056	420.049	814.305	6.354	412	803	3	18	23	7
193	964	744	964	512	233288	242	0	242	242	242	403.912	813.634	5.932	6.155	1.629	6.415	403.910	813.632	5.932	397	806	3	14	15	7
194	3121	2150	3121	1441	777129	249	0	249	249	249	387.792	821.243	6.325	11.343	4.398	11.167	387.792	821.244	6.325	375	804	3	24	38	7
195	1646	1200	1646	722	408208	248	0	248	248	248	479.990	820.987	6.317	7.575	2.244	7.811	479.994	820.988	6.317	469	810	3	23	21	8
196	2730	1952	2730	1257	682500	250	0	250	250	250	818.774	825.143	5.797	9.960	3.493	10.175	818.772	825.146	5.797	802	815	3	34	22	7
197	2094	1478	2094	925	531876	254	0	254	254	254	408.733	830.748	6.040	8.487	2.627	8.808	408.735	830.748	6.040	398	822	3	24	24	7
198	1610	1264	1610	777	413770	257	0	257	257	257	584.453	832.478	6.180	7.785	2.457	7.911	584.453	832.476	6.180	572	822	3	23	25	7
199	2420	1846	2420	1156	626780	259	0	259	259	259	467.515	836.291	6.167	10.188	4.195	9.965	467.515	836.289	6.167	454	817	3	28	31	7
200	2454	1708	2454	1107	660126	269	0	269	269	269	781.079	836.544	6.264	9.720	3.813	9.523	781.078	836.542	6.264	764	823	3	30	30	7
201	2655	1928	2655	1188	703575	265	0	265	265	265	622.641	839.876	6.208	9.872	3.505	9.968	622.642	839.876	6.208	610	829	3	31	23	8
202	2427	1784	2427	1109	648009	267	0	267	267	267	522.164	838.979	6.279	9.749	3.622	9.508	522.162	838.979	6.279	511	821	3	23	32	7
203	1450	1432	1450	796	377000	260	0	260	260	260	655.184	836.094	5.964	8.026	2.800	8.195	655.181	836.093	5.964	641	827	3	26	20	7
204	507	494	507	296	8112	16	0	16	16	16	672.158	838.201	5.353	4.881	1.297	4.904	672.158	838.201	5.353	666	833	3	13	10	6
205	1210	1018	1210	618	321860	266	0	266	266	266	490.474	840.779	5.983	7.017	2.143	7.010	490.472	840.781	5.983	482	829	3	21	19	7
206	842	794	842	463	222288	264	0	264	264	264	909.140	837.087	5.819	6.038	1.843	6.182	909.135	837.087	5.819	900	827	3	18	18	6
207	1686	1244	1686	833	667656	396	0	396	396	396	688.773	837.099	6.932	7.845	2.369	8.357	688.776	837.099	6.932	678	828	3	23	20	8
208	3847	2666	3847	1801	1065619	277	0	277	277	277	773.396	849.179	6.252	14.874	7.004	14.582	773.398	849.186	6.252	754	824	3	44	50	7
209	1915	1448	1915	934	528540	276	0	276	276	276	896.376	850.910	5.745	8.458	2.717	8.817	896.372	850.910	5.745	886	839	3	25	24	7
210	960	762	960	514	261120	272	0	272	272	272	598.934	845.939	6.420	6.615	2.401	6.234	598.934	845.939	6.420	586	842	3	23	10	7
211	1129	924	1129	560	305959	271	0	271	271	271	750.768	846.024	6.235	6.883	2.289	7.053	750.770	846.022	6.235	740	838	3	22	18	7
212	366	396	366	224	98820	270	0	270	270	270	576.904	846.311	6.410	4.255	1.113	4.307	576.906	846.312	6.410	573	842	3	9	12	7
213	551	528	551	311	9367	17	0	17	17	17	672.679	847.515	5.436	5.116	1.621	5.045	672.679	847.515	5.436	664	844	3	17	10	6
214	1410	1040	1410	674	384930	273	0	273	273	273	871.323	846.457	6.359	7.234	2.142	7.304	871.323	846.457	6.359	861	840	3	23	16	7
215	1129	1052	1129	600	449342	398	0	398	398	398	425.154	853.993	6.893	6.951	2.317	7.240	425.155	853.992	6.893	415	846	3	22	21	8
216	2335	1858	2335	1175	639790	274	0	274	274	274	802.150	846.606	6.095	9.722	3.579	9.796	802.148	846.607	6.095	790	834	3	29	29	7
217	1662	1168	1662	731	468684	282	0	282	282	282	475.004	857.273	5.942	7.470	2.077	7.964	475.002	857.274	5.942	465	848	3	21	21	7
218	1166	890	1166	562	326480	280	0	280	280	280	626.203	854.139	6.125	6.715	2.003	6.552	626.208	854.138	6.125	616	848	3	24	12	7
219	1973	1422	1973	934	566251	287	0	287	287	287	594.999	860.110	6.215	8.502	2.896	8.585	594.996	860.105	6.215	579	851	3	28	22	7
220	1317	1002	1317	644	375345	285	0	285	285	285	665.210	858.700	5.920	7.003	1.995	7.348	665.210	858.700	5.920	658	850	3	17	19	7
221	2843	1878	2843	1300	804569	283	0	283	283	283	738.235	859.027	5.830	10.169	3.512	10.216	738.236	859.028	5.830	722	843	3	31	29	7
222	370	424	370	228	103970	281	0	281	281	281	881.135	855.870	5.705	4.618	1.667	4.234	881.135	855.870	5.705	878	848	3	7	19	6
223	2616	1706	2616	1071	1038552	397	0	397	397	397	396.471	853.689	6.609	9.155	2.937	9.574	396.470	853.686	6.609	384	842	3	27	27	8
224	1781	1256	1781	843	505804	284	0	284	284	284	764.505	862.853	6.182	7.943	2.378	8.167	764.510	862.853	6.182	753	853	3	22	22	7
225	1976	1428	1976	926	576992	292	0	292	292	292	646.483	861.063	5.773	8.634	2.962	8.857	646.480	861.063	5.773	637	848	3	21	26	7
226	1537	1110	1537	684	450341	293	0	293	293	293	613.005	868.911	6.170	7.237	1.996	7.565	613.005	868.911	6.170	604	859	3	18	21	7
227	1273	984	1273	642	370443	291	0	291	291	291	628.808	868.485	5.757	7.006	2.168	7.103	628.808	868.486	5.757	619	861	3	19	19	7
228	467	414	467	260	137298	294	0	294	294	294	752.557	867.308	5.630	4.436	0.779	4.508	752.559	867.308	5.630	747	863	3	11	9	7
229	2535	1566	2535	1010	747825	295	0	295	295	295	575.723	870.216	6.273	8.770	2.522	9.290	575.724	870.216	6.273	563	858	3	25	26	7
230	1414	1190	1414	771	424200	300	0	300	300	300	721.189	875.567	5.905	8.200	3.034	8.099	721.193	875.567	5.905	708	866	3	26	25	7
231	1204	1156	1204	691	363608	302	0	302	302	302	502.506	873.834	5.921	7.526	2.971	7.585	502.507	873.833	5.921	493	856	3	20	29	6
232	2145	1474	2145	1007	649935	303	0	303	303	303	782.288	879.643	5.878	8.663	2.658	9.137	782.287	879.640	5.878	771	868	3	26	24	6
233	1292	990	1292	601	386308	299	0	299	299	299	696.270	877.236	6.159	6.900	1.879	7.137	696.271	877.235	6.159	688	866	3	17	21	7
234	2393	1626	2393	1084	720293	301	0	301	301	301	824.933	880.244	6.402	9.162	2.947	9.435	824.933	880.246	6.402	812	870	3	27	21	8
235	2076	1518	2076	945	637332	307	0	307	307	307	860.293	878.012	6.205	8.548	2.695	8.872	860.293	878.010	6.205	849	866	3	25	25	7
236	1093	1004	1093	585	332272	304	0	304	304	304	905.318	875.030	5.886	7.072	2.603	7.149	905.320	875.031	5.886	895	860	3	23	24	7
237	2320	1740	2320	1121	719200	310	0	310	310	310	705.419	890.298	6.252	9.692	3.599	9.806	705.421	890.297	6.252	692	870	3	26	35	7
238	631	698	631	384	11358	18	0	18	18	18	805.512	879.276	5.656	6.002	2.405	5.617	805.512	879.276	5.656	798	866	3	16	20	6
239	1680	1300	1680	815	527520	314	0	314	314	314	807.343	897.095	6.085	8.115	2.684	8.285	807.342	897.096	6.085	799	887	3	21	23	7
240	1423	1234	1423	774	27037	19	0	19	19	19	792.601	900.191	5.497	8.238	3.264	8.079	792.605	900.191	5.497	783	887	3	18	30	6
241	1134	894	1134	579	354942	313	0	313	313	313	834.086	897.616	6.346	6.990	2.454	6.702	834.085	897.615	6.346	829	886	3	13	25	8
242	2647	1720	2647	1124	825864	312	0	312	312	312	917.141	891.939	6.513	9.381	3.152	9.619	917.148	891.940	6.513	899	880	3	31	25	8
243	2813	2234	2813	1424	891721	317	0	317	317	317	749.391	907.189	5.815	11.054	4.268	10.824	749.392	907.182	5.815	732	892	3	35	25	7
244	2075	1590	2075	985	659850	318	0	318	318	318	719.096	907.283	5.962	9.102	3.450	8.955	719.099	907.287	5.962	701	895	3	31	22	7
245	1158	1024	1158	619	365928	316	0	316	316	316	774.273	897.965	6.216	7.399	2.765	7.036	774.277	897.966	6.216	763	889	3	23	19	7
246	286	316	286	179	5720	20	0	20	20	20	784.056	912.241	5.304	3.815	0.799	3.816	784.056	912.241	5.304	780	909	3	9	8	6
247	464	460	464	273	148016	319	0	319	319	319	772.239	911.847	5.761	4.824	1.473	4.724	772.241	911.848	5.761	768	904	3	11	13	6
248	532	578	532	350	11704	22	0	22	22	22	429.974	499.718	5.669	5.341	1.878	5.203	429.974	499.718	5.669	423	492	4	17	13	5
249	1497	1204	1497	742	37425	25	0	25	25	25	357.672	508.107	6.311	7.592	2.547	7.803	357.672	508.107	6.311	345	500	4	25	17	6
250	951	1048	951	541	24726	26	0	26	26	26	333.212	510.524	6.143	7.193	2.978	6.890	333.212	510.524	6.143	323	502	4	21	26	6
251	374	556	374	268	8976	24	0	24	24	24	312.722	509.896	5.995	5.013	1.901	5.005	312.722	509.896	5.995	304	505	4	18	12	6
252	205	308	205	138	66010	322	0	322	322	322	374.024	508.200	6.629	3.765	1.343	3.304	374.024	508.200	6.629	370	504	4	12	11	7
253	1476	1366	1476	772	41328	28	0	28	28	28	388.807	522.632	6.329	8.412	3.794	7.954	388.807	522.632	6.329	379	512	4	31	20	6
254	1020	984	1020	567	30600	30	0	30	30	30	345.334	522.938	6.528	6.681	2.179	6.721	345.334	522.938	6.528	337	514	4	17	21	6
255	567	512	567	298	184275	325	0	325	325	325	192.658	524.460	6.616	4.942	1.229	4.979	192.657	524.461	6.616	188	519	4	10	14	6
256	429	394	429	250	13299	31	0	31	31	31	288.205	524.156	6.503	4.353	0.855	4.393	288.205	524.156	6.503	282	520	4	11	9	6
257	724	710	724	383	236024	326	0	326	326	326	172.488	526.932	6.544	5.795	1.959	5.800	172.488	526.932	6.544	164	521	4	19	13	6
258	1716	1316	1716	810	562848	328	0	328	328	328	313.673	532.965	7.079	8.487	3.110	8.332	313.671	532.964	7.079	307	518	4	17	29	7
259	476	500	476	284	16184	34	0	34	34	34	277.441	532.771	6.290	4.859	1.468	4.773	277.441	532.771	6.290	271	527	4	12	13	6
260	1387	1098	1387	668	460484	332	0	332	332	332	271.037	551.692	6.919	7.182	2.180	7.522	271.039	551.692	6.919	262	540	4	19	23	7
261	893	878	893	511	297369	333	0	333	333	333	333.615	554.418	6.610	6.477	2.194	6.371	333.614	554.418	6.610	327	543	4	18	19	7
262	693	760	693	436	231462	334	0	334	334	334	232.143	556.678	6.573	6.151	2.272	6.076	232.144	556.678	6.573	222	546	4	17	22	7
263	204	312	204	147	67524	331	0	331	331	331	347.765	548.221	6.475	3.818	1.394	3.860	347.765	548.220	6.475	343	544	4	13	9	6
264	1059	806	1059	496	356883	337	0	337	337	337	183.308	564.877	6.775	6.330	1.706	6.408	183.307	564.877	6.775	176	554	4	14	21	7
265	2169	1638	2169	1076	741798	342	0	342	342	342	442.713	571.596	7.007	9.528	3.958	9.243	442.714	571.596	7.007	420	563	4	36	21	7
266	814	686	814	418	276760	340	0	340	340	340	376.744	573.423	6.824	5.776	1.545	5.839	376.743	573.422	6.824	369	567	4	15	15	7
267	842	700	842	425	288806	343	0	343	343	343	315.025	576.724	6.511	6.021	1.913	5.907	315.025	576.724	6.511	308	571	4	17	16	6
268	594	598	594	355	28512	48	0	48	48	48	352.992	578.773	6.288	5.265	1.533	5.349	352.992	578.773	6.288	346	573	4	15	12	6
269	541	544	541	304	186104	344	0	344	344	344	366.081	577.717	6.649	4.963	1.326	5.091	366.081	577.717	6.649	361	571	4	13	15	7
270	1038	810	1038	526	358110	345	0	345	345	345	327.138	584.100	6.729	6.686	2.351	6.489	327.137	584.099	6.729	316	577	4	24	12	7
271	825	758	825	457	286275	347	0	347	347	347	353.526	593.081	6.606	6.097	1.919	6.099	353.527	593.081	6.606	347	586	4	15	18	6
272	1354	1032	1354	638	473900	350	0	350	350	350	209.237	603.724	6.830	7.109	2.206	7.206	209.239	603.724	6.830	202	595	4	16	22	7
273	1354	1038	1354	692	471192	348	0	348	348	348	446.300	593.601	7.271	7.227	2.165	7.513	446.303	593.602	7.271	438	585	4	19	19	7
274	356	530	356	265	21716	61	0	61	61	61	246.952	609.542	5.862	5.182	2.365	4.857	246.952	609.542	5.862	236	603	4	19	14	5
275	1229	1032	1229	613	431379	351	0	351	351	351	187.595	613.785	6.710	6.984	2.318	7.132	187.596	613.787	6.710	178	605	4	24	18	6
276	886	794	886	442	311872	352	0	352	352	352	367.816	624.721	6.941	6.148	1.913	6.271	367.816	624.721	6.941	360	616	4	15	18	7
277	308	414	308	210	20636	67	0	67	67	67	198.104	627.208	5.864	4.380	1.477	4.274	198.104	627.208	5.864	192	621	4	12	13	5
278	1099	920	1099	526	387947	353	0	353	353	353	374.620	638.712	6.530	6.627	2.058	6.727	374.618	638.713	6.530	366	630	4	22	18	7
279	1639	1240	1639	778	580206	354	0	354	354	354	462.066	647.619	7.009	7.672	2.308	8.139	462.065	647.620	7.009	450	637	4	24	21	7
280	1562	1200	1562	697	556072	356	0	356	356	356	194.082	650.736	6.672	7.351	2.152	7.764	194.080	650.736	6.672	184	641	4	21	20	7
281	483	432	483	263	37191	77	0	77	77	77	342.944	648.505	6.366	4.596	1.007	4.657	342.944	648.505	6.366	337	644	4	12	9	6
282	1661	1416	1661	856	132880	80	0	80	80	80	348.479	660.010	6.518	8.875	3.578	8.555	348.479	660.010	6.518	337	644	4	24	35	6
283	524	534	524	309	40872	78	0	78	78	78	590.149	653.380	6.099	5.106	1.567	5.125	590.149	653.380	6.099	584	648	4	14	11	6
284	210	388	210	168	17640	84	0	84	84	84	282.833	662.214	6.252	4.879	1.610	5.004	282.833	662.214	6.252	279	654	4	10	15	6
285	431	458	431	260	39652	92	0	92	92	92	568.404	672.276	5.944	4.770	1.695	4.616	568.404	672.276	5.944	564	667	4	16	11	5
286	1186	968	1186	583	111484	94	0	94	94	94	199.782	675.105	6.546	6.744	1.973	7.050	199.782	675.105	6.546	191	666	4	19	19	6
287	787	762	787	477	6296	8	0	8	8	8	597.238	681.802	5.530	6.199	2.188	6.311	597.238	681.802	5.530	588	671	4	19	21	4
288	2438	1850	2438	1178	251114	103	0	103	103	103	698.860	687.979	6.356	9.703	3.446	9.693	698.862	687.979	6.356	684	673	4	27	29	6
289	825	756	825	424	83325	101	0	101	101	101	746.949	684.691	6.421	5.952	1.792	6.052	746.947	684.691	6.421	738	679	4	17	14	6
290	856	720	856	459	306448	358	0	358	358	358	681.176	684.872	6.620	6.007	1.771	5.973	681.178	684.871	6.620	675	676	4	13	19	6
291	250	394	250	199	26000	104	0	104	104	104	208.560	686.760	6.520	4.420	1.761	4.472	208.560	686.760	6.520	202	679	4	13	15	6
292	1267	1128	1267	689	144438	114	0	114	114	114	653.979	698.391	6.030	7.738	2.962	7.563	653.976	698.391	6.030	645	683	4	19	28	6
293	1249	912	1249	565	143635	115	0	115	115	115	347.311	701.524	6.491	6.676	1.865	6.943	347.313	701.524	6.491	336	693	4	21	16	6
294	1717	1268	1717	824	202606	118	0	118	118	118	676.588	703.137	6.198	8.177	2.759	8.209	676.593	703.136	6.198	665	694	4	27	19	6
295	1928	1518	1928	966	694080	360	0	360	360	360	566.750	704.508	6.993	9.024	3.561	8.911	566.743	704.508	6.993	556	691	4	28	26	7
296	866	820	866	483	105652	122	0	122	122	122	617.140	706.609	6.341	6.142	1.877	6.356	617.136	706.609	6.341	608	698	4	18	18	6
297	963	808	963	497	123264	128	0	128	128	128	372.036	714.076	6.028	6.177	1.864	6.390	372.036	714.076	6.028	363	707	4	19	17	6
298	614	624	614	351	82276	134	0	134	134	134	722.712	713.844	6.156	5.602	1.902	5.522	722.714	713.843	6.156	715	705	4	14	17	6
299	539	520	539	290	71687	133	0	133	133	133	680.417	715.135	6.249	5.137	1.673	4.970	680.415	715.135	6.249	672	712	4	19	9	6
300	927	770	927	466	140904	152	0	152	152	152	363.969	726.561	6.335	6.029	1.681	6.248	363.969	726.561	6.335	356	718	4	17	18	6
301	489	520	489	287	69927	143	0	143	143	143	687.951	723.188	6.376	5.014	1.732	5.013	687.953	723.188	6.376	678	718	4	17	12	6
302	673	656	673	387	102969	153	0	153	153	153	631.168	731.504	6.132	5.627	1.806	5.574	631.166	731.504	6.132	624	724	4	13	17	6
303	1466	1298	1466	770	530692	362	0	362	362	362	275.495	736.232	6.558	8.440	3.148	8.797	275.493	736.232	6.558	262	724	4	25	24	7
304	787	934	787	504	284107	361	0	361	361	361	380.363	734.404	6.809	7.705	3.674	7.114	380.362	734.405	6.809	367	729	4	31	13	7
305	507	526	507	285	184041	363	0	363	363	363	252.556	739.671	6.811	4.929	1.430	4.955	252.557	739.672	6.811	245	733	4	14	13	6
306	467	542	467	286	77989	167	0	167	167	167	300.959	740.193	6.471	5.296	2.060	5.135	300.960	740.193	6.471	296	730	4	11	18	6
307	1218	1138	1218	682	205842	169	0	169	169	169	582.660	747.640	6.157	8.360	3.561	8.055	582.658	747.639	6.157	567	740	4	31	25	6
308	1085	876	1085	556	397110	366	0	366	366	366	764.027	742.804	6.911	6.892	2.398	6.868	764.027	742.805	6.911	757	731	4	14	24	6
309	420	420	420	227	152880	364	0	364	364	364	289.640	742.050	7.010	4.390	0.951	4.298	289.640	742.050	7.010	286	736	4	9	13	7
310	896	814	896	470	154112	172	0	172	172	172	359.933	747.581	6.106	6.339	2.173	6.389	359.933	747.582	6.106	354	738	4	14	21	6
311	726	702	726	389	264990	365	0	365	365	365	376.523	743.844	6.708	5.818	1.948	5.613	376.523	743.844	6.708	367	739	4	21	11	6
312	550	576	550	292	96250	175	0	175	175	175	619.742	746.155	6.376	5.181	1.607	5.083	619.744	746.154	6.376	615	737	4	13	17	6
313	757	680	757	398	129447	171	0	171	171	171	842.775	744.740	6.359	5.665	1.662	5.815	842.777	744.739	6.359	834	738	4	18	14	6
314	788	742	788	443	289196	367	0	367	367	367	774.419	744.176	6.839	6.284	2.350	5.870	774.422	744.176	6.839	770	731	4	12	24	6
315	572	616	572	361	102388	179	0	179	179	179	696.435	750.773	6.114	5.845	2.329	5.456	696.437	750.773	6.114	688	745	4	20	11	5
316	750	666	750	410	137250	183	0	183	183	183	586.832	758.091	6.043	5.855	1.850	5.838	586.833	758.092	6.043	580	749	4	14	17	6
317	682	640	682	379	253022	371	0	371	371	371	389.711	752.538	6.831	5.833	2.126	5.514	389.712	752.539	6.831	379	743	4	16	17	7
318	751	730	751	423	136682	182	0	182	182	182	296.418	758.784	6.389	5.791	1.767	5.870	296.419	758.785	6.389	289	752	4	14	18	6
319	1970	1562	1970	983	734810	373	0	373	373	373	834.474	764.543	6.624	9.631	4.317	8.737	834.475	764.542	6.624	827	750	4	17	37	6
320	1121	904	1121	576	214111	191	0	191	191	191	530.833	762.904	6.434	6.740	2.149	6.650	530.835	762.900	6.434	520	756	4	22	14	6
321	929	856	929	518	347446	374	0	374	374	374	566.676	763.608	6.564	6.432	2.118	6.671	566.677	763.607	6.564	557	755	4	20	20	6
322	858	1030	858	556	159588	186	0	186	186	186	701.819	762.477	6.186	7.165	2.855	7.218	701.817	762.477	6.186	693	755	4	25	18	5
323	968	888	968	546	186824	193	0	193	193	193	763.593	767.011	6.066	6.427	2.027	6.753	763.591	767.011	6.066	757	758	4	16	19	6
324	342	490	342	235	64638	189	0	189	189	189	785.137	764.819	6.178	5.294	2.354	5.035	785.137	764.819	6.178	777	757	4	16	19	5
325	450	522	450	286	169200	376	0	376	376	376	550.240	767.722	6.627	5.143	1.853	4.916	550.240	767.722	6.627	546	760	4	11	19	6
326	282	332	282	178	55836	198	0	198	198	198	562.067	771.940	6.376	3.773	0.842	3.844	562.067	771.940	6.376	557	769	4	10	10	6
327	763	686	763	398	288414	378	0	378	378	378	372.963	780.371	6.771	5.801	1.854	5.768	372.962	780.372	6.771	362	774	4	21	13	7
328	1069	978	1069	538	405151	379	0	379	379	379	872.127	783.966	6.547	6.950	2.708	6.926	872.128	783.967	6.547	862	776	4	27	17	6
329	621	588	621	327	129789	209	0	209	209	209	464.754	784.919	6.462	5.201	1.344	5.292	464.753	784.919	6.462	459	778	4	14	14	6
330	497	580	497	309	104370	210	0	210	210	210	432.732	787.859	5.883	5.338	1.888	5.313	432.731	787.859	5.883	425	783	4	16	13	5
331	1038	910	1038	541	394440	380	0	380	380	380	686.030	784.262	6.934	6.496	1.990	6.745	686.033	784.262	6.934	678	775	4	19	20	6
332	425	452	425	263	162350	382	0	382	382	382	367.002	788.812	6.682	4.715	1.585	4.444	367.003	788.812	6.682	358	785	4	16	11	6
333	1023	918	1023	507	391809	383	0	383	383	383	820.724	791.282	7.100	6.440	1.963	6.560	820.722	791.279	7.100	813	780	4	17	19	7
334	205	302	205	158	45920	224	0	224	224	224	299.863	799.517	5.985	3.697	1.250	3.663	299.863	799.517	5.985	295	796	4	13	9	5
335	724	666	724	397	167244	231	0	231	231	231	504.243	806.525	6.517	5.463	1.458	5.813	504.244	806.526	6.517	498	800	4	15	15	6
336	516	506	516	301	120228	233	0	233	233	233	369.103	807.275	6.388	4.932	1.409	4.925	369.102	807.275	6.388	364	802	4	10	14	6
337	1363	1112	1363	666	526118	386	0	386	386	386	835.820	812.588	6.648	7.315	2.406	7.446	835.817	812.588	6.648	827	803	4	23	21	6
338	649	614	649	377	253110	390	0	390	390	390	709.022	813.173	6.545	5.559	1.818	5.499	709.022	813.172	6.545	703	806	4	12	17	6
339	1049	828	1049	520	252809	241	0	241	241	241	873.920	815.109	6.325	6.449	1.926	6.465	873.919	815.110	6.325	863	808	4	21	14	7
340	672	640	672	379	161280	240	0	240	240	240	611.318	814.650	6.103	5.753	1.968	5.410	611.318	814.650	6.103	603	811	4	19	12	6
341	607	648	607	352	237944	392	0	392	392	392	542.756	818.262	6.537	5.788	2.266	5.615	542.756	818.262	6.537	537	811	4	16	18	6
342	1908	1544	1908	995	746028	391	0	391	391	391	782.494	820.347	6.492	10.733	4.925	10.341	782.495	820.345	6.492	765	811	4	37	23	7
343	253	402	253	183	60467	239	0	239	239	239	446.925	813.126	6.439	5.033	2.198	4.621	446.926	813.126	6.439	438	808	4	19	10	5
344	1746	1376	1746	903	679194	389	0	389	389	389	691.295	818.018	6.680	8.289	2.735	8.457	691.295	818.019	6.680	678	808	4	26	21	6
345	485	552	485	322	118340	244	0	244	244	244	669.074	819.536	5.645	5.348	2.052	5.247	669.073	819.536	5.645	661	814	4	17	13	5
346	418	480	418	255	102410	245	0	245	245	245	550.404	822.251	6.194	4.837	1.731	4.801	550.403	822.252	6.194	545	815	4	12	15	6
347	1406	1080	1406	677	355718	253	0	253	253	253	896.113	825.665	6.265	7.236	2.206	7.593	896.112	825.666	6.265	886	817	4	22	19	6
348	705	734	705	429	176955	251	0	251	251	251	620.211	824.123	5.865	6.068	2.255	5.738	620.212	824.123	5.865	609	818	4	22	11	6
349	1428	1034	1428	701	365568	256	0	256	256	256	871.972	830.567	6.289	7.266	2.190	7.631	871.972	830.567	6.289	862	823	4	21	16	6
350	1119	1024	1119	586	440886	394	0	394	394	394	561.306	832.021	6.722	6.895	2.269	7.001	561.304	832.022	6.722	550	824	4	23	18	6
351	1221	1042	1221	658	319902	262	0	262	262	262	430.351	835.485	6.243	7.188	2.413	7.238	430.353	835.484	6.243	420	824	4	19	22	6
352	258	340	258	165	65790	255	0	255	255	255	361.240	829.888	5.868	3.927	1.225	3.752	361.241	829.888	5.868	356	825	4	12	10	5
353	896	748	896	449	235648	263	0	263	263	263	442.820	834.786	6.541	6.175	2.011	6.045	442.821	834.787	6.541	438	824	4	12	21	6
354	1021	754	1021	518	263418	258	0	258	258	258	600.696	834.642	6.396	6.278	1.695	6.428	600.694	834.642	6.396	592	828	4	17	13	6
355	1663	1278	1663	826	445684	268	0	268	268	268	543.215	843.542	6.324	8.021	2.593	8.212	543.219	843.542	6.324	533	833	4	24	23	6
356	557	592	557	364	220015	395	0	395	395	395	718.264	835.214	6.844	5.467	1.975	5.437	718.265	835.213	6.844	712	826	4	18	16	6
357	298	378	298	183	77778	261	0	261	261	261	364.856	837.235	6.141	4.333	1.505	4.282	364.855	837.235	6.141	357	833	4	15	9	6
358	2679	1748	2679	1140	1068921	399	0	399	399	399	559.358	855.694	6.498	9.437	3.178	9.725	559.358	855.693	6.498	547	843	4	27	30	7
359	3126	2210	3126	1516	872154	279	0	279	279	279	711.449	852.830	6.445	11.194	4.179	11.256	711.450	852.830	6.445	690	840	4	39	27	6
360	852	686	852	437	236856	278	0	278	278	278	492.164	852.628	6.406	6.072	1.916	5.960	492.166	852.629	6.406	483	848	4	20	12	6
361	1561	1258	1561	745	624400	400	0	400	400	400	448.187	864.887	6.646	7.643	2.431	8.000	448.186	864.886	6.646	438	854	4	20	22	6
362	1309	1042	1309	636	376992	288	0	288	288	288	826.966	862.196	6.412	7.293	2.564	7.188	826.966	862.196	6.412	813	851	4	25	18	6
363	357	404	357	227	102102	286	0	286	286	286	872.622	860.487	5.922	4.500	1.521	4.245	872.623	860.488	5.922	866	857	4	12	13	5
364	705	614	705	351	203745	289	0	289	289	289	688.316	863.641	6.471	5.397	1.438	5.403	688.316	863.640	6.471	683	856	4	12	17	6
365	282	338	282	183	81780	290	0	290	290	290	703.631	864.301	6.142	3.921	1.094	3.936	703.630	864.301	6.142	697	861	4	12	8	5
366	422	478	422	266	125334	297	0	297	297	297	913.159	866.692	6.090	4.908	1.700	4.933	913.158	866.692	6.090	908	859	4	11	15	5
367	410	482	410	257	121360	296	0	296	296	296	801.139	868.322	5.988	4.754	1.555	4.660	801.139	868.322	5.988	796	861	4	13	15	5
368	1079	862	1079	581	329095	305	0	305	305	305	741.128	880.124	6.196	6.700	2.059	6.649	741.126	880.125	6.196	735	870	4	13	22	6
369	889	742	889	484	272034	306	0	306	306	306	754.006	880.523	6.247	6.127	1.811	6.234	754.004	880.523	6.247	749	873	4	13	18	6
370	680	848	680	407	272680	401	0	401	401	401	668.996	881.060	6.746	6.223	2.324	6.253	668.997	881.060	6.746	657	872	4	24	19	7
371	326	372	326	219	100734	309	0	309	309	309	766.365	881.690	6.282	4.286	1.315	4.144	766.365	881.690	6.282	763	876	4	7	12	6
372	499	464	499	291	153692	308	0	308	308	308	728.729	886.960	6.281	4.780	1.261	4.811	728.727	886.960	6.281	723	882	4	11	13	6
373	1377	1312	1377	822	428247	311	0	311	311	311	854.938	903.244	5.871	8.591	3.472	8.417	854.939	903.244	5.871	849	888	4	20	29	6
374	1031	874	1031	551	414462	402	0	402	402	402	823.362	902.162	7.071	7.174	2.861	6.646	823.360	902.162	7.071	818	891	4	11	26	7
375	529	730	529	365	166635	315	0	315	315	315	868.773	897.537	6.157	6.603	3.184	6.307	868.773	897.537	6.157	861	891	4	23	16	6
376	666	604	666	392	268398	403	0	403	403	403	844.216	899.988	6.529	6.118	2.479	5.697	844.217	899.988	6.529	840	888	4	8	23	6
377	2600	2076	2600	1318	1050400	404	0	404	404	404	898.143	904.860	6.811	10.742	4.800	10.267	898.140	904.858	6.811	878	883	4	37	34	6
378	431	460	431	248	137920	320	0	320	320	320	812.411	912.274	6.429	4.544	1.310	4.551	812.411	912.274	6.429	806	906	4	14	11	6
379	160	232	160	114	51360	321	0	321	321	321	922.331	914.600	6.338	3.385	1.282	3.119	922.331	914.600	6.338	916	912	4	13	5	5
380	228	358	228	166	74556	327	0	327	327	327	453.557	524.610	7.057	4.265	1.788	4.348	453.557	524.610	7.057	449	516	5	9	16	5
381	250	346	250	169	82500	330	0	330	330	330	456.188	538.576	6.828	3.846	1.249	3.804	456.188	538.576	6.828	451	532	5	10	13	5
382	314	380	314	203	112098	357	0	357	357	357	681.503	670.885	6.748	4.193	1.304	4.166	681.503	670.885	6.748	676	666	5	13	10	5
383	157	296	157	128	56363	359	0	359	359	359	331.822	704.796	6.688	4.427	1.831	4.274	331.822	704.796	6.688	329	698	5	9	16	4
384	283	428	283	201	104427	369	0	369	369	369	789.664	751.735	6.534	5.019	2.130	4.917	789.663	751.735	6.534	783	747	5	16	15	4
385	431	592	431	287	161625	375	0	375	375	375	638.487	765.255	7.130	6.082	2.781	5.846	638.488	765.255	7.130	631	755	5	15	21	5
386	1637	1232	1637	835	623697	381	0	381	381	381	800.367	783.106	7.075	7.920	2.524	8.377	800.366	783.105	7.075	791	771	5	22	22	6
387	662	746	662	408	254870	385	0	385	385	385	672.792	796.630	6.579	5.730	1.841	5.962	672.791	796.631	6.579	665	789	5	18	16	5
388	549	568	549	328	215757	393	0	393	393	393	705.949	830.559	6.780	5.148	1.535	5.250	705.949	830.559	6.780	699	824	5	13	15	5
389	216	350	216	166	59400	275	0	275	275	275	847.625	849.518	6.500	4.091	1.613	3.874	847.625	849.519	6.500	843	844	5	11	15	4
