 	Volume (micron^3)	Surface (micron^2)	Nb of obj. voxels	Nb of surf. voxels	IntDen	Mean	StdDev	Median	Min	Max	X	Y	Z	Mean dist. to surf. (micron)	SD dist. to surf. (micron)	Median dist. to surf. (micron)	XM	YM	ZM	BX	BY	BZ	B-width	B-height	B-depth
1	42.635	89.296	259	161	9697227	37441.031	18681.504	31795.000	13147	65535	934.332	392.869	6.506	1.901	0.246	1.891	934.360	392.894	6.464	930	388	4	9	11	6
2	24.528	62.991	149	100	4903382	32908.605	17082.295	26084.000	13182	65535	878.517	198.114	6.416	1.627	0.265	1.636	878.478	198.123	6.368	874	195	5	10	7	4
3	22.388	61.886	136	101	3441756	25307.029	9971.800	24322.500	13236	49364	877.140	215.426	6.368	1.497	0.242	1.510	877.170	215.440	6.385	873	212	5	9	8	4
4	27.326	66.956	166	106	5799072	34934.168	17903.295	29166.000	13219	65535	955.386	225.018	7.012	1.705	0.289	1.672	955.341	224.986	6.931	952	222	5	8	7	5
5	34.404	74.401	209	141	7202751	34462.922	16507.453	30008.000	13523	65535	836.957	231.986	6.340	1.770	0.266	1.782	837.056	232.038	6.302	833	228	5	9	9	4
6	21.894	66.681	133	96	5275599	39666.156	18657.471	38105.000	13373	65535	899.827	229.767	7.609	1.672	0.430	1.674	899.675	229.891	7.562	896	227	5	9	6	6
7	25.351	71.232	154	102	5805222	37696.246	18890.205	32321.500	13155	65535	921.351	234.695	7.357	1.742	0.382	1.721	921.325	234.704	7.323	917	232	5	10	7	6
8	22.223	58.302	135	91	4542871	33650.895	17184.764	27978.000	13214	65535	984.919	252.674	6.763	1.601	0.297	1.572	984.946	252.711	6.729	982	250	5	7	7	5
9	22.717	64.439	138	94	4604280	33364.348	16684.654	29455.000	13157	65535	878.616	254.130	6.957	1.593	0.304	1.548	878.636	254.153	6.894	876	250	5	7	9	5
10	20.412	56.094	124	99	3330925	26862.299	10041.782	24930.500	13247	54376	859.137	266.202	6.815	1.451	0.307	1.411	859.222	266.068	6.790	855	263	5	9	8	4
11	29.631	71.263	180	133	4851847	26954.705	9974.822	24858.500	13157	53489	905.189	271.533	6.161	1.609	0.290	1.625	905.125	271.572	6.178	900	267	5	10	10	4
12	18.437	59.162	112	100	2524967	22544.348	6595.670	21676.500	13219	39897	959.375	300.232	6.375	1.445	0.497	1.538	959.287	300.183	6.392	954	298	5	11	6	4
13	25.680	64.680	156	104	5158783	33069.121	16394.939	29367.500	13142	65535	908.795	304.609	7.192	1.665	0.299	1.673	908.751	304.702	7.115	905	302	5	9	6	5
14	38.190	87.435	232	149	8301490	35782.285	17637.279	32770.000	13142	65535	775.112	320.716	6.931	1.916	0.344	1.970	775.179	320.594	6.890	770	318	5	12	8	5
15	22.223	62.509	135	94	4450735	32968.406	15968.102	30080.000	13179	65535	904.200	340.607	7.007	1.607	0.350	1.597	904.191	340.756	6.958	901	336	5	7	9	5
16	45.598	90.604	277	184	8948571	32305.311	14828.283	28352.000	13206	65535	962.560	346.538	6.343	1.945	0.352	1.934	962.652	346.779	6.305	958	341	5	9	12	4
17	37.697	84.330	229	155	6643497	29010.904	14189.785	24337.000	13159	65535	1011.677	362.445	6.533	1.798	0.237	1.804	1011.702	362.693	6.555	1007	357	5	10	11	4
18	19.424	55.164	118	89	3366421	28528.992	13513.412	25240.500	13153	65535	669.220	365.644	7.034	1.413	0.234	1.397	669.277	365.517	7.001	666	363	5	8	7	5
19	33.087	76.643	201	131	6970648	34679.840	16339.142	33439.000	13387	65535	875.403	367.114	6.945	1.797	0.297	1.838	875.376	367.113	6.908	871	363	5	10	8	5
20	41.812	92.123	254	162	8557375	33690.453	16310.999	29611.500	13478	65535	898.689	371.201	7.150	1.935	0.377	1.935	898.671	371.183	7.141	893	368	5	12	8	5
21	42.470	88.777	258	168	8232791	31910.043	14463.434	28048.000	13212	65535	915.384	372.353	6.663	1.868	0.256	1.892	915.367	372.302	6.678	910	368	5	11	10	5
22	49.055	101.329	298	182	11221388	37655.664	18860.016	31872.500	13131	65535	966.654	378.084	7.007	2.091	0.386	2.091	966.662	378.003	6.979	960	375	5	14	8	5
23	31.277	78.333	190	123	6565608	34555.832	17041.527	29327.500	13154	65535	837.774	394.653	7.358	1.788	0.314	1.776	837.799	394.676	7.286	833	391	5	10	9	5
24	34.075	77.540	207	132	7985795	38578.719	18131.969	35757.000	13261	65535	660.135	416.966	7.401	1.790	0.238	1.775	660.078	416.931	7.423	656	413	5	9	9	6
25	26.832	66.956	163	102	5713558	35052.504	18062.928	29745.000	13137	65535	853.368	424.153	7.098	1.697	0.272	1.673	853.280	424.174	7.081	850	421	5	8	7	5
26	36.709	85.160	223	143	7756392	34782.027	18087.113	28546.000	13150	65535	834.834	452.659	7.283	1.869	0.298	1.844	834.795	452.734	7.295	830	448	5	11	9	5
27	38.026	85.745	231	143	8378665	36271.277	18559.926	31922.000	13192	65535	746.675	486.117	6.732	1.878	0.274	1.878	746.732	486.010	6.725	742	482	5	10	9	5
28	65.681	140.223	399	215	12554311	31464.439	14512.981	28034.000	13174	65535	859.088	508.649	8.206	2.596	0.752	2.733	859.169	508.608	8.118	853	504	5	13	10	8
29	58.438	134.527	355	252	10911030	30735.295	13439.106	28078.000	13147	65535	682.806	516.273	7.023	2.378	0.846	2.336	682.662	516.821	6.992	677	507	5	12	19	5
30	41.647	95.125	253	148	10439588	41263.195	19940.205	41234.000	13235	65535	659.067	546.751	7.300	2.020	0.356	2.031	659.096	546.704	7.290	655	543	5	10	9	6
31	35.886	79.367	218	139	8488148	38936.457	18575.766	34265.500	13162	65535	554.950	673.335	7.381	1.827	0.257	1.805	554.974	673.324	7.359	551	670	5	9	8	6
32	31.771	73.642	193	144	6337658	32837.605	12711.622	31894.000	13195	65535	644.295	676.207	7.000	1.654	0.342	1.661	644.223	676.067	6.960	641	671	5	8	11	5
33	44.775	96.811	272	176	9250341	34008.605	16017.432	32597.500	13146	65535	630.456	681.871	7.022	1.928	0.270	1.960	630.488	681.826	6.974	626	677	5	10	11	5
34	41.318	89.537	251	166	8669367	34539.312	16818.846	30613.000	13150	65535	594.279	694.876	7.367	1.898	0.305	1.867	594.314	695.121	7.290	590	689	5	9	12	5
35	37.697	85.641	229	143	8444329	36874.801	17968.373	33626.000	13190	65535	655.402	717.821	7.223	1.847	0.239	1.856	655.356	717.748	7.190	651	714	5	10	10	5
36	26.503	67.575	161	114	4085006	25372.709	9004.949	24989.000	13150	50380	867.764	226.205	7.217	1.594	0.257	1.601	867.751	226.162	7.174	864	222	6	8	10	4
37	18.437	54.233	112	83	3058051	27304.027	10643.410	24605.000	13406	63908	777.750	231.545	7.964	1.455	0.319	1.444	777.726	231.513	8.006	774	229	6	8	6	5
38	9.218	34.547	56	50	1640566	29295.822	11685.389	28248.000	13718	62167	1011.536	284.625	7.000	1.197	0.341	1.185	1011.659	284.665	6.997	1010	281	6	4	8	3
39	3.622	22.065	22	22	373048	16956.727	3176.966	16146.500	13189	25685	890.773	290.227	6.818	0.824	0.318	0.807	890.746	290.177	6.830	888	288	6	6	6	2
40	5.432	22.962	33	31	682018	20667.213	4810.928	19702.000	13207	31491	989.758	290.182	7.333	0.896	0.233	0.866	989.816	290.162	7.371	988	289	6	5	4	3
41	37.367	82.573	227	147	8055133	35485.168	17000.244	31375.000	13286	65535	746.405	297.727	7.656	1.833	0.264	1.822	746.426	297.800	7.658	742	293	6	9	10	5
42	15.638	47.785	95	76	2181965	22968.053	8020.455	20876.000	13218	50141	857.905	299.032	6.958	1.304	0.216	1.289	857.916	299.061	6.950	854	295	6	8	8	3
43	28.807	66.989	175	119	5799544	33140.250	15490.385	29632.000	13314	65535	929.737	306.566	7.457	1.689	0.267	1.689	929.712	306.496	7.437	927	302	6	7	10	4
44	22.717	58.095	138	96	5056805	36643.516	17760.531	32481.000	13479	65535	866.225	350.116	7.536	1.602	0.259	1.601	866.175	350.154	7.550	863	347	6	8	7	4
45	3.292	17.066	20	20	306399	15319.950	2108.430	14736.500	13256	22624	868.100	356.200	6.750	0.772	0.296	0.754	868.138	356.200	6.767	865	355	6	6	4	2
46	23.375	65.266	142	101	4115671	28983.598	12340.956	26946.000	13366	64780	804.000	360.634	7.282	1.606	0.327	1.627	804.018	360.549	7.227	800	357	6	9	9	4
47	21.894	63.439	133	93	3742095	28136.053	12332.908	25938.000	13156	62320	975.602	371.624	7.707	1.581	0.334	1.608	975.581	371.705	7.745	970	368	6	11	7	4
48	33.417	79.160	203	137	5736118	28256.738	12234.886	23967.000	13180	55590	859.793	374.429	7.635	1.794	0.347	1.766	859.745	374.364	7.654	854	371	6	12	8	4
49	3.128	16.929	19	17	338953	17839.631	4130.463	16693.000	13479	28486	791.947	381.526	7.263	0.785	0.215	0.770	791.953	381.514	7.262	791	380	6	3	4	3
50	14.321	46.165	87	69	2171495	24959.713	8074.622	24289.000	13702	47007	856.253	395.701	6.977	1.315	0.295	1.299	856.240	395.689	6.983	852	393	6	9	7	3
51	21.564	58.784	131	92	3960909	30235.947	14168.028	27248.000	13171	65535	697.641	419.679	7.656	1.531	0.246	1.569	697.538	419.715	7.680	693	417	6	10	6	4
52	38.355	89.296	233	156	7617303	32692.287	15388.788	29614.000	13484	65535	589.296	447.391	7.841	1.857	0.383	1.854	589.334	447.295	7.859	586	442	6	8	12	5
53	37.203	81.710	226	169	6978021	30876.199	11356.086	29752.500	13182	64116	655.195	449.407	7.071	1.752	0.377	1.773	655.251	449.366	7.043	651	444	6	9	11	4
54	25.351	68.335	154	103	5011422	32541.701	15496.867	29236.000	13157	65535	577.390	452.643	7.851	1.612	0.268	1.580	577.471	452.627	7.879	573	449	6	9	8	5
55	41.977	93.813	255	159	8644999	33901.957	16950.289	31493.000	13144	65535	562.510	472.388	7.933	1.979	0.362	2.017	562.436	472.310	7.940	559	467	6	9	12	5
56	21.400	56.957	130	92	4124702	31728.477	15397.257	27291.500	13782	65535	704.177	476.354	7.615	1.532	0.233	1.556	704.158	476.400	7.626	700	474	6	9	7	4
57	28.643	73.230	174	118	5534003	31804.615	15898.954	28502.500	13233	65535	598.592	485.690	8.224	1.712	0.317	1.719	598.640	485.655	8.226	596	481	6	6	11	5
58	27.161	66.541	165	115	4821692	29222.375	13286.203	26476.000	13146	65535	693.242	495.752	7.224	1.609	0.255	1.640	693.201	495.747	7.154	689	492	6	9	9	4
59	29.466	74.023	179	124	5520981	30843.469	13234.507	27454.000	13143	65535	616.503	502.168	7.313	1.781	0.381	1.765	616.636	502.006	7.274	612	498	6	9	10	4
60	36.051	76.677	219	145	7974702	36414.164	17712.639	31344.000	13428	65535	653.621	515.539	7.438	1.815	0.282	1.815	653.630	515.439	7.409	650	511	6	8	11	4
61	23.046	58.336	140	95	4167131	29765.221	13820.279	25001.500	13351	65535	620.479	531.864	7.514	1.572	0.230	1.594	620.490	531.857	7.494	618	528	6	6	9	4
62	11.852	38.372	72	72	1392991	19347.098	3855.363	19305.000	13323	27286	712.069	531.694	6.542	1.108	0.319	1.114	712.047	531.733	6.576	709	528	6	7	8	2
63	32.923	84.574	200	126	6610799	33053.996	16808.457	27247.000	13148	65535	736.180	535.125	8.130	1.874	0.389	1.951	736.184	535.164	8.158	732	530	6	9	11	5
64	37.038	85.330	225	159	6963193	30947.525	13262.879	29405.000	13314	61339	554.911	547.267	7.218	1.799	0.352	1.787	554.901	547.171	7.186	551	542	6	8	12	4
65	22.717	76.747	138	117	3138025	22739.312	6427.939	22598.000	13172	36479	489.514	553.804	7.688	1.735	0.605	1.722	489.514	553.819	7.685	487	547	6	6	13	4
66	29.137	71.781	177	123	4821335	27239.182	11045.167	24836.000	13132	59700	755.000	553.339	7.785	1.669	0.320	1.708	755.048	553.337	7.822	750	550	6	10	8	5
67	34.404	88.536	209	158	4633677	22170.703	6595.963	21737.000	13218	38349	714.933	557.789	7.234	1.719	0.409	1.735	714.791	557.873	7.286	711	553	6	9	11	4
68	25.351	67.093	154	106	4602722	29887.805	13877.155	25717.500	13295	64823	604.675	570.864	7.571	1.632	0.278	1.636	604.692	570.855	7.560	601	566	6	8	10	4
69	16.955	56.198	103	86	2144692	20822.252	6599.813	19396.000	13135	40889	746.981	577.534	6.971	1.502	0.473	1.411	746.896	577.573	6.935	741	574	6	12	7	3
70	22.717	61.716	138	90	4524741	32787.977	17039.611	27599.500	13169	65535	735.029	584.007	8.145	1.623	0.311	1.551	734.970	583.982	8.177	732	581	6	7	7	5
71	28.972	72.748	176	110	6131072	34835.637	18456.531	28699.500	13174	65535	623.619	588.318	8.023	1.756	0.304	1.787	623.668	588.257	8.023	620	584	6	8	10	5
72	19.095	61.886	116	102	2405076	20733.414	5278.210	19857.000	13206	35278	761.241	592.069	7.603	1.427	0.425	1.486	761.026	591.967	7.610	757	589	6	10	8	4
73	32.594	73.886	198	121	7463076	37692.305	18703.455	33479.000	13290	65535	484.924	610.934	8.247	1.826	0.294	1.781	484.914	610.934	8.307	481	608	6	9	7	5
74	3.951	26.101	24	24	595830	24826.250	11702.839	19284.500	13160	49674	446.083	621.708	7.708	1.009	0.400	1.012	445.999	621.759	7.678	445	619	6	3	6	4
75	21.564	60.300	131	103	3051929	23297.168	8089.042	21684.000	13149	46229	686.237	646.397	6.908	1.534	0.415	1.448	686.191	646.366	6.851	681	643	6	11	9	3
76	72.924	166.836	443	281	13768904	31081.047	14709.534	27633.000	13149	65535	556.065	649.772	10.670	3.146	1.152	3.307	555.940	649.962	10.878	548	644	6	16	12	10
77	34.404	83.262	209	147	5825186	27871.703	11564.238	24636.000	13152	65026	584.282	656.402	7.742	1.865	0.485	1.787	584.276	656.516	7.745	581	649	6	7	14	4
78	14.321	44.027	87	70	2005236	23048.689	8431.109	20097.000	13304	50080	661.782	673.368	6.943	1.259	0.197	1.260	661.752	673.307	6.903	659	670	6	7	8	3
79	49.878	96.604	303	186	11310547	37328.539	17862.918	31216.000	13302	65535	557.482	723.304	7.512	1.992	0.273	2.007	557.650	723.343	7.506	552	718	6	11	11	5
80	34.240	73.264	208	137	7160025	34423.195	17010.979	28537.500	13169	65535	602.274	736.851	7.428	1.763	0.225	1.774	602.288	736.812	7.422	599	732	6	8	10	4
81	18.766	62.679	114	94	2197194	19273.631	5216.081	17564.500	13268	36841	619.947	755.904	7.114	1.379	0.380	1.413	619.935	755.991	7.122	617	751	6	8	10	3
82	35.886	88.365	218	144	5990041	27477.252	11507.308	25475.000	13198	55225	590.839	775.982	7.394	1.836	0.336	1.795	590.567	775.914	7.322	586	772	6	11	9	5
83	2.140	12.411	13	13	190683	14667.923	1152.788	14211.000	13409	17295	980.154	131.077	7.000	0.589	0.253	0.569	980.132	131.060	7.000	979	129	7	4	5	1
84	31.935	75.506	194	121	6511044	33562.082	15300.469	30662.000	13239	65535	976.021	224.789	9.278	1.765	0.234	1.752	976.002	224.853	9.250	972	221	7	9	9	5
85	12.181	43.475	74	68	1383814	18700.189	4382.276	17955.500	13195	30990	962.365	273.365	7.730	1.201	0.328	1.221	962.269	273.410	7.732	959	270	7	8	7	3
86	29.137	73.471	177	118	5320685	30060.367	14317.470	26245.000	13139	65535	761.746	342.610	9.096	1.690	0.311	1.683	761.644	342.525	9.047	758	339	7	10	8	5
87	17.120	66.367	104	104	1785403	17167.336	2932.063	16313.000	13142	25087	998.577	370.490	7.904	1.692	0.596	1.787	998.507	370.261	7.870	995	365	7	9	13	3
88	40.166	90.607	244	144	8949107	36676.668	18321.033	33690.500	13159	65535	958.807	420.152	9.520	1.945	0.302	1.880	958.829	420.152	9.480	954	416	7	10	9	6
89	30.289	73.471	184	135	5257039	28570.863	11365.871	25973.500	13283	55580	700.908	445.522	8.804	1.732	0.388	1.771	700.953	445.442	8.801	696	442	7	11	8	4
90	14.486	47.648	88	72	1799984	20454.363	5821.669	18803.500	13138	34456	724.318	497.670	8.443	1.308	0.328	1.303	724.317	497.584	8.443	722	495	7	6	7	4
91	33.087	77.058	201	123	7381295	36722.859	18492.197	30942.000	13211	65535	821.124	507.139	9.801	1.859	0.319	1.886	821.076	507.173	9.783	818	503	7	7	9	6
92	12.346	37.924	75	75	1490893	19878.574	4211.473	19309.000	13133	30475	597.867	510.867	7.533	1.121	0.337	1.083	597.893	510.934	7.543	595	507	7	7	9	2
93	33.581	90.089	204	149	4839751	23724.270	9418.562	20779.500	13270	53193	711.186	518.088	9.181	1.807	0.410	1.804	711.085	518.367	9.277	707	514	7	11	9	5
94	11.852	39.925	72	60	1401458	19464.695	4069.543	18980.000	13527	31068	863.972	521.431	7.958	1.205	0.250	1.238	863.970	521.415	7.977	861	518	7	7	7	3
95	13.498	39.476	82	66	1888828	23034.488	6363.642	22904.000	13248	37887	730.183	576.500	8.134	1.231	0.179	1.244	730.175	576.515	8.146	727	574	7	7	6	3
96	9.877	33.547	60	49	1218876	20314.600	5439.844	18748.000	13306	35245	759.433	579.967	7.967	1.121	0.161	1.102	759.399	579.957	7.954	757	577	7	6	7	3
97	8.066	30.823	49	43	950426	19396.449	5251.132	18837.000	13686	34642	519.694	581.306	8.204	1.028	0.202	1.019	519.718	581.347	8.189	517	579	7	6	6	3
98	30.124	78.678	183	121	6004761	32812.902	14067.943	33450.000	13198	65535	762.836	612.896	8.929	1.740	0.342	1.769	762.842	612.861	8.960	759	609	7	9	9	5
99	16.791	48.233	102	81	2806689	27516.559	10499.301	25314.500	13465	58251	525.922	616.510	8.029	1.357	0.278	1.306	525.916	616.460	8.021	522	614	7	9	6	3
100	9.218	31.167	56	45	1094602	19546.465	4327.093	18347.500	13188	27910	604.554	620.125	7.964	1.109	0.152	1.101	604.556	620.140	7.950	602	618	7	6	5	3
101	21.235	59.507	129	106	2885512	22368.311	6509.063	20291.000	13602	39939	434.395	645.333	8.109	1.464	0.350	1.448	434.374	645.294	8.109	430	641	7	10	9	3
102	13.498	40.614	82	68	1901825	23192.988	7861.272	21679.000	13200	44924	467.829	668.085	7.890	1.235	0.218	1.233	467.779	668.247	7.910	465	665	7	6	7	3
103	31.771	74.368	193	126	6418035	33254.066	16657.006	26752.000	13180	65535	709.368	677.347	8.539	1.751	0.247	1.725	709.353	677.435	8.539	705	674	7	11	8	4
104	32.594	75.713	198	121	7553030	38146.617	20005.434	32746.500	13140	65535	516.399	684.157	9.020	1.824	0.277	1.858	516.444	684.167	9.017	513	680	7	8	9	5
105	26.503	67.782	161	110	4826708	29979.553	14197.673	25606.000	13317	65535	676.348	704.826	8.335	1.639	0.247	1.651	676.359	704.924	8.314	673	700	7	8	10	4
106	47.409	132.600	288	218	7821840	27159.166	11111.977	24602.500	13202	60019	572.767	716.174	9.948	2.720	0.987	2.891	572.591	716.154	9.888	565	713	7	19	8	8
107	16.297	47.889	99	78	2606739	26330.697	10174.807	24052.000	13182	53604	539.566	721.151	8.010	1.315	0.216	1.321	539.568	721.129	7.985	537	717	7	7	9	3
108	13.005	38.753	79	60	2381121	30140.771	12827.743	26185.000	14385	57819	506.911	735.253	8.709	1.309	0.272	1.300	506.892	735.285	8.719	505	733	7	5	6	4
109	13.169	41.822	80	59	2290832	28635.400	12816.389	25607.500	13150	59285	506.913	743.263	8.212	1.311	0.260	1.262	506.909	743.270	8.239	505	740	7	5	7	4
110	5.761	28.376	35	35	1087843	31081.229	15214.834	25136.000	13166	63170	1004.686	98.114	9.629	1.097	0.411	1.071	1004.752	98.172	9.618	1004	95	8	2	7	4
111	42.800	91.849	260	153	10106560	38871.383	19319.121	33570.500	13331	65535	898.742	155.350	10.977	2.029	0.355	2.081	898.705	155.385	10.936	893	152	8	12	7	6
112	3.786	19.101	23	23	382861	16646.131	2661.088	16611.000	13558	23700	874.696	169.609	8.391	0.787	0.227	0.746	874.671	169.618	8.365	873	168	8	5	5	2
113	5.926	25.582	36	35	620724	17242.334	3419.495	16831.500	13178	26033	867.500	182.583	8.806	0.903	0.268	0.924	867.583	182.673	8.829	865	181	8	5	4	3
114	44.117	106.295	268	177	7947398	29654.471	15362.168	23854.000	13191	65535	881.828	186.608	10.892	2.098	0.590	2.058	881.883	186.278	11.057	878	182	8	9	11	6
115	24.528	63.439	149	98	4879307	32747.027	16215.782	28227.000	13159	65535	839.691	191.074	10.362	1.620	0.220	1.617	839.611	191.089	10.331	836	188	8	8	8	5
116	34.569	77.885	210	125	6454327	30734.891	15649.645	25369.500	13131	65535	947.795	260.700	9.924	1.865	0.265	1.869	947.868	260.672	9.943	944	257	8	8	9	5
117	12.017	41.614	73	59	1761319	24127.658	9324.964	21932.000	13460	52513	717.233	279.904	9.096	1.225	0.236	1.213	717.240	280.018	9.129	714	277	8	7	7	4
118	3.457	20.135	21	20	347735	16558.809	2876.738	16095.000	13406	26306	967.095	322.000	8.905	0.793	0.329	0.851	967.092	321.920	8.906	965	319	8	5	7	3
119	36.709	83.299	223	135	8539229	38292.508	19268.621	33222.000	13152	65535	664.067	336.363	10.135	1.943	0.347	1.923	664.083	336.322	10.151	661	332	8	8	9	6
120	2.963	15.239	18	18	309100	17172.223	3143.687	16017.500	13284	23798	686.278	384.611	8.333	0.694	0.165	0.709	686.252	384.609	8.282	685	383	8	4	4	2
121	1.811	12.170	11	11	173231	15748.272	1970.200	15901.000	13257	19266	736.909	389.273	8.091	0.590	0.252	0.551	736.892	389.251	8.080	736	387	8	3	5	2
122	23.540	62.197	143	95	4315927	30181.309	14199.671	24277.000	13226	65535	603.105	394.434	9.531	1.629	0.272	1.622	603.144	394.375	9.538	600	391	8	8	9	4
123	51.030	102.018	310	184	10153902	32754.523	16148.646	28377.500	13164	65535	974.110	403.290	10.706	2.071	0.294	2.102	974.059	403.090	10.709	969	399	8	11	10	6
124	7.078	26.513	43	43	748319	17402.768	3394.591	16572.000	13208	27535	781.326	555.465	8.512	0.931	0.263	0.871	781.318	555.328	8.475	780	553	8	4	7	2
125	37.532	84.711	228	137	8012051	35140.574	17552.822	32046.500	13140	65535	685.140	574.206	10.088	1.894	0.254	1.895	685.156	574.202	10.092	681	570	8	10	9	5
126	12.181	37.649	74	60	1700561	22980.555	6771.886	22549.500	13157	36080	720.270	579.878	8.932	1.190	0.161	1.201	720.303	579.921	8.886	717	577	8	7	6	3
127	6.914	26.961	42	42	935596	22276.096	5408.015	22068.500	13247	32978	720.810	595.476	8.524	0.929	0.277	0.902	720.841	595.333	8.514	719	593	8	5	7	2
128	12.017	39.821	73	63	1487647	20378.727	4722.510	19616.000	13652	31591	595.466	629.863	8.781	1.156	0.270	1.180	595.478	629.863	8.784	593	627	8	6	7	3
129	17.943	46.647	109	86	2870666	26336.385	9520.670	24491.000	13243	53904	628.028	640.211	8.982	1.346	0.199	1.333	628.095	640.266	8.953	625	637	8	7	7	3
130	9.877	32.787	60	60	1205868	20097.801	4072.557	20051.500	13186	27839	508.650	665.250	8.550	1.062	0.337	1.048	508.675	665.235	8.571	506	662	8	6	8	2
131	9.218	34.132	56	53	1003448	17918.715	3278.585	17275.500	13194	24044	507.607	674.929	9.375	1.050	0.274	1.051	507.562	674.935	9.338	505	672	8	6	7	3
132	40.660	107.292	247	180	5828532	23597.295	9622.202	20744.000	13232	60815	610.526	710.692	9.903	2.024	0.592	2.067	610.841	710.836	9.757	603	705	8	13	12	5
133	30.124	71.748	183	112	6082297	33236.594	16706.586	28956.000	13150	65535	574.721	769.694	10.137	1.752	0.257	1.737	574.697	769.700	10.098	571	766	8	8	8	5
134	5.103	26.513	31	30	497119	16036.097	2138.157	16334.000	13128	20241	919.581	175.613	10.097	0.933	0.351	1.016	919.580	175.570	10.086	918	173	9	5	7	3
135	35.721	80.401	217	136	7503194	34576.930	16109.572	31152.000	13197	65535	800.424	250.622	11.263	1.826	0.241	1.848	800.390	250.517	11.258	796	247	9	10	9	5
136	8.725	34.269	53	53	988200	18645.283	3920.062	18031.000	13259	28668	843.151	347.585	9.698	1.025	0.306	1.051	843.213	347.608	9.733	840	345	9	7	7	3
137	32.758	90.296	199	148	4473277	22478.779	8473.546	19513.000	13190	49302	599.297	415.714	11.653	2.087	0.658	2.213	599.239	415.882	11.789	595	411	9	10	11	6
138	12.511	41.959	76	57	1724153	22686.225	7964.561	20005.500	13377	44152	887.816	439.434	10.211	1.275	0.244	1.269	887.732	439.359	10.231	885	437	9	7	6	4
139	31.441	72.367	191	130	4783806	25046.105	9360.627	22646.000	13286	50119	922.691	442.895	10.670	1.731	0.324	1.701	922.673	443.059	10.649	919	438	9	9	10	4
140	3.622	27.376	22	22	320799	14581.772	1192.235	14345.000	13174	17979	817.591	476.773	9.500	0.934	0.240	0.911	817.599	476.797	9.486	815	474	9	6	5	2
141	12.511	47.581	76	61	2577103	33909.250	16729.635	29306.500	13151	65535	840.605	550.500	11.000	1.393	0.424	1.420	840.680	550.588	10.994	838	548	9	7	7	5
142	20.412	64.266	124	104	2641606	21303.273	7377.470	18656.500	13137	42695	700.331	588.387	10.613	1.536	0.434	1.571	700.124	588.641	10.600	696	584	9	10	9	4
143	40.495	102.570	246	180	5121723	20820.012	5743.550	19784.000	13134	39816	691.695	594.313	12.195	2.147	0.628	2.125	691.569	594.346	12.061	687	590	9	12	9	6
144	57.121	152.908	347	241	9017079	25985.818	10660.767	23696.000	13189	60180	700.490	626.859	11.767	2.846	0.946	2.878	700.231	626.789	11.693	692	623	9	19	10	7
145	12.840	39.751	78	78	1590740	20394.104	4868.110	19324.000	13282	31437	615.667	654.410	9.487	1.134	0.331	1.185	615.588	654.440	9.492	612	651	9	8	7	2
146	5.597	28.684	34	34	622155	18298.676	4018.134	17305.500	13310	27499	442.647	675.529	10.118	0.936	0.328	0.991	442.622	675.410	10.098	440	673	9	6	7	3
147	9.383	38.201	57	50	1159024	20333.754	5695.280	19508.000	13276	34048	646.228	735.386	9.842	1.115	0.251	1.111	646.273	735.414	9.842	643	733	9	8	6	3
148	30.124	73.712	183	126	5108033	27912.748	12070.269	24323.000	13128	59084	600.628	764.771	10.295	1.683	0.269	1.692	600.588	764.725	10.251	596	761	9	10	9	4
149	34.075	80.401	207	137	6184719	29877.869	13412.192	25976.000	13279	65513	968.372	123.348	11.628	1.808	0.327	1.777	968.336	123.490	11.617	964	119	10	10	9	5
150	26.997	64.473	164	110	5277890	32182.256	15182.480	28215.000	13196	65535	1000.573	144.287	11.604	1.644	0.207	1.633	1000.541	144.221	11.616	997	141	10	8	8	5
151	14.157	43.545	86	65	2121721	24671.174	8270.269	22883.500	13411	39744	951.663	165.419	11.733	1.296	0.230	1.287	951.669	165.414	11.688	949	163	10	7	6	4
152	39.837	86.331	242	157	8890335	36736.922	17855.549	32619.000	13322	65535	821.314	213.248	11.488	1.863	0.266	1.851	821.377	213.219	11.497	816	209	10	10	10	5
153	34.734	82.021	211	141	5678918	26914.303	10413.646	26062.000	13157	59625	869.028	230.455	12.294	1.756	0.244	1.777	869.052	230.616	12.262	864	226	10	10	10	5
154	36.544	84.711	222	136	7407589	33367.520	16834.322	29053.500	13199	65535	999.140	232.072	12.149	1.870	0.275	1.863	999.190	232.065	12.155	995	228	10	9	10	5
155	25.680	65.818	156	99	5293987	33935.812	16270.760	29059.000	13156	65535	945.737	235.679	12.013	1.679	0.288	1.645	945.720	235.646	11.982	942	233	10	8	7	5
156	10.865	41.407	66	63	1259282	19080.031	4525.121	17689.000	13247	30080	816.439	239.485	11.348	1.207	0.410	1.218	816.471	239.439	11.344	813	236	10	7	9	3
157	16.955	53.440	103	83	2510418	24372.990	8078.907	22885.000	13355	44179	960.349	244.039	11.981	1.453	0.387	1.410	960.425	243.884	11.940	956	241	10	10	8	4
158	33.417	76.851	203	123	7120440	35076.059	18353.561	28802.000	13311	65535	788.650	248.675	11.961	1.840	0.271	1.845	788.664	248.563	11.941	785	245	10	8	9	5
159	14.321	42.856	87	65	2237256	25715.586	9551.793	22463.000	13165	51862	757.149	276.023	11.678	1.337	0.249	1.350	757.216	275.962	11.634	755	273	10	5	7	4
160	17.778	49.957	108	83	2386904	22100.963	6591.053	20594.000	13316	40586	760.824	296.074	11.037	1.340	0.204	1.324	760.716	296.046	11.060	757	293	10	8	7	3
161	44.281	96.467	269	177	8296516	30842.066	13034.103	29078.000	13155	65535	761.420	305.881	12.323	1.961	0.391	1.946	761.384	305.908	12.270	756	302	10	13	8	5
162	41.812	100.777	254	173	6989909	27519.326	11005.263	24798.000	13152	57236	963.858	309.130	11.937	1.986	0.564	1.997	963.668	309.217	11.895	958	305	10	14	10	5
163	18.108	60.233	110	83	3047340	27703.092	12988.416	24140.000	13592	65535	806.973	317.491	11.936	1.507	0.386	1.511	806.712	317.625	11.927	804	314	10	8	8	5
164	2.798	14.894	17	17	271212	15953.647	2122.152	15583.000	13353	20734	669.412	324.765	10.353	0.703	0.180	0.683	669.397	324.765	10.343	668	323	10	3	5	2
165	28.314	71.748	172	114	5136661	29864.309	13509.365	26311.000	13156	62655	998.727	324.058	12.390	1.692	0.263	1.686	998.777	324.083	12.337	994	320	10	10	9	5
166	31.277	75.298	190	131	5401729	28430.152	11241.000	26734.500	13132	55277	801.032	331.505	11.721	1.709	0.290	1.707	800.987	331.545	11.751	797	327	10	9	10	5
167	38.849	84.815	236	146	8332284	35306.289	17126.564	32421.000	13162	65535	758.945	331.127	12.182	1.907	0.281	1.911	758.898	331.097	12.185	754	328	10	10	8	6
168	10.206	37.960	62	48	1402827	22626.242	8081.911	19281.500	13135	39817	908.516	343.339	11.484	1.171	0.259	1.157	908.516	343.332	11.472	906	341	10	6	6	4
169	45.434	99.365	276	163	10302632	37328.375	18308.369	34144.500	13212	65535	1000.982	349.641	12.080	2.057	0.338	2.065	1000.980	349.683	12.081	995	346	10	13	8	5
170	32.264	77.540	196	124	6732303	34348.484	15673.891	30525.000	13178	65535	878.709	358.066	11.765	1.781	0.255	1.769	878.633	358.088	11.743	874	354	10	10	9	5
171	32.100	78.574	195	131	6159619	31587.789	13327.127	31378.000	13326	63907	939.820	360.851	12.292	1.767	0.303	1.769	939.877	360.797	12.223	935	357	10	10	9	5
172	48.561	97.364	295	182	9336013	31647.502	14450.744	28297.000	13146	65535	989.871	366.458	12.247	2.027	0.319	2.014	989.938	366.279	12.207	986	362	10	10	11	5
173	45.434	96.985	276	165	9789769	35470.176	17746.736	30223.000	13182	65535	938.181	403.192	11.746	2.040	0.335	2.047	938.280	403.164	11.732	934	398	10	9	12	5
174	35.392	79.090	215	149	6233334	28992.252	11307.946	27012.000	13276	56034	894.828	411.688	11.786	1.731	0.295	1.781	894.815	411.662	11.788	890	408	10	10	9	4
175	46.421	97.226	282	169	10129118	35918.859	17414.656	32113.000	13204	65535	880.330	422.911	12.117	2.009	0.284	2.003	880.362	422.822	12.122	876	419	10	10	10	6
176	15.803	50.027	96	71	2381214	24804.312	10308.843	21118.000	13220	50555	928.938	430.885	11.490	1.399	0.268	1.451	928.893	430.822	11.469	927	427	10	5	8	4
177	8.231	30.478	50	45	1004658	20093.160	4643.508	19832.500	13167	31314	601.500	441.540	11.320	1.018	0.246	0.943	601.572	441.589	11.323	598	440	10	7	5	3
178	22.881	62.438	139	100	3466876	24941.555	9327.835	23270.000	13145	52370	907.259	456.741	11.791	1.548	0.318	1.549	907.288	456.779	11.805	903	454	10	10	7	4
179	37.038	82.402	225	144	8736329	38828.129	19707.475	32125.000	13174	65535	752.960	460.813	11.893	1.958	0.410	2.042	752.988	460.807	11.905	748	458	10	11	6	6
180	28.643	76.506	174	111	4901792	28171.219	12715.700	24241.500	13209	64559	846.977	458.885	12.546	1.733	0.312	1.695	847.011	459.102	12.526	844	455	10	8	9	6
181	5.268	28.203	32	31	528131	16504.094	2921.921	15613.500	13153	23839	581.219	485.312	10.938	0.946	0.360	1.015	581.219	485.310	10.945	579	483	10	6	6	3
182	20.248	54.371	123	95	3219685	26176.301	8896.664	24257.000	13418	47159	827.984	485.675	11.163	1.449	0.299	1.419	828.060	485.704	11.158	824	483	10	9	6	4
183	24.692	64.955	150	107	3707560	24717.066	9419.788	22916.000	13157	47931	765.187	509.447	11.580	1.553	0.215	1.566	765.131	509.381	11.588	761	506	10	9	8	4
184	14.651	49.475	89	76	1884985	21179.607	6324.165	20360.000	13195	33749	764.382	534.360	11.629	1.270	0.316	1.265	764.361	534.392	11.588	761	531	10	8	8	4
185	6.420	34.684	39	39	628971	16127.462	2661.447	15177.000	13324	23176	706.103	597.410	10.385	1.014	0.294	1.048	706.200	597.423	10.359	703	595	10	7	7	2
186	11.029	33.202	67	57	1612714	24070.357	7643.378	22132.000	13351	44007	640.985	662.075	11.030	1.148	0.170	1.155	640.948	662.031	11.008	638	660	10	6	5	3
187	60.907	129.702	370	235	11667778	31534.535	16608.768	26069.000	13177	65535	441.470	689.754	12.792	2.439	0.735	2.524	442.247	689.689	12.519	433	686	10	16	9	7
188	24.857	64.195	151	117	3598671	23832.258	8191.227	22439.000	13186	46148	574.166	791.477	10.974	1.547	0.349	1.482	574.164	791.439	10.976	570	787	10	9	10	3
189	3.292	19.204	20	18	316899	15844.950	2669.979	14664.000	13351	22390	953.350	129.450	12.250	0.850	0.282	0.777	953.361	129.538	12.242	952	127	11	4	5	3
190	13.992	42.200	85	70	1807369	21263.164	5485.199	20065.000	13261	39466	961.800	157.541	12.118	1.278	0.252	1.260	961.755	157.522	12.130	959	155	11	8	6	3
191	14.157	44.924	86	72	1688573	19634.570	5126.739	18593.000	13135	33799	890.558	205.791	11.977	1.274	0.266	1.254	890.571	205.764	12.000	886	204	11	9	6	3
192	5.432	30.926	33	31	507671	15383.970	2178.310	14368.000	13186	21477	905.515	230.121	11.939	0.969	0.303	1.004	905.557	230.170	11.950	903	227	11	5	7	3
193	12.346	39.132	75	61	1509779	20130.387	5340.215	18632.000	13355	34344	986.520	236.320	11.920	1.192	0.163	1.185	986.526	236.313	11.875	984	233	11	6	7	3
194	6.091	28.202	37	35	595105	16083.919	2117.641	15982.000	13220	20862	901.027	237.351	11.703	0.912	0.260	0.908	901.055	237.357	11.716	899	235	11	5	6	3
195	5.432	31.271	33	33	536854	16268.303	2400.498	15834.000	13188	22948	985.121	248.758	11.273	0.957	0.319	0.971	985.162	248.780	11.249	982	246	11	7	7	2
196	33.252	85.193	202	144	4975065	24629.035	8701.329	22810.500	13189	47447	871.975	253.475	12.762	1.775	0.473	1.837	872.038	253.584	12.784	868	248	11	9	12	4
197	19.589	62.887	119	99	2320967	19503.924	4465.443	18696.000	13244	30659	1005.496	262.050	11.933	1.591	0.502	1.638	1005.514	262.079	11.920	1003	257	11	6	11	3
198	14.651	44.338	89	63	2188031	24584.617	8995.447	22114.000	13235	50488	827.629	267.843	12.348	1.356	0.229	1.360	827.578	267.829	12.316	825	265	11	6	7	4
199	19.095	50.750	116	92	2709850	23360.775	6277.282	23323.500	13151	38081	844.233	282.155	12.069	1.376	0.230	1.366	844.275	282.135	12.090	840	279	11	9	7	3
200	16.791	48.233	102	81	2168818	21262.922	6089.931	20613.500	13215	37817	828.725	288.892	12.882	1.336	0.232	1.330	828.740	288.816	12.849	826	286	11	7	7	4
201	18.601	49.820	113	87	3184004	28177.027	11601.004	26011.000	13259	62631	816.920	345.628	12.097	1.393	0.239	1.383	816.915	345.569	12.057	814	343	11	7	7	4
202	5.761	25.823	35	34	618997	17685.629	2692.014	17537.000	14003	23186	697.286	353.086	12.286	0.912	0.283	0.878	697.271	353.022	12.284	696	351	11	5	6	3
203	6.585	27.513	40	38	691599	17289.975	3217.407	16901.000	13554	25142	693.500	359.950	12.425	0.921	0.257	0.919	693.612	359.992	12.404	691	358	11	6	5	3
204	36.215	85.986	220	135	6573151	29877.959	14432.747	27153.000	13138	65535	658.877	386.795	12.936	1.824	0.250	1.852	658.901	386.774	12.951	654	383	11	11	9	5
205	46.586	96.122	283	178	9466899	33451.941	15398.031	29451.000	13332	65535	809.124	418.675	12.583	1.970	0.280	1.955	809.241	418.716	12.588	803	414	11	12	10	5
206	29.137	67.334	177	115	5630198	31809.027	15303.672	27367.000	13255	65535	766.288	422.910	12.565	1.685	0.208	1.694	766.310	422.913	12.551	762	419	11	9	8	4
207	8.725	38.097	53	48	962914	18168.189	4143.020	17314.000	13213	28819	581.774	433.981	12.396	1.070	0.301	1.045	581.829	433.919	12.392	579	431	11	6	7	4
208	22.223	60.300	135	103	3295633	24412.096	8036.036	22612.000	13479	48007	783.711	431.874	12.978	1.482	0.300	1.463	783.659	431.914	13.000	780	428	11	9	8	4
209	11.523	34.614	70	69	1319118	18844.543	3481.552	18465.500	13176	28109	904.543	441.043	11.514	1.071	0.297	1.132	904.492	440.978	11.518	902	438	11	6	7	3
210	12.840	39.132	78	63	1718342	22030.025	5919.723	21460.500	13894	35188	584.705	441.833	11.833	1.204	0.176	1.223	584.659	441.796	11.791	582	439	11	7	7	3
211	28.807	71.611	175	116	6109933	34913.902	16623.066	30144.000	13377	65535	734.629	463.463	12.731	1.782	0.364	1.794	734.630	463.496	12.685	730	461	11	11	6	5
212	8.560	36.167	52	51	875892	16844.076	3046.152	15685.000	13312	26250	568.788	468.346	11.577	1.052	0.315	1.058	568.819	468.276	11.585	566	466	11	7	7	3
213	35.392	83.125	215	132	6993756	32529.098	15416.974	29524.000	13539	65535	635.726	481.484	12.977	1.851	0.302	1.898	635.742	481.510	13.000	632	477	11	9	10	5
214	20.577	55.164	125	90	3050195	24401.561	9589.834	21515.000	13274	47537	753.128	504.288	12.464	1.478	0.223	1.498	753.062	504.256	12.460	750	501	11	8	7	4
215	18.601	55.612	113	83	2657337	23516.256	8949.543	20980.000	13136	45758	783.363	511.319	12.611	1.454	0.282	1.497	783.353	511.382	12.608	780	508	11	8	8	4
216	26.667	68.438	162	108	4976882	30721.494	13921.070	28499.500	13226	65535	820.926	521.667	12.833	1.664	0.275	1.649	820.982	521.576	12.832	817	519	11	9	7	5
217	24.198	65.922	147	96	4678645	31827.518	15574.802	27369.000	13140	65535	617.592	559.476	12.837	1.651	0.303	1.653	617.540	559.462	12.852	614	556	11	8	8	5
218	11.358	36.374	69	60	1961453	28426.855	8808.260	27495.000	14420	50574	809.130	582.174	11.913	1.214	0.290	1.207	809.275	582.159	11.889	806	581	11	8	4	3
219	1.646	13.757	10	10	141452	14145.200	799.840	13800.500	13251	15605	675.100	584.300	11.000	0.807	0.371	0.840	675.117	584.277	11.000	672	583	11	7	4	1
220	29.301	79.816	178	119	4800069	26966.680	12095.677	25444.500	13140	63365	755.983	594.326	13.017	1.737	0.320	1.713	755.905	594.371	13.009	751	590	11	10	9	5
221	10.371	33.925	63	62	1220428	19371.873	3609.795	19909.000	13202	26138	637.873	653.444	11.540	1.036	0.284	1.062	637.905	653.604	11.529	635	650	11	6	7	3
222	5.103	21.721	31	31	546782	17638.129	2843.824	17194.000	13490	24970	620.742	670.774	11.516	0.837	0.218	0.787	620.665	670.852	11.509	619	669	11	5	5	2
223	39.672	90.504	241	149	7760570	32201.535	15947.766	28237.000	13368	65535	485.315	699.552	13.083	1.951	0.365	2.003	485.273	699.545	13.093	480	696	11	12	8	5
224	18.437	52.269	112	77	3905654	34871.910	17802.227	29535.000	13159	65535	531.402	714.741	13.295	1.514	0.300	1.454	531.456	714.777	13.291	529	712	11	6	7	5
225	26.338	69.573	160	136	3358256	20989.100	5397.156	20743.000	13132	39649	725.900	348.056	13.212	1.545	0.428	1.518	725.867	348.066	13.237	720	345	12	12	8	3
226	6.091	26.616	37	37	620267	16763.973	3084.986	15952.000	13158	25852	863.297	377.432	12.649	0.910	0.279	0.870	863.257	377.470	12.675	861	375	12	6	6	3
227	3.457	19.445	21	21	314743	14987.762	1436.060	14874.000	13173	17580	612.095	439.143	12.714	0.774	0.230	0.832	612.145	439.166	12.732	610	437	12	5	5	2
228	12.181	37.649	74	59	1749992	23648.541	7367.562	21978.000	13685	42850	669.595	453.946	13.041	1.202	0.182	1.212	669.604	453.986	13.054	667	451	12	6	7	3
229	14.321	43.682	87	70	1653145	19001.666	5035.062	17703.000	13167	32278	683.747	456.563	13.069	1.255	0.183	1.248	683.754	456.666	13.091	681	454	12	7	7	3
230	5.432	21.962	33	33	584243	17704.334	2817.282	17196.000	13330	24285	672.455	502.182	12.576	0.850	0.227	0.877	672.427	502.163	12.603	671	500	12	4	6	2
231	3.292	18.548	20	20	331888	16594.400	2262.365	16368.500	13379	20394	555.650	565.050	12.850	0.762	0.296	0.814	555.672	565.041	12.873	554	563	12	5	6	2
232	13.169	40.303	80	79	1613673	20170.912	4112.259	20314.500	13204	32478	778.037	592.562	13.500	1.126	0.308	1.166	778.001	592.587	13.495	775	589	12	8	8	3
233	26.338	69.539	160	119	3663305	22895.656	7627.612	20647.000	13143	43265	550.481	600.062	13.875	1.564	0.310	1.553	550.494	599.970	13.828	546	596	12	10	9	4
234	20.741	68.472	126	106	2737010	21722.301	6324.384	20665.000	13181	37927	666.786	638.992	13.746	1.539	0.500	1.590	666.845	639.003	13.692	661	635	12	11	9	4
235	10.535	38.442	64	58	1337208	20893.875	5549.483	19845.000	13240	38595	564.641	657.250	13.281	1.161	0.321	1.179	564.565	657.279	13.313	562	655	12	7	7	3
236	18.437	57.335	112	95	2559633	22853.865	7528.702	22577.000	13219	40581	733.777	655.848	13.491	1.363	0.340	1.427	733.892	655.977	13.496	730	653	12	9	8	4
237	13.828	51.198	84	77	1684813	20057.297	4684.735	20199.500	13181	31833	516.274	708.845	13.619	1.250	0.417	1.203	516.361	708.795	13.617	512	705	12	9	9	4
238	17.614	50.268	107	83	2982029	27869.430	9779.515	26189.000	13237	51508	531.093	724.047	13.009	1.366	0.237	1.326	531.112	723.982	13.021	528	721	12	7	8	4
239	27.984	80.227	170	143	3414732	20086.658	4955.187	19521.000	13368	32452	699.829	575.100	13.782	1.789	0.580	1.757	699.932	575.082	13.743	693	571	13	14	9	3
240	22.552	64.677	137	127	2845924	20773.168	5161.667	20190.000	13130	36008	616.109	585.599	13.635	1.460	0.465	1.500	615.965	585.641	13.631	612	581	13	9	10	3
241	6.914	34.925	42	41	689361	16413.357	2742.024	15384.500	13239	23125	474.952	616.976	13.905	1.004	0.351	0.955	474.841	616.950	13.921	472	615	13	8	5	3
242	7.737	31.064	47	40	812848	17294.639	3554.157	16170.000	13169	26264	463.745	625.426	13.979	1.030	0.202	1.062	463.767	625.414	13.976	461	623	13	6	7	3
243	8.560	33.339	52	52	893081	17174.635	2861.260	17358.000	13131	22624	505.923	635.365	13.558	0.969	0.261	0.972	505.887	635.270	13.575	503	632	13	7	8	2
244	16.955	56.198	103	85	2012174	19535.670	5517.760	17797.000	13171	37708	516.845	661.194	14.010	1.352	0.278	1.357	516.849	661.119	13.997	513	658	13	8	8	3
245	28.149	66.608	171	135	3671014	21467.918	5790.297	20584.000	13140	39394	541.538	731.953	14.117	1.574	0.324	1.574	541.503	731.982	14.149	538	727	13	8	11	3
246	21.729	66.263	132	115	2539405	19237.916	4647.346	18281.000	13149	32287	537.636	758.265	14.212	1.442	0.395	1.475	537.671	758.244	14.218	533	754	13	10	10	3
247	6.091	28.617	37	35	1019910	27565.135	10759.381	26056.000	13432	52923	554.973	787.297	14.108	1.044	0.324	1.086	554.882	787.348	14.133	552	786	13	6	4	4
