 	Volume (micron^3)	Surface (micron^2)	Nb of obj. voxels	Nb of surf. voxels	IntDen	Mean	StdDev	Median	Min	Max	X	Y	Z	Mean dist. to surf. (micron)	SD dist. to surf. (micron)	Median dist. to surf. (micron)	XM	YM	ZM	BX	BY	BZ	B-width	B-height	B-depth
1	54.158	109.052	329	185	13783039	41893.734	19310.227	40952.000	14591	65535	181.353	126.116	6.894	2.150	0.289	2.157	181.408	126.104	6.877	177	121	4	10	11	6
2	27.820	71.437	169	116	5792949	34277.805	15600.124	31405.000	14443	65535	221.462	178.302	6.036	1.613	0.261	1.610	221.552	178.513	6.048	217	174	4	10	9	5
3	39.178	84.815	238	146	9552001	40134.457	19091.713	36058.500	14398	65535	238.836	180.340	6.139	1.968	0.382	2.043	238.756	180.310	6.175	234	178	4	12	6	5
4	39.014	90.986	237	147	8747679	36910.039	18516.555	30767.000	14602	65535	301.553	225.932	6.308	1.907	0.293	1.902	301.469	225.791	6.341	298	221	4	8	12	5
5	29.960	75.472	182	126	7309597	40162.621	18521.115	37914.000	14437	65535	375.429	229.775	6.489	1.769	0.392	1.753	375.527	229.789	6.515	370	227	4	12	6	6
6	41.977	92.813	255	163	9138536	35837.395	16834.312	34818.000	14488	65535	376.820	243.514	6.086	1.910	0.292	1.934	376.814	243.543	6.083	371	240	4	12	8	5
7	40.330	95.503	245	158	9745838	39778.930	18807.012	37136.000	14507	65535	304.216	249.322	6.445	1.956	0.416	1.996	304.290	249.260	6.495	298	246	4	13	9	6
8	53.006	112.258	322	195	12497351	38811.648	18483.010	36030.500	14384	65535	341.975	360.205	6.205	2.097	0.332	2.116	341.951	360.176	6.214	337	356	4	12	10	5
9	47.573	103.293	289	186	10665894	36906.207	17505.600	33213.000	14386	65535	567.426	378.481	6.343	2.047	0.463	1.993	567.487	378.453	6.303	561	374	4	13	11	5
10	52.018	102.363	316	182	12787445	40466.598	18894.527	36605.500	14483	65535	799.348	468.231	6.304	2.086	0.279	2.105	799.301	468.251	6.335	794	464	4	12	10	6
11	29.795	72.611	181	112	7646676	42246.828	19375.053	39804.000	14416	65535	819.348	493.972	6.785	1.806	0.336	1.782	819.291	493.946	6.774	816	491	4	8	7	6
12	38.849	86.264	236	135	9883843	41880.691	20341.818	36896.500	14578	65535	584.542	497.775	6.843	1.982	0.344	1.943	584.574	497.805	6.869	581	494	4	8	9	7
13	47.244	94.502	287	164	11404053	39735.375	18361.141	37489.000	14405	65535	767.049	516.829	6.077	2.035	0.211	2.027	767.038	516.844	6.122	762	513	4	10	9	5
14	40.989	87.780	249	147	10370756	41649.621	19297.152	39194.000	14363	65535	882.056	586.719	6.823	1.951	0.278	1.943	882.137	586.828	6.835	877	583	4	11	8	6
15	36.709	85.471	223	130	9361576	41980.160	19135.535	40862.000	14535	65535	945.830	627.224	6.480	1.948	0.383	1.883	945.796	627.310	6.530	942	624	4	9	8	6
16	48.397	101.707	294	182	10266049	34918.535	16433.535	32678.500	14349	65535	927.850	641.378	6.119	1.999	0.269	2.027	927.893	641.369	6.116	922	637	4	12	10	5
17	34.240	77.989	208	127	7986519	38396.727	18735.559	34378.000	14384	65535	903.370	655.154	6.298	1.837	0.273	1.804	903.335	655.191	6.368	899	652	4	9	8	6
18	45.434	95.951	276	163	11568131	41913.520	19907.643	39269.500	14560	65535	929.978	656.413	6.844	2.028	0.296	2.060	929.887	656.421	6.855	925	652	4	11	9	6
19	46.257	96.504	281	163	11855994	42192.148	19324.969	43185.000	14410	65535	943.060	657.028	6.388	2.074	0.346	2.084	943.012	656.991	6.405	938	653	4	11	9	6
20	20.083	52.888	122	92	3781284	30994.131	12025.250	29834.000	14446	60042	432.549	196.336	6.852	1.440	0.253	1.446	432.568	196.299	6.861	429	194	5	8	6	4
21	20.906	65.885	127	111	2918050	22976.771	5984.878	22668.000	14369	41247	151.496	196.047	6.661	1.433	0.386	1.446	151.573	196.214	6.633	147	192	5	10	9	4
22	35.392	84.745	215	141	7028848	32692.316	15041.129	27202.000	14636	65535	336.423	201.442	6.516	1.820	0.340	1.805	336.468	201.463	6.490	332	197	5	11	10	4
23	12.511	40.959	76	69	1968116	25896.264	7930.829	25306.000	14441	45075	360.724	201.066	6.382	1.176	0.303	1.175	360.752	201.002	6.404	357	199	5	8	6	4
24	15.803	45.336	96	95	2061028	21469.041	3904.404	21134.500	14576	30303	463.927	212.438	6.448	1.252	0.405	1.225	463.912	212.459	6.442	459	209	5	10	8	3
25	63.212	148.980	384	232	13116599	34157.809	17086.641	28639.500	14426	65535	255.310	245.870	9.523	2.976	1.120	2.977	255.461	245.987	9.932	251	242	5	11	8	10
26	31.441	78.782	191	126	7326798	38360.199	18344.947	36557.000	14398	65535	273.230	244.497	7.058	1.794	0.340	1.859	273.184	244.549	7.068	269	241	5	10	8	5
27	12.346	47.407	75	64	1947905	25972.066	9870.155	23583.000	14350	50433	258.947	270.200	6.613	1.321	0.415	1.366	258.925	270.164	6.596	254	268	5	11	5	4
28	27.326	69.472	166	107	6179122	37223.625	18392.215	34010.500	14383	65535	182.380	272.470	7.313	1.684	0.267	1.665	182.416	272.587	7.272	179	268	5	8	9	5
29	33.252	74.713	202	127	7773063	38480.512	18444.408	32241.000	14570	65535	131.495	275.837	6.703	1.803	0.274	1.808	131.457	275.833	6.740	127	273	5	10	7	5
30	14.157	46.544	86	73	2020364	23492.605	7390.444	22125.000	14355	42183	550.744	287.895	6.198	1.245	0.249	1.242	550.670	287.917	6.209	548	284	5	7	9	3
31	35.227	82.228	214	135	8067130	37696.871	17878.164	33968.000	14542	65535	82.079	290.341	7.495	1.805	0.243	1.782	82.085	290.448	7.456	78	286	5	9	10	6
32	26.832	67.197	163	109	6231266	38228.625	18694.676	32324.000	14460	65535	176.239	317.834	7.362	1.686	0.327	1.679	176.357	317.852	7.302	171	315	5	11	6	5
33	29.795	70.058	181	120	7049010	38944.805	17823.838	34394.000	14572	65535	465.459	330.923	6.602	1.715	0.262	1.704	465.417	330.927	6.624	461	327	5	10	8	5
34	14.321	46.303	87	74	2209785	25399.828	9053.278	21966.000	14475	53414	587.299	342.517	6.218	1.283	0.317	1.279	587.248	342.449	6.240	583	340	5	9	7	3
35	25.844	69.024	157	112	5579983	35541.293	15879.582	33985.000	14352	65535	130.624	345.732	7.191	1.622	0.335	1.625	130.605	345.743	7.153	128	340	5	6	12	5
36	26.667	64.195	162	123	5005917	30900.723	11312.586	29414.500	14757	59288	296.772	346.105	6.914	1.543	0.281	1.589	296.744	346.032	6.910	293	342	5	9	9	4
37	26.997	66.645	164	110	6129446	37374.672	17580.148	34580.000	14468	65535	528.146	353.890	6.811	1.633	0.232	1.635	528.074	353.877	6.830	525	350	5	8	9	5
38	26.832	66.196	163	117	5932858	36397.902	16542.424	32927.000	14547	65535	270.485	355.920	6.804	1.616	0.274	1.612	270.478	356.064	6.833	267	352	5	9	9	4
39	22.881	60.267	139	103	5016019	36086.469	16700.730	31949.000	14713	65535	595.971	371.784	7.000	1.524	0.298	1.553	596.094	371.849	7.000	592	369	5	9	6	5
40	19.260	57.094	117	84	3294102	28154.719	12389.215	22944.000	14436	58556	705.316	384.299	6.615	1.472	0.287	1.509	705.329	384.272	6.580	701	381	5	9	7	4
41	38.355	86.194	233	144	9173346	39370.582	18994.629	35747.000	14621	65535	241.815	402.013	7.163	1.900	0.298	1.906	241.892	401.971	7.185	238	398	5	9	10	6
42	14.157	43.649	86	65	3254954	37848.301	15918.893	38047.000	14425	65535	575.256	425.372	6.895	1.314	0.254	1.278	575.216	425.280	6.937	573	423	5	6	6	5
43	37.532	83.159	228	148	8391962	36806.852	17447.467	31784.000	14471	65535	323.004	449.991	6.544	1.843	0.295	1.789	322.960	449.889	6.587	319	445	5	10	11	4
44	77.533	149.284	471	286	17781002	37751.598	17977.129	35098.000	14397	65535	550.083	466.197	6.943	2.391	0.538	2.434	550.087	466.020	6.980	545	459	5	13	15	5
45	60.743	146.905	369	275	11643030	31552.928	13301.718	29841.000	14370	65535	587.886	466.420	7.073	2.422	0.823	2.464	588.412	466.675	7.094	579	460	5	17	14	5
46	34.898	81.884	212	143	8069257	38062.531	17183.469	36646.500	14444	65535	491.939	468.821	6.934	1.791	0.298	1.820	491.975	468.890	6.949	486	465	5	11	8	5
47	14.980	49.612	91	85	2216022	24351.891	7773.418	23745.000	14367	50837	629.077	470.000	6.451	1.300	0.455	1.322	629.246	470.064	6.442	624	466	5	10	8	4
48	22.717	60.749	138	105	4896247	35480.051	15031.786	34124.000	14955	65535	610.848	481.210	6.993	1.540	0.359	1.518	610.813	481.203	6.985	606	478	5	10	8	4
49	27.655	68.542	168	104	6732930	40076.965	19594.031	34561.500	14399	65535	591.220	484.143	7.048	1.738	0.315	1.722	591.210	484.201	7.064	588	481	5	8	8	5
50	22.717	59.577	138	93	5152378	37336.074	17271.998	31683.500	14949	65535	604.196	487.348	6.464	1.578	0.237	1.606	604.181	487.412	6.460	600	484	5	9	7	4
51	24.198	62.646	147	99	5583846	37985.348	18554.549	33900.000	14672	65535	626.211	515.483	7.184	1.598	0.256	1.569	626.233	515.583	7.165	623	512	5	7	8	5
52	27.161	83.470	165	128	4850421	29396.490	11019.081	27581.000	14367	58582	531.885	520.158	6.885	1.818	0.534	1.903	531.908	520.181	6.877	527	515	5	11	12	4
53	42.470	87.710	258	164	10133072	39275.473	17984.230	34936.000	14361	65535	547.178	539.279	6.547	1.939	0.349	1.899	547.133	539.141	6.567	544	534	5	8	12	5
54	26.832	65.300	163	115	5244978	32177.779	14333.536	29154.000	14404	65535	755.086	543.589	6.258	1.595	0.219	1.628	754.977	543.641	6.245	751	540	5	9	8	4
55	46.092	103.638	280	182	10592210	37829.320	17695.824	36956.500	14354	65535	700.668	558.007	7.236	2.062	0.532	2.004	700.595	557.972	7.176	694	554	5	15	9	5
56	15.309	48.096	93	69	2731427	29370.184	12885.725	25127.000	14363	62191	563.677	558.269	6.559	1.341	0.225	1.387	563.666	558.269	6.559	561	555	5	7	7	4
57	46.257	121.878	281	191	9547635	33977.348	16913.695	27852.000	14389	65535	629.060	565.694	8.374	2.693	1.109	2.634	629.043	565.608	8.024	626	560	5	7	13	10
58	30.454	77.781	185	120	6960332	37623.418	17865.504	35201.000	14372	65535	623.800	594.968	7.054	1.726	0.266	1.704	623.815	594.988	7.031	620	591	5	9	9	5
59	41.483	99.984	252	179	8600989	34130.910	16239.894	30606.000	14463	65535	670.290	608.071	7.024	2.111	0.669	2.105	670.247	608.831	7.056	668	600	5	6	16	5
60	34.404	77.989	209	125	8845625	42323.566	19503.092	40934.000	14456	65535	778.493	629.249	7.139	1.854	0.253	1.844	778.528	629.250	7.133	774	626	5	9	8	5
61	24.692	67.093	150	108	5388760	35925.066	16213.745	33998.500	14349	65535	728.673	631.067	6.920	1.581	0.318	1.563	728.690	631.156	6.963	724	628	5	10	7	5
62	46.915	125.362	285	187	9546031	33494.844	15440.853	30716.000	14356	65535	805.000	640.853	9.435	2.786	1.074	2.794	805.102	640.858	9.335	799	638	5	13	7	10
63	35.557	81.917	216	146	7705331	35672.828	15824.042	33401.000	14396	65535	698.495	645.972	6.931	1.780	0.325	1.824	698.526	646.039	6.937	695	641	5	8	11	5
64	70.619	150.840	429	245	15696932	36589.586	18743.342	31058.000	14362	65535	849.643	660.923	7.832	2.542	0.674	2.633	849.563	660.772	7.576	843	657	5	16	8	7
65	50.701	115.845	308	190	11967175	38854.465	18855.650	36308.500	14387	65535	967.406	684.006	7.464	2.127	0.517	2.189	967.370	683.978	7.405	961	679	5	13	11	6
66	32.264	70.851	196	125	7561848	38580.855	18001.904	33783.500	14564	65535	776.862	688.740	6.699	1.765	0.250	1.758	776.779	688.674	6.733	774	685	5	7	9	5
67	47.738	103.327	290	195	9760691	33657.555	15495.093	31504.500	14452	65535	843.534	690.228	6.766	1.944	0.322	1.973	843.745	690.444	6.790	838	685	5	11	11	5
68	12.840	44.683	78	64	2047195	26246.090	8301.243	26040.500	14394	44251	961.936	725.872	6.679	1.224	0.303	1.279	961.950	725.921	6.643	959	723	5	7	7	4
69	19.754	55.130	120	85	4239693	35330.773	16142.413	33940.000	14407	65535	944.167	870.900	6.800	1.477	0.237	1.450	944.270	870.873	6.846	941	868	5	7	7	5
70	23.540	59.818	143	100	4724176	33036.195	15514.943	27996.000	14416	65535	123.217	156.587	7.559	1.564	0.268	1.582	123.204	156.493	7.587	120	153	6	8	8	4
71	23.046	67.127	140	112	4154629	29675.922	12134.634	26041.000	14406	65535	178.586	187.557	7.343	1.555	0.410	1.606	178.307	187.453	7.333	174	184	6	11	9	4
72	25.680	78.333	156	113	4810906	30839.141	15847.291	25373.000	14371	65535	119.891	188.212	8.321	1.835	0.690	1.679	119.754	188.025	8.063	116	184	6	8	11	7
73	16.791	47.889	102	81	3120187	30590.068	12174.332	27819.000	14348	59771	101.990	233.039	7.167	1.342	0.240	1.324	102.039	233.009	7.215	98	230	6	8	7	4
74	13.005	42.304	79	62	2093967	26505.912	10876.248	22466.000	14561	55176	163.886	245.380	7.291	1.263	0.265	1.271	163.899	245.437	7.305	162	242	6	5	8	4
75	2.798	19.997	17	17	301718	17748.117	2798.918	17265.000	14842	26388	544.353	271.529	6.588	0.891	0.195	0.860	544.354	271.562	6.615	543	269	6	4	6	2
76	4.445	30.030	27	27	470838	17438.445	2589.590	16867.000	14371	25268	553.518	274.148	6.074	1.140	0.463	1.106	553.588	274.192	6.063	551	269	6	6	10	2
77	10.865	36.752	66	63	1569198	23775.727	6165.032	23341.000	14355	40258	505.803	287.167	6.576	1.148	0.372	1.109	505.850	287.216	6.590	502	285	6	8	6	3
78	51.689	106.157	314	171	13153701	41890.766	19841.371	41867.500	14354	65535	617.971	303.682	8.519	2.183	0.362	2.214	617.912	303.647	8.490	614	299	6	9	11	6
79	21.071	57.439	128	96	4149924	32421.281	14752.441	28464.000	14531	65535	276.320	320.242	7.164	1.462	0.246	1.443	276.302	320.297	7.168	273	316	6	8	9	4
80	17.778	48.474	108	85	3133765	29016.342	10492.931	26818.000	14507	59263	157.111	338.009	6.944	1.352	0.221	1.326	157.080	338.015	6.888	154	335	6	8	7	3
81	26.009	83.366	158	131	4196075	26557.438	8862.379	25541.500	14350	50054	100.304	339.968	7.253	1.863	0.617	1.928	100.372	339.911	7.312	95	335	6	12	11	4
82	19.424	54.130	118	84	3729459	31605.584	15317.970	24926.500	14545	65045	444.042	344.314	7.441	1.488	0.250	1.514	444.142	344.352	7.431	440	342	6	9	6	4
83	33.417	74.298	203	135	7064557	34800.773	16750.043	28729.000	14484	65535	166.552	355.635	7.527	1.743	0.210	1.733	166.727	355.702	7.546	162	352	6	9	9	4
84	58.932	140.631	358	246	11450561	31984.807	15676.867	26500.500	14367	65535	117.466	374.212	8.017	2.701	0.847	2.832	118.100	374.677	8.161	109	366	6	17	16	6
85	18.108	51.302	110	90	2918600	26532.727	8914.069	24978.500	14580	53771	80.891	372.691	6.991	1.385	0.274	1.363	80.915	372.691	6.969	77	369	6	8	8	3
86	21.894	60.852	133	99	4097121	30805.422	14080.091	28729.000	14372	65535	212.143	381.414	7.256	1.517	0.289	1.517	212.163	381.364	7.242	208	378	6	9	8	4
87	30.124	85.571	183	143	4325386	23635.988	7156.655	21709.000	14381	44156	492.087	383.787	7.475	1.868	0.611	1.941	492.128	383.957	7.440	488	378	6	9	13	4
88	33.581	84.055	204	139	6497734	31851.637	14559.258	27139.500	14362	65535	192.931	391.897	7.534	1.789	0.417	1.833	192.865	391.885	7.523	188	388	6	11	9	4
89	66.010	148.458	401	256	12862153	32075.195	14465.085	29069.000	14495	65535	212.988	405.728	8.117	2.551	0.902	2.639	213.475	405.253	7.997	206	398	6	16	16	5
90	36.051	82.195	219	134	8495105	38790.434	19178.357	32994.000	14389	65535	486.288	414.534	8.055	1.901	0.323	1.977	486.331	414.596	8.021	482	411	6	10	8	5
91	51.360	103.397	312	181	12194164	39083.859	18771.404	32915.000	14382	65535	508.808	430.612	7.750	2.074	0.285	2.096	508.759	430.675	7.695	504	426	6	10	11	5
92	16.461	47.303	100	73	3296864	32968.641	14422.158	29272.000	14574	65535	585.910	427.960	7.430	1.397	0.241	1.418	585.827	428.023	7.394	583	425	6	7	6	4
93	42.800	90.192	260	154	9820376	37770.676	18072.449	35632.500	14359	65535	609.900	461.300	7.727	1.951	0.268	1.951	609.865	461.365	7.695	605	457	6	11	9	5
94	38.190	84.815	232	139	9024568	38899.000	18772.234	32816.500	14359	65535	736.440	469.323	7.707	1.909	0.284	1.909	736.446	469.311	7.657	732	466	6	10	8	5
95	13.828	41.752	84	69	2583794	30759.453	12707.594	30327.000	14544	65535	730.262	495.583	7.143	1.265	0.247	1.258	730.306	495.698	7.141	727	493	6	8	6	3
96	31.606	74.334	192	117	7906298	41178.637	19387.344	36729.500	14438	65535	467.057	522.901	7.797	1.838	0.315	1.827	467.070	522.931	7.730	463	520	6	9	7	5
97	61.730	157.905	375	268	10285789	27428.771	11551.095	23976.000	14366	65535	513.843	523.344	10.629	2.914	0.947	3.017	513.962	523.278	10.389	506	520	6	16	9	9
98	11.029	38.338	67	54	1438290	21467.016	6467.058	19450.000	14471	40374	628.433	540.955	7.090	1.181	0.195	1.147	628.461	540.957	7.090	625	539	6	8	6	3
99	21.564	53.715	131	103	3692338	28185.787	9758.440	27621.000	14401	57033	709.695	547.954	7.008	1.436	0.251	1.415	709.669	548.060	7.013	706	545	6	9	7	3
100	47.903	101.640	291	165	11423935	39257.508	18845.719	35126.000	14440	65535	840.261	568.770	7.842	2.118	0.358	2.146	840.178	568.757	7.769	835	564	6	11	11	5
101	31.606	76.610	192	118	7539967	39270.660	18560.822	33151.000	14800	65535	953.312	578.875	7.807	1.817	0.297	1.804	953.418	578.810	7.730	949	575	6	10	8	5
102	35.227	79.367	214	131	7773881	36326.547	17829.484	31330.000	14604	65535	942.519	579.350	7.864	1.869	0.311	1.895	942.572	579.323	7.812	937	576	6	11	7	5
103	8.725	34.684	53	45	1159233	21872.320	6041.727	19765.000	14799	37500	905.774	586.811	6.887	1.094	0.234	1.119	905.672	586.809	6.912	903	584	6	7	6	3
104	11.852	36.856	72	64	1777624	24689.223	8613.711	22328.500	14815	51315	881.819	643.764	7.222	1.159	0.240	1.184	881.807	643.915	7.235	879	641	6	6	6	3
105	20.741	59.852	126	101	3375877	26792.674	9124.727	26098.500	14517	45782	794.794	677.087	7.754	1.499	0.406	1.494	794.811	677.178	7.691	790	674	6	10	8	4
106	31.935	73.712	194	131	7260307	37424.262	17922.963	32091.000	14568	65535	743.124	683.593	7.454	1.728	0.248	1.728	743.132	683.581	7.442	739	680	6	10	8	4
107	27.326	67.782	166	109	5881314	35429.602	17264.662	30021.500	14427	65535	805.825	684.572	7.693	1.664	0.242	1.673	805.908	684.673	7.674	802	681	6	9	8	5
108	14.157	45.510	86	70	1846611	21472.221	5831.542	19588.500	14497	38390	823.523	688.953	7.116	1.239	0.266	1.295	823.488	689.003	7.126	821	685	6	6	8	3
109	35.063	87.054	213	167	5868455	27551.432	9319.154	24971.000	14500	56771	955.840	707.038	7.052	1.893	0.592	1.939	955.925	707.096	7.078	950	701	6	13	12	4
110	14.815	45.476	90	68	2705648	30062.756	13310.071	25551.500	14559	65535	733.511	718.767	7.256	1.318	0.218	1.320	733.524	718.833	7.288	731	716	6	6	7	4
111	64.200	169.148	390	257	12795599	32809.227	16324.547	27406.000	14384	65535	951.569	726.633	10.362	2.829	1.025	2.769	951.361	726.488	10.537	946	719	6	11	18	9
112	10.371	38.235	63	63	1136922	18046.381	2672.491	17787.000	14413	26209	900.984	813.667	6.476	1.132	0.414	1.090	901.113	813.838	6.483	897	810	6	8	8	2
113	8.066	35.166	49	48	874863	17854.348	3047.690	16795.000	14468	27444	902.980	828.755	6.694	1.001	0.307	0.981	902.919	828.721	6.696	901	825	6	6	9	3
114	19.754	53.096	120	83	4436752	36972.934	18216.656	31474.000	14396	65535	955.708	873.358	7.358	1.500	0.219	1.513	955.800	873.355	7.360	952	871	6	8	6	4
115	44.446	116.156	270	196	9692065	35896.535	16930.051	31626.000	14412	65535	999.933	872.578	11.193	2.654	1.198	2.689	999.974	872.493	11.203	995	867	6	8	15	9
116	59.920	149.010	364	262	10825340	29739.945	12558.695	26991.000	14377	65535	988.621	901.027	8.706	2.719	1.070	2.789	988.881	900.511	8.585	983	890	6	11	22	6
117	16.461	52.062	100	76	3296265	32962.648	14318.613	31718.500	14388	65535	232.450	153.780	9.000	1.347	0.247	1.344	232.434	153.823	8.972	230	151	7	7	7	5
118	5.268	22.858	32	32	663799	20743.719	3639.090	20905.000	15231	29677	422.219	179.000	7.469	0.831	0.204	0.811	422.267	179.046	7.482	420	177	7	5	5	2
119	20.412	54.852	124	97	3071327	24768.766	8307.398	22291.000	14393	49941	445.548	199.056	7.960	1.401	0.231	1.423	445.523	199.075	7.958	441	196	7	9	8	3
120	3.292	17.755	20	20	365435	18271.750	2573.330	17499.500	15048	22741	257.250	216.200	7.150	0.815	0.349	0.790	257.230	216.204	7.129	254	214	7	6	5	2
121	32.758	76.332	199	128	6818069	34261.652	15738.950	30616.000	14352	65535	229.467	266.673	9.397	1.755	0.240	1.730	229.581	266.607	9.327	226	263	7	9	9	5
122	35.392	82.332	215	133	8179949	38046.273	17943.824	34653.000	14400	65535	334.940	281.488	8.665	1.823	0.235	1.798	334.912	281.488	8.631	331	277	7	9	10	5
123	10.041	34.925	61	55	1432005	23475.492	7308.858	21198.000	14387	41728	464.377	303.115	7.689	1.077	0.241	1.094	464.380	303.153	7.670	462	301	7	7	6	3
124	10.371	43.786	63	60	1349287	21417.254	5920.000	20200.000	14376	35466	630.190	356.508	7.635	1.121	0.359	1.113	630.309	356.488	7.664	627	353	7	7	8	3
125	2.305	13.860	14	13	307688	21977.715	7315.566	18473.000	14719	36830	578.714	360.929	8.000	0.726	0.287	0.658	578.690	360.950	8.013	578	360	7	3	3	3
126	36.874	85.849	224	139	7854100	35062.945	16807.287	31119.000	14431	65535	168.237	394.250	9.188	1.865	0.291	1.846	168.179	394.276	9.158	165	390	7	9	10	5
127	17.449	56.991	106	87	2435387	22975.350	6725.410	22777.000	14348	38096	563.613	406.877	8.406	1.334	0.296	1.381	563.658	406.873	8.404	560	403	7	8	9	4
128	11.523	40.406	70	68	1534002	21914.314	5073.920	21047.000	14431	37688	739.871	412.343	7.614	1.105	0.309	1.139	739.886	412.299	7.648	736	410	7	8	7	3
129	9.712	32.064	59	50	1704295	28886.355	11224.661	26932.000	14439	56768	853.153	596.576	7.949	1.119	0.208	1.152	853.184	596.546	7.926	850	595	7	7	4	3
130	57.450	118.224	349	203	14259050	40856.875	19200.848	35884.000	14411	65535	987.576	619.456	8.977	2.270	0.499	2.378	987.537	619.446	8.952	982	614	7	12	12	5
131	15.474	45.717	94	73	2326087	24745.605	7706.613	21924.500	14653	43090	771.989	635.372	8.128	1.320	0.230	1.297	772.024	635.408	8.114	769	633	7	7	6	4
132	2.798	14.998	17	17	290929	17113.471	1655.267	17280.000	14885	19739	832.941	641.706	7.529	0.715	0.165	0.681	832.908	641.693	7.527	831	641	7	5	3	2
133	35.063	82.091	213	135	7371751	34609.160	16092.668	29643.000	14405	65535	669.324	670.836	8.817	1.908	0.395	1.900	669.289	670.881	8.822	665	667	7	10	8	5
134	12.346	39.787	75	58	1884482	25126.426	7386.989	23944.000	14464	42866	840.893	804.653	8.187	1.246	0.240	1.227	840.915	804.738	8.177	839	802	7	5	6	4
135	41.154	89.229	250	142	10257608	41030.434	19442.312	38443.500	14350	65535	966.616	914.812	9.744	2.015	0.331	1.975	966.629	914.776	9.743	963	911	7	8	9	6
136	53.006	103.949	322	179	12174418	37808.750	17814.994	33136.000	14404	65535	190.705	109.053	10.888	2.141	0.325	2.117	190.888	109.170	10.880	187	104	8	9	11	6
137	13.334	42.200	81	64	2149018	26531.086	8171.399	25571.000	14380	48312	189.469	148.951	8.951	1.238	0.203	1.242	189.497	148.987	8.928	186	146	8	8	7	3
138	25.021	63.991	152	98	5580670	36714.934	18373.318	30786.000	14415	65535	147.289	164.362	9.743	1.659	0.281	1.646	147.369	164.349	9.746	144	161	8	7	8	5
139	44.775	93.157	272	168	10397097	38224.621	17924.885	33515.000	14375	65535	526.710	233.474	9.757	1.968	0.261	1.958	526.679	233.493	9.727	522	229	8	10	10	5
140	9.054	33.339	55	53	1139674	20721.346	4513.431	19998.000	14561	34895	497.273	243.709	9.382	1.059	0.311	1.053	497.236	243.645	9.377	495	241	8	7	7	3
141	35.063	82.125	213	139	7508350	35250.469	16872.914	29577.000	14395	65535	525.854	312.512	10.408	1.772	0.245	1.762	526.015	312.476	10.388	521	308	8	10	10	5
142	4.280	24.893	26	25	490318	18858.385	3970.632	17341.000	14404	28263	306.654	349.000	8.962	0.891	0.315	1.002	306.590	348.970	8.967	305	346	8	5	6	3
143	42.964	94.295	261	172	9668880	37045.516	17144.438	34730.000	14384	65535	608.920	358.333	10.199	1.962	0.372	2.000	608.999	358.249	10.173	603	355	8	12	9	5
144	18.437	52.681	112	88	2765797	24694.615	7945.118	23085.500	14569	45506	132.866	379.562	9.009	1.374	0.234	1.379	132.952	379.505	9.012	129	376	8	8	9	3
145	2.305	13.171	14	13	362036	25859.715	9798.448	22480.000	15203	48215	527.643	389.357	9.000	0.783	0.301	0.978	527.637	389.368	9.087	527	388	8	3	3	3
146	13.169	40.614	80	65	1834968	22937.100	6379.112	20778.500	14370	40785	747.862	420.688	9.012	1.220	0.187	1.227	747.812	420.751	8.995	745	418	8	7	6	3
147	57.780	110.668	351	229	10308160	29367.977	11673.173	26556.000	14453	58931	620.727	432.798	9.570	2.102	0.383	2.066	620.836	432.731	9.538	616	426	8	10	15	4
148	35.886	84.126	218	136	8117451	37236.016	18256.803	34260.000	14391	65535	955.743	600.349	9.849	1.864	0.299	1.877	955.764	600.418	9.856	951	597	8	10	8	5
149	24.034	63.094	146	95	5198515	35606.266	16729.021	31935.500	14492	65535	797.966	773.034	10.171	1.628	0.293	1.548	797.985	773.008	10.160	795	770	8	7	8	5
150	22.717	59.266	138	96	3432693	24874.588	8323.962	22270.000	14359	48529	862.181	801.594	9.522	1.536	0.204	1.556	862.186	801.643	9.515	859	798	8	7	8	4
151	15.309	46.855	93	77	2131892	22923.570	5787.641	22534.000	14441	40560	849.161	817.183	9.763	1.328	0.303	1.297	849.093	817.082	9.721	846	813	8	7	8	4
152	35.721	84.367	217	135	6844087	31539.572	13901.407	28590.000	14359	65535	166.263	104.502	11.120	1.858	0.305	1.874	166.280	104.485	11.103	162	100	9	9	10	5
153	74.076	167.388	450	276	16006815	35570.699	17146.229	30805.000	14395	65535	314.709	159.878	11.511	2.631	0.828	2.591	315.038	160.028	11.517	304	155	9	20	11	6
154	19.424	53.062	118	80	4386790	37176.188	17689.949	31897.500	14352	65535	356.517	215.441	11.136	1.553	0.339	1.489	356.546	215.463	11.165	354	213	9	6	6	5
155	1.646	11.481	10	10	152054	15205.400	645.784	14963.000	14411	16536	240.500	215.500	9.700	0.629	0.151	0.716	240.504	215.511	9.708	240	214	9	2	4	2
156	56.957	109.327	346	204	12357039	35713.984	16750.797	31592.000	14354	65535	510.061	227.058	10.697	2.104	0.274	2.130	510.117	227.099	10.703	505	222	9	11	11	5
157	17.614	56.439	107	92	2316807	21652.402	6078.326	20979.000	14450	43716	523.439	260.636	9.944	1.386	0.352	1.392	523.487	260.570	9.935	519	258	9	10	8	3
158	47.080	130.084	286	205	9366361	32749.514	17088.500	25959.500	14350	65535	287.210	281.521	11.045	2.375	0.761	2.421	287.042	282.523	11.211	282	273	9	11	16	6
159	39.178	90.641	238	151	8692195	36521.828	16911.555	32049.000	14364	65535	511.353	302.744	10.576	1.883	0.298	1.870	511.292	302.665	10.558	506	299	9	11	9	5
160	20.412	54.611	124	100	3395145	27380.201	9273.611	26441.500	14430	54955	81.073	304.540	9.879	1.432	0.301	1.393	80.966	304.442	9.838	78	301	9	8	9	3
161	5.103	25.582	31	31	559181	18038.098	2515.785	17601.000	14591	24559	280.935	310.677	9.548	0.825	0.200	0.826	280.904	310.643	9.566	279	308	9	5	6	2
162	25.021	63.680	152	105	4850685	31912.400	13918.581	29069.000	14409	65535	525.875	324.039	10.757	1.623	0.304	1.615	525.913	323.959	10.749	523	321	9	7	8	5
163	37.697	85.779	229	147	7552924	32982.199	14408.820	28785.000	14361	65535	627.930	339.568	10.572	1.830	0.269	1.820	627.969	339.644	10.595	623	335	9	10	10	5
164	17.614	51.198	107	82	2860563	26734.234	9586.082	24517.000	14536	54821	230.168	353.103	11.028	1.394	0.305	1.365	230.179	353.134	11.025	226	350	9	9	7	4
165	9.877	33.891	60	48	1496535	24942.250	7560.609	22776.500	15010	43943	84.067	356.817	10.017	1.156	0.203	1.146	84.146	356.941	10.046	82	354	9	5	7	3
166	28.807	73.438	175	109	6634561	37911.777	18003.977	35060.000	14405	65535	236.429	388.686	11.691	1.742	0.303	1.689	236.443	388.653	11.672	233	385	9	8	8	6
167	34.569	78.711	210	140	7084733	33736.824	14237.168	30722.000	14351	65535	254.643	430.410	10.443	1.816	0.348	1.800	254.673	430.385	10.433	251	425	9	8	12	4
168	28.972	70.473	176	110	6354642	36105.922	17478.492	32056.000	14428	65535	445.125	429.188	10.881	1.762	0.301	1.764	445.097	429.219	10.856	441	426	9	9	8	5
169	27.984	69.817	170	110	5324536	31320.801	14932.053	27196.500	14355	65535	664.865	476.706	10.824	1.677	0.275	1.661	665.004	476.717	10.832	661	473	9	9	8	5
170	17.778	52.784	108	86	2863528	26514.148	10763.094	24157.500	14473	57967	824.944	505.426	10.917	1.363	0.264	1.347	825.043	505.421	10.920	821	502	9	9	8	4
171	35.227	86.712	214	130	8412584	39311.141	18467.441	36551.500	14406	65535	595.266	512.794	11.551	1.883	0.347	1.851	595.274	512.820	11.551	591	510	9	10	7	6
172	5.761	28.203	35	35	590913	16883.229	1740.101	16711.000	14398	22420	811.829	561.971	9.400	0.894	0.246	0.906	811.890	561.909	9.408	809	560	9	6	5	2
173	36.215	84.711	220	143	7563836	34381.074	16057.886	28798.500	14541	65535	886.118	599.250	10.659	1.904	0.416	1.885	886.113	599.338	10.673	880	597	9	13	6	5
174	29.466	74.197	179	116	7133992	39854.703	19581.910	34650.000	14547	65535	939.235	637.447	11.933	1.837	0.406	1.959	939.188	637.475	11.916	935	635	9	10	6	6
175	28.807	69.921	175	111	5996287	34264.496	16221.249	29885.000	14378	65535	767.057	694.206	10.674	1.733	0.292	1.732	767.012	694.252	10.666	763	691	9	9	7	5
176	35.721	83.918	217	139	7340793	33828.539	16628.678	28680.000	14441	65535	742.323	704.581	11.286	1.856	0.319	1.847	742.372	704.529	11.276	737	701	9	11	8	5
177	41.154	88.124	250	147	9762900	39051.602	18061.828	35117.500	14349	65535	798.824	714.208	11.944	1.961	0.265	1.995	798.763	714.233	11.919	794	710	9	10	9	6
178	5.761	31.167	35	35	574570	16416.285	1634.281	16105.000	14349	21047	994.429	815.514	9.686	0.932	0.324	0.925	994.445	815.461	9.700	991	813	9	7	7	2
179	26.667	77.299	162	110	4934385	30459.166	14012.198	26236.500	14562	65535	982.926	824.698	11.364	1.773	0.459	1.760	982.813	824.587	11.307	979	820	9	9	11	5
180	33.581	80.023	204	120	7507183	36799.918	18290.096	33730.000	14378	65535	965.083	876.319	11.574	1.875	0.332	1.826	965.034	876.388	11.582	962	872	9	8	9	6
181	7.243	30.030	44	40	907312	20620.727	4717.836	20361.500	14697	31758	217.114	123.659	10.750	0.979	0.242	0.987	217.093	123.610	10.729	215	121	10	5	7	3
182	2.305	13.757	14	14	274560	19611.428	4115.348	18333.000	14851	29173	303.000	144.500	10.714	0.663	0.198	0.697	303.012	144.488	10.749	302	143	10	4	4	2
183	20.741	61.438	126	102	3055288	24248.318	6332.592	23454.500	14378	41007	287.667	180.571	11.548	1.494	0.481	1.558	287.621	180.645	11.532	284	176	10	8	10	4
184	32.429	76.955	197	124	7615379	38656.746	18259.930	35362.000	14458	65535	93.406	199.492	12.695	1.832	0.342	1.844	93.363	199.466	12.615	89	197	10	10	7	6
185	24.198	63.439	147	100	5355270	36430.406	17340.789	30782.000	14350	65535	225.476	211.980	12.408	1.632	0.284	1.595	225.560	211.996	12.400	221	209	10	9	7	5
186	27.326	72.541	166	114	5478843	33005.078	14869.381	31436.500	14418	65535	123.048	218.843	11.964	1.669	0.335	1.645	123.054	218.796	11.972	119	215	10	9	9	5
187	26.832	69.850	163	117	4494764	27575.240	10995.081	24844.000	14360	63696	349.933	231.092	11.196	1.642	0.348	1.670	350.091	231.091	11.200	344	228	10	12	7	4
188	18.437	56.716	112	77	3628786	32399.875	14507.462	29068.500	14395	65535	275.723	232.812	12.089	1.475	0.305	1.429	275.649	232.830	12.066	272	230	10	9	6	5
189	27.820	77.885	169	112	5515372	32635.338	15107.339	29115.000	14481	65535	286.846	246.527	12.095	1.677	0.305	1.661	286.869	246.596	12.069	282	243	10	11	8	5
190	33.581	80.712	204	127	7503129	36780.043	18533.525	29823.500	14453	65535	499.216	252.025	11.863	1.882	0.370	1.957	499.301	252.054	11.828	494	249	10	11	7	5
191	38.026	88.606	231	147	8020752	34721.871	16029.383	30398.000	14432	65535	564.615	274.840	12.312	1.860	0.298	1.855	564.643	274.897	12.253	560	269	10	10	12	5
192	30.947	72.645	188	119	6971362	37081.711	17778.564	34168.500	14417	65535	124.809	281.197	12.016	1.772	0.290	1.767	124.829	281.294	11.981	121	278	10	9	7	5
193	15.803	50.924	96	71	3052205	31793.803	14222.202	28945.000	14795	65535	347.885	289.833	11.729	1.434	0.331	1.446	347.969	289.873	11.732	344	287	10	8	7	4
194	22.058	61.060	134	94	4303735	32117.426	14975.202	27469.500	14404	65535	313.836	299.507	11.836	1.557	0.302	1.547	313.908	299.467	11.831	311	296	10	7	9	5
195	11.358	41.029	69	53	1922413	27861.059	11302.578	25389.000	14450	57142	121.130	306.420	11.768	1.236	0.253	1.243	121.142	306.470	11.740	119	303	10	6	7	4
196	6.585	30.823	40	39	776633	19415.824	4042.063	18890.500	14558	28812	478.325	316.250	11.175	0.953	0.290	0.989	478.296	316.294	11.157	476	314	10	6	5	3
197	24.528	71.507	149	103	4786858	32126.564	14287.703	28826.000	14647	65535	233.436	324.678	11.752	1.714	0.422	1.743	233.624	324.570	11.776	229	321	10	10	9	5
198	20.741	58.784	126	87	4153629	32965.309	15193.822	29493.500	14493	65535	369.794	323.119	12.278	1.502	0.250	1.500	369.769	323.178	12.216	366	320	10	8	7	5
199	20.906	55.716	127	88	4152331	32695.520	14741.171	29108.000	14674	65535	392.512	331.417	11.496	1.520	0.240	1.570	392.594	331.449	11.487	389	328	10	7	8	4
200	32.594	79.264	198	134	6622642	33447.688	16371.514	28540.500	14383	65535	434.975	345.101	11.581	1.788	0.343	1.765	435.014	345.136	11.573	430	342	10	12	7	5
201	22.881	61.853	139	94	4697997	33798.539	16236.607	29421.000	14621	65535	524.072	345.683	11.820	1.592	0.284	1.586	524.104	345.669	11.821	521	342	10	7	8	5
202	28.807	75.127	175	110	6436823	36781.848	17904.121	32725.000	14391	65535	338.577	354.777	12.286	1.778	0.341	1.779	338.590	354.817	12.296	335	350	10	8	10	6
203	37.861	84.952	230	142	8185262	35588.094	16555.408	32610.500	14565	65535	582.561	357.261	12.213	1.853	0.253	1.854	582.674	357.261	12.197	578	353	10	10	9	5
204	28.643	72.196	174	114	6396046	36758.887	17912.061	33156.000	14396	65535	502.391	370.776	12.103	1.727	0.333	1.767	502.427	370.797	12.071	499	367	10	8	9	5
205	43.787	88.744	266	165	9901525	37223.777	17413.693	31564.000	14370	65535	379.699	383.259	12.519	1.917	0.260	1.894	379.640	383.336	12.484	375	379	10	11	9	6
206	5.597	22.858	34	33	687493	20220.383	4005.431	19618.000	14686	30467	162.324	385.735	11.412	0.845	0.219	0.843	162.293	385.734	11.407	160	384	10	5	5	3
207	15.968	50.094	97	89	2148759	22152.154	5613.154	21148.000	14378	36221	551.309	388.948	11.320	1.272	0.346	1.293	551.385	388.938	11.315	547	386	10	9	8	3
208	20.906	56.439	127	99	3736193	29418.842	11743.866	26718.000	14396	61899	576.669	389.787	11.024	1.478	0.338	1.439	576.824	389.768	11.021	572	387	10	10	6	4
209	33.087	80.023	201	123	7831780	38964.078	17860.785	34984.000	14466	65535	292.697	414.408	12.229	1.849	0.335	1.844	292.741	414.409	12.241	288	411	10	10	8	6
210	12.675	43.371	77	70	1653512	21474.182	6445.696	19452.000	14520	43670	492.792	435.545	10.766	1.161	0.264	1.195	492.836	435.631	10.762	489	432	10	8	8	3
211	14.651	45.924	89	68	2722153	30585.988	13200.157	28380.000	14503	65535	616.584	449.742	11.281	1.351	0.269	1.342	616.534	449.750	11.219	614	447	10	7	6	4
212	10.535	37.201	64	58	1454868	22732.312	6008.929	21979.000	14419	38437	287.062	451.141	11.375	1.081	0.279	1.067	287.034	451.121	11.374	285	448	10	6	7	4
213	7.901	32.064	48	47	923582	19241.291	3693.774	18219.500	14389	29314	291.438	459.000	11.375	1.040	0.344	0.974	291.364	459.037	11.338	288	457	10	8	5	3
214	2.305	14.446	14	14	229607	16400.500	1891.617	15938.500	14384	20583	480.643	465.000	10.143	0.749	0.341	0.854	480.641	464.905	10.127	480	463	10	3	6	2
215	17.614	48.682	107	86	3246405	30340.234	10288.469	29669.000	14565	53771	695.589	491.000	11.944	1.357	0.252	1.353	695.643	490.915	11.934	692	489	10	9	6	4
216	42.141	95.021	256	151	10086069	39398.707	18869.611	36934.000	14447	65535	773.613	510.762	12.637	2.018	0.347	1.990	773.679	510.794	12.605	768	507	10	11	8	6
217	16.791	51.268	102	73	3237719	31742.344	13485.338	28804.500	14385	65535	698.873	519.667	12.176	1.405	0.244	1.370	698.860	519.629	12.155	696	517	10	7	7	5
218	12.181	41.511	74	60	1863133	25177.473	8928.361	22125.000	14473	51036	724.351	541.122	11.122	1.226	0.252	1.204	724.394	541.205	11.130	722	537	10	6	9	3
219	20.248	57.887	123	92	3507047	28512.578	11265.014	25289.000	14456	55574	523.504	551.610	11.715	1.469	0.278	1.476	523.467	551.618	11.690	520	548	10	7	9	4
220	20.741	61.508	126	92	3862862	30657.635	13615.038	26338.000	14688	65535	813.635	551.714	11.381	1.600	0.382	1.617	813.598	551.768	11.341	809	549	10	11	6	4
221	17.614	52.095	107	81	2892339	27031.205	10108.338	24521.000	14538	52287	740.187	571.897	11.766	1.381	0.264	1.399	740.171	571.946	11.744	737	568	10	8	8	4
222	34.569	83.574	210	144	7208079	34324.188	15697.087	30648.000	14460	65535	861.271	573.733	12.352	1.864	0.423	1.889	861.185	573.674	12.328	856	570	10	12	9	5
223	39.343	95.848	239	155	7517309	31453.176	13545.081	28124.000	14421	65535	590.816	577.092	12.113	1.979	0.449	1.979	590.749	577.023	12.094	585	574	10	13	9	5
224	28.643	67.230	174	115	5367511	30847.764	13325.176	26972.000	14385	65535	586.787	591.891	11.523	1.675	0.198	1.691	586.832	591.974	11.480	583	588	10	8	9	4
225	29.795	68.542	181	109	7017262	38769.402	18680.289	33053.000	14366	65535	752.707	612.022	11.956	1.792	0.284	1.789	752.715	612.002	11.970	749	609	10	8	7	5
226	31.441	80.850	191	139	6185782	32386.293	13073.829	29896.000	14424	65535	820.843	614.723	11.958	1.793	0.505	1.904	820.932	614.773	11.943	816	611	10	11	9	5
227	45.269	102.915	275	172	9963992	36232.699	16535.480	32277.000	14393	65535	732.713	645.760	12.447	2.037	0.443	2.003	732.722	645.876	12.442	727	641	10	12	11	6
228	47.738	99.087	290	180	9926593	34229.633	15325.565	31214.000	14371	65535	765.072	716.121	11.838	2.006	0.333	2.030	765.147	716.059	11.829	760	711	10	12	10	5
229	36.709	81.987	223	134	8209002	36811.668	17669.490	32607.000	14367	65535	833.484	716.673	11.937	1.876	0.260	1.854	833.502	716.618	11.927	829	713	10	9	9	5
230	19.424	59.336	118	84	3748473	31766.721	14500.291	27144.000	14356	65535	961.203	716.881	11.297	1.575	0.355	1.593	961.163	716.768	11.289	957	714	10	9	8	4
231	47.903	106.743	291	165	11202243	38495.680	18592.080	34706.000	14397	65535	908.632	736.247	12.498	2.123	0.399	2.108	908.604	736.187	12.480	904	731	10	11	11	6
232	32.429	76.677	197	139	5736464	29119.107	10948.425	27217.000	14367	58021	777.391	738.096	11.239	1.723	0.362	1.755	777.488	738.168	11.205	773	734	10	10	9	4
233	38.355	83.848	233	155	7710329	33091.539	14717.685	28475.000	14354	65301	882.837	789.395	12.442	1.842	0.308	1.800	882.776	789.478	12.445	877	786	10	12	8	5
234	28.314	69.954	172	115	4841524	28148.395	11565.493	24387.500	14392	56784	985.180	809.785	11.552	1.674	0.239	1.667	985.237	809.804	11.509	980	806	10	10	9	4
235	16.132	48.200	98	70	2919607	29791.908	13755.579	25423.500	14459	65535	905.816	823.490	11.480	1.408	0.239	1.456	905.728	823.572	11.493	903	820	10	7	7	4
236	8.725	33.547	53	48	1191577	22482.584	6489.413	20290.000	14362	39036	879.170	833.377	11.321	1.041	0.259	1.034	879.193	833.341	11.345	877	831	10	6	6	3
237	5.761	23.099	35	35	743206	21234.457	4360.401	20590.000	14759	30601	218.114	195.314	11.486	0.850	0.208	0.856	218.157	195.328	11.467	216	193	11	6	5	2
238	8.560	26.409	52	52	1182750	22745.191	3845.938	23164.500	14960	29301	86.654	216.115	11.500	0.956	0.248	0.956	86.669	216.150	11.493	84	214	11	6	5	2
239	13.828	43.890	84	65	2257262	26872.166	9170.254	25547.000	14391	51029	191.964	257.905	12.119	1.282	0.245	1.266	192.034	257.886	12.099	188	256	11	8	6	4
240	16.955	48.889	103	73	2949277	28633.758	12556.062	23044.000	14440	58843	90.058	265.175	12.417	1.449	0.250	1.450	89.991	265.114	12.440	87	262	11	7	7	4
241	4.115	25.823	25	25	464535	18581.400	3082.639	18258.000	14403	25880	370.840	273.120	11.960	1.025	0.459	0.997	370.781	273.077	11.969	367	271	11	8	6	3
242	8.889	33.547	54	46	1078841	19978.537	4221.751	19248.000	14372	30012	379.074	277.796	11.926	1.092	0.185	1.104	379.056	277.801	11.913	377	275	11	6	6	3
243	18.272	55.716	111	85	2872688	25880.072	9545.091	24581.000	14358	52377	423.315	303.387	12.288	1.485	0.373	1.504	423.352	303.437	12.312	420	299	11	8	9	4
244	37.367	83.296	227	153	7329275	32287.555	13836.350	28616.000	14396	65535	153.714	307.868	12.767	1.778	0.264	1.795	153.851	307.856	12.757	149	304	11	11	9	5
245	4.280	29.789	26	26	425624	16370.154	1465.667	16450.000	14354	20100	323.500	310.731	12.115	1.121	0.529	1.269	323.507	310.751	12.112	322	306	11	5	9	3
246	46.257	103.949	281	179	9818176	34940.129	17048.416	30531.000	14369	65535	139.605	315.004	12.612	2.020	0.443	2.042	139.559	315.049	12.583	134	311	11	13	9	5
247	4.445	24.582	27	27	464929	17219.592	2436.280	16610.000	14428	26303	484.111	328.111	11.185	0.913	0.308	0.927	484.181	328.133	11.177	482	325	11	6	6	2
248	7.243	30.478	44	41	923253	20983.023	5269.594	20267.000	14499	34182	184.295	329.045	11.727	0.965	0.246	0.964	184.294	329.044	11.710	182	327	11	5	6	3
249	19.095	57.198	116	87	3454645	29781.422	11629.560	27662.500	14497	56411	129.147	342.078	12.784	1.514	0.355	1.487	129.158	342.139	12.761	125	339	11	10	7	4
250	24.198	63.576	147	100	4512322	30696.068	13726.219	24768.000	14504	59657	327.197	348.211	12.571	1.584	0.253	1.603	327.235	348.177	12.552	323	345	11	10	7	4
251	27.655	70.058	168	113	4992697	29718.434	13027.895	24443.000	14561	59302	473.310	354.470	12.435	1.658	0.258	1.663	473.343	354.511	12.407	469	351	11	10	8	4
252	24.692	67.990	150	106	4618638	30790.920	13282.378	26333.500	14411	62985	242.053	378.720	12.393	1.675	0.364	1.685	242.011	378.819	12.410	237	375	11	11	8	4
253	15.638	49.267	95	78	2109208	22202.189	5894.661	20720.000	14457	39749	199.389	389.863	12.137	1.307	0.282	1.318	199.411	389.899	12.134	196	386	11	8	8	3
254	9.548	33.098	58	49	1291565	22268.361	5977.207	20290.000	14540	37379	468.293	397.414	12.121	1.123	0.227	1.123	468.276	397.423	12.142	467	394	11	4	8	3
255	15.638	45.613	95	76	2509197	26412.600	8419.852	27385.000	14556	43552	332.716	398.432	12.758	1.301	0.224	1.322	332.681	398.434	12.687	329	396	11	8	6	4
256	6.091	25.823	37	37	644294	17413.352	2150.419	17484.000	14486	22822	495.324	408.676	11.514	0.880	0.228	0.862	495.308	408.640	11.518	494	406	11	4	7	2
257	26.338	72.678	160	116	4442656	27766.600	10473.021	25284.500	14366	52749	244.469	414.288	12.688	1.591	0.325	1.633	244.484	414.280	12.687	239	411	11	11	8	4
258	33.911	81.020	206	153	6245127	30316.150	11364.679	28945.000	14426	58821	356.985	421.883	12.757	1.778	0.497	1.755	357.115	421.901	12.751	351	418	11	12	9	4
259	4.774	23.996	29	29	518707	17886.449	2777.851	17291.000	14625	23575	514.690	421.138	11.655	0.869	0.263	0.850	514.649	421.113	11.682	512	420	11	6	4	2
260	10.535	37.304	64	57	1491846	23310.094	6488.245	21999.500	14877	40856	480.859	427.125	11.703	1.173	0.318	1.206	480.924	427.137	11.669	477	425	11	8	5	3
261	3.951	23.859	24	24	438830	18284.584	2555.725	17990.000	14947	26200	465.417	452.000	11.542	0.966	0.382	0.889	465.370	451.995	11.555	463	450	11	7	5	2
262	34.404	87.676	209	144	6182136	29579.598	12229.824	26021.000	14413	65081	468.373	463.780	12.435	1.921	0.513	1.920	468.348	463.884	12.400	463	459	11	12	11	4
263	24.528	62.542	149	101	4601834	30884.791	14067.570	27454.000	14462	65535	634.872	475.852	12.550	1.597	0.245	1.589	634.997	475.830	12.521	631	473	11	9	7	5
264	16.955	45.269	103	82	2992091	29049.428	9972.353	26756.000	14570	60156	705.010	490.311	12.097	1.333	0.209	1.328	705.015	490.293	12.076	702	488	11	7	6	4
265	17.778	53.715	108	92	2458692	22765.666	7308.014	20625.500	14429	52628	648.982	510.815	12.167	1.350	0.310	1.350	648.921	510.633	12.177	646	507	11	8	9	3
266	30.783	81.780	187	139	5345594	28586.064	10224.340	27883.000	14486	53979	555.289	513.604	12.824	1.773	0.481	1.827	555.322	513.643	12.770	550	509	11	12	10	4
267	13.334	42.993	81	67	2059740	25428.889	8762.345	22759.000	14587	44772	514.259	513.383	12.691	1.220	0.250	1.241	514.332	513.403	12.652	511	510	11	7	7	4
268	8.725	37.753	53	48	1127126	21266.527	6411.936	18647.000	14470	40943	806.924	525.774	11.774	1.091	0.343	1.058	806.896	525.870	11.742	803	524	11	9	5	3
269	39.507	93.398	240	165	7629411	31789.213	12819.208	30647.000	14376	64775	741.833	530.617	12.979	1.838	0.351	1.873	741.823	530.630	12.927	737	526	11	11	10	5
270	29.631	85.642	180	147	4664745	25915.250	8217.072	24516.500	14517	46313	796.422	538.128	12.028	1.889	0.604	1.894	796.405	538.138	12.020	790	535	11	14	7	4
271	14.157	45.510	86	70	1839117	21385.082	5425.341	19546.000	14380	33862	615.686	560.105	12.140	1.291	0.267	1.269	615.621	560.046	12.127	612	557	11	8	7	3
272	17.284	51.509	105	79	2818299	26840.943	9039.582	25843.000	14542	47814	772.819	565.276	12.276	1.365	0.236	1.372	772.805	565.314	12.285	770	562	11	7	7	4
273	21.729	55.267	132	91	4288729	32490.371	15129.676	27450.000	14562	65535	644.303	567.674	12.667	1.524	0.202	1.526	644.365	567.729	12.674	641	564	11	7	8	4
274	17.120	49.579	104	79	2767127	26606.990	8525.673	26330.000	14691	45043	779.702	572.452	12.798	1.360	0.234	1.361	779.622	572.442	12.769	776	570	11	8	6	4
275	18.601	51.268	113	80	3712006	32849.609	14916.075	26285.000	14935	65535	781.540	590.106	12.531	1.479	0.257	1.540	781.509	590.124	12.508	778	588	11	8	5	4
276	13.498	46.718	82	64	2207107	26915.939	9404.373	24216.500	14508	44781	660.634	614.744	12.683	1.270	0.268	1.273	660.645	614.754	12.660	658	612	11	6	7	4
277	15.474	46.165	94	66	2673894	28445.682	11537.421	26314.000	14404	59637	655.585	622.032	12.415	1.378	0.219	1.407	655.628	622.000	12.404	653	619	11	6	7	4
278	4.938	21.617	30	30	531553	17718.434	1966.495	17441.500	14634	22504	755.633	660.500	11.400	0.820	0.210	0.806	755.673	660.529	11.381	754	658	11	5	6	2
279	3.457	20.720	21	21	335101	15957.190	1218.052	15527.000	14348	18249	837.333	661.286	11.000	0.888	0.334	0.959	837.347	661.250	11.000	835	659	11	6	6	1
280	10.700	35.374	65	53	1502588	23116.738	7264.925	21438.000	14438	44809	865.200	698.877	11.938	1.185	0.219	1.164	865.253	698.918	11.945	862	697	11	7	5	3
281	23.704	61.508	144	99	4543544	31552.389	14953.331	25194.500	14376	65535	962.556	735.757	12.639	1.606	0.276	1.613	962.616	735.768	12.645	958	733	11	10	6	5
282	35.557	79.538	216	145	6706551	31048.848	13377.360	26938.500	14640	65535	804.310	752.065	12.537	1.794	0.296	1.760	804.243	751.912	12.511	801	747	11	8	12	4
283	36.380	95.503	221	157	6067688	27455.602	10849.159	24601.000	14383	54534	952.502	766.964	12.570	1.960	0.598	2.014	952.547	767.077	12.567	949	761	11	8	13	4
284	19.095	54.611	116	89	2807924	24206.242	6952.057	21950.500	14568	40863	959.500	774.931	12.914	1.392	0.252	1.374	959.334	774.850	12.882	955	772	11	10	7	4
285	18.601	57.576	113	100	2691214	23816.053	6695.467	24133.000	14477	43766	901.434	783.805	12.681	1.369	0.335	1.361	901.348	783.866	12.639	898	779	11	9	10	4
286	35.392	84.022	215	133	8022473	37313.828	17869.953	31609.000	14572	65535	896.530	813.321	12.619	1.864	0.311	1.874	896.585	813.287	12.597	892	809	11	10	10	5
287	12.840	45.510	78	70	1537172	19707.334	3872.781	19316.500	14637	29896	928.718	811.974	12.256	1.277	0.385	1.274	928.725	811.980	12.251	924	809	11	10	7	3
288	49.878	127.775	303	197	10342076	34132.266	16341.622	28538.000	14369	65535	952.162	878.686	12.772	2.394	0.804	2.328	951.882	878.348	12.724	946	874	11	17	12	5
289	36.380	95.158	221	147	6874380	31105.791	13679.957	25592.000	14349	64219	985.462	885.299	12.611	2.005	0.581	2.008	985.502	885.314	12.600	981	879	11	10	13	5
290	1.975	13.653	12	12	192054	16004.500	1173.865	15922.000	14383	18977	421.583	326.833	12.000	0.651	0.281	0.702	421.577	326.831	12.000	420	325	12	4	5	1
291	25.680	68.161	156	123	3792707	24312.225	7090.847	23271.000	14556	48191	112.378	329.513	12.897	1.654	0.479	1.636	112.304	329.513	12.851	107	327	12	12	6	3
292	8.889	33.787	54	54	973350	18025.000	2349.964	17672.500	14391	24179	581.518	332.296	12.463	1.090	0.386	1.087	581.454	332.258	12.449	578	330	12	9	5	2
293	5.432	27.065	33	31	606458	18377.516	3090.522	17467.000	14648	26138	201.576	338.545	12.758	0.883	0.257	0.945	201.577	338.534	12.771	199	336	12	6	6	3
294	15.474	43.682	94	74	2481890	26403.086	7999.384	24378.000	14550	43052	327.181	392.160	12.926	1.287	0.193	1.278	327.168	392.219	12.882	324	389	12	8	7	3
295	8.560	31.064	52	50	1188972	22864.846	6722.655	21192.000	14363	36320	269.635	400.404	12.596	1.007	0.285	0.983	269.653	400.372	12.570	267	398	12	6	6	3
296	10.371	39.925	63	58	1215013	19285.920	3411.032	18960.000	14718	27828	480.413	413.444	12.714	1.098	0.300	1.115	480.420	413.481	12.716	477	410	12	7	7	3
297	17.778	50.301	108	89	2358154	21834.760	5151.031	20902.500	14441	35676	355.370	474.111	12.796	1.331	0.247	1.335	355.365	474.021	12.780	352	471	12	8	7	3
298	16.955	50.061	103	85	2366472	22975.457	6402.646	22382.000	14444	37522	356.670	482.039	12.796	1.304	0.263	1.337	356.676	482.146	12.745	353	479	12	8	7	3
299	5.926	43.167	36	36	575631	15989.750	1460.890	15340.500	14484	19605	881.694	590.361	12.389	1.961	1.045	1.885	881.865	590.428	12.395	875	588	12	17	6	2
300	1.811	12.619	11	11	186624	16965.818	2344.556	16037.000	14734	21523	700.636	682.273	12.182	0.665	0.299	0.665	700.662	682.291	12.160	698	681	12	5	4	2
