 	Volume (micron^3)	Surface (micron^2)	Nb of obj. voxels	Nb of surf. voxels	IntDen	Mean	StdDev	Median	Min	Max	X	Y	Z	Mean dist. to surf. (micron)	SD dist. to surf. (micron)	Median dist. to surf. (micron)	XM	YM	ZM	BX	BY	BZ	B-width	B-height	B-depth
1	42.635	95.055	259	170	9916870	38289.074	18765.326	34429.000	12406	65535	704.757	172.085	4.471	1.972	0.382	1.946	704.805	172.128	4.439	700	166	2	9	12	6
2	27.655	67.301	168	114	6202907	36922.066	18480.023	33200.000	12234	65535	812.917	235.107	4.417	1.674	0.251	1.640	812.942	235.189	4.409	809	232	2	8	7	6
3	28.478	68.335	173	116	6085692	35177.410	18124.014	31110.000	12269	65535	726.422	272.838	4.405	1.690	0.244	1.674	726.353	272.863	4.383	722	269	2	10	8	5
4	25.186	69.921	153	103	5018174	32798.523	16866.578	30085.000	12382	65535	851.752	301.739	3.922	1.628	0.292	1.590	851.797	301.703	3.886	846	298	2	10	9	5
5	21.235	54.956	129	101	3589494	27825.535	10350.736	26083.000	12279	51362	832.752	304.550	3.899	1.452	0.302	1.431	832.837	304.544	3.854	828	302	2	10	7	4
6	25.515	69.817	155	110	4842998	31245.148	15008.861	28143.000	12361	65535	847.955	322.000	3.935	1.671	0.374	1.664	847.920	322.023	3.906	844	317	2	8	11	5
7	63.212	136.595	384	273	10748246	27990.225	12556.589	25535.500	12269	65154	582.331	124.000	4.922	2.469	0.856	2.524	582.054	123.561	4.928	575	117	3	16	16	5
8	23.375	65.540	142	105	3345523	23560.021	8947.118	20920.000	12389	46204	480.380	121.873	5.218	1.549	0.409	1.518	480.433	121.880	5.187	476	118	3	9	10	5
9	20.412	56.509	124	85	3277843	26434.217	13029.584	21127.000	12297	59845	576.500	132.879	4.573	1.523	0.236	1.560	576.558	132.840	4.576	573	130	3	8	7	4
10	28.149	71.851	171	114	5343718	31249.812	16260.042	27070.000	12333	65535	762.211	144.187	5.152	1.699	0.291	1.739	762.223	144.189	5.146	758	140	3	8	9	5
11	39.837	103.845	242	173	6952855	28730.807	15203.206	23427.000	12295	65535	587.727	148.244	4.860	1.976	0.579	1.984	587.980	148.744	4.851	584	140	3	10	15	5
12	11.688	40.339	71	53	1964293	27666.098	13577.829	19872.000	12507	58214	579.000	150.634	4.592	1.295	0.283	1.299	579.025	150.661	4.597	577	148	3	5	7	4
13	60.743	132.459	369	243	10386063	28146.512	12693.404	23914.000	12245	65535	679.902	159.125	4.580	2.377	0.730	2.322	680.036	159.216	4.559	673	151	3	13	17	4
14	7.078	28.996	43	41	866208	20144.373	5626.814	18671.000	12423	34969	716.953	155.233	4.349	0.968	0.263	0.933	716.919	155.192	4.336	715	152	3	5	7	3
15	21.894	57.887	133	96	3488239	26227.361	11564.942	23873.000	12427	56098	514.271	166.481	4.669	1.510	0.231	1.519	514.180	166.468	4.670	510	163	3	9	7	4
16	43.623	92.535	265	185	8070088	30453.162	13213.341	29138.000	12251	63250	750.804	169.589	4.158	1.879	0.378	1.892	750.729	169.720	4.081	745	165	3	12	10	4
17	41.647	89.985	253	161	8643733	34164.953	17585.998	27427.000	12360	65535	452.016	168.846	5.427	1.897	0.297	1.858	451.980	168.994	5.451	447	163	3	10	11	5
18	44.610	105.535	271	180	8091896	29859.395	15084.801	26245.000	12303	65535	636.557	184.129	5.244	2.111	0.600	2.062	636.422	184.372	5.218	632	178	3	11	13	5
19	43.952	99.087	267	180	8314366	31139.947	16301.581	27354.000	12418	65535	469.831	189.217	5.288	2.012	0.488	1.923	469.500	188.842	5.287	465	184	3	11	12	5
20	22.388	57.647	136	95	4390820	32285.441	16972.109	26222.500	12569	65535	747.868	189.875	4.346	1.571	0.262	1.600	747.774	189.853	4.284	745	186	3	6	9	4
21	8.889	32.753	54	45	1145918	21220.703	7350.046	18782.500	12425	40018	858.611	191.019	3.963	1.099	0.198	1.089	858.509	190.925	3.890	856	189	3	7	5	3
22	49.220	109.982	299	185	9865386	32994.602	17699.434	27669.000	12266	65535	344.448	193.100	5.288	2.130	0.519	2.060	344.052	192.961	5.284	338	189	3	16	9	5
23	23.211	61.508	141	100	4351397	30860.971	16869.732	24587.000	12243	65535	741.440	197.177	4.504	1.584	0.269	1.618	741.390	197.041	4.498	737	194	3	9	8	4
24	25.186	65.233	153	96	5465712	35723.609	19225.729	29858.000	12356	65535	420.954	204.869	5.085	1.702	0.320	1.641	420.953	204.894	5.076	418	202	3	8	7	5
25	27.491	67.197	167	113	5542904	33191.043	17754.361	28719.000	12281	65535	764.491	205.587	4.641	1.679	0.266	1.679	764.386	205.540	4.651	761	203	3	9	7	5
26	17.778	55.338	108	76	3354712	31062.148	17127.562	26428.500	12445	65535	667.167	213.519	5.074	1.491	0.346	1.454	667.133	213.460	5.079	665	210	3	6	8	5
27	13.828	51.854	84	74	1560117	18572.822	5589.699	17419.500	12268	34938	768.488	213.786	4.250	1.246	0.379	1.296	768.335	213.721	4.266	764	211	3	9	7	4
28	15.145	43.753	92	66	2834735	30812.338	16508.188	24983.500	13080	65535	779.446	216.272	4.522	1.412	0.253	1.473	779.442	216.249	4.491	777	214	3	6	6	4
29	24.857	65.989	151	115	4029296	26684.080	11667.370	24710.000	12241	61557	418.470	216.682	4.841	1.536	0.324	1.521	418.704	216.721	4.861	414	213	3	10	8	4
30	20.741	57.854	126	88	4060311	32224.691	16887.543	29585.500	12338	65535	564.262	220.222	4.937	1.554	0.307	1.524	564.223	220.107	4.931	562	217	3	6	8	5
31	45.927	114.808	279	207	7115383	25503.164	9917.161	24279.000	12240	60165	398.387	228.380	4.828	1.996	0.578	2.063	398.348	228.236	4.806	393	221	3	11	15	4
32	30.947	71.092	188	127	5994401	31885.111	15875.188	27072.500	12510	65535	631.378	228.835	4.617	1.702	0.229	1.705	631.295	228.740	4.675	628	225	3	8	9	4
33	34.240	76.436	208	138	6920703	33272.609	17137.139	27539.000	12470	65535	908.341	229.308	5.433	1.760	0.211	1.752	908.373	229.229	5.420	904	226	3	10	8	5
34	26.667	69.198	162	106	5916217	36519.859	19425.131	33094.500	12287	65535	518.105	239.784	5.222	1.745	0.373	1.745	518.122	239.753	5.276	515	236	3	7	8	6
35	51.030	101.811	310	184	10821407	34907.766	17727.672	30017.000	12306	65535	563.184	245.677	4.755	2.066	0.296	2.098	563.219	245.612	4.707	558	242	3	12	9	5
36	19.918	52.303	121	86	3758654	31063.256	17066.504	25941.000	12309	65535	770.810	251.744	4.471	1.495	0.220	1.523	770.822	251.712	4.450	768	248	3	6	8	4
37	3.457	18.170	21	20	486028	23144.191	7783.219	23049.000	12262	38340	957.143	251.857	4.000	0.858	0.290	0.990	957.151	251.776	4.044	956	251	3	4	3	3
38	33.252	77.333	202	128	6873633	34027.887	18128.318	28149.000	12312	65535	427.718	254.342	5.515	1.765	0.216	1.745	427.771	254.277	5.534	424	250	3	8	10	6
39	24.198	65.507	147	102	4039110	27476.939	12885.331	23571.000	12515	59734	606.122	257.456	4.653	1.594	0.284	1.614	606.124	257.337	4.651	603	254	3	8	9	4
40	12.840	43.545	78	64	1618521	20750.270	7378.552	18527.000	12325	38633	929.756	257.000	4.705	1.246	0.273	1.263	929.722	256.928	4.694	927	254	3	6	8	4
41	42.964	109.019	261	171	8886293	34047.102	18691.715	28542.000	12264	65535	438.310	261.372	5.295	2.142	0.604	2.201	437.834	260.964	5.294	433	257	3	13	12	6
42	10.371	34.340	63	53	1352073	21461.477	6983.535	19946.000	12280	39085	697.286	260.349	4.111	1.151	0.205	1.135	697.231	260.382	4.138	695	257	3	5	7	3
43	22.881	61.612	139	91	4630938	33316.102	17448.408	28901.000	12294	65535	473.281	263.317	4.813	1.606	0.301	1.580	473.348	263.214	4.851	469	261	3	9	6	5
44	16.626	48.545	101	74	2722650	26956.932	12339.394	24535.000	12332	60224	885.000	274.327	4.228	1.383	0.231	1.362	884.938	274.362	4.191	882	271	3	7	7	4
45	61.895	140.390	376	253	11504868	30598.053	16171.938	24863.000	12247	65535	595.894	279.657	5.056	2.490	0.879	2.520	595.669	279.083	4.994	590	272	3	12	18	5
46	13.169	43.682	80	68	1460350	18254.375	4360.912	17227.500	12591	27693	690.862	275.837	4.250	1.218	0.304	1.229	690.834	275.899	4.245	688	273	3	7	7	3
47	23.211	64.577	141	101	4319405	30634.078	15255.840	27298.000	12238	65535	653.809	285.440	4.227	1.616	0.350	1.619	653.768	285.434	4.182	650	282	3	9	8	4
48	16.791	53.129	102	85	2084076	20432.117	6579.862	19298.000	12377	44975	828.294	286.078	4.098	1.356	0.307	1.322	828.233	285.983	4.118	824	283	3	10	8	3
49	49.549	99.880	301	179	10300084	34219.547	17684.869	29685.000	12327	65535	343.203	291.867	5.156	2.030	0.265	2.062	343.262	291.986	5.150	338	287	3	11	11	5
50	18.272	63.921	111	94	2081759	18754.586	6338.152	16853.000	12245	42963	788.838	294.829	3.937	1.429	0.399	1.359	788.675	295.002	3.943	785	291	3	10	8	3
51	26.503	64.473	161	108	5747571	35699.199	18622.568	29346.000	12370	65535	199.081	295.770	5.453	1.664	0.277	1.681	199.097	295.806	5.463	195	293	3	10	7	5
52	49.713	114.222	302	207	9060266	30000.881	14207.346	26361.500	12321	65535	478.937	295.672	5.215	2.228	0.749	2.221	479.011	295.802	5.199	473	288	3	13	15	5
53	33.087	75.747	201	129	6467756	32177.891	16737.781	27215.000	12339	65535	727.746	299.259	5.279	1.765	0.249	1.751	727.758	299.343	5.290	724	295	3	8	10	5
54	4.938	28.788	30	30	464706	15490.200	2682.453	15224.500	12376	22077	843.100	305.333	3.867	0.946	0.392	0.921	843.113	305.303	3.878	840	301	3	7	9	2
55	26.009	64.784	158	103	5444085	34456.234	17885.982	32210.000	12300	65535	431.987	309.076	5.032	1.681	0.299	1.619	432.038	309.129	5.048	429	306	3	7	8	5
56	31.935	74.954	194	128	5954688	30694.268	15626.131	25765.000	12294	65535	729.206	316.562	4.613	1.755	0.282	1.751	729.218	316.448	4.621	725	313	3	10	9	5
57	29.137	68.194	177	135	4429313	25024.367	9263.052	23068.000	12277	55268	744.243	318.565	3.955	1.599	0.335	1.597	744.196	318.466	3.940	739	315	3	11	9	3
58	22.552	62.472	137	107	3055274	22301.270	7519.062	20281.000	12719	46903	862.635	325.956	3.883	1.555	0.414	1.467	862.548	325.934	3.855	858	322	3	10	9	3
59	39.178	140.015	238	200	5647084	23727.244	11530.885	20032.500	12279	61436	718.643	331.147	6.966	2.840	1.266	2.953	719.226	331.597	7.291	707	326	3	22	13	8
60	29.795	76.436	181	130	5367402	29654.154	13947.441	26744.000	12243	65535	343.873	358.536	5.066	1.652	0.312	1.664	343.861	358.600	5.065	340	353	3	8	11	5
61	13.992	40.959	85	69	1997693	23502.271	8762.129	21356.000	12265	50006	851.247	365.835	3.847	1.259	0.234	1.249	851.042	365.909	3.809	848	363	3	8	6	3
62	10.041	34.581	61	52	1104680	18109.508	4530.198	16970.000	12342	26766	780.672	366.951	4.164	1.106	0.187	1.132	780.701	367.025	4.186	778	364	3	6	6	3
63	35.721	82.195	217	135	7951006	36640.582	19334.055	32043.000	12368	65535	146.843	367.677	5.857	1.877	0.301	1.875	146.856	367.642	5.832	143	364	3	9	9	6
64	34.734	90.125	211	141	7632170	36171.422	18916.070	31598.000	12235	65535	268.957	406.332	5.536	1.933	0.475	1.933	268.746	406.502	5.542	264	402	3	12	10	6
65	19.260	53.440	117	83	3635121	31069.410	16729.674	25351.000	12298	65535	539.641	110.564	5.632	1.480	0.241	1.484	539.560	110.526	5.640	536	108	4	8	6	4
66	47.573	129.976	289	246	6229424	21555.100	11021.629	17635.000	12249	65535	638.616	110.156	6.747	2.139	0.715	2.145	639.394	110.532	6.449	630	103	4	15	14	5
67	7.078	29.340	43	37	827859	19252.535	5469.509	18033.000	12247	33090	543.256	136.163	5.140	1.007	0.230	1.008	543.205	136.131	5.145	541	134	4	6	5	3
68	11.523	39.339	70	60	1463918	20913.115	7255.718	19126.000	12333	42943	770.400	142.657	4.957	1.230	0.298	1.195	770.405	142.577	4.967	769	139	4	4	9	3
69	10.535	38.683	64	56	1271420	19865.938	5960.498	18609.000	12543	34072	686.609	146.141	4.781	1.158	0.276	1.174	686.539	146.131	4.793	684	142	4	6	8	3
70	31.277	75.435	190	130	5315390	27975.736	12526.125	24926.000	12383	60539	497.216	146.847	5.711	1.698	0.274	1.707	497.201	146.817	5.729	492	143	4	10	9	4
71	21.235	53.370	129	104	3561479	27608.365	12426.295	25637.000	12405	65535	709.853	150.078	5.000	1.497	0.372	1.477	709.785	149.992	5.041	708	146	4	6	10	3
72	11.688	38.683	71	55	1483766	20898.113	7325.901	18782.000	12442	42637	415.507	156.606	4.986	1.201	0.199	1.172	415.558	156.617	5.020	412	154	4	8	6	3
73	32.264	76.540	196	136	6336260	32327.857	16313.072	27089.000	12241	65535	430.592	177.469	5.515	1.786	0.349	1.754	430.595	177.481	5.504	427	173	4	10	10	4
74	5.926	26.616	36	36	598960	16637.777	3569.934	15972.500	12367	27276	776.333	179.833	4.417	0.874	0.239	0.870	776.282	179.715	4.391	774	177	4	5	7	2
75	15.968	46.614	97	69	2684647	27676.773	13244.637	22745.000	12569	56462	686.320	191.856	5.464	1.397	0.225	1.447	686.370	191.920	5.462	683	189	4	7	6	4
76	19.095	55.923	116	82	3630651	31298.715	16232.320	27729.000	12356	65535	391.276	202.638	5.940	1.504	0.318	1.472	391.203	202.612	5.945	388	200	4	8	6	5
77	33.746	73.160	205	130	6344171	30947.176	15385.614	24134.000	12471	65535	443.132	206.171	5.429	1.751	0.188	1.749	443.101	206.141	5.430	439	202	4	9	9	4
78	37.203	78.571	226	170	4736225	20956.748	6666.342	19296.500	12387	43278	828.345	213.327	5.004	1.713	0.373	1.774	828.185	213.385	5.020	824	208	4	10	11	3
79	10.041	34.925	61	52	1197278	19627.508	5833.475	18207.000	12334	35292	494.377	212.492	5.213	1.112	0.210	1.128	494.487	212.501	5.239	491	210	4	8	6	3
80	4.115	20.238	25	21	449494	17979.760	4621.125	16681.000	13199	29293	531.400	212.680	5.000	0.870	0.184	0.977	531.382	212.692	4.996	530	211	4	4	5	3
81	16.132	50.027	98	75	2875621	29343.072	13589.385	27951.000	12448	65535	437.704	219.071	5.194	1.351	0.253	1.362	437.753	219.056	5.179	434	216	4	8	7	4
82	23.211	75.676	141	123	2744579	19465.100	6503.431	17054.000	12273	42971	337.404	224.418	5.631	1.638	0.558	1.560	337.179	224.127	5.610	332	221	4	13	9	4
83	9.383	29.789	57	49	1271631	22309.316	7707.214	19678.000	12328	44375	485.368	224.982	4.982	1.103	0.182	1.092	485.374	224.982	4.967	483	223	4	5	5	3
84	26.832	64.299	163	120	4299056	26374.576	11909.807	23942.000	12418	65498	753.896	226.669	5.313	1.583	0.244	1.611	753.912	226.544	5.288	750	223	4	9	8	4
85	31.441	76.540	191	126	6184529	32379.732	16597.309	26292.000	12396	65535	276.906	240.016	5.455	1.785	0.340	1.776	276.843	240.081	5.396	272	236	4	11	9	4
86	13.005	38.338	79	63	1912428	24207.949	9722.397	21956.000	12345	52956	404.443	243.025	5.101	1.225	0.174	1.216	404.433	243.083	5.094	402	240	4	6	7	3
87	6.749	28.203	41	36	713913	17412.512	4649.242	15833.000	12568	28614	748.317	243.659	5.122	0.998	0.208	1.027	748.294	243.598	5.119	746	242	4	6	5	3
88	40.989	89.640	249	160	8076265	32434.799	16540.695	29385.000	12349	65535	521.996	247.687	5.691	1.907	0.310	1.875	522.002	247.573	5.740	517	243	4	11	10	5
89	3.951	21.031	24	24	393313	16388.041	2442.651	16535.500	12580	20297	909.833	255.167	4.583	0.785	0.208	0.742	909.903	255.149	4.602	907	254	4	6	4	2
90	18.108	57.094	110	90	2409828	21907.527	7485.817	20318.000	12273	44937	535.473	260.955	5.073	1.530	0.482	1.452	535.455	260.916	5.072	533	256	4	7	12	3
91	23.869	59.129	145	98	5241601	36148.973	17777.850	30332.000	12483	65535	359.517	271.779	5.517	1.604	0.230	1.609	359.616	271.770	5.516	356	269	4	8	7	4
92	7.243	30.582	44	37	798559	18149.068	4991.824	17293.500	12312	29845	398.295	272.114	5.136	1.039	0.208	1.088	398.292	272.081	5.124	396	269	4	5	7	3
93	26.338	64.266	160	107	4960234	31001.463	16067.466	25448.000	12321	65535	345.856	276.225	5.475	1.630	0.209	1.634	345.847	276.148	5.504	342	273	4	9	8	4
94	37.532	83.055	228	147	6771583	29699.926	14205.772	23268.000	12255	59376	237.570	284.254	5.491	1.830	0.256	1.825	237.546	284.243	5.510	233	280	4	11	10	4
95	18.931	56.887	115	93	2689356	23385.705	8320.070	23023.000	12234	41472	274.678	282.930	5.687	1.404	0.348	1.419	274.605	282.897	5.650	271	280	4	9	7	4
96	24.857	64.540	151	117	3198762	21183.854	6941.383	19797.000	12329	44128	763.755	292.788	4.947	1.508	0.299	1.526	763.736	292.868	4.939	760	288	4	9	10	3
97	2.634	14.653	16	16	391334	24458.375	8665.931	23916.000	12766	38753	696.438	290.125	5.250	0.722	0.270	0.740	696.447	290.143	5.350	695	289	4	4	3	3
98	22.223	58.403	135	106	2961211	21934.896	7540.499	20132.000	12280	43895	419.563	298.933	5.096	1.478	0.317	1.480	419.509	298.963	5.101	416	294	4	8	10	3
99	5.761	28.514	35	33	803843	22966.943	10397.313	19763.000	12261	57648	703.514	301.571	4.914	1.040	0.360	1.085	703.630	301.359	4.875	701	299	4	5	7	3
100	48.067	91.809	292	209	7828480	26809.863	11638.580	23347.500	12308	58960	466.582	304.045	5.836	1.909	0.412	1.993	466.918	304.155	5.808	461	299	4	11	11	4
101	33.087	76.058	201	126	7021320	34931.941	19181.271	29811.000	12251	65535	355.896	315.383	5.925	1.818	0.294	1.841	355.854	315.457	5.907	353	311	4	7	10	5
102	30.289	71.607	184	144	4537657	24661.180	9137.900	22642.000	12314	48770	249.647	324.815	5.125	1.661	0.413	1.620	249.606	324.771	5.169	246	320	4	10	11	3
103	19.260	54.404	117	91	2492869	21306.572	7594.249	18719.000	12273	42371	326.034	327.026	5.077	1.397	0.275	1.329	326.126	327.007	5.065	322	323	4	9	9	3
104	22.058	57.335	134	95	3620844	27021.225	14136.954	22733.500	12274	63397	417.306	333.567	5.560	1.523	0.224	1.549	417.399	333.718	5.558	414	330	4	7	8	4
105	17.778	51.613	108	79	3071551	28440.287	13962.311	24365.500	12339	65535	282.602	338.926	5.296	1.426	0.249	1.421	282.651	338.896	5.254	280	336	4	7	7	4
106	31.441	72.367	191	131	6099423	31934.152	15861.428	26352.000	12452	65535	362.094	343.723	5.634	1.744	0.333	1.709	362.062	343.791	5.632	358	339	4	9	10	4
107	34.734	79.367	211	132	7214703	34192.906	18143.010	29581.000	12461	65535	137.256	362.218	5.953	1.844	0.320	1.882	137.315	362.193	5.956	134	358	4	8	10	5
108	26.338	77.885	160	119	4020240	25126.500	11159.203	22517.500	12285	56855	832.875	393.306	5.475	1.717	0.424	1.684	832.976	393.420	5.450	827	390	4	12	9	4
109	37.697	80.917	229	153	6939993	30305.646	14648.463	26650.000	12415	65535	222.961	461.803	5.712	1.835	0.346	1.813	222.970	461.943	5.733	220	456	4	8	12	4
110	26.338	72.196	160	108	5093747	31835.918	16688.896	26699.500	12236	65535	28.962	473.475	6.375	1.699	0.353	1.719	28.767	473.553	6.308	24	470	4	11	8	5
111	36.380	89.088	221	150	5764300	26082.805	11024.303	23757.000	12408	51895	167.688	476.896	5.534	1.832	0.400	1.787	167.787	476.807	5.538	163	472	4	11	11	4
112	54.158	117.187	329	216	10068093	30602.105	14319.690	27869.000	12369	65535	49.191	478.775	5.927	2.220	0.617	2.201	48.966	478.829	5.943	43	475	4	16	9	5
113	18.437	51.509	112	79	3211010	28669.732	13918.871	25315.500	12257	65242	124.107	487.286	5.679	1.440	0.207	1.444	124.053	487.259	5.710	121	484	4	7	8	4
114	17.120	47.855	104	78	3432448	33004.309	16436.381	28833.500	12323	65535	65.192	497.212	5.702	1.434	0.273	1.427	65.219	497.219	5.773	63	494	4	6	7	4
115	46.750	102.189	284	191	8919781	31407.680	14776.078	29212.000	12374	65535	106.817	503.046	5.884	1.973	0.421	1.950	106.670	503.174	5.921	101	497	4	12	12	5
116	28.972	67.023	176	129	5113991	29056.768	12023.670	27862.500	12245	59544	101.477	543.358	5.892	1.602	0.274	1.635	101.435	543.301	5.916	98	540	4	9	8	5
117	32.594	82.677	198	145	6174039	31182.016	14183.520	30458.000	12310	65535	23.727	638.965	6.172	1.888	0.554	1.856	23.696	639.210	6.117	22	632	4	5	15	5
118	20.412	58.681	124	91	3160334	25486.564	10697.443	22851.000	12513	55109	548.597	105.565	6.500	1.479	0.292	1.553	548.563	105.646	6.510	545	102	5	8	8	4
119	21.071	56.402	128	127	2466105	19266.445	4908.371	18895.000	12426	32555	596.672	137.844	5.492	1.478	0.546	1.420	596.539	137.922	5.488	593	132	5	8	12	3
120	7.078	31.167	43	40	696107	16188.535	3987.370	14287.000	12414	26552	462.814	169.884	5.837	0.989	0.272	0.969	462.854	169.868	5.843	459	168	5	7	5	3
121	4.609	25.134	28	28	451722	16132.929	2927.759	14773.500	12459	23403	499.750	204.714	6.071	0.828	0.291	0.902	499.747	204.692	6.059	497	203	5	6	5	3
122	16.297	49.267	99	84	2286469	23095.646	9103.347	21645.000	12314	51669	307.737	223.010	6.051	1.326	0.270	1.303	307.709	223.012	6.077	304	220	5	9	7	3
123	17.284	53.889	105	77	2675507	25481.020	10380.683	23946.000	12418	55708	252.695	224.638	6.905	1.406	0.294	1.400	252.699	224.638	6.907	250	221	5	7	8	5
124	16.626	49.612	101	78	2009820	19899.207	6317.969	18730.000	12277	35801	933.010	241.297	6.020	1.337	0.233	1.313	933.006	241.275	6.008	929	238	5	9	8	3
125	14.486	46.544	88	74	1701272	19332.637	6306.359	17490.500	12238	36550	355.807	258.398	5.864	1.282	0.293	1.255	355.805	258.432	5.865	352	256	5	9	6	3
126	35.063	100.158	213	148	6444952	30257.990	15754.299	24542.000	12427	65535	714.934	262.808	6.568	2.134	0.697	2.213	714.928	262.964	6.574	712	255	5	7	16	5
127	12.675	42.063	77	62	1876782	24373.793	8858.743	22520.000	12365	46712	450.065	259.948	6.195	1.234	0.236	1.223	450.093	260.052	6.229	447	257	5	7	6	4
128	33.417	79.953	203	132	5978524	29450.857	13890.114	25715.000	12254	63683	173.744	292.552	6.778	1.766	0.278	1.756	173.675	292.618	6.756	170	289	5	10	9	5
129	52.677	133.222	320	209	8679723	27124.135	15185.335	20090.500	12261	65535	610.434	297.491	8.062	2.338	0.659	2.308	610.311	297.369	8.407	607	292	5	9	13	7
130	53.829	128.220	327	233	7983738	24415.102	9775.020	23160.000	12250	55314	653.382	307.141	7.872	2.324	0.811	2.249	653.189	307.161	7.858	647	297	5	12	17	6
131	38.849	95.018	236	170	5980109	25339.445	11559.969	22091.000	12256	62816	519.030	304.941	6.979	1.788	0.385	1.822	519.334	304.822	6.944	514	300	5	11	11	5
132	17.943	56.509	109	84	2696995	24743.074	10251.824	20659.000	12256	50366	278.128	308.670	6.413	1.477	0.393	1.462	278.104	308.713	6.429	275	305	5	8	9	4
133	26.503	72.849	161	135	3391053	21062.441	6713.638	19601.000	12234	42987	441.789	324.422	6.199	1.610	0.412	1.605	441.936	324.544	6.199	437	319	5	9	11	3
134	39.507	111.569	240	185	5749090	23954.541	10924.256	20514.500	12272	65535	465.500	331.750	7.238	2.119	0.738	2.201	465.704	331.626	7.166	460	326	5	11	14	6
135	36.874	89.878	224	194	4913027	21933.156	7457.294	20943.000	12279	50278	757.786	330.714	6.719	1.782	0.539	1.778	757.652	331.036	6.719	753	324	5	11	13	4
136	73.747	191.110	448	300	13389637	29887.582	17098.287	23143.500	12239	65535	741.804	336.632	9.147	3.026	1.191	2.936	741.483	337.585	9.425	733	323	5	17	21	9
137	8.231	30.478	50	45	1147594	22951.881	6850.545	23164.000	12241	37720	149.040	343.840	6.560	1.015	0.263	1.004	149.003	343.835	6.559	147	342	5	6	5	4
138	59.590	113.463	362	214	12064150	33326.383	17006.434	26143.000	12368	65535	800.467	352.296	6.525	2.120	0.328	2.117	800.396	352.301	6.513	795	346	5	11	13	5
139	9.877	35.029	60	50	1230230	20503.834	6572.232	18514.000	12428	34653	223.533	375.483	6.233	1.109	0.208	1.115	223.514	375.447	6.264	221	373	5	6	6	3
140	8.889	36.511	54	49	984913	18239.129	4055.101	17774.000	12268	26481	361.852	390.000	6.241	1.138	0.346	1.158	361.859	390.016	6.237	360	386	5	5	9	3
141	9.218	35.133	56	47	1243457	22204.590	7707.027	20331.000	12541	42707	184.696	396.018	6.679	1.093	0.283	1.067	184.695	396.044	6.676	182	393	5	7	6	4
142	2.305	14.791	14	14	202960	14497.143	1542.284	14906.500	12275	16874	125.714	412.500	5.929	0.653	0.249	0.665	125.723	412.476	5.935	123	411	5	5	4	2
143	27.161	67.920	165	121	4349723	26361.957	11050.065	25659.000	12260	54137	276.370	432.048	6.333	1.597	0.266	1.613	276.463	432.096	6.275	273	428	5	8	9	4
144	13.992	42.993	85	71	2211264	26014.871	10594.650	24148.000	12416	56972	107.965	436.682	5.953	1.251	0.216	1.249	107.992	436.639	5.948	105	433	5	7	8	3
145	22.552	62.438	137	98	3726224	27198.715	12392.035	23697.000	12365	62904	89.796	435.401	7.161	1.546	0.313	1.539	89.713	435.387	7.113	85	433	5	11	6	5
146	14.651	45.372	89	65	2298387	25824.572	11948.061	22507.000	12242	57981	125.090	441.416	6.798	1.342	0.226	1.315	125.119	441.394	6.781	122	439	5	7	6	4
147	17.449	54.267	106	83	2450052	23113.697	9491.679	20431.000	12424	53879	16.113	476.519	6.877	1.388	0.300	1.345	15.962	476.516	6.841	12	473	5	9	8	4
148	12.840	40.477	78	63	2080479	26672.809	11844.564	22665.000	12277	58249	111.231	483.141	6.179	1.243	0.238	1.227	111.200	483.054	6.206	109	480	5	5	7	4
149	24.034	66.779	146	146	2490293	17056.801	3176.676	17214.500	12318	24367	173.411	526.918	5.541	1.619	0.653	1.517	173.458	526.766	5.574	170	519	5	8	15	2
150	30.947	73.679	188	118	5958364	31693.426	16620.277	27043.500	12408	65535	58.197	536.638	6.633	1.760	0.274	1.723	58.252	536.557	6.614	55	532	5	8	9	5
151	56.133	133.015	341	207	9217709	27031.404	13780.604	22186.000	12234	65535	68.302	603.897	8.522	2.457	0.810	2.480	67.978	603.807	8.229	63	599	5	12	11	8
152	26.174	67.438	159	110	4579647	28802.811	14063.130	23661.000	12285	65535	601.484	100.855	7.465	1.675	0.331	1.670	601.509	100.792	7.439	599	96	6	6	11	4
153	32.429	82.573	197	135	4686420	23788.934	9421.628	21719.000	12238	53853	592.569	107.619	7.360	1.757	0.440	1.763	592.597	107.702	7.348	589	102	6	8	12	4
154	27.161	68.094	165	110	5748289	34838.113	18175.531	29641.000	12322	65535	706.812	119.885	7.642	1.696	0.299	1.688	706.752	119.814	7.638	704	116	6	7	9	5
155	7.243	28.410	44	38	934797	21245.387	7418.023	19290.000	12342	38848	568.159	176.295	7.750	1.034	0.246	1.013	568.215	176.236	7.657	566	175	6	6	4	4
156	17.449	50.716	106	75	2810420	26513.396	12759.399	22141.000	12577	64003	846.368	187.066	7.321	1.443	0.254	1.437	846.324	187.064	7.316	843	184	6	7	7	4
157	22.881	61.749	139	105	3884595	27946.727	10466.841	26013.000	12454	57633	272.201	203.612	7.906	1.545	0.328	1.513	272.145	203.495	7.913	268	200	6	9	8	5
158	6.585	29.581	40	40	644206	16105.150	2911.702	16081.000	12279	23730	865.375	212.650	7.150	0.975	0.334	1.005	865.392	212.644	7.143	863	210	6	6	7	3
159	15.474	49.820	94	73	2101847	22360.074	9138.162	18273.000	12259	46815	675.383	217.436	7.277	1.312	0.282	1.300	675.384	217.389	7.285	672	214	6	7	8	4
160	20.248	57.784	123	91	2933460	23849.268	9126.637	20890.000	12560	47930	222.057	248.065	7.163	1.489	0.372	1.442	222.096	248.009	7.155	218	245	6	9	8	4
161	7.901	33.235	48	48	852319	17756.646	3954.225	17808.000	12292	27460	777.729	245.854	7.292	1.007	0.320	1.010	777.715	245.810	7.271	775	243	6	6	7	3
162	20.741	58.058	126	103	2695715	21394.564	7065.834	19897.000	12331	38802	528.333	311.786	6.810	1.488	0.384	1.444	528.304	311.907	6.767	525	307	6	8	11	3
163	6.091	26.720	37	37	633116	17111.244	3567.546	16193.000	12407	26038	668.487	316.243	6.541	1.052	0.361	1.136	668.398	316.323	6.559	665	314	6	8	4	2
164	4.115	17.170	25	25	492510	19700.400	4300.517	19718.000	12499	27552	458.960	327.040	6.520	0.772	0.179	0.745	458.940	327.081	6.520	457	326	6	5	3	2
165	18.108	52.406	110	79	3075725	27961.137	13585.042	24026.500	12512	65535	153.700	373.218	7.300	1.448	0.257	1.465	153.671	373.368	7.235	151	370	6	7	8	4
166	34.898	80.850	212	135	7155763	33753.598	16477.537	29946.000	12445	65535	374.113	382.382	8.335	1.838	0.320	1.848	374.139	382.455	8.308	371	378	6	7	10	6
167	28.314	69.954	172	115	4300645	25003.750	10582.589	20851.500	12240	48329	34.849	454.605	7.453	1.680	0.258	1.689	34.843	454.562	7.450	30	451	6	10	8	4
168	23.211	61.542	141	100	3662153	25972.717	10991.989	23907.000	12302	55237	225.511	479.312	7.745	1.519	0.267	1.550	225.461	479.217	7.768	222	476	6	8	8	4
169	15.803	54.544	96	78	2189488	22807.166	8809.974	19369.000	12336	46255	187.594	534.969	7.656	1.428	0.399	1.422	187.581	535.112	7.634	184	532	6	8	8	4
170	13.334	44.579	81	70	1780023	21975.592	6239.449	21510.000	12372	36159	62.765	570.284	6.728	1.295	0.378	1.309	62.780	570.269	6.696	60	567	6	7	8	3
171	16.955	52.336	103	85	2093978	20329.883	7246.053	18879.000	12250	43425	683.621	116.563	8.049	1.457	0.428	1.384	683.600	116.561	8.012	682	112	7	5	12	3
172	23.869	71.299	145	105	3948702	27232.428	15498.011	20741.000	12374	65535	709.090	130.034	8.793	1.600	0.315	1.634	709.445	130.133	8.750	705	126	7	9	9	4
173	25.680	67.197	156	106	4555782	29203.730	12957.481	28057.000	12247	65535	671.192	180.936	9.141	1.607	0.258	1.601	671.140	180.859	9.076	667	178	7	9	8	5
174	28.478	72.059	173	111	6361928	36774.148	19203.922	30404.000	12339	65535	800.121	240.855	9.457	1.753	0.351	1.734	800.134	240.819	9.425	796	238	7	9	7	6
175	32.594	81.987	198	133	5908956	29843.213	14781.896	26895.000	12270	65535	866.404	251.288	8.833	1.800	0.352	1.839	866.383	251.289	8.857	862	247	7	10	10	5
176	12.675	45.443	77	56	2264480	29408.832	15557.196	26149.000	12260	65535	205.468	268.195	8.831	1.382	0.384	1.283	205.516	268.232	8.788	203	266	7	6	6	5
177	26.174	66.230	159	123	3861989	24289.238	8826.037	22433.000	12327	51296	572.145	289.403	8.874	1.560	0.316	1.562	572.105	289.391	8.840	568	285	7	8	11	4
178	18.766	55.508	114	92	2718944	23850.387	9487.453	20780.000	12253	51837	602.272	300.904	8.158	1.440	0.351	1.404	602.283	300.757	8.188	600	296	7	6	11	4
179	34.734	82.125	211	146	5991857	28397.426	12955.401	25892.000	12331	65535	683.630	300.896	9.190	1.787	0.375	1.800	683.502	300.941	9.137	680	296	7	8	11	5
180	14.321	41.855	87	71	2127951	24459.207	10034.129	22661.000	12460	55229	371.563	372.080	7.989	1.274	0.230	1.257	371.606	372.056	7.994	368	370	7	8	5	3
181	11.029	43.271	67	58	1871672	27935.402	13196.208	23875.000	12525	60697	783.149	371.433	8.642	1.281	0.352	1.357	782.942	371.471	8.571	779	370	7	8	5	4
182	31.441	78.470	191	133	5367996	28104.691	12939.921	26420.000	12262	65535	334.016	401.304	9.141	1.713	0.312	1.746	334.066	401.077	9.112	331	397	7	7	11	5
183	31.277	69.436	190	146	4973034	26173.863	9344.938	25192.000	12344	52125	36.274	421.532	8.016	1.639	0.361	1.616	36.244	421.389	8.010	31	418	7	11	8	4
184	6.091	26.064	37	37	570797	15426.946	2175.412	15504.000	12295	20189	156.568	543.892	7.622	0.968	0.349	0.956	156.525	543.877	7.641	154	541	7	7	6	2
185	20.248	58.921	123	97	2665017	21666.805	6831.992	20323.000	12253	41127	566.203	112.016	8.992	1.457	0.317	1.446	566.204	111.967	8.989	563	108	8	7	10	4
186	20.577	58.095	125	84	3198841	25590.729	11302.426	21115.000	12361	54582	611.984	130.312	9.496	1.537	0.259	1.533	611.965	130.307	9.483	609	126	8	7	9	4
187	16.791	47.785	102	83	2338826	22929.666	7513.256	22008.500	12368	45480	682.804	133.578	9.127	1.343	0.285	1.334	682.836	133.485	9.168	680	130	8	6	9	3
188	36.380	88.710	221	147	6578183	29765.533	15068.275	25612.000	12264	65535	771.493	173.181	10.267	1.889	0.425	1.895	771.547	173.180	10.241	768	168	8	8	12	5
189	32.923	79.367	200	127	5785947	28929.734	14935.490	24614.000	12275	65535	645.630	177.340	10.270	1.776	0.257	1.751	645.599	177.448	10.253	642	174	8	9	8	5
190	26.832	64.162	163	111	4506941	27649.945	13135.923	23770.000	12246	64131	606.607	185.982	9.454	1.632	0.217	1.645	606.501	186.004	9.474	604	182	8	7	9	4
191	19.424	54.923	118	84	3100532	26275.695	12742.496	21893.500	12687	63279	826.254	189.669	9.381	1.480	0.244	1.488	826.224	189.601	9.362	823	186	8	7	8	4
192	21.400	61.234	130	92	4194828	32267.908	17659.596	26274.500	12330	65535	599.531	192.569	9.908	1.657	0.428	1.785	599.430	192.614	9.922	595	190	8	10	5	5
193	20.248	57.509	123	83	3707160	30139.512	14859.246	25289.000	12360	65535	413.317	194.374	10.236	1.558	0.310	1.564	413.418	194.328	10.220	410	191	8	8	7	5
194	19.918	58.543	121	81	3710546	30665.670	15970.462	23681.000	12276	65535	584.017	194.793	10.132	1.534	0.318	1.492	583.922	194.824	10.132	580	192	8	9	7	5
195	30.947	79.919	188	121	5995814	31892.627	16431.467	28153.500	12346	65535	808.511	200.144	9.819	1.795	0.344	1.818	808.357	200.275	9.794	804	196	8	10	9	5
196	19.095	56.372	116	84	3352002	28896.568	14587.067	25900.500	12450	65535	662.155	201.991	9.733	1.534	0.360	1.561	662.200	202.028	9.794	658	200	8	9	5	5
197	43.294	86.642	263	151	9625065	36597.207	18714.709	31836.000	12237	65535	780.970	205.646	9.973	2.003	0.241	2.002	780.983	205.697	9.925	777	202	8	10	9	5
198	4.938	22.962	30	28	544087	18136.232	4305.687	17669.000	12403	29570	623.433	212.767	9.333	0.851	0.216	0.842	623.429	212.800	9.324	621	211	8	6	4	3
199	4.280	23.548	26	25	399496	15365.230	2595.200	14583.500	12305	20461	708.077	213.923	8.846	0.871	0.292	0.898	708.066	213.949	8.855	706	212	8	7	5	3
200	13.005	43.579	79	72	1549477	19613.633	5095.317	19144.000	12234	31843	697.468	215.608	9.620	1.160	0.311	1.194	697.458	215.622	9.622	694	213	8	8	6	4
201	12.017	43.545	73	60	1507262	20647.424	6613.548	19840.000	12322	43485	514.548	219.438	9.945	1.253	0.282	1.195	514.519	219.516	9.960	512	216	8	7	7	5
202	18.931	56.405	115	91	2939089	25557.295	10843.259	22534.000	12506	57094	260.052	234.261	9.113	1.451	0.344	1.397	259.919	234.223	9.121	255	232	8	11	6	4
203	29.960	73.197	182	113	6028574	33124.031	17226.980	28127.000	12287	65535	898.940	236.027	10.044	1.814	0.328	1.905	898.891	236.190	10.020	895	232	8	8	8	5
204	14.157	48.304	86	63	2256858	26242.535	12307.503	24378.500	12390	62553	449.570	239.326	9.849	1.357	0.317	1.313	449.621	239.400	9.871	446	237	8	8	5	5
205	27.161	67.679	165	115	3997614	24227.963	9365.397	21489.000	12266	46490	845.291	241.515	9.570	1.667	0.340	1.652	845.381	241.505	9.538	840	238	8	11	7	4
206	9.218	34.099	56	45	1311177	23413.875	9126.844	20835.500	12500	50583	658.518	248.482	9.875	1.139	0.239	1.114	658.533	248.414	9.860	656	247	8	6	5	4
207	10.700	35.029	65	54	1457122	22417.262	7889.650	21064.000	12312	47393	568.062	255.892	9.138	1.139	0.174	1.178	568.099	255.912	9.169	566	253	8	5	7	3
208	18.108	54.096	110	77	3217430	29249.363	14827.570	25054.500	12455	65535	201.818	285.127	10.427	1.495	0.278	1.541	201.859	285.044	10.410	198	283	8	8	6	5
209	28.149	70.784	171	110	6149170	35960.059	19023.721	30796.000	12254	65535	913.930	288.532	9.848	1.805	0.373	1.872	913.934	288.604	9.815	910	285	8	9	7	5
210	22.058	59.681	134	91	4068380	30361.045	15382.776	26229.500	12292	65535	264.634	289.194	10.224	1.569	0.312	1.584	264.504	289.211	10.201	261	287	8	9	6	5
211	26.667	68.335	162	107	4416198	27260.482	12746.235	24695.000	12301	65535	815.401	296.846	9.519	1.674	0.317	1.613	815.603	296.984	9.585	811	294	8	10	7	5
212	30.947	71.781	188	127	5206263	27692.889	12786.220	24309.000	12275	65535	698.553	301.580	9.335	1.701	0.230	1.706	698.547	301.655	9.292	695	297	8	8	10	4
213	12.840	40.269	78	62	1755364	22504.666	7989.963	20220.500	12497	47161	507.897	306.692	8.962	1.216	0.170	1.218	507.979	306.692	8.939	505	304	8	7	7	3
214	1.975	13.860	12	12	171196	14266.333	1385.612	14424.500	12475	16309	705.667	312.833	8.583	0.678	0.168	0.648	705.653	312.793	8.584	705	311	8	3	5	2
215	23.704	64.266	144	101	3779685	26247.812	11527.989	24008.500	12382	65535	375.167	319.625	10.181	1.562	0.306	1.552	375.038	319.664	10.147	371	317	8	10	7	5
216	19.754	60.474	120	86	3315067	27625.559	13673.727	23997.000	12264	65535	360.542	327.167	9.825	1.525	0.333	1.533	360.561	327.268	9.828	357	323	8	8	9	5
217	29.960	72.611	182	115	6467310	35534.672	19034.777	29717.500	12307	65535	336.011	378.027	10.016	1.835	0.349	1.926	336.009	378.003	10.060	333	375	8	7	8	6
218	17.449	54.441	106	82	2916067	27510.066	12604.560	26882.000	12376	65010	267.396	417.387	10.028	1.477	0.413	1.443	267.428	417.364	10.030	266	413	8	4	10	5
219	4.938	23.859	30	28	519654	17321.801	5020.083	15698.000	12498	31779	7.567	429.367	9.267	0.893	0.265	0.910	7.525	429.363	9.264	6	427	8	4	6	3
220	34.240	81.402	208	121	6564236	31558.826	16748.627	25700.000	12268	65535	264.231	430.673	9.846	1.854	0.238	1.839	264.198	430.650	9.837	260	426	8	9	10	5
221	15.968	48.648	97	72	2837999	29257.721	14018.890	26140.000	12552	65535	289.381	444.608	9.206	1.384	0.255	1.348	289.370	444.647	9.154	286	442	8	7	7	4
222	28.314	70.403	172	113	4887220	28414.070	13140.743	23964.500	12279	61221	232.355	454.576	10.424	1.665	0.219	1.648	232.291	454.614	10.422	229	450	8	8	10	5
223	49.549	107.807	301	220	6608442	21954.957	7001.861	20903.000	12300	40520	104.684	596.013	9.625	1.999	0.519	2.014	104.716	596.058	9.661	99	591	8	13	11	5
224	21.729	67.608	132	118	2623355	19873.902	6033.702	18462.500	12344	40838	449.348	127.621	9.758	1.526	0.543	1.528	449.366	127.916	9.749	446	121	9	7	13	3
225	12.675	46.647	77	65	1404170	18235.975	5131.734	16494.000	12247	31716	570.442	125.338	9.974	1.264	0.321	1.206	570.407	125.223	9.980	568	121	9	7	10	3
226	10.206	36.167	62	53	1241426	20023.000	5310.012	20047.000	12443	31131	737.210	138.000	10.565	1.103	0.301	1.089	737.161	137.943	10.532	734	136	9	7	5	4
227	6.091	25.030	37	37	580802	15697.352	2407.395	15293.000	12378	21037	435.270	144.622	9.405	0.872	0.238	0.856	435.254	144.613	9.390	432	143	9	7	5	2
228	6.420	24.237	39	38	732780	18789.230	4081.930	19003.000	12248	25652	425.103	145.308	9.615	0.874	0.209	0.899	425.134	145.382	9.612	423	143	9	5	5	3
229	10.535	37.201	64	59	1376359	21505.609	6134.816	21237.500	12540	34384	742.562	152.766	10.359	1.105	0.321	1.126	742.577	152.753	10.376	740	150	9	7	7	3
230	18.108	54.233	110	82	2731925	24835.682	9870.785	23157.000	12327	50733	509.064	163.318	10.700	1.415	0.285	1.413	509.043	163.263	10.731	505	161	9	9	6	4
231	5.432	28.684	33	32	531675	16111.363	3629.565	14884.000	12263	26025	831.697	174.182	10.030	0.992	0.390	1.135	831.652	174.080	10.034	829	171	9	7	7	3
232	4.938	22.306	30	30	478724	15957.467	3330.980	14702.500	12348	23692	360.500	185.700	9.700	0.824	0.229	0.789	360.519	185.735	9.736	358	184	9	6	5	2
233	15.474	46.647	94	73	2000118	21277.852	7234.727	18884.500	12485	41223	772.223	196.394	10.032	1.309	0.227	1.294	772.304	196.392	10.039	769	193	9	7	8	3
234	3.786	17.618	23	22	396740	17249.564	3824.958	16296.000	12424	25431	685.000	196.957	10.391	0.769	0.186	0.715	684.972	196.995	10.381	683	196	9	5	3	3
235	10.041	40.614	61	58	1066307	17480.443	3845.618	16320.000	12420	28441	468.148	235.803	9.852	1.163	0.390	1.185	468.194	235.886	9.861	465	232	9	8	8	3
236	22.552	56.405	137	92	3687472	26915.854	13495.790	21911.000	12259	64298	808.058	233.876	10.533	1.562	0.197	1.565	808.040	233.958	10.548	805	230	9	7	8	4
237	26.009	67.679	158	120	4163858	26353.531	10667.916	25199.500	12253	53467	548.316	235.595	10.886	1.566	0.322	1.548	548.353	235.614	10.867	545	231	9	7	11	5
238	12.346	41.062	75	61	1510288	20137.174	6873.678	17701.000	12285	40179	929.733	241.987	10.187	1.206	0.207	1.219	929.691	241.961	10.206	927	240	9	7	6	4
239	1.811	14.757	11	11	184220	16747.273	4000.215	15740.000	12413	24486	941.455	241.364	10.273	0.769	0.311	0.741	941.545	241.386	10.271	940	240	9	4	3	3
240	17.449	51.509	106	79	2598984	24518.717	10204.248	21488.000	12481	51245	671.962	246.047	10.717	1.385	0.246	1.363	671.936	246.189	10.706	669	243	9	7	7	4
241	9.548	32.409	58	49	1275080	21984.139	7323.200	19938.000	12378	40267	564.897	263.310	10.224	1.087	0.194	1.089	564.976	263.352	10.248	563	261	9	5	6	3
242	32.429	82.677	197	139	5534451	28093.660	12276.028	26073.000	12339	61241	177.665	332.355	11.157	1.818	0.449	1.802	177.519	332.376	11.121	172	327	9	12	11	5
243	25.680	66.300	156	111	4209080	26981.281	11572.436	24881.000	12240	59161	254.987	341.962	10.853	1.587	0.263	1.559	254.978	341.933	10.870	251	339	9	9	7	5
244	23.375	59.300	142	107	3294299	23199.289	7650.991	21679.500	12401	49301	301.634	363.296	10.014	1.473	0.250	1.490	301.539	363.380	10.032	298	359	9	8	9	4
245	45.269	100.466	275	188	7088647	25776.898	10335.139	23377.000	12289	51470	328.091	411.862	10.673	1.974	0.458	1.957	328.055	412.023	10.676	324	406	9	9	13	5
246	26.997	68.094	164	102	5021989	30621.885	15876.059	25968.000	12365	65535	226.768	439.951	10.817	1.696	0.277	1.664	226.801	439.969	10.790	223	437	9	9	7	5
247	35.721	78.678	217	139	7004727	32279.848	16851.072	27857.000	12288	65535	61.576	454.765	11.101	1.877	0.345	1.930	61.515	454.800	11.071	59	450	9	7	10	5
248	18.931	51.509	115	82	3221211	28010.531	13572.759	25450.000	12272	65535	131.861	455.626	10.652	1.469	0.240	1.462	131.728	455.708	10.688	129	453	9	8	6	4
249	24.528	66.267	149	102	4561982	30617.328	15033.365	28097.000	12273	65535	125.926	466.872	11.094	1.647	0.316	1.668	125.939	466.841	11.079	123	463	9	7	9	5
250	14.651	46.855	89	69	2043064	22955.775	8282.785	20696.000	12389	44291	195.640	471.730	10.494	1.313	0.271	1.309	195.544	471.756	10.474	192	469	9	8	6	4
251	10.371	37.167	63	48	1524114	24192.285	10288.815	20755.000	12247	53003	104.333	478.762	10.524	1.218	0.293	1.196	104.287	478.755	10.472	102	477	9	6	5	4
252	17.284	50.372	105	76	2694722	25664.020	11347.907	22713.000	12248	60454	226.943	491.419	10.971	1.402	0.263	1.389	226.933	491.498	10.961	224	488	9	7	7	5
253	6.585	29.374	40	40	608091	15202.275	2563.866	14513.500	12385	22156	85.775	516.825	10.100	0.954	0.329	0.971	85.816	516.790	10.087	84	514	9	5	7	3
254	7.901	29.237	48	43	911632	18992.334	5490.325	17262.500	12627	34334	78.062	519.875	10.292	0.996	0.211	0.971	78.047	519.902	10.289	76	517	9	5	6	3
255	10.206	36.856	62	51	1228336	19811.871	6326.856	17562.500	12298	38331	99.129	532.210	10.048	1.147	0.202	1.153	99.064	532.154	10.042	96	530	9	7	6	3
256	5.926	27.513	36	32	627819	17439.416	5118.844	15766.000	12276	32481	143.278	537.194	10.056	0.977	0.249	1.027	143.228	537.168	10.043	140	536	9	7	4	3
257	24.692	66.370	150	100	4765198	31767.986	16407.041	28504.500	12238	65535	55.333	594.700	10.940	1.654	0.328	1.637	55.373	594.723	10.915	52	591	9	7	8	5
258	11.852	41.855	72	64	1365485	18965.070	5465.847	18158.000	12293	34071	750.889	148.236	10.694	1.214	0.328	1.224	750.827	148.232	10.666	748	145	10	7	8	3
259	5.597	28.755	34	30	553423	16277.147	3732.228	15020.500	12332	24965	195.500	307.441	11.088	0.957	0.258	1.067	195.480	307.420	11.082	193	306	10	6	5	3
260	8.066	30.685	49	43	996610	20338.980	6259.977	18187.000	12601	35958	240.102	313.224	10.816	1.070	0.240	1.112	240.039	313.248	10.791	238	311	10	6	5	3
261	4.609	22.410	28	28	461113	16468.322	3320.527	15956.500	12258	23640	190.143	311.214	11.107	0.827	0.288	0.873	190.208	311.161	11.096	188	309	10	5	5	3
262	3.786	19.686	23	23	375700	16334.782	2733.451	15904.000	12509	20707	322.261	315.087	10.217	0.762	0.242	0.809	322.254	315.085	10.175	320	313	10	6	5	2
263	6.749	26.857	41	41	659086	16075.269	3475.139	15014.000	12340	27091	783.098	326.293	10.390	0.928	0.269	0.921	783.061	326.359	10.365	781	324	10	6	6	2
264	11.852	38.338	72	59	1357858	18859.139	5236.162	17519.500	12412	31109	125.958	357.903	10.958	1.186	0.183	1.209	125.976	357.913	10.945	123	355	10	7	6	3
265	8.725	30.237	53	45	1143941	21583.793	6969.637	20461.000	12390	40383	152.811	397.811	10.925	1.095	0.185	1.132	152.921	397.721	10.919	151	396	10	5	5	3
266	11.852	38.924	72	66	1362826	18928.139	4599.966	17922.500	12458	29760	85.972	402.125	10.597	1.143	0.291	1.110	85.995	402.092	10.568	83	400	10	7	6	3
267	8.231	31.616	50	47	885756	17715.119	3632.316	17440.500	12245	25522	137.180	403.900	10.640	0.982	0.259	0.990	137.217	403.890	10.635	135	402	10	6	5	3
268	9.548	35.166	58	58	1089989	18792.914	4202.848	17985.000	12361	28744	172.483	424.224	10.483	1.050	0.332	1.053	172.590	424.216	10.497	169	421	10	7	8	2
269	10.865	37.201	66	56	1209721	18329.105	4282.659	17136.000	12371	30121	51.788	459.818	10.818	1.145	0.231	1.180	51.918	459.792	10.790	48	457	10	8	6	3
270	5.926	30.478	36	32	554630	15406.389	2967.968	14290.500	12250	22986	73.472	481.917	10.944	1.045	0.342	1.027	73.475	481.917	10.949	71	479	10	7	8	3
271	39.837	85.227	242	164	6903597	28527.260	13105.097	24261.000	12261	65535	15.500	488.500	11.285	1.893	0.379	1.912	15.198	488.421	11.236	11	485	10	12	8	4
272	3.292	19.412	20	20	435594	21779.699	8637.119	18847.500	12234	41002	13.250	521.100	11.400	0.894	0.370	0.746	13.173	521.109	11.342	13	519	10	2	5	4
273	22.058	59.059	134	104	2949340	22010.000	7153.162	20150.500	12279	39215	81.858	542.127	11.246	1.453	0.253	1.469	81.864	542.180	11.265	78	538	10	9	9	4
274	10.041	33.443	61	52	1130740	18536.721	4998.679	17404.000	12253	31530	61.164	564.623	11.213	1.107	0.210	1.118	61.138	564.553	11.199	59	562	10	5	7	3
275	17.284	52.922	105	93	2270990	21628.477	6019.532	21498.000	12505	36244	78.962	574.371	10.733	1.331	0.377	1.313	78.938	574.311	10.672	75	571	10	10	7	3
276	6.585	29.237	40	40	652327	16308.175	2761.666	16138.500	12284	22039	55.900	576.925	10.725	0.960	0.342	0.915	55.922	576.868	10.714	54	574	10	5	7	3
277	21.729	70.814	132	128	2239688	16967.334	2977.890	16491.500	12257	24694	36.091	638.712	10.598	1.561	0.598	1.522	36.067	638.738	10.600	33	632	10	8	14	3
