 	Volume (micron^3)	Surface (micron^2)	Nb of obj. voxels	Nb of surf. voxels	IntDen	Mean	StdDev	Median	Min	Max	X	Y	Z	Mean dist. to surf. (micron)	SD dist. to surf. (micron)	Median dist. to surf. (micron)	XM	YM	ZM	BX	BY	BZ	B-width	B-height	B-depth
1	11.688	40.925	71	53	1782683	25108.211	11228.176	21510.000	11937	52474	743.930	40.239	4.479	1.252	0.274	1.234	743.910	40.200	4.508	741	38	3	7	6	4
2	48.561	115.671	295	188	8365583	28357.908	13582.320	25558.000	11892	65535	679.868	73.485	5.593	2.093	0.521	1.983	679.775	73.482	5.523	674	67	3	12	13	6
3	56.627	142.117	344	230	10074479	29286.275	15784.228	25275.500	11894	65535	817.128	80.212	7.651	2.992	1.015	3.148	817.369	79.692	7.176	812	75	3	12	13	10
4	22.388	65.748	136	107	2821391	20745.521	6851.116	20047.500	12022	40106	770.699	96.971	4.728	1.603	0.467	1.626	770.684	96.910	4.731	767	92	3	8	11	4
5	27.326	69.609	166	111	4700332	28315.254	14465.022	23615.000	11944	65535	797.892	143.355	4.627	1.691	0.321	1.678	797.903	143.423	4.675	795	138	3	7	11	4
6	25.021	67.990	152	103	4265746	28064.119	14234.676	25289.000	11924	65535	738.895	169.507	5.000	1.624	0.329	1.617	738.934	169.631	4.969	736	165	3	7	9	5
7	79.015	174.144	480	306	13002890	27089.354	12371.291	24837.500	11881	65535	848.415	223.717	6.277	2.456	0.730	2.582	848.259	223.467	6.165	843	216	3	13	16	7
8	30.618	76.851	186	119	5567842	29934.635	15175.151	25010.500	11993	65535	851.570	246.301	5.301	1.753	0.262	1.713	851.791	246.334	5.287	847	242	3	9	9	5
9	13.992	44.820	85	72	1750282	20591.553	6574.051	20232.000	12121	36380	791.976	285.541	4.518	1.230	0.310	1.224	791.977	285.539	4.529	789	282	3	7	8	4
10	36.544	92.294	222	163	5343531	24069.959	10754.255	20508.500	11891	58651	781.324	575.288	4.883	1.798	0.409	1.841	781.619	575.236	4.857	776	570	3	11	11	5
11	29.137	74.331	177	136	3857419	21793.328	7504.948	20132.000	11875	41719	790.169	42.644	5.181	1.611	0.363	1.608	790.119	42.643	5.218	785	39	4	12	9	4
12	29.301	77.229	178	129	4376595	24587.613	10081.112	21716.000	12074	47175	819.742	43.051	5.494	1.753	0.426	1.690	819.715	43.105	5.496	814	40	4	13	7	4
13	24.528	63.128	149	102	3689866	24764.201	10640.601	20799.000	11929	49271	697.067	57.544	5.517	1.570	0.196	1.576	697.017	57.546	5.499	694	54	4	8	8	4
14	18.601	55.267	113	81	2638448	23349.098	9503.711	20416.000	11972	46587	744.345	66.735	5.752	1.438	0.254	1.419	744.241	66.805	5.722	741	63	4	8	8	4
15	8.560	33.925	52	51	909994	17499.885	3939.600	16772.500	12052	26230	843.923	185.096	4.692	1.088	0.390	1.031	843.892	185.141	4.706	841	181	4	8	8	3
16	14.486	44.268	88	77	1868748	21235.773	6913.753	20828.500	11903	39063	759.841	239.307	4.739	1.267	0.336	1.255	759.812	239.311	4.717	757	235	4	7	9	3
17	8.725	33.995	53	48	1107670	20899.434	5924.314	21626.000	12267	33365	716.679	238.472	5.509	1.019	0.241	1.043	716.644	238.458	5.480	714	236	4	6	6	4
18	53.993	152.908	328	233	7826259	23860.545	10818.769	20851.000	11870	65535	706.341	244.003	7.869	2.478	0.735	2.537	705.998	243.668	7.767	701	237	4	11	14	8
19	9.054	41.062	55	49	1003645	18248.092	5108.463	17164.000	11899	31668	785.382	295.636	5.055	1.232	0.415	1.159	785.371	295.539	5.050	783	292	4	6	10	3
20	14.980	49.026	91	74	1989356	21861.055	7693.698	19343.000	11908	39419	840.385	310.593	5.330	1.307	0.344	1.317	840.418	310.570	5.344	838	307	4	6	9	4
21	17.778	53.440	108	76	2493059	23083.879	10222.774	17901.500	11946	51513	806.037	332.343	5.491	1.461	0.270	1.503	806.057	332.388	5.468	803	329	4	7	8	4
22	22.881	68.127	139	104	3125899	22488.482	8330.490	20129.000	11870	40471	729.201	339.432	5.676	1.616	0.417	1.619	729.126	339.440	5.632	725	335	4	10	10	4
23	38.520	87.261	234	156	6747439	28835.209	13706.125	25496.000	11932	65535	820.624	354.962	5.752	1.850	0.334	1.845	820.777	354.872	5.727	817	350	4	9	12	5
24	7.572	28.203	46	36	808223	17570.064	4856.075	15882.000	12092	28498	778.761	365.978	4.957	1.055	0.133	1.049	778.782	366.004	4.957	776	364	4	6	5	3
25	10.535	38.650	64	51	1440821	22512.828	8687.601	20020.000	11929	42608	779.016	398.562	5.688	1.172	0.249	1.136	779.015	398.597	5.649	776	396	4	6	6	4
26	38.684	115.052	235	176	5848865	24888.787	11812.596	21681.000	11970	65535	751.251	429.745	7.128	2.446	0.939	2.430	751.217	429.278	6.916	748	423	4	8	15	8
27	27.984	76.299	170	119	4628711	27227.711	11789.321	24832.500	11896	59809	722.094	438.071	6.071	1.725	0.431	1.732	721.890	438.232	6.035	718	433	4	9	10	5
28	16.626	51.854	101	81	2228737	22066.703	8013.973	21696.000	11891	43516	758.733	660.970	5.792	1.399	0.348	1.378	758.958	661.068	5.772	754	658	4	9	8	4
29	20.577	62.920	125	105	2527108	20216.863	5833.616	19761.000	11905	35221	722.304	681.896	5.416	1.422	0.359	1.476	722.233	681.878	5.419	718	678	4	10	8	4
30	39.014	111.535	237	169	6009288	25355.646	11562.669	21706.000	11946	56564	697.215	690.464	6.970	2.514	1.022	2.681	697.255	690.422	6.895	691	687	4	13	9	8
31	24.692	65.507	150	105	4144999	27633.326	12826.516	24197.500	11862	63232	659.527	691.513	6.207	1.567	0.248	1.571	659.445	691.458	6.162	656	688	4	8	8	5
32	9.218	37.304	56	50	954170	17038.750	5062.627	15402.000	11862	32819	798.304	786.768	5.232	1.091	0.292	1.081	798.229	786.676	5.209	796	784	4	7	6	3
33	20.248	52.681	123	95	3156783	25664.902	10755.349	23702.000	11948	59294	743.886	54.341	6.911	1.428	0.247	1.410	743.862	54.241	6.865	741	51	5	7	8	4
34	27.491	67.679	167	116	4846459	29020.713	13865.251	27351.000	11860	65535	694.731	77.299	6.269	1.636	0.258	1.647	694.753	77.396	6.212	691	73	5	8	9	4
35	16.791	52.232	102	90	2058282	20179.234	6667.464	18211.000	11886	38258	743.314	96.275	6.667	1.304	0.305	1.324	743.377	96.208	6.630	740	92	5	7	10	4
36	13.663	44.061	83	81	1509951	18192.182	3482.005	18136.000	11905	25838	798.687	125.217	5.590	1.195	0.384	1.185	798.670	125.080	5.588	795	121	5	8	9	3
37	26.009	66.852	158	103	4963448	31414.229	16850.590	25059.000	11938	65535	780.038	167.019	6.614	1.647	0.251	1.617	779.988	167.018	6.611	777	163	5	7	9	5
38	19.918	55.197	121	95	2188967	18090.637	4837.411	16980.000	11937	30167	733.884	261.983	6.116	1.392	0.252	1.415	733.947	262.039	6.145	730	258	5	8	9	3
39	11.358	36.167	69	58	1675452	24281.912	9618.607	23484.000	11860	52589	741.246	304.507	6.145	1.156	0.185	1.154	741.208	304.431	6.149	739	302	5	6	6	3
40	6.255	28.788	38	36	611605	16094.868	3821.582	15125.000	11938	26396	779.553	349.684	6.211	0.921	0.238	0.965	779.583	349.668	6.186	777	347	5	6	7	3
41	3.786	21.031	23	23	331484	14412.348	1909.804	14131.000	12141	19111	719.261	393.304	5.348	0.837	0.270	0.823	719.297	393.297	5.343	716	392	5	6	4	2
42	13.498	40.062	82	74	1632756	19911.658	5136.037	19203.000	12348	36865	720.232	412.805	5.707	1.214	0.357	1.234	720.409	412.827	5.701	716	411	5	9	5	3
43	3.622	17.996	22	22	337776	15353.454	2153.019	15441.000	12015	20634	695.955	430.000	6.000	0.724	0.267	0.830	695.921	429.989	6.000	694	428	5	5	5	3
44	4.774	22.755	29	28	436932	15066.621	3092.347	14202.000	11893	24599	685.103	432.069	6.172	0.835	0.230	0.885	685.069	432.105	6.163	683	430	5	5	5	3
45	19.918	52.647	121	90	3058051	25273.148	10352.217	22435.000	11997	51532	754.802	448.182	6.223	1.458	0.254	1.447	754.792	448.151	6.205	752	445	5	6	8	4
46	25.351	65.162	154	104	4285041	27824.941	12955.236	23694.500	12065	58320	764.039	488.448	6.643	1.638	0.305	1.655	764.047	488.487	6.650	761	484	5	7	10	5
47	20.412	56.716	124	85	3703838	29869.662	15078.298	27507.000	11910	65535	644.347	503.081	6.815	1.527	0.285	1.480	644.391	503.046	6.833	641	500	5	7	7	5
48	10.041	32.753	61	49	1504884	24670.230	10447.751	22264.000	12301	55681	748.607	506.787	6.016	1.135	0.150	1.134	748.643	506.686	6.039	746	504	5	6	6	3
49	26.009	80.783	158	108	3628126	22962.822	11517.668	18166.000	11907	60575	713.158	528.424	7.804	2.081	0.754	2.224	713.093	528.377	7.440	710	525	5	7	8	7
50	20.577	53.715	125	98	2930840	23446.721	7880.287	22496.000	11877	47570	698.912	610.408	6.032	1.440	0.283	1.417	698.981	610.595	6.008	696	606	5	7	9	4
51	9.712	40.165	59	57	919155	15578.898	2832.039	14848.000	11873	22408	753.305	622.186	5.746	1.097	0.326	1.116	753.305	622.246	5.769	750	619	5	7	7	3
52	19.589	54.889	119	85	3758410	31583.277	15246.702	28176.000	11860	65535	793.269	632.908	6.597	1.544	0.303	1.575	793.202	632.906	6.552	790	630	5	8	6	5
53	28.807	67.712	175	126	4027785	23015.914	8862.770	19969.000	11997	44268	659.263	662.297	6.634	1.627	0.214	1.644	659.155	662.369	6.592	656	658	5	8	9	4
54	21.564	63.472	131	104	2674028	20412.428	6824.917	19409.000	11892	43303	752.863	712.664	6.168	1.495	0.424	1.469	752.954	712.747	6.221	749	708	5	10	9	4
55	14.321	51.061	87	70	1569097	18035.598	5418.384	16684.000	11862	35390	696.563	734.724	6.057	1.391	0.400	1.319	696.495	734.755	6.050	693	731	5	8	9	3
56	27.161	70.644	165	124	3371406	20432.764	6411.351	19160.000	12016	38418	791.764	741.200	6.794	1.689	0.446	1.678	791.532	741.210	6.797	787	738	5	12	7	4
57	5.597	21.272	34	34	544914	16026.883	3146.271	15162.500	11955	21542	736.559	746.147	5.500	0.831	0.198	0.843	736.609	746.152	5.487	735	744	5	4	6	2
58	10.206	39.028	62	59	1119668	18059.162	3910.226	17927.500	11947	27582	756.581	802.968	5.565	1.172	0.438	1.110	756.609	802.981	5.532	755	799	5	4	11	3
59	6.420	28.788	39	38	571663	14658.025	2381.843	14042.000	12293	22888	807.769	812.077	5.718	0.929	0.275	0.923	807.777	811.997	5.728	806	809	5	5	7	3
60	14.651	42.993	89	72	1922358	21599.527	7651.405	19718.000	11930	42898	752.966	45.978	6.888	1.272	0.216	1.259	752.885	46.044	6.850	750	42	6	7	8	3
61	62.060	141.150	377	239	9613339	25499.572	10207.550	24324.000	11901	53265	837.090	74.454	8.443	2.290	0.673	2.373	837.236	74.344	8.482	831	68	6	13	14	6
62	27.984	69.921	170	108	5161608	30362.400	15528.070	26231.500	11878	65535	832.000	114.641	7.782	1.707	0.256	1.683	832.023	114.648	7.783	828	111	6	9	8	5
63	14.815	43.579	90	72	1892415	21026.834	7301.239	19338.000	12095	40951	697.400	303.500	6.878	1.283	0.226	1.251	697.405	303.681	6.822	695	300	6	6	8	3
64	27.984	73.023	170	124	3581442	21067.307	5983.178	20489.000	11946	37958	677.888	419.841	7.241	1.591	0.309	1.635	677.845	419.849	7.271	674	416	6	9	8	4
65	4.280	29.651	26	26	360060	13848.462	1733.049	13493.000	11877	18116	658.962	619.385	6.346	1.202	0.354	1.215	658.945	619.371	6.328	656	616	6	6	8	2
66	15.145	44.820	92	74	1936278	21046.500	6783.107	19307.000	12179	37349	678.457	715.554	6.804	1.285	0.232	1.305	678.453	715.556	6.761	676	712	6	7	8	3
67	16.297	51.302	99	80	1942845	19624.697	6141.869	18298.000	11934	36633	664.950	751.879	7.677	1.321	0.278	1.335	665.013	751.810	7.672	661	749	6	9	7	4
68	11.194	43.130	68	66	1010559	14861.162	2553.125	13829.000	11920	24390	644.368	792.279	7.397	1.103	0.332	1.143	644.249	792.279	7.381	641	789	6	8	7	3
69	9.383	38.442	57	49	864241	15162.123	3411.645	13732.000	11977	24196	666.789	842.298	6.965	1.161	0.304	1.129	666.865	842.256	6.976	663	840	6	8	6	3
70	20.248	60.163	123	89	3220510	26183.008	11616.843	23633.000	11860	61343	689.545	103.894	8.951	1.485	0.301	1.477	689.549	103.928	8.970	686	100	7	8	9	5
71	23.704	65.266	144	100	3898246	27071.152	12106.575	25872.500	11875	59153	701.646	116.597	9.035	1.558	0.267	1.519	701.542	116.586	9.021	698	113	7	8	8	5
72	20.083	55.612	122	86	2528407	20724.648	7293.045	18589.500	12009	40725	843.590	207.557	8.426	1.485	0.218	1.524	843.523	207.580	8.392	840	205	7	8	7	4
73	27.326	70.644	166	113	4138357	24929.861	10119.902	23090.000	12017	55055	694.410	219.867	8.886	1.672	0.321	1.688	694.254	219.910	8.880	689	217	7	11	7	5
74	10.371	40.269	63	60	1027895	16315.794	3660.693	15546.000	11866	26412	681.016	406.603	8.333	1.164	0.415	1.076	680.994	406.682	8.320	678	402	7	7	9	3
75	8.560	33.098	52	45	867300	16678.846	4078.114	15263.500	12093	27459	648.712	691.712	8.135	1.056	0.218	1.097	648.709	691.712	8.128	646	690	7	7	5	3
76	9.218	30.511	56	56	999322	17845.035	3621.289	17792.500	11994	25695	806.643	790.304	7.500	0.994	0.272	1.007	806.628	790.296	7.514	804	787	7	6	7	2
77	6.255	27.513	38	33	592804	15600.105	3345.738	14730.500	11869	22941	816.737	808.368	7.947	0.986	0.250	1.045	816.693	808.373	7.964	814	807	7	6	4	3
78	23.540	64.266	143	101	3336272	23330.574	9375.486	19964.000	11946	46035	692.902	19.070	9.259	1.569	0.302	1.534	692.881	18.940	9.270	690	15	8	7	10	4
79	22.552	61.301	137	96	3483187	25424.723	11162.773	21924.000	11871	52890	801.730	44.168	9.650	1.537	0.244	1.564	801.697	44.257	9.625	798	40	8	8	10	4
80	24.034	65.955	146	101	3447229	23611.158	8416.998	22299.000	11917	42198	781.308	98.479	9.822	1.572	0.315	1.552	781.307	98.467	9.821	777	95	8	8	9	5
81	5.432	24.789	33	33	530433	16073.728	3630.291	15318.000	12040	25974	785.333	191.545	9.424	0.885	0.264	0.828	785.314	191.593	9.410	783	189	8	5	6	3
82	6.749	31.616	41	35	699519	17061.439	4355.101	16014.000	11985	27721	775.268	224.317	9.049	1.039	0.279	1.066	775.261	224.270	9.056	774	221	8	4	8	3
83	4.445	22.169	27	25	437756	16213.186	4339.043	14515.000	12019	28004	701.630	271.259	8.889	0.897	0.275	0.916	701.690	271.232	8.891	699	270	8	6	4	3
84	10.041	34.581	61	54	1131487	18548.967	5110.220	17707.000	12243	30687	834.000	279.574	9.311	1.078	0.224	1.086	833.917	279.557	9.329	832	276	8	5	8	3
85	20.083	61.301	122	93	2494055	20443.074	6626.634	19424.000	11881	41508	689.393	281.959	9.008	1.504	0.395	1.440	689.179	282.073	9.011	685	279	8	11	8	4
86	19.754	52.992	120	89	2873556	23946.301	9453.388	20138.000	11898	44500	771.358	287.900	9.533	1.496	0.272	1.535	771.408	287.868	9.517	767	286	8	9	5	4
87	16.955	54.611	103	95	2059357	19993.758	4960.140	20213.000	11874	32599	813.476	327.068	9.398	1.290	0.368	1.347	813.456	327.014	9.415	810	323	8	8	9	4
88	13.663	43.442	83	68	1812361	21835.674	7028.404	20451.000	12097	36274	761.096	339.361	9.675	1.259	0.285	1.273	761.030	339.313	9.634	759	336	8	5	8	4
89	16.132	48.993	98	73	2494452	25453.592	11220.728	23192.000	11921	57379	788.122	348.633	9.235	1.389	0.277	1.364	788.102	348.627	9.196	786	345	8	6	8	4
90	16.626	53.577	101	86	1996469	19767.020	6473.543	19295.000	11862	36429	807.594	352.376	9.406	1.378	0.382	1.368	807.490	352.322	9.413	805	348	8	7	10	4
91	19.918	61.508	121	89	2790144	23059.041	9486.002	18805.000	11868	43646	719.901	421.793	9.463	1.511	0.359	1.551	719.905	421.771	9.461	716	418	8	8	9	4
92	16.461	51.958	100	78	2296545	22965.449	8396.956	20905.500	11928	44515	770.120	589.300	9.860	1.372	0.290	1.344	770.084	589.376	9.806	767	585	8	7	9	4
93	8.725	30.856	53	53	863358	16289.773	3021.352	15943.000	11884	23160	749.906	601.962	8.415	1.010	0.309	1.007	749.906	601.985	8.399	747	599	8	7	7	2
94	13.992	49.026	85	76	1523086	17918.658	4756.424	17055.000	11901	28922	665.224	635.812	9.576	1.257	0.365	1.285	665.301	635.683	9.566	662	632	8	7	9	4
95	3.786	19.101	23	23	337606	14678.521	1837.351	14551.000	12187	18243	776.304	661.652	8.391	0.783	0.201	0.808	776.318	661.645	8.367	774	660	8	6	4	2
96	8.395	31.097	51	51	751395	14733.235	1781.175	14339.000	11868	18914	785.784	751.255	8.314	0.989	0.292	0.987	785.801	751.227	8.302	782	749	8	8	6	2
97	3.786	22.169	23	23	349767	15207.261	3057.715	13696.000	11937	20757	797.087	817.000	9.130	0.858	0.361	0.913	797.087	816.999	9.114	795	814	8	5	6	3
98	19.260	57.817	117	99	2295636	19620.820	5803.745	18091.000	11931	34463	691.504	845.402	9.701	1.440	0.385	1.415	691.471	845.319	9.662	689	840	8	6	11	4
99	10.535	35.855	64	62	1030805	16106.328	3313.999	15882.000	11901	25893	723.203	66.016	10.391	1.068	0.310	1.070	723.209	66.085	10.374	720	63	9	7	6	3
100	20.577	57.750	125	90	2980874	23846.992	9456.998	21331.000	12153	52162	800.472	106.752	10.432	1.565	0.323	1.592	800.475	106.759	10.335	798	102	9	6	10	4
101	12.346	43.649	75	62	1468063	19574.174	5733.756	18610.000	11898	35485	793.507	158.987	10.040	1.305	0.345	1.254	793.546	158.942	10.066	791	155	9	6	9	3
102	17.120	50.268	104	83	2234695	21487.451	5823.434	20852.000	12067	33984	700.019	179.587	10.096	1.363	0.274	1.353	699.987	179.599	10.047	696	177	9	9	6	4
103	16.461	48.889	100	73	2216927	22169.270	8021.037	20230.500	11911	43425	772.830	193.600	10.280	1.396	0.262	1.429	772.831	193.546	10.257	770	190	9	6	8	4
104	4.609	19.445	28	28	454166	16220.214	2985.024	16023.000	11941	23788	758.786	195.321	9.464	0.786	0.183	0.774	758.746	195.365	9.434	757	194	9	5	4	2
105	2.963	15.584	18	18	272865	15159.167	2113.826	14457.500	12164	18117	744.444	264.278	9.611	0.717	0.177	0.691	744.422	264.237	9.630	743	262	9	4	5	2
106	3.292	19.101	20	20	269813	13490.650	817.851	13587.000	12060	15423	805.450	267.500	9.550	0.800	0.231	0.785	805.453	267.523	9.550	804	265	9	4	6	2
107	12.181	39.580	74	61	1498972	20256.379	5424.251	19064.500	11963	32166	767.216	278.649	9.919	1.232	0.246	1.181	767.213	278.539	9.882	765	275	9	5	8	3
108	10.865	39.787	66	51	1225740	18571.818	5687.257	16803.500	11911	36302	841.606	280.970	10.409	1.266	0.323	1.356	841.550	280.902	10.407	839	278	9	6	7	4
109	14.651	50.131	89	70	1932762	21716.428	7717.222	19767.000	11987	45641	760.786	286.899	10.079	1.369	0.327	1.331	760.807	286.846	10.025	757	284	9	8	7	4
110	12.181	52.232	74	71	1134491	15330.959	2808.757	14712.500	11865	24587	737.662	354.662	9.892	1.301	0.483	1.229	737.663	354.694	9.889	734	350	9	8	10	3
111	6.749	23.444	41	41	650974	15877.415	2542.468	15869.000	11994	22201	710.561	443.220	9.463	0.884	0.220	0.887	710.610	443.288	9.469	709	441	9	4	6	2
112	38.026	107.121	231	172	5964217	25819.121	11298.359	24018.000	11889	58566	718.758	505.848	10.139	2.287	0.839	2.341	718.739	505.872	10.078	715	497	9	8	19	4
113	16.626	50.234	101	71	2621333	25953.793	11703.337	23073.000	12061	52835	723.287	518.376	10.723	1.436	0.288	1.399	723.279	518.361	10.752	720	516	9	8	6	5
114	7.901	30.478	48	40	859204	17900.084	4750.624	16688.000	12059	29814	712.188	536.458	10.000	1.063	0.183	1.066	712.174	536.413	9.988	710	534	9	5	6	3
115	10.535	45.717	64	55	1147768	17933.875	5122.017	16436.000	12125	35043	761.047	536.469	10.125	1.370	0.511	1.322	760.866	536.544	10.107	757	533	9	11	7	3
116	21.400	62.679	130	108	2453622	18874.016	5882.436	18207.000	11869	39382	780.608	569.477	10.385	1.493	0.449	1.492	780.498	569.356	10.382	778	565	9	7	10	4
117	32.923	84.848	200	149	4724206	23621.029	8023.012	22560.000	11901	45981	737.660	584.635	10.975	1.777	0.479	1.795	737.622	584.676	10.963	734	579	9	9	13	5
118	22.717	65.300	138	109	2632611	19076.891	5597.433	18932.000	11883	36349	760.283	595.268	10.297	1.573	0.466	1.505	760.276	595.311	10.301	757	589	9	7	12	4
119	13.334	44.201	81	60	1882949	23246.283	9450.584	20523.000	12264	46207	737.852	601.395	10.407	1.367	0.297	1.439	737.850	601.357	10.368	735	599	9	7	6	4
120	2.469	13.998	15	15	211351	14090.066	1712.937	14105.000	12133	17392	757.200	629.200	9.867	0.638	0.235	0.612	757.187	629.178	9.876	756	627	9	4	5	2
121	3.292	18.756	20	18	318000	15900.000	2886.119	15242.500	12253	21781	666.100	821.600	9.950	0.786	0.273	0.796	666.086	821.584	9.936	664	820	9	5	4	3
122	5.268	23.652	32	30	508542	15891.938	2888.723	15568.000	12230	22290	774.188	864.781	9.688	0.882	0.252	0.874	774.184	864.802	9.732	772	863	9	5	5	3
123	3.292	17.755	20	20	277597	13879.850	1671.681	13252.000	11952	17360	742.850	258.400	10.150	0.712	0.235	0.782	742.841	258.449	10.141	741	256	10	5	5	2
124	2.634	14.205	16	16	210702	13168.875	1149.107	12906.000	12043	15925	710.062	301.375	10.562	0.723	0.185	0.671	710.009	301.366	10.559	708	301	10	5	2	2
125	3.786	25.790	23	23	316636	13766.782	1569.314	13553.000	11890	17762	785.261	418.478	10.435	0.825	0.161	0.825	785.305	418.411	10.421	783	417	10	5	4	2
126	3.786	17.514	23	23	333325	14492.392	2186.176	13888.000	11895	19390	744.783	550.609	10.478	0.739	0.151	0.742	744.830	550.635	10.479	743	549	10	4	4	2
127	2.305	14.894	14	14	191264	13661.714	1700.071	13255.000	11879	16897	756.214	673.571	10.929	0.652	0.299	0.633	756.236	673.591	10.932	755	672	10	4	4	3
128	1.646	10.240	10	10	129639	12963.900	1470.184	12310.000	11873	16201	758.500	679.800	11.100	0.557	0.234	0.592	758.504	679.807	11.095	757	679	11	4	3	2
