 	Volume (micron^3)	Surface (micron^2)	Nb of obj. voxels	Nb of surf. voxels	IntDen	Mean	StdDev	Median	Min	Max	X	Y	Z	Mean dist. to surf. (micron)	SD dist. to surf. (micron)	Median dist. to surf. (micron)	XM	YM	ZM	BX	BY	BZ	B-width	B-height	B-depth
1	29.795	67.849	181	138	5098887	28170.646	11561.029	25605.000	12679	60734	298.696	526.343	4.967	1.593	0.299	1.623	298.677	526.368	4.902	294	522	3	10	9	4
2	31.441	77.677	191	130	6143569	32165.283	16334.081	28163.000	12726	65535	298.487	549.293	5.267	1.707	0.288	1.699	298.455	549.465	5.224	294	545	3	10	9	5
3	41.154	113.084	250	197	7294301	29177.203	14008.289	25564.000	12679	65535	215.104	570.192	5.240	2.140	0.871	2.047	214.911	569.629	5.154	210	565	3	11	17	6
4	13.828	41.959	84	64	2396699	28532.131	12136.506	26401.500	12745	59019	756.167	604.798	4.869	1.271	0.199	1.238	756.158	604.814	4.860	753	602	3	7	6	4
5	27.491	67.782	167	115	5839677	34968.125	18012.770	29366.000	12809	65535	438.102	610.443	5.293	1.662	0.300	1.682	438.031	610.472	5.262	433	608	3	11	6	5
6	27.820	67.023	169	127	5032545	29778.373	12204.845	28930.000	12685	60542	800.414	629.148	4.899	1.575	0.303	1.583	800.464	629.119	4.893	796	626	3	10	8	4
7	22.223	61.612	135	94	4341413	32158.615	15830.621	28843.000	12707	65535	943.711	735.133	5.104	1.591	0.341	1.584	943.610	735.086	5.095	939	733	3	10	6	5
8	19.918	57.302	121	92	3599568	29748.496	13630.330	27188.000	12678	62715	973.165	842.190	4.934	1.452	0.292	1.402	973.295	842.256	4.955	970	839	3	7	8	5
9	25.515	68.679	155	105	4626403	29847.762	14909.166	23772.000	12700	65535	355.458	496.226	5.523	1.680	0.346	1.697	355.582	496.314	5.531	351	493	4	10	8	4
10	57.121	122.912	347	210	8358960	24089.223	8254.649	22255.000	12657	46477	243.810	513.000	6.216	2.261	0.450	2.259	243.832	512.927	6.161	239	508	4	10	11	7
11	28.149	66.160	171	129	4341906	25391.264	9072.427	23076.000	12703	46922	257.474	524.953	4.924	1.577	0.328	1.612	257.402	524.962	4.862	253	521	4	10	9	3
12	28.972	73.471	176	118	5234094	29739.170	14723.361	27234.000	12671	64605	311.205	533.176	5.790	1.679	0.310	1.678	311.253	533.182	5.806	307	529	4	9	9	5
13	24.692	60.404	150	102	4608985	30726.566	15730.184	24021.500	12920	64632	424.760	546.227	5.413	1.578	0.184	1.582	424.746	546.245	5.434	422	542	4	7	9	4
14	35.557	108.533	216	173	4787004	22162.055	7785.990	20498.000	12710	47148	250.343	552.593	6.648	2.341	0.871	2.421	249.927	552.890	6.817	244	546	4	14	14	6
15	10.535	37.338	64	62	1162446	18163.219	3846.945	17618.500	12678	26656	261.516	551.141	4.641	1.053	0.274	1.099	261.571	551.118	4.676	258	548	4	7	7	3
16	11.194	38.338	68	58	1551516	22816.412	8659.006	19397.500	12750	44408	370.941	548.118	5.691	1.138	0.230	1.151	371.019	548.166	5.676	368	545	4	7	7	4
17	16.297	72.815	99	91	1752267	17699.666	4264.369	16560.000	12697	28526	234.596	558.404	4.990	1.925	0.745	1.915	234.652	558.544	4.985	229	551	4	11	14	3
18	32.100	73.642	195	137	5523050	28323.334	12853.295	24457.000	12662	62962	479.426	564.856	5.297	1.676	0.245	1.703	479.417	565.018	5.302	475	561	4	10	9	4
19	26.338	65.059	160	111	5222655	32641.594	17009.723	27834.000	12672	65535	391.156	565.169	5.412	1.660	0.284	1.679	391.279	565.198	5.438	386	562	4	10	7	4
20	20.248	67.093	123	98	3281329	26677.471	11107.718	25155.000	12701	53214	443.764	583.821	5.528	1.555	0.440	1.542	443.635	583.874	5.532	438	579	4	11	9	4
21	17.778	50.957	108	85	3197357	29605.158	13816.515	26133.000	12825	65535	367.843	587.954	5.083	1.351	0.212	1.326	367.966	587.932	5.139	364	585	4	8	7	4
22	24.528	63.851	149	124	3358020	22537.047	7263.659	21318.000	12752	43668	758.725	594.054	4.879	1.489	0.341	1.507	758.800	593.912	4.847	754	591	4	10	8	3
23	19.918	55.612	121	91	3601716	29766.248	13434.553	26864.000	12684	65535	372.421	604.331	5.182	1.427	0.231	1.436	372.430	604.271	5.179	369	601	4	8	8	4
24	12.181	36.270	74	62	2373785	32078.176	13825.867	31118.500	12969	65535	747.824	604.959	5.014	1.188	0.180	1.212	747.816	604.984	5.014	745	603	4	7	5	3
25	28.314	73.264	172	123	4799951	27906.691	11925.212	23868.000	12675	57295	646.930	605.837	5.715	1.691	0.413	1.681	647.026	605.831	5.689	641	603	4	13	7	4
26	16.297	46.199	99	79	2107392	21286.787	6908.703	19175.000	12769	42175	174.545	607.232	5.131	1.317	0.228	1.320	174.593	607.215	5.154	171	604	4	8	7	3
27	20.577	57.543	125	90	3532293	28258.344	12624.896	24358.000	12654	56257	364.968	612.424	5.552	1.516	0.286	1.546	365.042	612.361	5.547	361	609	4	8	8	4
28	29.631	88.536	180	156	4220772	23448.732	10995.776	18896.000	12828	60487	388.956	610.406	5.244	2.261	0.882	2.225	387.872	610.763	5.246	381	605	4	18	10	3
29	9.548	34.788	58	49	1230755	21219.914	6589.938	19765.500	12853	36453	589.052	613.397	5.155	1.127	0.240	1.154	589.112	613.398	5.166	586	611	4	7	6	3
30	8.560	29.237	52	49	1062213	20427.174	5121.794	19817.000	13350	34334	581.673	617.231	5.404	0.984	0.255	0.996	581.742	617.248	5.381	579	615	4	6	5	3
31	18.272	51.439	111	85	2591087	23343.127	8606.489	20196.000	12685	44922	603.459	625.198	5.081	1.385	0.271	1.375	603.422	625.131	5.127	600	621	4	8	9	3
32	19.424	55.164	118	87	3274501	27750.008	12572.222	23440.500	12922	57677	157.720	628.458	5.517	1.448	0.250	1.471	157.666	628.497	5.537	154	626	4	9	6	4
33	20.906	59.955	127	95	3253178	25615.574	10941.695	22859.000	12813	54118	265.614	631.126	5.693	1.461	0.249	1.481	265.693	631.160	5.671	262	628	4	9	7	4
34	30.124	71.989	183	120	6544647	35763.098	18291.158	29968.000	12748	65535	393.273	636.918	5.508	1.706	0.233	1.704	393.343	636.900	5.489	390	633	4	9	9	5
35	26.009	76.332	158	113	4623500	29262.658	15732.772	22670.500	12657	65535	536.184	640.468	5.633	1.832	0.701	1.650	536.370	640.175	5.558	531	636	4	10	15	4
36	18.437	51.991	112	88	2618538	23379.803	8829.156	21714.500	12753	49940	791.714	652.009	4.955	1.388	0.281	1.362	791.720	652.060	4.960	788	648	4	8	9	3
37	19.589	54.611	119	89	3173778	26670.404	13225.354	23135.000	12656	65535	330.613	649.740	5.832	1.440	0.264	1.419	330.491	650.079	5.841	328	645	4	7	9	4
38	18.108	68.194	110	110	1740513	15822.846	2295.857	15418.000	12654	24369	528.636	667.009	4.627	1.805	0.666	1.852	528.697	667.009	4.656	522	662	4	13	11	2
39	17.778	51.784	108	84	2256247	20891.176	7254.650	19315.000	12680	43335	608.056	665.509	5.009	1.354	0.235	1.329	608.119	665.519	5.012	604	662	4	9	8	3
40	21.729	60.852	132	94	3414506	25867.469	11058.803	22043.500	12689	52466	877.568	667.985	5.591	1.526	0.285	1.544	877.606	668.034	5.583	873	665	4	10	7	4
41	35.063	81.884	213	131	6724894	31572.271	16050.698	26417.000	12717	65535	312.333	671.066	6.329	1.820	0.235	1.805	312.349	671.019	6.297	308	667	4	10	9	5
42	24.034	60.749	146	104	4085868	27985.396	12047.868	25067.000	13130	56740	762.870	674.534	5.740	1.536	0.214	1.539	762.848	674.625	5.764	759	671	4	8	8	4
43	24.363	70.473	148	106	4661714	31498.068	16110.917	26938.000	12958	65535	398.845	676.919	6.378	1.701	0.412	1.733	398.858	676.790	6.299	396	672	4	7	11	5
44	55.640	130.462	338	239	10580874	31304.361	14685.895	26974.500	12667	65535	284.959	676.852	6.497	2.582	0.936	2.597	285.120	677.123	6.443	282	666	4	9	19	7
45	35.392	79.160	215	130	7309117	33995.895	17991.742	27829.000	12681	65535	161.688	680.679	5.758	1.832	0.226	1.822	161.747	680.690	5.762	158	677	4	9	9	5
46	11.029	39.510	67	67	1182694	17652.148	3872.625	16296.000	13063	28926	481.493	682.612	4.612	1.185	0.459	1.111	481.505	682.439	4.652	479	678	4	5	11	2
47	47.738	147.494	290	232	8044509	27739.686	16292.876	21130.000	12664	65535	465.603	685.710	6.548	2.445	0.823	2.437	465.627	684.819	6.542	460	679	4	13	17	7
48	5.432	27.031	33	32	730953	22150.092	7450.325	21156.000	13400	39169	1003.758	693.818	5.455	0.972	0.342	0.924	1003.823	693.810	5.468	1002	692	4	4	5	4
49	33.581	85.193	204	140	6088785	29846.984	13804.903	27108.500	12726	65535	115.931	700.279	5.868	1.733	0.317	1.765	115.953	700.247	5.844	111	696	4	11	10	5
50	29.301	69.265	178	119	6133548	34458.137	17721.355	27730.500	12840	65535	671.573	701.494	5.382	1.688	0.257	1.687	671.603	701.528	5.362	667	698	4	10	8	4
51	21.235	59.336	129	86	3973761	30804.350	15594.758	28155.000	12689	65535	560.132	704.597	6.357	1.543	0.242	1.531	560.189	704.542	6.250	557	701	4	7	8	5
52	18.108	55.475	110	81	3027216	27520.145	13358.190	24772.500	12674	65535	822.018	704.582	5.973	1.437	0.317	1.404	822.009	704.522	5.958	818	702	4	9	6	5
53	15.638	43.682	95	76	2338562	24616.441	9112.209	22707.000	12756	53081	900.632	706.747	5.021	1.286	0.178	1.285	900.564	706.718	5.013	898	704	4	7	7	3
54	19.424	55.026	118	80	3618185	30662.584	16502.758	23892.500	12718	65535	357.085	710.839	5.593	1.500	0.237	1.527	357.094	710.905	5.599	354	707	4	7	9	4
55	31.606	75.161	192	122	6260137	32604.881	17064.336	27660.000	12726	65535	206.062	709.646	6.276	1.769	0.270	1.758	206.112	709.717	6.237	202	706	4	9	8	5
56	48.726	125.118	296	218	8885884	30019.879	14416.225	25965.000	12653	65535	248.811	718.561	7.605	2.679	0.955	2.718	249.258	718.330	7.849	241	714	4	16	10	9
57	24.198	60.404	147	100	4082628	27772.980	13203.829	23086.000	12746	58504	987.803	726.837	5.524	1.576	0.195	1.574	987.805	726.750	5.507	984	724	4	8	7	4
58	29.137	67.230	177	116	5480073	30960.865	15587.348	23912.000	12826	65535	291.350	733.763	5.537	1.667	0.162	1.653	291.378	733.718	5.546	288	730	4	8	9	4
59	21.400	59.266	130	96	3429862	26383.555	11779.942	24444.500	12663	63431	817.962	731.246	5.900	1.462	0.268	1.431	818.019	731.263	5.912	814	728	4	9	8	5
60	32.758	73.608	199	136	6063676	30470.734	15364.174	25662.000	12687	65535	453.844	737.337	5.392	1.738	0.256	1.721	453.917	737.174	5.380	450	733	4	8	10	4
61	20.412	59.303	124	84	4452796	35909.645	18430.395	31562.000	12929	65535	469.968	739.177	6.371	1.597	0.363	1.599	469.979	739.191	6.363	467	736	4	7	8	6
62	23.375	60.611	142	101	3899547	27461.598	12210.194	24614.500	12707	59295	923.028	748.514	5.873	1.558	0.325	1.545	923.073	748.617	5.866	919	746	4	9	6	5
63	24.857	68.438	151	100	4509420	29863.709	14699.346	25452.000	12749	65535	801.053	760.113	5.755	1.654	0.314	1.682	801.061	760.115	5.783	796	757	4	10	7	5
64	17.943	50.027	109	80	3200396	29361.432	13596.292	25928.000	12708	65535	830.651	817.963	5.266	1.423	0.261	1.453	830.618	817.977	5.237	827	816	4	8	5	4
65	30.124	78.574	183	131	5216826	28507.246	12741.617	26514.000	12685	65535	925.055	841.956	6.175	1.887	0.561	1.860	925.034	841.899	6.110	918	840	4	14	5	5
66	20.248	52.855	123	88	4284461	34833.016	17503.662	29239.000	12781	65535	320.415	548.293	6.659	1.532	0.288	1.528	320.433	548.238	6.653	318	545	5	6	7	5
67	39.178	123.913	238	184	5740955	24121.660	11202.192	20551.500	12730	65535	476.924	552.828	7.319	2.245	0.785	2.286	476.264	552.984	7.163	469	548	5	17	10	5
68	37.203	83.122	226	168	5952604	26338.955	10483.198	23189.000	12676	57389	195.102	590.190	5.996	1.781	0.444	1.756	195.069	590.246	5.955	190	584	5	10	12	4
69	2.634	16.377	16	16	241485	15092.812	1981.349	14142.500	13023	18543	686.875	589.062	5.750	0.698	0.247	0.669	686.832	589.118	5.777	685	587	5	4	5	2
70	8.231	33.098	50	43	1015583	20311.660	7122.840	18201.500	12689	42641	565.060	592.460	6.100	1.049	0.201	1.072	565.054	592.377	6.063	563	589	5	6	7	3
71	8.066	30.719	49	46	980492	20010.041	5105.179	19927.000	12657	28623	389.918	599.388	5.755	0.994	0.251	1.023	390.005	599.377	5.765	387	597	5	6	6	3
72	5.597	26.513	34	33	625473	18396.266	4814.595	16603.500	12795	29422	229.765	599.265	5.765	0.912	0.290	0.912	229.719	599.243	5.809	227	597	5	7	6	3
73	4.938	25.341	30	30	459795	15326.500	2185.966	14725.000	12781	21300	472.800	602.000	5.500	0.852	0.222	0.805	472.840	602.003	5.490	470	600	5	6	5	2
74	23.540	61.712	143	108	3232086	22602.000	8233.397	20470.000	12658	47095	234.161	610.888	6.007	1.505	0.313	1.505	234.226	610.935	6.007	229	607	5	11	8	3
75	35.886	81.676	218	144	7116837	32646.041	16204.313	27868.000	12725	65535	319.133	613.151	6.546	1.837	0.315	1.829	319.287	613.213	6.535	314	609	5	11	10	4
76	4.774	20.479	29	29	488134	16832.207	2879.007	16128.000	12909	23233	279.828	616.414	5.621	0.792	0.187	0.805	279.842	616.381	5.638	278	614	5	5	5	2
77	43.458	116.257	264	193	7277110	27564.811	12269.869	24810.500	12726	65535	213.720	614.989	8.413	2.410	0.813	2.480	213.217	615.127	8.176	207	611	5	16	9	7
78	4.774	24.100	29	29	432080	14899.311	1450.055	14815.000	12702	18150	649.862	625.345	6.621	0.897	0.342	0.805	649.872	625.353	6.599	648	623	5	5	5	4
79	27.984	85.712	170	129	3825710	22504.176	8090.621	21086.000	12703	44830	701.329	632.553	8.547	2.082	0.751	2.338	701.162	632.573	8.427	696	630	5	12	6	7
80	12.511	39.925	76	62	1692989	22276.172	7453.833	20552.000	12712	41276	223.329	634.566	6.750	1.208	0.218	1.225	223.374	634.451	6.696	220	632	5	7	6	4
81	8.560	31.960	52	45	953939	18344.980	4874.886	17407.500	12679	33172	458.923	639.962	6.192	1.060	0.244	0.990	458.969	640.007	6.169	456	638	5	7	5	3
82	17.449	52.369	106	95	2184490	20608.396	5836.407	19715.500	12931	38555	877.076	641.962	5.774	1.354	0.344	1.306	877.140	641.967	5.751	872	639	5	10	7	3
83	3.622	17.514	22	21	446346	20288.455	6845.281	17979.500	12841	35343	380.773	647.818	6.273	0.769	0.221	0.779	380.732	647.781	6.242	379	647	5	5	3	3
84	13.498	42.441	82	70	1780983	21719.305	7337.146	20488.000	12664	40588	660.219	651.488	5.756	1.220	0.265	1.229	660.220	651.529	5.728	658	648	5	6	8	3
85	15.638	49.923	95	72	2095864	22061.727	7889.820	21165.000	12738	44799	145.105	652.042	6.779	1.349	0.252	1.327	145.103	651.978	6.756	142	648	5	7	8	4
86	16.132	51.647	98	84	2101824	21447.184	6585.122	20834.000	12913	38320	458.031	664.031	6.969	1.415	0.382	1.335	458.079	663.965	6.948	455	660	5	6	10	4
87	11.523	38.546	70	56	1625033	23214.758	8142.773	21519.500	12780	44698	941.529	662.800	6.900	1.213	0.229	1.179	941.491	662.713	6.865	939	660	5	6	7	4
88	14.815	47.062	90	69	2647342	29414.910	12900.348	26958.500	12757	59273	456.200	676.033	6.833	1.315	0.229	1.285	456.250	676.057	6.846	453	673	5	7	7	4
89	6.255	22.755	38	38	752660	19806.842	4412.483	20407.000	12830	26603	361.711	677.684	5.526	0.869	0.213	0.882	361.670	677.731	5.553	359	676	5	6	4	2
90	14.321	43.579	87	72	1828770	21020.346	6727.633	19971.000	12768	41785	989.908	678.460	6.138	1.257	0.228	1.277	989.887	678.495	6.145	986	676	5	9	6	3
91	13.992	46.821	85	64	2743528	32276.801	15842.324	28434.000	12685	65535	443.965	679.553	7.106	1.338	0.317	1.316	444.032	679.471	7.045	442	677	5	6	7	5
92	19.589	57.991	119	83	3027371	25440.092	10553.732	21598.000	12846	53336	862.933	679.773	6.529	1.521	0.288	1.529	862.882	679.746	6.465	859	677	5	9	7	4
93	11.523	39.098	70	52	1943458	27763.686	12501.798	24013.000	13329	56602	426.729	685.457	6.700	1.261	0.258	1.243	426.735	685.452	6.658	424	683	5	6	6	4
94	11.194	38.546	68	55	1701020	25015.000	10250.091	23874.000	12889	57439	225.118	691.853	5.912	1.175	0.181	1.188	225.093	691.815	5.885	222	689	5	7	7	3
95	29.301	74.713	178	124	5330404	29946.090	14424.487	28409.500	12653	65535	435.837	690.764	6.809	1.672	0.280	1.685	435.739	690.844	6.835	432	687	5	9	9	5
96	12.346	40.925	75	58	1773414	23645.520	9193.892	21707.000	12669	45945	349.893	692.947	6.387	1.242	0.277	1.273	349.888	692.983	6.347	347	691	5	7	5	4
97	21.564	54.233	131	90	4432062	33832.535	16636.893	28831.000	12791	65535	684.466	702.847	6.496	1.559	0.224	1.558	684.399	702.841	6.484	682	699	5	7	8	4
98	15.968	47.889	97	71	2167006	22340.268	8764.718	19628.000	12710	46538	873.031	710.856	6.392	1.361	0.242	1.388	873.012	710.862	6.353	870	708	5	7	7	4
99	11.852	38.787	72	58	1506067	20917.598	7450.525	19021.000	12691	41229	726.944	712.583	5.972	1.204	0.198	1.207	726.989	712.577	5.945	723	710	5	8	6	3
100	2.798	16.273	17	17	279758	16456.354	3335.471	15342.000	12909	21726	453.235	718.176	5.882	0.741	0.339	0.745	453.256	718.133	5.906	451	716	5	5	5	2
101	15.638	45.924	95	67	3006150	31643.684	15562.961	26599.000	13073	65535	613.200	723.884	6.632	1.412	0.256	1.426	613.190	723.875	6.633	610	722	5	8	5	4
102	8.889	40.166	54	49	944992	17499.852	4442.508	16027.000	12800	30063	963.352	737.167	5.963	1.084	0.272	1.102	963.356	737.151	5.967	960	734	5	8	7	3
103	35.557	76.228	216	146	6338330	29344.121	12546.896	26518.000	12665	62482	665.088	762.449	6.630	1.765	0.244	1.753	665.017	762.524	6.596	661	758	5	9	10	4
104	7.901	30.478	48	41	972147	20253.062	6066.752	19203.500	13020	40117	976.521	769.750	5.792	1.026	0.190	1.033	976.477	769.719	5.749	974	768	5	6	5	3
105	3.457	21.617	21	21	322316	15348.381	2243.972	14994.000	12676	19554	900.952	783.619	5.905	0.991	0.291	0.997	900.951	783.559	5.919	899	780	5	5	7	2
106	31.771	75.747	193	127	5324084	27585.928	11477.322	23549.000	13114	56954	967.699	799.373	6.456	1.754	0.288	1.733	967.685	799.382	6.423	962	796	5	12	7	4
107	30.124	75.368	183	117	6087248	33263.648	16210.104	30343.000	12674	65535	948.721	820.399	7.109	1.776	0.300	1.817	948.806	820.392	7.065	944	817	5	10	7	5
108	4.774	22.065	29	29	472286	16285.725	2063.156	15729.000	13226	20880	899.483	830.517	5.586	0.806	0.200	0.774	899.516	830.521	5.610	897	829	5	6	4	2
109	6.255	27.858	38	33	700529	18434.975	5251.657	16563.000	12729	34220	918.763	858.500	6.079	0.969	0.208	0.964	918.820	858.536	6.059	916	857	5	6	4	3
110	2.140	17.240	13	13	300783	23137.154	9296.511	20979.000	13165	44082	436.615	524.769	7.154	0.951	0.432	0.996	436.833	524.811	7.116	435	524	6	4	2	4
111	25.515	68.783	155	110	4802818	30985.922	13618.487	30187.000	12719	64878	447.723	546.819	7.826	1.660	0.351	1.682	447.546	546.987	7.846	442	544	6	11	6	5
112	23.704	64.680	144	94	4633935	32180.104	15495.447	28940.000	12713	65535	551.639	571.062	7.840	1.618	0.294	1.566	551.590	571.040	7.847	548	568	6	8	7	5
113	33.252	100.087	202	159	4725753	23394.816	10419.231	19637.000	12735	57874	593.693	587.277	8.441	2.119	0.701	2.315	594.189	587.200	8.250	587	584	6	14	9	6
114	3.951	18.582	24	24	379820	15825.833	1981.025	15665.000	12866	19721	470.708	595.792	6.000	0.829	0.358	0.825	470.730	595.855	6.000	468	592	6	6	7	1
115	3.457	16.825	21	21	383842	18278.191	3001.093	17531.000	12818	22505	518.333	594.286	6.524	0.744	0.168	0.754	518.318	594.251	6.510	517	593	6	4	4	2
116	3.786	19.342	23	21	365188	15877.739	3135.003	15597.000	12695	24119	308.130	603.609	7.087	0.797	0.236	0.820	308.179	603.598	7.080	306	602	6	5	4	3
117	16.297	54.678	99	98	1774237	17921.586	3679.556	17927.000	12655	29333	569.343	605.960	7.354	1.361	0.519	1.313	569.394	605.941	7.332	565	601	6	10	12	3
118	52.347	128.598	318	240	6627213	20840.293	7467.062	18591.500	12656	51137	190.607	622.475	8.170	2.348	0.683	2.425	190.518	622.655	8.312	186	616	6	12	14	6
119	4.280	20.031	26	26	432426	16631.770	2700.031	16513.000	12782	22669	277.846	623.923	6.269	0.797	0.243	0.836	277.787	623.973	6.240	276	621	6	5	6	2
120	20.741	67.990	126	95	3354808	26625.461	13953.607	20656.000	12660	65535	640.722	625.492	7.976	1.642	0.498	1.497	640.950	625.361	7.840	636	621	6	9	10	5
121	1.646	10.584	10	10	141163	14116.300	1626.095	13553.500	12666	17121	559.100	629.900	6.000	0.609	0.286	0.590	559.073	629.835	6.000	558	628	6	4	5	1
122	8.231	31.649	50	50	839150	16783.000	2408.190	16831.500	12653	22857	914.380	640.700	6.360	0.975	0.276	0.970	914.363	640.682	6.334	912	638	6	6	7	2
123	13.005	40.166	79	70	1675739	21211.887	5630.261	20409.000	12955	32933	632.456	642.240	6.684	1.176	0.259	1.203	632.442	642.279	6.621	630	639	6	6	8	3
124	25.186	64.955	153	115	4227040	27627.713	11098.457	26452.000	12666	57415	483.627	644.216	7.301	1.616	0.371	1.619	483.517	644.126	7.215	479	641	6	11	7	4
125	19.754	52.369	120	102	2529437	21078.643	5806.879	20303.500	12876	34240	610.558	643.867	6.733	1.366	0.280	1.395	610.583	643.906	6.668	607	640	6	8	8	3
126	15.309	47.407	93	68	2126136	22861.678	7292.630	20990.000	12890	38857	979.785	669.742	7.430	1.347	0.254	1.406	979.826	669.774	7.422	977	667	6	6	7	4
127	7.243	34.581	44	44	758543	17239.613	3406.956	16726.000	12758	26437	956.818	695.182	6.341	1.244	0.546	1.185	957.040	695.244	6.299	952	693	6	12	5	2
128	8.066	31.271	49	40	893186	18228.285	4921.135	16669.000	12747	30583	391.408	708.898	6.980	1.092	0.192	1.075	391.408	708.883	6.997	388	707	6	7	5	3
129	18.437	53.818	112	90	2482006	22160.768	7360.601	20091.000	12915	41735	474.429	714.884	7.089	1.390	0.299	1.369	474.299	714.840	7.122	470	711	6	11	7	3
130	30.947	78.163	188	115	6398198	34032.969	18435.273	27579.500	12698	65535	461.883	714.989	8.543	1.873	0.417	1.804	461.907	715.100	8.414	458	712	6	8	8	6
131	14.321	43.234	87	68	1862158	21404.115	6972.564	19833.000	12893	39754	413.609	718.483	6.897	1.258	0.180	1.247	413.609	718.418	6.857	410	716	6	8	6	3
132	13.992	45.372	85	69	1997566	23500.777	8673.688	20496.000	12769	49229	378.718	730.906	6.976	1.328	0.325	1.293	378.763	730.917	6.937	375	728	6	8	7	3
133	1.975	15.999	12	12	258985	21582.084	8276.165	18479.500	13276	38943	574.333	727.833	7.500	0.814	0.337	0.707	574.352	727.899	7.510	573	727	6	4	3	4
134	30.289	81.091	184	134	5127342	27865.988	12297.964	25674.500	12694	65535	632.630	728.370	8.087	1.805	0.512	1.838	632.465	728.290	8.085	627	725	6	12	8	5
135	16.955	50.301	103	86	2195486	21315.398	6473.527	20157.000	12826	38286	337.388	732.175	7.000	1.355	0.332	1.345	337.479	732.133	7.017	333	729	6	10	7	3
136	26.503	69.783	161	102	5677487	35263.895	18485.301	28760.000	12958	65535	630.472	741.988	8.130	1.740	0.338	1.783	630.547	742.122	8.109	627	738	6	8	8	5
137	25.186	62.024	153	118	4125005	26960.816	9944.208	24793.000	12703	58274	299.922	746.052	7.935	1.525	0.303	1.553	299.996	746.158	7.920	295	743	6	10	8	4
138	18.272	56.579	111	85	3971696	35781.047	17960.658	31214.000	12875	65535	351.721	750.153	7.351	1.523	0.345	1.551	351.699	750.328	7.295	348	747	6	8	7	4
139	7.572	31.271	46	41	796426	17313.609	3629.881	15953.000	12854	25416	763.043	781.391	7.174	1.002	0.236	1.040	763.036	781.425	7.179	761	779	6	5	6	3
140	15.474	49.026	94	78	2213856	23551.660	8551.441	21507.000	12736	48664	823.936	786.011	6.979	1.297	0.237	1.299	824.071	786.145	6.925	821	782	6	8	8	3
141	6.914	24.237	42	42	718888	17116.381	3310.220	16684.500	12785	25413	765.881	791.429	6.476	0.879	0.203	0.902	765.837	791.499	6.478	764	789	6	5	6	2
142	3.128	17.618	19	19	328478	17288.316	2766.757	16936.000	12926	22181	749.789	805.421	7.263	0.749	0.242	0.749	749.741	805.458	7.251	748	804	6	5	4	3
143	2.634	17.066	16	16	252414	15775.875	2425.490	15425.000	12793	20828	910.188	833.875	6.062	0.745	0.366	0.719	910.244	833.965	6.051	907	832	6	6	5	2
144	9.548	37.512	58	47	1322790	22806.725	8504.279	20017.500	12655	44918	332.879	522.466	8.655	1.154	0.282	1.161	332.867	522.443	8.657	330	519	7	6	7	4
145	24.692	67.990	150	103	3940400	26269.334	11741.829	22306.500	12851	57425	495.233	562.740	8.447	1.655	0.318	1.654	495.111	562.835	8.463	491	559	7	10	9	4
146	9.054	33.202	55	49	1131432	20571.490	6674.338	17626.000	12700	33157	453.218	573.491	8.327	1.054	0.241	1.030	453.224	573.458	8.365	451	571	7	6	6	3
147	6.585	27.513	40	34	708700	17717.500	4383.624	16637.500	12883	28919	518.525	576.975	7.950	0.994	0.174	1.025	518.513	576.985	7.938	516	575	7	5	5	3
148	23.540	61.267	143	96	4686722	32774.281	17219.770	27337.000	13006	65535	765.434	598.615	9.476	1.635	0.328	1.608	765.460	598.733	9.489	762	596	7	8	6	5
149	14.157	43.579	86	73	1689829	19649.174	4835.162	19591.000	12670	31048	427.779	605.837	7.791	1.249	0.250	1.241	427.811	605.877	7.769	425	602	7	7	8	3
150	25.021	82.228	152	131	3240046	21316.092	6639.207	19768.500	12677	42886	622.579	611.289	9.520	2.171	0.643	2.372	622.680	611.037	9.427	619	607	7	8	11	6
151	22.717	79.816	138	120	3256923	23600.891	9411.528	21226.000	12815	54693	378.275	633.971	8.978	2.100	0.772	2.138	378.789	634.040	8.782	370	631	7	15	7	6
152	3.292	18.652	20	20	321983	16099.150	2487.733	15887.000	12729	21332	188.350	635.050	7.250	0.750	0.235	0.806	188.389	635.056	7.210	186	634	7	5	4	2
153	29.795	75.988	181	130	4502352	24874.873	9255.380	24125.000	12716	50870	669.409	637.906	8.878	1.648	0.324	1.665	669.430	637.878	8.903	666	633	7	9	10	5
154	8.725	32.650	53	50	1102486	20801.623	5518.865	20629.000	12753	32386	223.811	644.283	8.453	1.021	0.292	1.013	223.771	644.240	8.483	221	642	7	7	5	4
155	25.515	62.024	155	119	4112091	26529.619	9235.095	25673.000	12736	48483	201.271	651.065	8.026	1.525	0.299	1.562	201.190	651.113	8.030	198	646	7	8	10	4
156	23.046	58.540	140	121	2951506	21082.186	5603.151	19933.500	12950	44256	172.800	662.493	8.129	1.465	0.351	1.497	172.935	662.386	8.120	169	659	7	8	9	3
157	24.857	69.402	151	118	3292096	21801.961	6713.403	20990.000	12719	35867	570.238	666.146	8.318	1.632	0.487	1.564	570.034	666.293	8.355	566	663	7	12	8	4
158	19.589	56.301	119	84	3166651	26610.512	12735.705	22694.000	12770	64950	621.042	673.084	8.706	1.477	0.246	1.476	621.105	673.102	8.728	617	670	7	9	7	5
159	19.095	52.647	116	86	3279528	28271.793	12640.666	25617.000	12659	58761	314.224	688.966	8.216	1.439	0.231	1.432	314.220	688.989	8.216	311	686	7	7	7	4
160	16.132	48.819	98	81	1873472	19117.061	4768.871	17819.000	12676	32744	242.612	694.214	8.031	1.352	0.292	1.329	242.551	694.195	8.049	239	691	7	9	8	3
161	27.820	71.540	169	122	4267489	25251.414	9145.520	24158.000	12696	48094	692.260	709.923	8.243	1.627	0.293	1.640	692.334	710.135	8.250	689	705	7	8	10	4
162	45.763	130.291	278	195	7612669	27383.701	15319.448	20664.500	12701	65535	438.723	708.586	9.759	2.524	0.889	2.610	438.418	707.832	10.094	433	702	7	11	17	7
163	26.667	68.023	162	116	4202566	25941.766	10758.035	23447.000	12755	61673	520.728	725.802	8.704	1.644	0.336	1.638	520.790	725.735	8.743	517	722	7	8	10	4
164	33.087	78.849	201	149	5475368	27240.637	10446.449	25218.000	12725	53889	451.806	725.557	8.871	1.733	0.437	1.719	451.805	725.533	8.872	446	722	7	12	8	4
165	25.351	69.024	154	108	3970708	25783.818	9816.729	25086.000	12886	52781	199.545	738.383	8.773	1.592	0.277	1.596	199.457	738.367	8.796	196	735	7	9	8	5
166	30.124	82.402	183	124	5564826	30408.885	15188.820	25409.000	12746	65535	285.552	748.060	8.809	1.851	0.487	1.909	285.474	748.137	8.871	280	744	7	12	9	5
167	32.923	78.300	200	127	7132900	35664.500	18342.152	31849.500	12680	65535	332.080	750.645	9.015	1.876	0.392	1.940	332.007	750.798	9.103	328	747	7	9	7	6
168	6.914	29.340	42	41	746944	17784.381	3252.908	17681.000	12696	24189	900.357	772.500	7.595	1.012	0.330	0.924	900.440	772.449	7.586	897	770	7	7	6	3
169	22.717	67.404	138	103	3830509	27757.312	13360.506	23756.000	12781	65535	333.536	504.826	9.319	1.616	0.427	1.653	333.537	504.573	9.294	331	500	8	6	12	4
170	32.429	84.434	197	156	5260207	26701.559	11043.523	24638.000	12681	64439	250.178	523.761	10.076	1.846	0.594	1.771	250.006	523.529	10.063	246	519	8	11	12	5
171	5.103	27.754	31	30	496266	16008.581	3233.713	14867.000	12816	22894	411.355	538.323	9.065	0.973	0.381	1.073	411.334	538.282	9.052	409	536	8	6	7	3
172	20.412	57.921	124	102	2885047	23266.508	7598.771	22304.500	12750	44398	606.516	610.194	9.218	1.429	0.332	1.401	606.514	610.116	9.274	602	607	8	10	8	3
173	11.688	38.683	71	64	1425327	20075.027	5966.243	19255.000	12741	36428	425.042	615.085	9.239	1.144	0.279	1.179	425.076	615.143	9.247	421	613	8	8	6	3
174	32.429	94.503	197	150	5283680	26820.711	11760.875	23703.000	12657	65535	415.944	624.792	10.244	1.969	0.653	2.100	416.031	624.542	10.279	412	620	8	10	11	6
175	17.614	49.716	107	81	2655499	24817.748	9722.229	22990.000	12663	54064	548.710	641.673	9.140	1.362	0.211	1.372	548.701	641.740	9.169	545	639	8	8	7	4
176	3.128	16.825	19	19	302762	15934.842	1826.547	15894.000	12907	19191	578.263	657.632	8.421	0.714	0.153	0.705	578.265	657.655	8.431	577	656	8	4	4	2
177	10.041	35.166	61	58	1198036	19639.934	4913.769	19168.000	12715	32872	881.410	657.738	9.361	1.038	0.270	1.052	881.401	657.630	9.350	879	655	8	6	7	3
178	17.614	56.887	107	91	2317649	21660.271	7107.639	21293.000	12670	36741	157.757	658.178	9.579	1.337	0.328	1.383	157.696	658.154	9.553	154	655	8	9	8	4
179	16.132	61.471	98	89	1777185	18134.541	5151.046	16026.500	12665	34097	671.449	659.867	8.867	1.719	0.698	1.871	671.676	660.052	8.869	666	655	8	12	11	3
180	31.441	78.782	191	124	6748206	35330.922	18746.246	30072.000	12685	65535	328.037	658.948	10.675	1.823	0.374	1.809	328.079	658.937	10.612	323	656	8	11	7	6
181	3.457	19.101	21	21	370451	17640.523	3145.224	16988.000	12728	22845	515.048	665.381	8.476	0.756	0.184	0.688	515.116	665.365	8.472	513	664	8	5	4	2
182	21.894	64.992	133	91	4687161	35241.812	18514.168	30625.000	12752	65535	264.368	687.857	10.436	1.648	0.417	1.641	264.311	687.812	10.400	260	685	8	9	7	6
183	21.235	60.645	129	100	2915171	22598.225	7178.409	20960.000	12762	39954	811.574	695.837	9.829	1.485	0.358	1.461	811.547	695.783	9.791	807	693	8	10	7	4
184	13.169	43.097	80	63	1953766	24422.074	9598.559	21240.500	12801	52335	104.775	697.475	9.775	1.252	0.227	1.233	104.703	697.492	9.749	102	695	8	7	6	4
185	13.828	49.130	84	70	1693780	20164.047	6318.555	19311.500	12817	37435	769.786	723.905	8.964	1.364	0.409	1.357	769.988	723.963	8.995	765	721	8	9	7	3
186	28.807	76.677	175	124	4349743	24855.674	8947.831	23997.000	12667	50898	926.120	772.566	10.097	1.641	0.352	1.630	926.059	772.567	10.071	922	768	8	10	10	5
187	19.918	57.509	121	86	3544831	29296.123	14088.950	26833.000	12680	65535	931.578	867.719	9.934	1.497	0.314	1.451	931.545	867.680	9.919	928	865	8	8	7	5
188	10.700	47.752	65	60	1008274	15511.907	2008.907	14857.000	12756	20490	295.631	491.062	11.338	1.421	0.473	1.483	295.630	491.075	11.324	292	489	9	7	5	5
189	22.717	58.610	138	112	3366901	24397.834	8811.139	21795.500	12736	49281	239.101	530.138	10.123	1.508	0.364	1.453	239.008	530.263	10.139	234	527	9	11	7	3
190	24.363	67.301	148	107	4261683	28795.156	12269.209	26889.500	12708	65535	376.068	543.628	11.135	1.618	0.370	1.621	376.071	543.726	11.037	372	540	9	9	8	5
191	22.552	63.610	137	100	3527412	25747.533	10179.110	23815.000	12656	54988	410.328	550.657	10.146	1.490	0.286	1.472	410.310	550.735	10.158	407	546	9	8	10	4
192	9.712	37.753	59	55	1127142	19104.102	5168.093	17624.000	12806	36267	345.475	565.322	10.339	1.155	0.389	1.169	345.549	565.393	10.354	341	563	9	9	6	3
193	17.943	54.267	109	89	2548731	23382.854	8190.937	23032.000	12680	43582	428.899	583.853	10.615	1.347	0.289	1.385	428.866	583.744	10.586	425	581	9	8	8	4
194	7.078	26.168	43	43	755917	17579.465	3763.606	16707.000	12696	27059	224.744	594.047	9.465	0.896	0.225	0.937	224.744	594.094	9.423	222	592	9	7	5	2
195	44.117	116.876	268	210	6301523	23513.146	8610.421	21837.500	12698	51792	641.500	595.552	10.481	2.144	0.707	2.234	641.164	595.833	10.417	634	588	9	16	15	4
196	7.572	31.134	46	39	1048055	22783.805	6992.291	21940.000	12703	35143	379.348	604.478	10.565	1.028	0.285	0.991	379.351	604.475	10.537	377	603	9	6	4	4
197	7.243	30.374	44	44	687498	15624.954	2062.303	15321.500	12716	22593	168.545	609.295	9.432	0.940	0.281	0.910	168.524	609.281	9.440	166	607	9	7	6	2
198	16.132	48.889	98	72	2596867	26498.643	12604.455	23763.000	12780	65535	340.816	619.510	10.296	1.385	0.245	1.365	340.848	619.452	10.257	337	617	9	8	6	4
199	20.741	57.543	126	90	3946717	31323.150	15051.429	26737.500	13071	65535	284.214	638.341	10.333	1.526	0.292	1.554	284.334	638.617	10.334	281	634	9	8	8	4
200	11.523	38.891	70	59	1638438	23406.258	8203.354	22581.000	12828	50158	356.043	647.443	9.886	1.233	0.301	1.220	355.998	647.493	9.855	352	645	9	9	5	3
201	6.585	26.409	40	40	668869	16721.725	3471.248	15550.500	12815	26970	544.675	648.550	9.350	0.900	0.255	0.907	544.655	648.518	9.302	542	646	9	7	6	2
202	12.511	42.408	76	60	1830539	24086.039	10084.321	20273.500	12718	51532	266.658	652.487	10.632	1.234	0.280	1.219	266.668	652.501	10.607	264	650	9	7	6	4
203	18.601	61.334	113	103	2183543	19323.389	5087.419	17974.000	12682	31874	803.443	655.779	9.690	1.585	0.628	1.509	803.333	655.686	9.689	798	652	9	12	10	3
204	16.132	48.371	98	87	1939295	19788.725	4863.368	19106.500	12722	31343	901.571	656.898	10.622	1.265	0.320	1.328	901.555	656.895	10.594	898	654	9	8	7	4
205	6.420	26.961	39	36	657014	16846.514	4031.854	15344.000	12752	28565	873.590	664.513	10.256	0.918	0.197	0.944	873.589	664.549	10.255	871	662	9	6	6	3
206	32.923	91.400	200	132	4914343	24571.715	9694.468	22687.500	12697	49069	693.515	666.595	11.120	1.967	0.525	2.043	693.471	666.614	11.067	690	660	9	8	14	5
207	27.161	67.093	165	110	5572561	33773.098	15702.735	29653.000	13102	65535	121.715	677.424	11.315	1.683	0.289	1.700	121.681	677.373	11.236	119	673	9	7	10	5
208	21.400	62.576	130	107	3043694	23413.031	8775.731	21163.500	12700	45747	184.615	680.508	10.269	1.464	0.372	1.459	184.829	680.503	10.275	179	678	9	11	7	4
209	26.832	68.505	163	121	3894804	23894.504	8391.504	22169.000	12692	43328	716.632	681.509	10.227	1.592	0.340	1.616	716.754	681.488	10.239	712	677	9	10	9	4
210	15.145	49.475	92	79	2189158	23795.195	8600.107	22804.500	12656	46815	508.370	681.446	10.250	1.378	0.393	1.382	508.437	681.603	10.287	506	676	9	6	11	4
211	24.528	65.714	149	102	3981728	26723.006	10848.559	23428.000	12715	52630	880.101	696.181	10.430	1.636	0.280	1.637	880.137	696.242	10.401	876	692	9	9	9	4
212	41.647	93.606	253	157	7383558	29184.023	14601.345	24913.000	12678	65535	593.874	709.087	11.036	1.970	0.364	2.000	593.875	709.099	11.036	590	704	9	8	12	5
213	22.058	60.370	134	90	3789004	28276.148	13299.566	25334.000	12758	65535	910.231	708.142	10.881	1.572	0.294	1.547	910.260	708.191	10.810	906	705	9	9	7	5
214	23.540	65.644	143	102	3998052	27958.406	14118.661	22709.000	12738	61308	314.587	712.846	10.406	1.578	0.273	1.572	314.656	712.830	10.419	310	710	9	10	7	4
215	50.537	113.466	307	189	7372448	24014.488	8119.400	22237.000	12783	50164	143.863	717.958	11.704	2.207	0.468	2.223	143.832	717.999	11.788	139	713	9	12	10	6
216	13.828	45.269	84	70	1859869	22141.297	6711.495	22030.000	13030	38926	979.048	732.893	10.429	1.260	0.313	1.302	978.979	732.850	10.398	976	730	9	8	6	4
217	17.614	53.407	107	73	3090519	28883.355	13693.545	25464.000	12723	65220	884.533	737.047	10.776	1.490	0.343	1.462	884.511	737.043	10.743	881	735	9	8	5	5
218	19.754	52.543	120	81	3335881	27799.008	12719.521	23450.000	12784	62213	799.467	746.242	10.450	1.495	0.200	1.516	799.545	746.251	10.432	797	743	9	6	8	4
219	18.601	50.579	113	82	3735127	33054.223	16987.451	26914.000	12875	65535	408.124	748.027	10.566	1.481	0.272	1.504	408.232	748.208	10.524	405	745	9	7	6	5
220	11.852	39.132	72	60	1416040	19667.223	5706.763	17893.500	12712	35451	675.056	752.236	10.014	1.175	0.169	1.187	675.022	752.159	9.992	672	749	9	7	7	3
221	15.803	48.786	96	76	2192037	22833.719	7859.820	21429.500	12714	44105	832.688	772.417	10.917	1.321	0.247	1.299	832.618	772.295	10.889	829	770	9	8	7	4
222	18.931	53.233	115	88	2764407	24038.322	9925.030	21212.000	12731	54757	923.165	780.417	10.157	1.456	0.320	1.374	923.184	780.467	10.159	919	778	9	9	6	4
223	17.120	56.613	104	83	2419466	23264.096	8878.329	21368.000	12688	51908	718.846	793.981	10.942	1.513	0.433	1.521	718.985	794.137	10.910	715	790	9	8	9	4
224	33.911	76.643	206	128	6562139	31855.043	14501.754	27553.500	12725	65482	785.835	823.218	10.680	1.804	0.248	1.770	785.847	823.235	10.601	782	820	9	9	8	5
225	20.741	61.404	126	93	3014625	23925.596	7599.253	22913.000	12721	43790	938.524	831.873	11.056	1.481	0.310	1.445	938.583	831.884	11.008	934	829	9	10	7	5
226	18.766	54.682	114	82	2803014	24587.842	9678.121	22330.500	12701	56220	958.386	869.325	10.658	1.487	0.319	1.460	958.485	869.475	10.681	955	866	9	7	7	5
227	19.095	54.956	116	90	2546395	21951.682	6858.729	20006.500	12916	39011	312.043	488.216	10.991	1.392	0.253	1.359	312.027	488.164	10.999	308	485	10	10	8	3
228	8.395	29.477	51	51	892482	17499.646	3260.253	17254.000	12744	24673	290.059	505.471	10.510	0.969	0.269	0.958	290.098	505.451	10.486	287	503	10	7	6	2
229	19.918	70.573	121	104	2082835	17213.512	3826.381	16075.000	12660	27037	260.496	507.868	10.917	1.429	0.383	1.420	260.529	507.841	10.922	255	504	10	12	9	3
230	10.865	35.374	66	52	1613318	24444.213	9615.913	22290.000	13036	58011	345.197	514.470	10.985	1.158	0.140	1.162	345.204	514.400	10.946	342	512	10	7	6	3
231	32.758	75.747	199	135	6428488	32303.959	15988.377	28348.000	12784	65535	323.156	553.714	11.503	1.801	0.358	1.770	323.141	553.732	11.447	320	548	10	7	12	4
232	13.663	39.751	83	83	1525412	18378.457	3312.666	18447.000	12775	25814	232.988	564.867	10.518	1.157	0.348	1.098	232.959	564.790	10.513	229	562	10	8	7	2
233	34.898	96.982	212	182	4502970	21240.424	6768.420	19462.000	12697	47102	258.057	563.401	11.623	2.010	0.643	1.984	258.279	563.542	11.588	253	557	10	11	14	4
234	27.984	65.059	170	117	5196110	30565.354	13417.174	27328.000	12671	65535	290.829	566.718	11.318	1.654	0.244	1.650	290.781	566.701	11.271	287	564	10	9	7	4
235	11.029	39.821	67	64	1361614	20322.598	5428.641	19205.000	12856	36026	468.597	571.313	10.612	1.138	0.367	1.132	468.499	571.393	10.592	465	568	10	8	7	3
236	25.351	62.197	154	102	4465736	28998.285	13050.293	24899.500	12700	63699	551.708	581.727	11.403	1.628	0.226	1.638	551.723	581.648	11.344	549	578	10	7	9	4
237	48.067	126.871	292	266	5928298	20302.391	5655.161	19304.500	12666	42491	193.442	586.428	11.966	2.510	0.996	2.524	192.949	586.285	11.913	184	582	10	21	10	4
238	9.218	32.442	56	56	975140	17413.215	2551.650	17618.500	12715	22773	251.964	591.482	10.429	1.045	0.335	0.982	251.902	591.428	10.427	250	588	10	5	8	2
239	11.688	40.373	71	63	1566950	22069.719	7690.001	19858.000	13137	44051	270.239	591.803	10.746	1.179	0.285	1.193	270.264	591.609	10.729	268	588	10	6	8	3
240	26.009	71.437	158	114	3611278	22856.189	8481.794	20252.500	12692	49048	492.399	590.361	11.272	1.679	0.417	1.660	492.614	590.367	11.282	486	588	10	13	6	4
241	20.906	57.302	127	87	3168521	24948.984	9042.902	22963.000	13021	47260	607.197	600.929	11.370	1.512	0.215	1.507	607.181	600.893	11.343	603	598	10	8	7	4
242	18.766	53.096	114	82	3169395	27801.711	12911.897	24435.500	12673	64697	324.596	603.535	11.246	1.465	0.263	1.447	324.562	603.600	11.166	321	601	10	8	6	4
243	9.383	33.547	57	47	1062575	18641.666	4888.005	16931.000	12769	31677	372.228	607.877	10.842	1.102	0.173	1.124	372.207	607.853	10.829	370	605	10	6	6	3
244	9.383	34.132	57	53	1099080	19282.105	4861.584	18401.000	13153	29579	703.982	612.123	10.719	1.066	0.282	1.039	703.971	612.201	10.691	702	609	10	6	7	3
245	17.449	54.233	106	86	2443097	23048.084	8496.536	20857.000	12670	43897	488.547	612.849	11.877	1.449	0.363	1.399	488.437	612.833	11.834	485	610	10	10	6	4
246	25.680	67.990	156	109	4112557	26362.545	11087.309	25021.000	12735	53999	499.596	626.308	11.795	1.601	0.257	1.603	499.538	626.241	11.811	496	623	10	8	8	5
247	20.906	61.508	127	95	2842895	22385.000	7837.759	20270.000	12657	41185	831.213	627.614	11.756	1.525	0.328	1.553	831.197	627.531	11.729	827	624	10	9	8	4
248	6.585	27.168	40	32	847046	21176.150	7897.032	18239.500	12766	42991	331.650	636.125	10.975	1.021	0.175	1.047	331.660	636.122	10.977	329	634	10	6	5	3
249	16.626	48.578	101	77	2589975	25643.316	9814.272	22430.000	12784	53205	517.891	637.396	11.911	1.355	0.270	1.327	517.816	637.377	11.906	514	635	10	9	6	4
250	27.491	64.610	167	112	4487330	26870.240	11700.184	23609.000	12798	59512	304.802	648.269	11.491	1.645	0.205	1.641	304.654	648.286	11.423	302	644	10	7	9	4
251	21.235	55.716	129	88	3879393	30072.814	14601.335	25166.000	12700	65535	290.333	659.876	11.411	1.544	0.239	1.565	290.345	659.886	11.364	288	655	10	6	10	4
252	15.145	46.269	92	69	2127372	23123.609	8117.561	20917.000	12785	45316	966.457	675.750	11.380	1.354	0.247	1.368	966.383	675.707	11.381	963	673	10	8	6	4
253	9.218	37.890	56	51	946649	16904.447	3465.854	15691.500	12771	27694	488.071	679.571	10.768	1.063	0.247	1.078	488.076	679.570	10.782	485	676	10	7	8	3
254	24.363	75.402	148	117	3342574	22584.959	8461.065	21200.000	12709	50843	629.845	681.324	11.318	1.816	0.633	1.700	629.856	681.095	11.276	627	675	10	6	16	4
255	18.437	56.060	112	85	2575828	22998.465	7692.460	21437.000	12695	41100	689.366	686.054	11.795	1.441	0.312	1.415	689.377	686.032	11.781	685	683	10	9	7	4
256	8.725	31.960	53	46	993396	18743.320	4663.698	17782.000	12922	28848	849.076	687.472	10.755	1.041	0.217	1.056	849.112	687.428	10.735	847	685	10	5	6	3
257	20.083	53.889	122	88	3366265	27592.336	12879.590	22917.000	12764	60092	413.951	695.295	11.549	1.531	0.293	1.553	413.859	695.365	11.525	410	693	10	9	5	4
258	7.737	28.996	47	43	875691	18631.723	4383.166	17657.000	12907	31374	379.468	697.426	10.766	0.996	0.233	0.998	379.467	697.422	10.763	377	695	10	6	5	3
259	3.951	21.135	24	24	388560	16190.000	2343.698	15796.500	12816	21321	938.167	703.042	10.583	0.874	0.292	0.811	938.087	703.023	10.586	935	702	10	7	3	3
260	17.120	50.027	104	74	2576809	24777.010	10737.539	20878.000	13044	54708	200.442	711.692	11.365	1.415	0.236	1.428	200.377	711.709	11.343	198	708	10	6	8	4
261	21.894	59.370	133	90	3302868	24833.594	9601.886	23003.000	12734	49677	748.872	711.316	11.301	1.530	0.235	1.533	748.857	711.401	11.231	745	708	10	9	7	4
262	1.811	12.964	11	11	184099	16736.273	3416.666	15548.000	13448	24516	291.455	711.273	10.909	0.621	0.297	0.620	291.505	711.284	10.926	289	710	10	5	4	2
263	2.140	15.687	13	13	187815	14447.308	1154.008	14266.000	13021	17255	536.000	718.692	10.385	0.759	0.154	0.776	536.027	718.668	10.370	534	717	10	4	4	2
264	20.577	54.541	125	97	2701233	21609.863	6879.312	19857.000	12695	41658	465.496	725.976	10.920	1.416	0.268	1.404	465.482	726.038	10.897	462	722	10	8	9	3
265	16.132	52.647	98	77	2064547	21066.807	5972.919	20876.000	12717	33450	668.724	730.714	11.663	1.362	0.308	1.397	668.710	730.765	11.627	666	727	10	7	8	4
266	8.066	31.167	49	46	1035478	21132.203	6408.269	21195.000	12704	36005	746.898	732.429	10.653	0.985	0.254	0.976	746.973	732.442	10.602	744	730	10	7	6	3
267	45.269	98.742	275	171	8364604	30416.742	14045.916	27553.000	12670	65535	353.575	735.265	11.993	1.988	0.351	2.003	353.416	735.343	11.979	348	732	10	13	8	5
268	42.470	91.364	258	167	8028519	31118.291	14414.400	27496.000	12698	65535	263.004	740.031	11.609	1.919	0.314	1.864	262.974	740.061	11.598	259	735	10	9	12	5
269	3.622	17.066	22	22	368006	16727.545	3315.559	15833.000	12902	24250	938.727	740.182	10.318	0.725	0.175	0.763	938.725	740.227	10.269	937	738	10	4	5	2
270	7.737	33.306	47	40	846578	18012.299	4238.575	17035.000	12771	27691	705.149	745.660	10.915	1.040	0.205	1.064	705.065	745.643	10.895	702	744	10	7	5	3
271	8.560	33.891	52	44	979630	18839.039	4710.316	17862.500	12910	32054	727.962	765.846	11.135	1.097	0.215	1.133	727.946	765.795	11.151	725	763	10	6	7	3
272	7.243	27.754	44	40	845621	19218.658	5307.106	18100.000	12808	34367	761.364	786.136	11.295	0.968	0.209	0.983	761.382	786.016	11.296	759	784	10	5	6	3
273	14.321	50.372	87	71	1612242	18531.518	4896.771	16960.000	12675	31413	945.828	801.046	11.080	1.327	0.296	1.315	945.913	800.956	11.113	942	798	10	8	7	4
274	18.601	52.888	113	87	2588578	22907.770	7676.782	21811.000	12700	43680	768.053	804.602	11.982	1.385	0.236	1.392	767.992	804.489	11.957	765	801	10	7	8	5
275	14.157	46.373	86	64	1969605	22902.383	7967.885	20576.000	13023	41692	813.349	806.337	11.349	1.332	0.256	1.333	813.373	806.298	11.343	810	803	10	7	7	4
276	16.132	47.785	98	78	1982752	20232.164	5666.435	19649.000	12676	34895	919.061	836.173	10.898	1.299	0.201	1.301	919.081	836.141	10.853	916	832	10	7	8	3
277	7.408	30.582	45	41	878390	19519.777	5790.231	19364.000	12727	36317	191.444	576.133	11.933	1.053	0.261	1.079	191.514	575.973	11.927	189	573	11	5	7	3
278	8.066	38.064	49	45	885887	18079.326	4662.432	17104.000	12731	30225	583.531	617.204	11.796	1.184	0.399	1.279	583.679	617.148	11.799	580	616	11	9	4	3
279	3.128	15.928	19	19	302935	15943.947	2470.443	15760.000	12831	20608	591.895	618.368	11.684	0.733	0.212	0.743	591.870	618.393	11.702	590	616	11	4	5	2
280	5.103	24.374	31	31	503002	16225.871	3259.097	14899.000	12704	24609	182.323	622.452	11.935	0.870	0.312	0.950	182.289	622.508	11.945	180	620	11	6	6	3
281	20.248	60.404	123	99	2741289	22286.902	8253.961	20056.000	12725	49215	225.146	623.951	12.000	1.536	0.446	1.522	225.387	623.812	12.021	220	621	11	12	8	3
282	10.041	34.581	61	49	1169902	19178.721	5471.442	17507.000	12772	32462	544.377	629.016	11.934	1.141	0.166	1.127	544.430	629.036	11.888	541	627	11	7	5	3
283	14.321	45.613	87	72	1721252	19784.506	4888.521	18668.000	12895	32284	244.460	638.828	11.874	1.329	0.354	1.301	244.294	638.841	11.849	241	637	11	9	6	3
284	16.297	47.337	99	78	1968206	19880.869	5910.213	18837.000	12664	36985	611.667	667.232	11.899	1.307	0.208	1.305	611.603	667.300	11.920	608	664	11	8	7	3
285	6.420	23.099	39	39	744407	19087.359	3510.813	18912.000	13222	26352	665.564	672.692	11.513	0.874	0.218	0.862	665.620	672.809	11.521	664	670	11	4	6	2
286	7.572	31.271	46	41	816913	17758.979	4110.479	16581.500	12669	27545	209.174	688.609	11.739	1.013	0.234	0.985	209.081	688.585	11.748	206	687	11	7	5	3
287	3.457	18.067	21	20	377762	17988.666	3895.656	16460.000	13255	25528	421.190	691.190	11.571	0.760	0.196	0.724	421.195	691.205	11.592	419	690	11	5	4	3
288	27.984	66.334	170	118	4345239	25560.229	10520.359	22878.000	12725	58446	158.876	727.241	12.241	1.625	0.231	1.646	158.827	727.262	12.244	155	723	11	8	10	4
289	24.857	63.369	151	116	3690415	24439.834	8543.213	22685.000	12705	46387	182.119	726.550	12.894	1.517	0.298	1.515	182.194	726.588	12.855	177	723	11	10	8	4
290	11.358	46.199	69	67	1149428	16658.377	2974.012	16450.000	12716	23698	722.275	743.783	11.696	1.338	0.508	1.315	722.285	743.758	11.717	718	741	11	11	6	3
291	18.601	55.267	113	87	2870859	25405.832	11401.959	21845.000	12786	54863	139.416	742.443	12.690	1.475	0.339	1.470	139.557	742.599	12.673	136	738	11	8	9	4
292	5.432	22.755	33	33	555044	16819.516	2932.282	16401.000	12870	24335	305.545	496.697	12.394	0.833	0.208	0.824	305.502	496.673	12.373	303	494	12	5	6	2
293	3.951	20.135	24	24	376919	15704.958	2197.745	15303.500	12964	22572	527.375	617.708	12.292	0.813	0.255	0.793	527.340	617.704	12.268	526	615	12	4	6	2
294	3.457	19.686	21	21	321775	15322.619	1637.374	15198.000	12820	18791	536.524	618.429	12.143	0.808	0.327	0.864	536.538	618.405	12.123	534	616	12	5	6	2
295	3.622	18.548	22	22	350323	15923.772	2522.949	14936.500	12901	20876	624.500	660.500	12.227	0.746	0.230	0.691	624.521	660.562	12.213	623	658	12	4	6	2
296	12.017	38.683	73	64	1603448	21965.041	6345.152	21334.000	12746	40562	161.945	680.644	12.712	1.154	0.255	1.194	162.000	680.606	12.672	159	677	12	6	8	3
297	3.292	15.687	20	20	350875	17543.750	3254.754	17293.500	13055	23598	457.950	706.400	12.450	0.726	0.159	0.713	458.001	706.452	12.446	456	705	12	4	4	2
298	3.951	25.479	24	24	361499	15062.458	1655.470	15122.500	12903	18260	638.167	732.833	12.125	0.918	0.435	0.876	638.199	732.786	12.108	635	729	12	7	8	2
