 	Volume (micron^3)	Surface (micron^2)	Nb of obj. voxels	Nb of surf. voxels	IntDen	Mean	StdDev	Median	Min	Max	X	Y	Z	Mean dist. to surf. (micron)	SD dist. to surf. (micron)	Median dist. to surf. (micron)	XM	YM	ZM	BX	BY	BZ	B-width	B-height	B-depth
1	70.784	151.389	430	265	13262090	30842.070	15603.129	26746.500	11850	65535	588.423	422.216	7.535	2.447	0.693	2.562	588.389	422.295	7.511	580	417	5	17	12	6
2	32.100	77.607	195	138	4945137	25359.678	10405.788	22832.000	11906	52071	494.421	289.513	7.221	1.673	0.277	1.693	494.478	289.448	7.244	490	285	6	10	10	4
3	1.975	16.343	12	12	193743	16145.250	3790.877	14330.000	11955	21945	529.667	329.583	7.167	0.798	0.336	0.825	529.681	329.579	7.164	529	328	6	3	4	3
4	17.284	53.199	105	75	2693781	25655.057	11567.460	22689.000	11856	61737	457.714	356.733	8.038	1.445	0.334	1.377	457.722	356.818	8.014	454	354	6	8	6	5
5	37.203	86.401	226	136	7710256	34116.176	18334.406	29776.500	11844	65535	442.752	366.686	8.420	1.898	0.299	1.859	442.747	366.685	8.450	439	363	6	9	9	6
6	34.240	79.919	208	120	6964515	33483.246	18021.520	28981.000	11843	65535	539.087	423.096	8.168	1.875	0.296	1.825	539.027	423.121	8.178	535	419	6	9	9	6
7	12.017	39.546	73	56	1776982	24342.219	10677.354	21716.000	11906	50824	394.370	457.164	7.781	1.270	0.269	1.252	394.355	457.186	7.802	391	455	6	7	5	4
8	35.227	80.264	214	130	6894109	32215.463	16635.471	27865.500	11851	65535	559.271	488.220	8.117	1.877	0.295	1.888	559.170	488.218	8.176	555	484	6	9	9	5
9	25.515	63.887	155	105	4549849	29353.865	14894.163	24616.000	11848	65535	677.013	499.948	7.639	1.642	0.279	1.621	677.122	499.952	7.670	673	497	6	8	7	5
10	37.367	103.537	227	151	6679750	29426.211	16396.828	24255.000	11931	65535	600.577	537.934	8.229	1.987	0.515	2.050	600.907	537.630	8.161	595	534	6	12	10	5
11	3.622	18.756	22	21	377735	17169.773	4647.280	15587.500	11883	27220	471.364	308.227	7.636	0.765	0.217	0.738	471.456	308.192	7.645	469	307	7	5	4	3
12	36.544	92.953	222	149	8332371	37533.203	19081.371	31380.500	11886	65535	452.311	316.189	8.950	2.067	0.577	2.122	452.330	316.207	8.946	446	314	7	14	6	5
13	16.461	46.269	100	73	2691055	26910.551	12643.064	22167.000	12129	58072	428.440	390.530	8.710	1.389	0.225	1.383	428.413	390.575	8.701	426	388	7	6	6	4
14	11.194	39.372	68	64	1248348	18358.059	4630.804	16990.000	11910	29816	533.721	404.956	8.353	1.096	0.319	1.093	533.757	405.027	8.319	530	402	7	8	6	3
15	11.688	46.510	71	60	1190641	16769.592	4184.065	15323.000	11970	26531	514.915	407.732	8.127	1.164	0.252	1.205	514.868	407.762	8.111	512	405	7	7	7	3
16	35.063	79.575	213	129	6988241	32808.645	16971.307	28077.000	11854	65535	589.324	454.826	8.925	1.873	0.272	1.891	589.358	454.725	8.896	585	452	7	9	8	5
17	21.071	57.406	128	86	4215797	32935.914	17780.877	25419.000	11946	65535	368.992	486.320	9.477	1.554	0.242	1.562	369.046	486.403	9.419	365	484	7	9	6	5
18	28.807	69.610	175	121	4900355	28002.029	13900.903	22857.000	12020	63585	382.183	520.406	8.634	1.701	0.300	1.713	382.280	520.385	8.629	378	517	7	9	8	5
19	11.029	39.821	67	62	1275542	19037.939	5769.128	18256.000	11913	35048	368.925	527.403	8.388	1.101	0.308	1.118	368.927	527.293	8.386	366	524	7	7	7	4
20	37.367	83.229	227	141	7214819	31783.344	16212.752	28839.000	12004	65535	620.141	530.013	8.947	1.903	0.307	1.947	620.162	530.050	8.915	617	525	7	7	11	5
21	27.820	69.472	169	112	5089808	30117.207	15563.021	25858.000	11957	65535	404.811	546.538	9.077	1.662	0.275	1.653	404.846	546.454	9.027	401	543	7	8	9	5
22	26.667	76.851	162	120	4170893	25746.254	9980.060	23804.000	11856	55773	409.142	558.556	9.074	1.678	0.478	1.696	409.396	558.484	9.045	404	556	7	11	7	5
23	20.083	53.992	122	83	3366427	27593.664	13480.045	24227.500	12143	65040	621.074	590.467	8.779	1.520	0.266	1.467	621.012	590.497	8.797	618	588	7	7	6	5
24	35.557	81.057	216	134	7315635	33868.680	17582.518	28218.000	12027	65535	496.861	600.583	8.903	1.908	0.377	1.975	496.921	600.548	8.881	492	598	7	11	7	5
25	39.014	84.263	237	145	7399807	31222.814	15790.597	26310.000	11884	65535	581.835	602.160	8.831	1.909	0.259	1.910	581.897	602.047	8.789	578	598	7	9	9	5
26	22.717	60.715	138	95	4044459	29307.674	14531.049	24358.000	12346	64934	326.275	620.594	8.601	1.558	0.226	1.557	326.280	620.656	8.624	323	617	7	8	8	4
27	18.437	54.508	112	91	2194534	19594.053	6113.841	18550.500	11869	35465	579.179	624.830	8.018	1.361	0.225	1.344	579.170	624.787	8.024	575	621	7	9	9	3
28	18.931	53.096	115	81	3111549	27056.947	12090.199	23793.000	12050	55395	447.983	637.870	8.626	1.471	0.229	1.453	447.889	637.904	8.628	445	635	7	7	7	4
29	24.198	61.749	147	99	4412938	30019.986	14813.510	25234.000	11842	65535	466.177	641.959	8.565	1.613	0.237	1.622	466.327	641.940	8.592	462	638	7	9	8	4
30	22.881	61.060	139	97	3699464	26614.850	12086.260	23019.000	11887	63092	487.194	648.439	9.381	1.552	0.253	1.559	487.130	648.333	9.324	484	645	7	8	8	5
31	29.960	78.437	182	117	5683633	31228.752	16403.961	27060.500	11909	65535	306.022	685.791	9.989	1.786	0.391	1.798	305.943	685.655	9.903	302	682	7	9	9	6
32	19.260	57.198	117	88	2668965	22811.666	9651.269	20379.000	11871	53684	501.923	745.547	8.222	1.498	0.319	1.479	502.024	745.586	8.178	498	742	7	9	7	4
33	35.557	77.885	216	128	7345918	34008.879	18167.965	30616.500	11876	65535	270.764	772.268	9.069	1.874	0.264	1.903	270.796	772.216	9.032	267	769	7	9	8	5
34	29.137	75.576	177	112	5739780	32428.135	16834.867	28334.000	11924	65535	333.418	832.729	9.096	1.829	0.386	1.888	333.476	832.601	9.129	330	828	7	8	10	5
35	32.264	76.195	196	127	6145176	31352.939	14842.925	25989.500	11873	65535	465.719	442.852	9.505	1.788	0.307	1.810	465.758	442.819	9.480	461	439	8	10	9	4
36	24.692	67.404	150	99	4318636	28790.906	15039.675	23551.000	11845	65535	524.873	452.587	10.013	1.630	0.291	1.580	524.821	452.506	9.959	522	448	8	7	9	5
37	22.552	60.267	137	93	3547078	25891.080	12077.452	21823.000	11878	54666	573.007	466.146	9.438	1.554	0.234	1.588	572.836	466.164	9.419	569	463	8	9	7	4
38	25.515	64.543	155	97	5519981	35612.781	19011.133	28304.000	12010	65535	465.729	469.826	10.032	1.726	0.346	1.718	465.752	469.828	10.004	462	467	8	9	6	5
39	3.128	18.997	19	19	263441	13865.315	1811.466	12940.000	11858	17170	387.421	491.158	8.158	0.811	0.276	0.827	387.368	491.205	8.143	385	489	8	6	5	2
40	17.943	54.163	109	94	2019808	18530.348	5152.681	17250.000	12228	40797	426.780	497.881	8.881	1.397	0.345	1.364	426.790	497.882	8.897	424	494	8	7	10	3
41	23.046	62.509	140	93	4043523	28882.307	14914.652	23948.500	11906	65535	502.686	500.707	10.214	1.628	0.348	1.613	502.555	500.733	10.230	500	497	8	7	8	5
42	12.840	44.683	78	67	1561687	20021.629	6132.374	20011.500	11842	33754	325.026	562.769	9.385	1.235	0.350	1.248	325.125	562.703	9.396	322	561	8	8	5	4
43	33.746	77.436	205	126	6578570	32090.586	17843.072	25356.000	12086	65535	323.546	581.141	9.985	1.839	0.312	1.893	323.523	581.164	9.975	319	578	8	10	8	5
44	21.564	56.613	131	92	4269689	32593.045	16696.357	27230.000	12168	65535	566.847	586.443	9.573	1.573	0.295	1.582	566.828	586.460	9.571	562	584	8	10	6	4
45	14.651	46.373	89	68	2155101	24214.617	10137.086	21010.000	11955	51977	434.225	588.169	9.708	1.360	0.300	1.347	434.256	588.180	9.737	432	585	8	6	7	4
46	17.943	51.991	109	84	2360186	21653.082	7109.046	20626.000	11985	41433	481.450	602.651	9.110	1.377	0.245	1.375	481.438	602.705	9.096	478	599	8	8	8	4
47	6.255	29.099	38	35	629507	16565.975	3437.385	15904.500	11978	24624	593.632	603.079	9.105	0.990	0.273	1.038	593.611	603.049	9.137	592	600	8	4	7	3
48	24.198	60.852	147	108	3556491	24193.816	9194.546	22470.000	11864	48483	606.844	612.721	9.741	1.550	0.290	1.575	606.901	612.819	9.738	603	610	8	9	6	4
49	19.589	52.751	119	83	3131976	26319.127	12973.728	20242.000	11919	56879	393.815	624.193	9.487	1.498	0.218	1.498	393.764	624.205	9.457	391	621	8	7	7	4
50	7.243	28.099	44	44	762917	17339.023	3910.288	16644.000	12045	26049	553.295	642.386	8.455	0.964	0.296	0.896	553.151	642.324	8.412	550	640	8	7	6	2
51	5.103	25.341	31	29	509953	16450.098	3247.115	15446.000	12248	24365	512.032	657.645	9.226	0.915	0.263	0.883	511.994	657.639	9.219	510	655	8	5	6	3
52	39.672	88.780	241	147	8322789	34534.395	17818.258	31362.000	11986	65535	467.079	659.772	10.415	1.942	0.346	1.886	467.032	659.783	10.408	463	656	8	9	8	6
53	31.112	70.714	189	123	6248255	33059.551	16933.338	28228.000	11993	65535	581.921	665.032	9.667	1.756	0.260	1.755	581.908	665.091	9.619	578	661	8	8	8	5
54	6.420	32.168	39	36	747099	19156.385	6491.745	17060.000	12160	34903	349.872	686.820	9.615	1.057	0.355	1.002	349.823	686.942	9.579	348	683	8	5	8	4
55	14.157	50.820	86	69	1819477	21156.709	8138.849	18844.500	11848	45318	327.628	699.186	9.465	1.317	0.354	1.317	327.691	699.231	9.466	324	696	8	8	8	4
56	12.017	39.443	73	58	1893520	25938.631	10405.607	23446.000	11898	51918	524.055	697.370	9.849	1.215	0.220	1.190	524.047	697.362	9.812	522	695	8	5	6	4
57	14.157	42.063	86	61	2047308	23805.906	8806.912	21119.000	12400	44508	529.314	704.430	9.477	1.339	0.228	1.298	529.264	704.506	9.492	527	702	8	6	6	4
58	47.409	96.641	288	164	10231161	35524.863	18933.396	31542.500	11889	65535	271.722	731.177	10.323	2.075	0.320	2.023	271.788	731.276	10.303	268	727	8	9	9	6
59	29.137	67.301	177	110	5966647	33709.871	18058.646	27687.000	11844	65535	316.932	734.678	10.107	1.769	0.305	1.746	316.974	734.781	10.106	314	731	8	7	8	5
60	23.046	69.091	140	129	2533890	18099.215	4076.714	17718.000	11841	28368	251.050	754.393	9.400	1.605	0.579	1.651	250.909	754.327	9.411	245	750	8	13	9	4
61	24.198	64.095	147	95	4789580	32582.178	17462.410	28063.000	11872	65535	299.231	794.170	9.993	1.681	0.329	1.603	299.271	794.237	9.928	296	791	8	7	8	5
62	38.026	92.227	231	158	7327294	31719.887	16218.316	26614.000	11882	65535	209.139	810.186	9.563	2.020	0.565	1.910	209.322	810.049	9.518	202	807	8	15	7	5
63	31.277	78.541	190	123	6068811	31941.111	17157.777	25877.000	11867	65535	223.453	817.553	10.063	1.826	0.365	1.901	223.545	817.519	10.056	219	814	8	10	8	5
64	26.667	66.989	162	107	4090090	25247.469	11505.362	21785.000	11907	59045	267.852	833.580	10.407	1.646	0.252	1.633	267.764	833.515	10.346	265	829	8	8	10	5
65	25.515	65.611	155	104	4266759	27527.477	13738.362	23893.000	12017	62047	424.232	852.929	9.510	1.622	0.206	1.643	424.244	852.895	9.476	421	849	8	8	9	4
66	41.483	90.159	252	149	8474945	33630.734	17644.680	28894.500	11989	65535	349.067	856.429	9.972	1.993	0.309	2.041	349.086	856.425	9.910	345	852	8	10	10	5
67	47.573	100.847	289	161	10280091	35571.250	18848.648	32279.000	11865	65535	180.934	886.225	10.363	2.077	0.321	2.058	180.912	886.274	10.378	177	881	8	9	11	6
68	28.972	75.024	176	114	5774006	32806.852	16376.267	31745.500	12051	65535	380.051	893.551	10.051	1.736	0.343	1.732	380.104	893.587	10.007	376	890	8	10	8	5
69	23.704	59.681	144	99	3986616	27684.834	11945.822	25561.000	12010	59730	246.556	920.382	10.236	1.608	0.276	1.599	246.607	920.337	10.218	244	917	8	6	8	5
70	23.869	60.852	145	100	3613764	24922.510	10666.180	21691.000	11856	51292	330.186	921.372	9.697	1.570	0.252	1.577	330.164	921.295	9.729	326	918	8	10	7	4
71	38.026	82.573	231	143	7276195	31498.680	15864.778	26712.000	12037	65535	164.472	926.558	10.234	1.870	0.299	1.870	164.392	926.330	10.208	161	922	8	8	10	5
72	25.351	65.025	154	101	4344006	28207.832	12701.700	26834.500	12044	64213	256.831	926.182	10.117	1.651	0.291	1.623	256.793	926.097	10.111	254	923	8	8	8	5
73	12.675	44.064	77	61	2473412	32122.234	16101.393	26314.000	12055	65535	302.026	1005.519	10.468	1.376	0.354	1.473	301.960	1005.656	10.454	299	1003	8	7	5	5
74	39.178	85.849	238	147	7966077	33470.910	17623.004	28667.000	12003	65535	464.454	347.374	11.244	1.935	0.362	1.959	464.372	347.499	11.254	460	343	9	10	9	5
75	28.972	73.160	176	123	4210787	23924.926	9740.206	20915.500	11902	56453	401.273	409.494	11.278	1.660	0.309	1.678	401.457	409.502	11.267	398	405	9	8	10	5
76	3.292	20.687	20	20	275314	13765.700	1895.865	12938.000	11872	17993	542.550	482.550	9.800	0.865	0.309	0.887	542.584	482.517	9.800	541	481	9	4	5	3
77	38.190	87.435	232	141	6794631	29287.203	14787.312	23257.500	11859	65535	652.978	541.634	11.241	1.919	0.300	1.891	652.879	541.654	11.208	649	537	9	9	10	5
78	20.741	60.645	126	100	2457110	19500.873	5835.341	18096.000	11929	36148	366.317	567.270	9.968	1.494	0.383	1.420	366.218	567.224	9.969	362	563	9	10	9	3
79	13.334	42.441	81	73	1457155	17989.568	4836.690	16612.000	11919	30895	326.469	569.938	9.728	1.187	0.280	1.239	326.564	569.805	9.709	323	567	9	7	7	3
80	40.166	90.192	244	158	6692924	27430.016	12580.367	24748.500	11857	64240	344.611	571.943	10.717	1.906	0.356	1.900	344.524	572.061	10.782	339	568	9	11	8	5
81	14.651	41.062	89	72	2013609	22624.820	8164.286	20557.000	11967	46581	351.978	617.506	9.966	1.274	0.201	1.254	351.919	617.516	9.958	349	615	9	7	6	3
82	28.972	73.023	176	115	4331357	24609.982	10426.259	21245.500	11871	53561	290.170	630.653	10.534	1.716	0.280	1.676	290.047	630.539	10.532	285	627	9	11	9	4
83	3.622	18.308	22	22	338375	15380.682	2310.604	14762.500	12268	19434	386.591	710.818	9.545	0.783	0.207	0.744	386.612	710.850	9.557	385	709	9	4	5	2
84	8.066	32.753	49	46	870859	17772.633	3988.146	18061.000	11854	25304	534.000	724.367	10.490	0.990	0.274	0.970	534.008	724.424	10.501	531	722	9	7	6	4
85	18.931	53.440	115	83	2624277	22819.801	8827.382	19535.000	12052	44758	253.783	736.939	10.296	1.438	0.241	1.425	253.837	736.930	10.303	250	734	9	8	7	4
86	13.334	40.580	81	62	1906346	23535.137	8861.458	21775.000	11857	45657	296.012	775.136	10.765	1.294	0.248	1.262	296.000	775.103	10.792	293	773	9	6	6	4
87	13.663	43.649	83	60	1750075	21085.240	7421.641	17863.000	11854	40726	305.651	779.590	10.578	1.326	0.235	1.309	305.679	779.601	10.574	303	777	9	6	6	4
88	14.157	45.406	86	75	1539802	17904.674	5029.865	16924.000	12076	36520	461.756	781.930	10.081	1.340	0.356	1.280	461.900	781.918	10.063	457	780	9	10	5	3
89	25.186	68.023	153	115	3081584	20141.072	6202.261	19290.000	11909	36142	411.209	800.895	10.699	1.587	0.358	1.574	411.289	800.967	10.686	407	797	9	9	9	4
90	32.758	73.126	199	130	6451464	32419.418	15728.133	27679.000	12057	65535	339.286	816.241	10.513	1.765	0.257	1.753	339.300	816.291	10.501	336	812	9	7	10	5
91	36.544	78.367	222	138	6590407	29686.518	15069.439	25632.500	11859	65535	383.176	834.685	10.770	1.840	0.231	1.826	383.192	834.741	10.798	379	831	9	9	8	5
92	28.972	71.644	176	121	4495092	25540.295	10611.179	23066.000	11942	56541	282.335	837.705	10.682	1.697	0.312	1.709	282.336	837.850	10.713	279	833	9	8	10	5
93	7.901	50.475	48	48	674409	14050.188	1687.553	13522.500	11875	18432	181.042	857.062	10.083	1.512	0.560	1.580	181.056	857.023	10.087	178	852	9	7	11	3
94	33.087	98.468	201	147	4447210	22125.424	8979.325	19734.000	11856	52152	161.070	869.955	11.473	2.263	0.827	2.393	161.442	869.871	11.313	154	867	9	14	8	7
95	33.417	83.885	203	126	6223440	30657.340	16121.469	25436.000	11877	65535	301.704	874.734	11.990	1.832	0.346	1.844	301.517	874.808	11.932	298	870	9	8	10	6
96	12.840	48.441	78	67	1285221	16477.191	3704.973	15340.500	11845	25749	200.218	898.397	10.064	1.233	0.312	1.268	200.249	898.451	10.080	197	895	9	8	7	3
97	28.807	70.714	175	112	5290932	30233.896	15039.953	26200.000	12038	65535	238.983	902.251	10.926	1.751	0.309	1.801	238.967	902.357	10.890	236	898	9	7	10	5
98	24.692	64.955	150	107	4261395	28409.301	14026.379	24287.500	11871	65535	157.140	944.280	10.773	1.611	0.331	1.628	156.964	944.167	10.777	153	941	9	11	7	5
99	32.923	78.403	200	116	7299119	36495.594	19450.066	31922.500	12046	65535	247.375	977.935	11.565	1.914	0.417	1.850	247.394	977.923	11.515	244	974	9	8	8	6
100	74.899	175.007	455	289	12774452	28075.719	14369.863	22781.000	11891	65535	483.936	326.963	13.763	2.842	0.995	2.925	483.663	326.709	13.518	477	321	10	14	13	9
101	1.646	11.930	10	10	126710	12671.000	793.902	12258.000	12003	14440	535.400	482.500	10.700	0.639	0.211	0.712	535.414	482.499	10.703	534	481	10	3	4	2
102	26.174	63.128	159	111	3915577	24626.270	10993.686	21058.000	11870	55323	411.956	627.453	11.403	1.618	0.232	1.597	411.994	627.315	11.391	409	624	10	7	9	4
103	23.540	68.438	143	99	3870256	27064.727	13182.746	24028.000	11897	63548	426.685	680.769	11.811	1.651	0.340	1.687	426.614	680.941	11.825	424	676	10	7	10	5
104	11.194	36.719	68	53	1548970	22778.971	8253.684	20555.500	11871	42645	288.191	705.221	11.279	1.210	0.243	1.198	288.246	705.137	11.312	286	703	10	5	6	4
105	13.005	44.476	79	66	1377964	17442.582	4403.631	16440.000	11873	27374	387.266	790.367	11.190	1.312	0.357	1.283	387.301	790.356	11.202	384	785	10	7	10	3
106	23.540	65.162	143	106	3705872	25915.189	12847.077	22678.000	11862	65535	199.909	800.308	12.014	1.550	0.300	1.528	199.792	800.355	11.998	196	795	10	9	9	5
107	15.968	45.510	97	77	1903103	19619.619	6034.473	18311.000	11910	34274	316.845	808.041	11.052	1.324	0.259	1.308	316.852	808.140	11.066	314	804	10	6	9	3
108	6.914	28.202	42	40	686034	16334.143	3259.462	15930.000	11950	24179	411.714	882.548	11.452	0.928	0.236	0.891	411.729	882.596	11.460	409	880	10	6	6	3
109	7.901	30.133	48	42	836822	17433.791	4537.064	16418.000	11952	30286	341.396	906.458	10.812	1.047	0.222	1.058	341.401	906.443	10.799	340	904	10	4	6	3
110	3.622	25.927	22	22	321460	14611.818	2477.717	13766.000	11892	19440	175.773	919.409	10.864	1.033	0.195	1.036	175.751	919.389	10.883	173	917	10	7	6	2
111	15.309	45.924	93	67	2269167	24399.645	10942.847	21179.000	11892	53115	244.398	960.581	11.419	1.393	0.253	1.400	244.420	960.489	11.383	241	958	10	8	6	4
112	18.766	55.749	114	91	2039793	17892.922	4726.790	17058.000	11860	33578	333.088	972.860	10.982	1.396	0.278	1.358	333.134	972.955	10.979	330	968	10	7	10	3
113	20.906	55.130	127	88	3881174	30560.426	15725.519	26315.000	11852	65535	139.827	976.567	11.858	1.551	0.309	1.516	139.882	976.594	11.906	137	974	10	7	6	5
114	16.791	59.266	102	89	1979663	19408.461	6073.777	17636.500	11962	33026	520.461	430.980	12.588	1.333	0.337	1.367	520.471	431.030	12.566	516	427	11	9	10	4
115	14.651	44.372	89	71	1728516	19421.527	5763.867	17896.000	12164	36823	632.528	520.382	12.022	1.282	0.216	1.246	632.570	520.367	12.000	629	518	11	8	6	3
116	7.737	38.546	47	47	680198	14472.298	2302.605	13920.000	11882	20734	431.383	689.277	11.426	1.162	0.430	1.111	431.301	689.303	11.411	428	687	11	9	6	2
117	7.901	35.926	48	44	757476	15780.750	3482.129	14654.000	11909	24543	545.812	708.979	11.771	1.098	0.334	1.132	545.893	708.935	11.772	543	707	11	7	6	3
118	28.149	68.816	171	113	4403666	25752.434	11250.755	21571.000	11907	51389	189.012	818.737	12.491	1.673	0.223	1.664	189.031	818.782	12.480	186	814	11	8	10	4
119	32.923	107.603	200	164	3430003	17150.016	4661.976	15624.500	11862	31466	458.830	828.665	15.065	2.191	0.824	2.184	458.823	828.653	15.206	453	825	11	11	8	8
120	8.889	36.615	54	49	885779	16403.314	3685.342	15575.500	11905	25317	421.333	874.704	11.741	1.051	0.273	1.042	421.348	874.700	11.742	419	872	11	6	7	3
121	18.272	55.164	111	85	2384250	21479.730	8517.453	18170.000	11878	43021	145.432	904.351	12.369	1.449	0.298	1.443	145.459	904.346	12.416	142	900	11	7	9	4
122	2.140	14.550	13	13	184891	14222.385	2428.330	13192.000	11931	19067	148.923	911.923	11.615	0.759	0.260	0.694	149.100	911.896	11.656	146	911	11	6	3	2
123	12.181	39.787	74	56	1725347	23315.500	9766.929	20866.500	11929	51286	386.432	936.149	12.203	1.254	0.237	1.219	386.426	936.178	12.205	384	934	11	6	6	4
124	22.552	72.678	137	111	2566186	18731.285	5922.297	17451.000	11888	39431	297.555	971.759	12.343	1.670	0.642	1.593	297.546	971.715	12.235	294	968	11	10	9	6
125	6.585	29.099	40	35	653968	16349.200	3571.159	16324.500	11913	26110	373.000	971.850	11.925	1.013	0.246	1.038	372.931	971.834	11.940	370	970	11	7	4	3
126	15.309	44.957	93	81	1690414	18176.494	4578.354	16983.000	11924	31503	350.957	984.398	11.688	1.235	0.293	1.288	351.035	984.488	11.663	347	981	11	8	7	3
127	41.647	94.365	253	150	8895788	35161.219	18142.020	30897.000	11853	65535	463.941	306.040	14.585	1.942	0.281	1.898	463.986	305.985	14.568	459	302	12	10	10	6
128	42.964	106.502	261	162	8277369	31714.057	16820.713	25906.000	11843	65535	502.506	328.774	14.433	2.145	0.626	2.096	502.522	328.905	14.388	498	323	12	11	12	6
129	14.486	43.820	88	71	1755762	19951.842	6868.182	18312.000	11857	45016	558.159	466.477	12.886	1.261	0.196	1.277	558.169	466.525	12.872	554	463	12	9	7	3
130	7.737	30.237	47	41	899551	19139.383	5796.362	18513.000	12023	32005	654.532	574.255	12.872	1.084	0.260	1.121	654.593	574.346	12.847	652	572	12	5	7	3
131	26.009	67.301	158	107	3788430	23977.404	8291.645	23707.000	11886	41873	601.601	595.348	13.867	1.651	0.334	1.637	601.571	595.266	13.895	599	591	12	7	10	5
132	12.017	42.786	73	62	1227387	16813.521	3589.518	15668.000	12028	24555	515.877	598.027	12.863	1.146	0.267	1.215	515.901	598.006	12.872	513	595	12	7	7	3
133	37.038	91.849	225	134	5122228	22765.457	9118.737	20433.000	11845	46204	617.884	615.920	15.916	1.975	0.460	1.977	617.857	615.956	15.991	614	612	12	9	9	7
134	34.569	87.228	210	143	5040101	24000.480	9113.671	22228.000	11843	52521	171.548	841.652	13.424	1.852	0.467	1.832	171.599	841.653	13.345	168	836	12	8	14	4
135	12.675	46.028	77	61	1869179	24275.053	11443.504	20529.000	12035	62670	549.883	399.532	14.260	1.330	0.336	1.308	550.108	399.622	14.274	546	397	13	8	6	4
136	32.758	80.093	199	117	7239136	36377.566	19370.721	30543.000	11875	65535	519.015	405.754	15.372	1.927	0.434	1.840	518.989	405.818	15.327	516	402	13	7	9	6
137	6.749	34.721	41	39	1337270	32616.342	17409.559	26996.000	12657	65535	631.756	423.000	14.756	1.234	0.501	1.229	631.804	422.971	14.684	630	421	13	5	4	5
138	29.137	72.715	177	109	5909549	33387.281	18007.094	27476.000	11959	65535	548.237	433.023	15.718	1.840	0.407	1.796	548.240	433.015	15.708	545	430	13	7	8	6
139	8.725	34.269	53	53	772842	14581.925	2048.389	14170.000	11911	20046	619.359	570.340	13.358	1.038	0.332	1.047	619.376	570.353	13.344	616	568	13	8	6	2
140	1.975	17.274	12	12	154239	12853.250	1003.719	12664.000	11848	15447	386.167	570.667	13.667	0.767	0.233	0.842	386.148	570.646	13.675	384	569	13	5	4	2
141	10.371	36.511	63	54	1123700	17836.508	4712.910	16531.000	11931	30817	321.746	637.016	13.810	1.161	0.271	1.148	321.796	637.011	13.809	319	634	13	7	6	3
142	5.103	28.203	31	30	432596	13954.710	1852.760	13749.000	11870	19650	503.226	769.129	14.032	0.897	0.331	0.930	503.203	769.117	14.024	500	767	13	7	5	3
143	13.663	44.579	83	68	1427294	17196.312	4168.351	16352.000	11869	32550	430.614	867.410	14.807	1.277	0.270	1.286	430.658	867.368	14.807	427	865	13	8	6	4
144	27.820	70.128	169	104	4896977	28976.195	15598.646	23006.000	11870	65535	502.207	348.834	15.893	1.781	0.349	1.838	502.315	348.792	15.937	499	345	14	8	9	5
145	7.408	36.652	45	43	1370740	30460.889	15811.214	27322.000	11882	65535	598.556	398.889	15.578	1.260	0.475	1.379	598.768	398.905	15.606	596	397	14	6	4	5
146	6.749	26.375	41	36	709703	17309.830	4131.836	16011.000	11891	28058	501.805	405.317	14.805	1.004	0.226	0.979	501.748	405.285	14.805	500	404	14	5	4	3
147	21.564	59.648	131	89	4147874	31663.160	17007.910	28319.000	11847	65535	594.519	430.405	16.817	1.653	0.397	1.576	594.505	430.404	16.755	592	427	14	6	7	6
148	21.564	65.748	131	107	2533174	19337.207	5732.329	18158.000	11958	33972	393.153	433.634	15.366	1.622	0.524	1.536	393.037	433.725	15.349	388	430	14	12	7	4
149	13.169	43.304	80	63	1869011	23362.637	9079.208	20639.500	12194	45996	622.375	438.788	15.587	1.349	0.328	1.377	622.355	438.834	15.609	619	437	14	8	5	4
150	35.063	85.334	213	122	7025615	32984.109	17675.781	27817.000	11885	65535	593.831	454.437	16.991	1.964	0.461	1.954	593.771	454.453	16.981	590	451	14	9	8	7
151	23.375	62.197	142	98	3734931	26302.330	11963.196	23066.000	11895	56321	660.993	459.577	16.500	1.624	0.323	1.629	660.969	459.645	16.475	656	457	14	11	6	5
152	9.877	41.892	60	55	1527944	25465.732	10732.091	22582.500	12290	53744	681.450	481.467	15.700	1.299	0.452	1.275	681.495	481.392	15.737	680	479	14	4	8	5
153	31.771	80.368	193	122	4994688	25879.213	11626.275	23448.000	11850	61973	661.041	483.762	15.855	1.822	0.350	1.850	661.095	483.836	15.871	657	480	14	10	9	5
154	40.495	87.402	246	146	7415742	30145.293	16305.165	25731.000	11844	65535	569.707	497.419	16.289	1.988	0.347	1.943	569.679	497.391	16.335	566	494	14	8	8	6
155	36.051	82.299	219	127	6919645	31596.553	16348.527	25833.000	11908	65535	313.945	569.794	15.868	1.907	0.260	1.894	313.928	569.757	15.897	310	566	14	9	9	5
156	29.960	75.024	182	115	4765845	26185.961	12338.740	23289.500	11925	64266	550.044	593.148	16.253	1.779	0.374	1.733	550.134	593.148	16.267	546	590	14	10	7	6
157	23.375	65.129	142	94	3753124	26430.451	11308.449	23150.000	12090	54524	260.197	661.338	16.500	1.616	0.298	1.591	260.180	661.377	16.487	257	658	14	8	7	6
158	24.363	64.610	148	106	2972998	20087.824	6710.602	17678.500	11887	37458	475.966	812.703	15.682	1.579	0.268	1.582	476.102	812.756	15.693	471	810	14	10	7	4
159	28.643	76.610	174	113	4533687	26055.672	12543.414	21578.000	11942	65535	465.379	320.293	16.718	1.769	0.352	1.795	465.326	320.308	16.702	461	316	15	10	9	5
160	50.866	107.088	309	177	9820725	31782.281	16693.285	26951.000	11855	65535	456.408	338.770	17.243	2.125	0.321	2.126	456.395	338.722	17.203	452	334	15	10	10	6
161	35.557	83.403	216	128	7298788	33790.684	18253.848	28652.500	11880	65535	476.532	347.324	17.653	1.967	0.416	1.942	476.535	347.313	17.660	472	344	15	9	8	6
162	19.424	53.337	118	86	2625587	22250.736	8202.954	19799.500	11848	41495	434.280	364.873	16.475	1.480	0.264	1.506	434.276	364.862	16.452	431	362	15	8	7	4
163	25.844	69.094	157	97	4300925	27394.426	13845.735	24070.000	11894	65535	456.573	408.178	17.223	1.719	0.379	1.649	456.503	408.166	17.201	453	405	15	8	7	6
164	24.528	68.783	149	106	3419071	22946.785	9033.731	20230.000	11967	44863	475.376	437.134	16.617	1.677	0.425	1.652	475.277	437.105	16.633	471	433	15	9	9	5
165	19.260	57.302	117	81	3030099	25898.281	12162.687	21710.000	11980	59862	457.803	469.282	16.547	1.539	0.293	1.563	457.932	469.200	16.563	454	466	15	9	8	4
166	18.272	54.785	111	79	2545924	22936.252	9209.865	20592.000	12012	53808	554.640	476.577	16.874	1.474	0.319	1.431	554.662	476.519	16.832	552	473	15	7	8	5
167	7.901	32.272	48	39	990515	20635.729	6211.310	19126.500	12158	32802	529.938	492.792	16.667	1.129	0.328	1.077	529.918	492.865	16.645	527	491	15	7	4	4
168	25.844	81.228	157	134	2723735	17348.631	3869.336	16542.000	11962	29498	673.261	519.580	17.223	1.865	0.625	1.863	673.368	519.691	17.213	669	513	15	9	13	5
169	28.643	73.853	174	108	5822348	33461.770	18827.719	27123.500	11943	65535	575.052	535.529	17.322	1.841	0.460	1.773	574.992	535.508	17.234	571	533	15	9	6	6
170	37.532	89.229	228	138	6654405	29185.986	14356.479	25109.500	11845	65535	654.018	535.509	17.575	1.943	0.384	1.932	654.003	535.411	17.535	650	531	15	9	10	6
171	36.380	88.744	221	157	4909196	22213.557	7658.436	20856.000	11854	40940	647.104	544.281	16.837	1.765	0.378	1.778	647.127	544.217	16.837	643	539	15	9	11	5
172	25.844	65.266	157	104	3640253	23186.324	8934.012	20794.000	11846	51887	613.344	543.631	17.268	1.641	0.272	1.636	613.308	543.697	17.212	610	540	15	8	8	5
173	25.515	66.645	155	108	3498605	22571.645	7913.795	21499.000	11939	42379	512.729	553.826	17.084	1.581	0.281	1.572	512.819	553.831	17.029	509	550	15	8	9	5
174	26.503	74.505	161	123	3074579	19096.764	5974.900	17125.000	11937	36397	622.199	580.559	16.509	1.692	0.515	1.657	622.109	580.405	16.486	619	575	15	8	12	4
175	23.869	63.784	145	96	3585341	24726.490	10716.368	20525.000	11865	53249	569.090	597.062	16.503	1.607	0.237	1.613	569.117	597.082	16.498	565	594	15	9	7	5
176	7.243	35.133	44	44	623579	14172.250	1697.132	13755.000	11935	19210	596.045	632.318	15.477	1.026	0.304	0.983	596.156	632.351	15.475	593	630	15	7	5	2
177	6.420	31.064	39	37	591794	15174.205	2606.059	14015.000	11872	21418	584.180	652.333	15.872	1.019	0.373	1.032	584.188	652.322	15.898	582	649	15	7	7	3
178	33.911	79.056	206	133	5157879	25038.248	11210.366	21868.500	11863	58234	371.757	720.316	16.733	1.770	0.246	1.796	371.809	720.127	16.759	368	716	15	9	10	5
179	27.326	67.749	166	109	4879960	29397.350	14057.907	25468.000	11847	64408	428.313	752.373	16.922	1.705	0.317	1.699	428.348	752.275	16.881	425	749	15	8	8	5
180	32.100	80.505	195	127	4644442	23817.650	9811.383	20379.000	11950	51404	134.815	916.462	17.303	1.790	0.309	1.800	134.727	916.300	17.286	131	912	15	9	10	5
181	38.684	84.608	235	138	6909643	29402.736	13725.827	25415.000	11939	63459	423.902	386.949	17.732	1.928	0.291	1.909	423.917	386.909	17.661	419	384	16	11	8	5
182	1.975	12.170	12	12	166336	13861.333	1714.013	13393.000	12232	17163	409.417	414.917	16.833	0.616	0.257	0.573	409.333	414.920	16.830	408	414	16	5	3	2
183	19.260	54.785	117	83	3282819	28058.281	14071.641	22933.000	11903	64455	627.205	464.752	17.453	1.504	0.282	1.527	627.137	464.883	17.437	625	461	16	6	8	5
184	25.351	65.785	154	99	4435323	28800.799	14233.386	24973.000	11999	64801	430.292	470.409	17.864	1.754	0.365	1.808	430.328	470.448	17.791	427	467	16	7	8	5
185	4.115	22.962	25	25	361172	14446.880	1829.355	13728.000	11950	18080	625.480	478.880	17.080	0.951	0.396	1.034	625.497	478.904	17.086	622	477	16	7	4	3
186	6.749	27.617	41	35	712530	17378.781	4056.663	17143.000	11967	27428	522.610	494.707	17.122	1.017	0.222	1.060	522.658	494.708	17.121	520	493	16	6	4	3
187	28.972	71.748	176	112	4507114	25608.602	12389.448	21824.500	11915	62674	404.227	498.153	17.682	1.735	0.282	1.727	404.414	498.081	17.633	400	495	16	9	8	5
188	13.334	43.649	81	62	1824390	22523.334	8880.432	19743.000	11932	46481	663.926	499.469	17.407	1.357	0.316	1.413	664.017	499.489	17.455	661	497	16	7	6	4
189	29.466	88.228	179	130	3452714	19288.904	6199.160	17455.000	11931	38370	369.279	524.123	17.989	1.877	0.647	1.898	369.435	524.286	17.941	364	519	16	12	11	5
190	16.297	49.234	99	75	2128154	21496.506	7124.711	20255.000	11901	41606	480.667	537.798	17.131	1.368	0.266	1.342	480.701	537.817	17.125	478	534	16	6	8	4
191	11.523	38.891	70	59	1281022	18300.314	4488.632	17644.500	11995	28575	492.043	538.457	16.914	1.194	0.212	1.147	492.013	538.469	16.872	490	535	16	5	8	3
192	17.943	52.614	109	72	3061702	28089.010	13155.638	23320.000	12276	65535	400.853	538.413	17.835	1.540	0.352	1.448	400.895	538.409	17.833	398	535	16	7	7	5
193	9.877	36.615	60	52	1053265	17554.416	4261.112	15974.500	12017	27670	517.217	579.633	17.033	1.151	0.314	1.143	517.379	579.595	17.056	513	578	16	8	5	4
194	25.186	66.578	153	97	4544030	29699.543	14441.863	27740.000	11924	65535	423.046	584.516	18.242	1.733	0.416	1.718	422.946	584.457	18.198	420	582	16	7	7	6
195	21.400	58.095	130	87	3340645	25697.270	11248.238	22092.500	11956	54511	444.831	591.492	17.469	1.544	0.206	1.543	444.828	591.431	17.460	442	588	16	7	8	4
196	26.667	68.405	162	99	4594865	28363.363	14641.300	24322.500	11850	65535	345.284	604.173	18.802	1.741	0.322	1.748	345.263	604.216	18.735	342	601	16	7	8	6
197	26.503	68.679	161	108	3805787	23638.428	9807.557	20958.000	11964	45112	506.019	614.851	17.559	1.646	0.249	1.630	506.079	614.882	17.539	502	611	16	9	8	5
198	25.186	67.197	153	106	3399575	22219.445	8752.000	19336.000	11904	52191	384.412	616.935	18.150	1.656	0.337	1.693	384.346	616.951	18.098	380	614	16	10	6	5
199	8.889	33.995	54	46	983158	18206.629	4324.126	17875.000	11883	31684	537.315	626.537	17.111	1.119	0.236	1.098	537.303	626.534	17.104	535	624	16	5	7	3
200	11.358	41.062	69	63	1173901	17013.059	3421.287	16604.000	11922	26439	278.609	650.870	17.449	1.109	0.271	1.140	278.600	650.881	17.446	276	648	16	7	7	4
201	6.091	30.582	37	35	557447	15066.135	2351.745	14159.000	11976	20030	552.000	671.135	16.730	0.935	0.304	0.923	552.020	671.162	16.745	550	668	16	5	7	3
202	15.474	46.718	94	65	2219628	23613.064	9771.278	20688.500	12277	49684	479.021	673.574	17.415	1.404	0.234	1.427	479.058	673.593	17.406	476	671	16	7	7	4
203	22.058	58.095	134	92	3269574	24399.807	10159.551	22042.000	12119	48930	533.799	678.552	17.567	1.586	0.331	1.549	533.803	678.557	17.524	530	676	16	8	6	5
204	16.461	55.301	100	91	1642789	16427.891	3223.753	16243.500	11933	24702	548.060	703.660	16.740	1.397	0.455	1.326	548.019	703.632	16.719	544	699	16	9	10	3
205	12.181	46.510	74	63	1362795	18416.148	4734.251	17283.500	11935	31335	312.595	720.473	17.419	1.237	0.344	1.212	312.568	720.510	17.420	310	717	16	7	9	4
206	12.840	42.167	78	61	1710092	21924.256	8229.187	20096.000	12004	40611	477.603	719.808	17.795	1.280	0.281	1.258	477.625	719.765	17.746	474	718	16	7	5	5
207	22.881	62.679	139	104	2630897	18927.316	5260.553	18146.000	11880	36396	518.360	726.058	17.993	1.501	0.306	1.453	518.533	726.058	17.948	514	722	16	10	8	5
208	12.675	43.201	77	62	1563666	20307.352	6171.686	19042.000	12207	35657	401.078	739.429	17.662	1.277	0.327	1.332	401.114	739.403	17.656	398	737	16	7	6	4
209	28.643	70.817	174	110	4860510	27933.965	14161.684	24382.500	11905	65535	245.649	767.661	18.218	1.724	0.262	1.700	245.666	767.690	18.176	242	764	16	8	8	5
210	27.984	74.713	170	120	3661901	21540.594	7214.068	20990.500	11848	40155	431.818	769.241	18.129	1.628	0.314	1.621	431.709	769.279	18.058	427	765	16	10	9	5
211	25.021	67.853	152	106	3932599	25872.361	11473.873	24196.500	11862	54763	265.724	788.033	17.868	1.671	0.380	1.745	265.614	788.039	17.820	262	786	16	10	6	5
212	14.815	48.993	90	67	1830445	20338.277	5880.552	19959.500	11992	35609	337.956	883.167	17.767	1.342	0.297	1.332	337.955	883.181	17.777	335	880	16	7	7	5
213	13.663	53.096	83	68	1333566	16067.061	3154.124	15329.000	11921	23986	350.735	973.145	17.663	1.261	0.341	1.312	350.746	973.172	17.652	348	969	16	7	9	4
214	12.840	43.304	78	60	1466252	18798.104	5479.044	17987.000	11964	33938	558.500	492.013	18.179	1.279	0.267	1.254	558.473	492.038	18.148	555	490	17	7	5	4
215	4.609	24.445	28	27	426124	15218.714	2303.561	15304.000	11868	19206	660.786	518.786	17.500	0.988	0.429	0.767	660.818	518.816	17.508	657	516	17	7	6	3
216	8.395	34.581	51	51	731359	14340.372	1748.547	13799.000	11891	19298	454.471	531.333	17.451	1.119	0.374	1.119	454.500	531.255	17.437	452	528	17	6	8	2
217	21.729	57.543	132	96	2741066	20765.652	6927.290	19231.000	11964	39129	419.530	543.500	18.720	1.521	0.257	1.592	419.528	543.377	18.718	416	541	17	8	7	4
218	10.041	39.580	61	51	1023715	16782.213	4529.499	15198.000	12078	31186	358.082	589.328	17.984	1.187	0.279	1.117	358.143	589.342	18.004	354	587	17	8	7	3
219	22.058	67.542	134	107	2538826	18946.463	5804.208	17634.500	11853	36749	480.455	590.955	18.112	1.549	0.390	1.539	480.123	590.719	18.064	476	587	17	10	9	4
220	8.231	33.787	50	48	789420	15788.400	3522.104	14613.000	12000	27182	323.920	610.760	17.620	0.995	0.268	1.007	323.931	610.778	17.604	321	608	17	6	7	3
221	2.469	16.136	15	15	198907	13260.467	843.425	13441.000	11891	14707	525.267	608.333	17.600	0.701	0.179	0.665	525.281	608.347	17.596	524	606	17	4	5	2
222	3.622	22.514	22	22	299495	13613.409	1287.791	13096.500	11996	16683	520.818	614.909	18.182	0.768	0.250	0.866	520.807	614.892	18.164	519	613	17	5	5	3
223	1.975	17.274	12	12	156233	13019.417	1183.929	12508.000	11857	15804	553.083	624.000	17.500	0.932	0.315	0.958	553.087	624.052	17.517	551	621	17	4	7	2
224	5.597	30.237	34	34	484135	14239.265	1804.643	13943.500	12043	18891	381.765	630.353	18.353	1.041	0.330	1.028	381.698	630.356	18.349	379	629	17	7	4	3
225	12.181	44.787	74	59	1373524	18561.135	4913.520	18193.500	11865	31215	385.014	652.257	18.014	1.261	0.291	1.256	384.965	652.236	17.996	382	649	17	7	7	4
226	29.795	76.265	181	125	5450075	30110.912	14178.255	26324.000	11956	65535	348.917	668.635	18.613	1.803	0.385	1.800	349.132	668.530	18.578	344	665	17	10	8	5
227	17.943	69.576	109	91	1886308	17305.578	3905.646	16579.000	11912	26163	424.688	682.018	18.358	1.557	0.502	1.664	424.809	682.047	18.364	420	678	17	10	9	4
228	1.975	12.964	12	12	167566	13963.833	2029.728	13369.500	11880	18577	540.083	708.750	17.833	0.613	0.246	0.557	540.054	708.782	17.850	539	707	17	4	4	2
229	15.474	50.131	94	69	1712727	18220.500	4866.220	17534.000	11865	30816	288.894	722.319	18.606	1.412	0.294	1.442	288.871	722.295	18.603	286	719	17	7	7	4
230	28.149	70.403	171	111	3743739	21893.211	8039.345	19532.000	11843	42770	248.404	727.696	18.450	1.670	0.200	1.647	248.336	727.677	18.462	245	723	17	8	10	4
231	1.975	13.308	12	12	171288	14274.000	1597.696	14351.000	11862	17400	412.667	724.833	17.917	0.679	0.333	0.652	412.635	724.763	17.925	412	722	17	4	6	2
232	8.889	34.236	54	49	849031	15722.796	3004.216	15338.000	11845	24878	464.907	737.315	18.000	1.067	0.250	1.065	464.859	737.248	17.979	462	734	17	6	7	3
233	12.017	39.891	73	55	1540140	21097.809	6687.771	19577.000	11994	40007	342.260	739.740	18.301	1.272	0.260	1.265	342.234	739.732	18.284	340	737	17	6	6	4
234	13.498	42.960	82	59	1833212	22356.244	8286.126	19927.500	11961	47665	257.829	742.098	18.537	1.345	0.254	1.400	257.834	742.112	18.573	255	740	17	7	6	4
235	25.680	68.990	156	105	4029390	25829.424	11225.380	24035.000	11904	55895	446.205	755.026	18.603	1.679	0.295	1.644	446.145	755.037	18.543	442	752	17	9	7	5
236	19.754	54.130	120	88	2884117	24034.309	9513.430	22817.500	11886	50102	281.933	761.983	18.150	1.485	0.276	1.441	281.894	762.001	18.107	278	759	17	8	7	4
237	11.194	55.682	68	65	1088152	16002.235	2881.720	16123.500	11889	24393	294.868	831.206	18.088	1.470	0.569	1.495	294.622	831.329	18.036	291	828	17	11	7	4
238	25.186	66.163	153	103	3857129	25209.994	10634.160	23206.000	11848	52278	361.183	848.301	18.562	1.662	0.315	1.654	361.254	848.241	18.553	358	844	17	7	10	5
239	28.972	72.989	176	114	4450417	25286.461	10293.316	23583.000	11953	55422	384.801	849.568	18.688	1.770	0.342	1.745	384.904	849.417	18.607	381	846	17	8	8	5
240	33.087	81.713	201	124	5637576	28047.643	13410.570	25734.000	11868	61488	225.527	855.886	19.348	1.828	0.323	1.763	225.517	855.917	19.323	222	852	17	8	9	6
241	15.968	44.716	97	79	2078649	21429.371	7054.158	20009.000	11913	41232	166.258	879.433	17.907	1.305	0.228	1.291	166.303	879.455	17.848	163	877	17	8	6	3
242	19.095	59.818	116	95	2038041	17569.318	4162.796	17500.500	11946	29022	249.129	886.983	18.121	1.514	0.442	1.518	249.117	886.927	18.117	245	883	17	10	8	4
243	12.840	39.891	78	59	1685028	21602.924	7312.680	19797.000	12110	39603	167.987	887.474	18.654	1.303	0.265	1.274	168.005	887.487	18.670	166	885	17	5	6	4
244	18.437	59.025	112	87	1940430	17325.268	4411.132	16496.000	11880	29690	293.116	908.554	18.839	1.472	0.397	1.453	293.296	908.530	18.809	288	905	17	10	8	4
245	24.528	63.713	149	113	2946854	19777.543	5334.896	19542.000	11908	36557	359.664	915.188	18.040	1.525	0.306	1.513	359.552	915.135	18.011	356	911	17	9	9	4
246	8.395	32.616	51	40	1022041	20040.020	5975.086	18233.000	11881	34539	362.137	925.627	18.373	1.157	0.308	1.084	362.189	925.653	18.351	359	924	17	6	5	4
247	24.857	65.818	151	98	3688911	24429.875	10548.290	21956.000	12001	56925	170.331	955.146	18.861	1.650	0.291	1.619	170.342	955.187	18.851	167	951	17	7	9	5
248	32.429	77.748	197	123	5960047	30254.045	15277.601	27505.000	11901	65535	127.929	974.030	19.416	1.809	0.323	1.777	127.922	974.016	19.421	124	971	17	9	7	6
249	20.577	56.750	125	91	2557336	20458.688	6850.784	18598.000	11958	42348	331.072	984.704	18.392	1.493	0.271	1.506	331.101	984.574	18.337	328	981	17	7	9	4
250	8.231	32.513	50	42	732308	14646.160	2451.092	14251.000	11896	22548	357.860	533.960	19.000	1.073	0.206	1.066	357.918	533.969	19.012	355	532	18	6	5	3
251	3.622	23.652	22	22	308751	14034.137	1987.449	13463.000	11844	18741	467.955	792.136	18.955	0.845	0.348	0.888	468.010	792.066	18.960	466	790	18	5	6	3
252	3.128	15.687	19	19	272905	14363.421	1686.920	14651.000	11858	16730	236.105	801.895	18.526	0.705	0.132	0.682	236.093	801.930	18.523	235	800	18	4	4	2
253	19.754	56.716	120	88	2536296	21135.801	7378.375	19943.000	11856	41371	328.383	835.483	19.450	1.543	0.314	1.584	328.419	835.499	19.450	326	832	18	6	9	4
254	9.877	38.201	60	52	954965	15916.083	3369.507	15063.000	11929	25085	205.317	853.733	18.950	1.118	0.205	1.111	205.362	853.737	18.945	202	851	18	7	6	3
255	9.383	34.443	57	48	1013103	17773.736	4361.776	18090.000	12159	29142	411.404	859.912	19.158	1.130	0.235	1.135	411.391	859.865	19.141	409	858	18	6	6	4
256	11.029	36.960	67	56	1240273	18511.537	4380.604	18778.000	12254	27577	207.955	860.761	19.269	1.158	0.259	1.156	207.963	860.702	19.303	205	859	18	7	5	4
257	11.358	33.995	69	58	1298065	18812.537	4327.352	18099.000	12073	29402	410.826	869.826	19.000	1.167	0.176	1.178	410.860	869.898	18.964	409	867	18	5	6	3
258	13.663	46.269	83	64	1516046	18265.615	4989.498	17331.000	11956	33269	283.084	870.771	19.277	1.299	0.279	1.299	283.051	870.804	19.266	281	867	18	5	8	4
259	6.255	35.133	38	36	507620	13358.421	1472.649	12871.500	11869	17809	390.842	872.000	19.132	1.007	0.325	0.981	390.849	871.994	19.123	388	869	18	7	7	3
260	28.149	75.057	171	116	3160901	18484.801	4710.916	17998.000	11847	29043	160.637	916.977	19.439	1.663	0.273	1.684	160.681	917.029	19.429	157	912	18	8	11	4
261	26.009	73.334	158	109	3357504	21250.025	7694.230	19062.000	11899	45489	203.367	983.203	19.468	1.731	0.430	1.732	203.221	983.508	19.455	200	978	18	8	11	4
