 	Volume (micron^3)	Surface (micron^2)	Nb of obj. voxels	Nb of surf. voxels	IntDen	Mean	StdDev	Median	Min	Max	X	Y	Z	Mean dist. to surf. (micron)	SD dist. to surf. (micron)	Median dist. to surf. (micron)	XM	YM	ZM	BX	BY	BZ	B-width	B-height	B-depth
1	29.466	73.093	179	122	6644437	37119.762	17852.170	30824.000	14244	65535	254.603	279.682	6.525	1.727	0.306	1.711	254.602	279.741	6.508	252	274	4	7	11	5
2	41.647	97.538	253	154	10129630	40038.062	19058.658	34444.000	14310	65535	325.577	230.621	7.719	2.033	0.474	1.999	325.651	230.646	7.744	320	227	5	12	9	6
3	24.198	67.060	147	98	5288014	35972.883	19189.324	28521.000	14341	65535	302.844	245.490	7.224	1.658	0.355	1.635	302.922	245.742	7.232	299	241	5	8	8	6
4	36.709	83.299	223	127	9243137	41449.043	19830.211	39982.000	14228	65535	349.794	254.072	7.726	1.962	0.381	1.895	349.781	254.109	7.692	346	250	5	8	9	6
5	28.149	68.505	171	120	5666858	33139.520	14525.072	29895.000	14281	65535	270.029	293.906	6.819	1.607	0.233	1.659	270.050	293.862	6.820	266	290	5	9	9	4
6	44.281	94.606	269	160	10909572	40556.031	18802.021	36437.000	14326	65535	358.673	299.546	7.628	1.994	0.311	1.962	358.678	299.568	7.562	355	295	5	9	10	6
7	65.352	141.284	397	285	11369988	28639.768	11306.242	26024.000	14227	56767	532.937	346.038	6.980	2.458	0.868	2.317	532.947	346.058	6.978	522	341	5	21	12	5
8	77.533	179.836	471	282	18471728	39218.105	18879.555	35095.000	14289	65535	393.977	349.682	7.824	2.543	0.773	2.631	393.987	349.825	7.757	390	341	5	11	18	6
9	18.931	50.750	115	89	3380405	29394.826	11149.653	26872.000	14352	65535	503.861	369.939	6.965	1.403	0.277	1.344	503.877	370.021	6.938	500	367	5	9	7	4
10	39.672	84.778	241	160	8442086	35029.402	16627.326	29519.000	14215	65535	274.158	383.556	7.282	1.843	0.315	1.823	274.248	383.515	7.271	270	380	5	10	10	5
11	37.697	83.677	229	138	8896233	38848.180	18746.857	34020.000	14316	65535	554.341	385.441	7.681	1.906	0.289	1.916	554.313	385.487	7.626	550	382	5	10	8	6
12	31.935	78.437	194	121	7522490	38775.723	18680.598	36090.000	14372	65535	451.428	394.613	7.814	1.839	0.367	1.846	451.368	394.610	7.737	447	391	5	10	8	6
13	13.663	43.994	83	65	2428197	29255.385	10636.613	28074.000	14418	55283	499.916	406.253	6.892	1.280	0.237	1.254	499.893	406.196	6.900	497	403	5	6	7	4
14	43.623	103.983	265	177	8609418	32488.369	14785.541	29366.000	14243	65535	553.808	432.328	7.268	1.993	0.502	1.909	553.528	432.043	7.237	547	428	5	15	11	5
15	34.898	80.057	212	134	7856685	37059.836	17315.992	35062.000	14245	65535	506.958	436.434	7.142	1.814	0.298	1.837	507.020	436.360	7.130	503	433	5	9	9	5
16	27.984	68.749	170	108	6999542	41173.777	18966.945	37844.000	14241	65535	280.524	466.624	7.953	1.785	0.356	1.777	280.542	466.652	7.903	277	463	5	8	8	6
17	28.478	72.886	173	112	6179520	35719.770	17613.781	30643.000	14226	65535	519.855	477.786	7.121	1.716	0.329	1.687	519.762	477.796	7.120	515	474	5	10	8	5
18	34.075	79.367	207	130	7985568	38577.625	18206.148	33898.000	14352	65535	310.647	497.184	7.483	1.796	0.245	1.772	310.686	497.247	7.461	306	494	5	10	8	6
19	65.352	160.217	397	253	12975482	32683.834	15944.458	27888.000	14242	65535	604.091	523.388	9.244	2.842	1.054	2.957	603.655	522.994	8.984	596	517	5	17	14	9
20	28.314	70.473	172	111	6540816	38028.000	17971.566	33022.000	14235	65535	533.645	585.192	8.029	1.774	0.386	1.743	533.706	585.060	7.982	530	582	5	8	8	6
21	40.330	97.916	245	165	8685625	35451.531	16142.588	30927.000	14355	65535	587.110	613.110	7.347	1.948	0.467	1.870	586.985	613.409	7.312	583	607	5	10	12	5
22	17.943	50.405	109	89	2936255	26938.119	10905.176	24449.000	14329	57772	441.413	202.550	7.092	1.375	0.280	1.372	441.336	202.413	7.081	439	198	6	7	9	3
23	12.017	48.133	73	66	3031516	41527.617	19486.346	38776.000	14578	65535	322.836	210.055	8.411	1.426	0.488	1.465	322.885	209.949	8.361	319	209	6	8	4	6
24	21.729	62.371	132	88	5279411	39995.539	19693.510	35404.500	14310	65535	343.220	212.841	7.932	1.701	0.405	1.780	343.201	212.887	7.829	340	210	6	8	7	5
25	17.943	48.923	109	87	3137171	28781.385	10923.955	26767.000	14549	61168	386.615	217.716	7.064	1.345	0.206	1.367	386.573	217.720	7.073	384	214	6	7	8	4
26	40.495	98.642	246	157	10182921	41393.988	19115.066	40132.000	14221	65535	362.313	225.785	8.402	1.972	0.413	2.024	362.322	225.736	8.415	359	221	6	8	11	6
27	37.532	81.987	228	142	8817343	38672.559	18671.646	33346.000	14299	65535	317.083	257.789	7.741	1.895	0.281	1.874	316.989	257.829	7.668	313	254	6	10	8	5
28	43.458	94.847	264	158	9921908	37582.984	17895.842	33781.500	14284	65535	311.182	272.723	7.977	1.972	0.326	2.010	311.126	272.720	7.917	306	269	6	12	9	5
29	22.552	58.681	137	94	4579916	33430.043	16015.598	28688.000	14278	65535	339.197	286.117	7.438	1.564	0.235	1.565	339.165	286.091	7.399	336	282	6	7	9	4
30	17.614	69.954	107	102	2013945	18821.916	3857.101	17659.000	14212	30939	290.290	292.318	7.140	1.750	0.593	1.792	290.241	292.289	7.128	285	287	6	11	12	3
31	14.157	43.097	86	67	2549300	29643.023	12161.027	26826.000	14220	59515	402.326	290.907	7.826	1.290	0.241	1.250	402.302	290.910	7.803	400	288	6	6	7	4
32	14.651	42.441	89	71	2216808	24907.955	8228.933	22950.000	14229	52919	254.607	296.719	6.944	1.278	0.207	1.246	254.599	296.657	6.944	252	293	6	6	8	3
33	12.675	37.304	77	63	2212076	28728.260	8979.630	27421.000	14833	51027	259.688	309.974	6.961	1.213	0.193	1.215	259.592	310.018	6.955	257	308	6	7	5	3
34	27.161	68.505	165	122	5031705	30495.182	12074.466	27390.000	14282	62189	273.497	312.285	7.188	1.571	0.296	1.593	273.509	312.398	7.199	269	308	6	9	10	4
35	18.931	55.508	115	87	3197105	27800.912	10753.432	24126.000	14266	53131	377.583	314.139	7.626	1.402	0.261	1.439	377.567	314.040	7.610	374	311	6	8	8	4
36	28.478	70.128	173	105	6665657	38529.809	19465.107	33414.000	14253	65535	481.347	331.514	7.896	1.787	0.300	1.821	481.404	331.492	7.828	478	328	6	8	8	5
37	3.951	23.722	24	24	694857	28952.375	16292.638	22460.000	14208	65535	240.250	331.292	7.792	0.983	0.412	0.999	240.156	331.266	7.805	239	329	6	3	6	4
38	30.947	78.678	188	120	6766394	35991.457	17278.537	31190.000	14237	65535	416.021	352.521	7.830	1.798	0.373	1.834	416.060	352.531	7.809	412	348	6	9	10	5
39	22.881	64.473	139	103	4121974	29654.488	13311.014	25570.000	14286	65535	334.921	360.432	7.460	1.602	0.353	1.617	334.928	360.447	7.442	332	356	6	7	10	4
40	32.758	77.333	199	127	6854980	34447.137	16764.412	30724.000	14333	65535	368.382	357.668	8.111	1.786	0.296	1.817	368.265	357.816	8.050	364	353	6	9	9	5
41	67.492	155.666	410	253	13576558	33113.555	16614.135	27048.500	14209	65535	520.883	373.380	9.968	2.666	0.994	2.698	520.856	373.380	9.892	515	367	6	12	14	9
42	34.404	79.504	209	132	7489799	35836.359	16836.244	31409.000	14303	65535	439.608	372.478	7.804	1.796	0.282	1.827	439.686	372.485	7.756	435	369	6	10	8	5
43	29.137	74.609	177	123	6116228	34554.961	15173.345	30600.000	14257	65535	478.887	382.328	7.712	1.719	0.372	1.732	478.768	382.249	7.690	475	378	6	10	9	5
44	13.005	43.786	79	65	2004592	25374.582	9532.376	22569.000	14229	46772	516.797	398.823	7.633	1.231	0.285	1.267	516.789	398.816	7.608	514	395	6	6	8	4
45	30.783	89.640	187	147	5204791	27833.107	11456.020	25371.000	14319	65535	493.289	417.251	7.176	1.975	0.665	2.086	492.844	417.363	7.202	487	413	6	14	10	4
46	23.540	63.198	143	93	5256816	36760.949	17794.156	33043.000	14255	65535	434.734	428.266	8.070	1.653	0.336	1.615	434.753	428.374	8.073	432	424	6	7	9	5
47	7.243	30.478	44	39	888084	20183.727	5082.398	18520.000	14278	31759	561.636	441.409	6.750	0.991	0.239	1.002	561.699	441.531	6.755	559	439	6	6	5	3
48	33.911	77.333	206	131	7566745	36731.773	16920.533	31811.500	14311	65535	470.010	449.772	8.325	1.796	0.260	1.776	469.920	449.790	8.295	465	446	6	11	8	5
49	17.943	51.854	109	79	3690968	33862.090	14732.369	31551.000	14224	65535	387.716	467.633	7.826	1.412	0.245	1.399	387.728	467.627	7.823	385	464	6	7	8	5
50	37.861	84.848	230	146	8185445	35588.891	16171.799	32736.000	14223	65535	530.974	481.904	8.448	1.867	0.309	1.871	531.006	481.967	8.429	526	478	6	11	8	6
51	34.075	82.402	207	127	8106973	39164.121	18208.715	35036.000	14317	65535	417.831	487.464	8.179	1.887	0.349	1.913	417.815	487.445	8.206	413	484	6	10	8	6
52	21.071	58.543	128	86	4223875	32999.023	15338.072	30052.500	14419	65535	494.664	542.180	8.141	1.550	0.294	1.485	494.597	542.251	8.071	492	539	6	7	7	5
53	26.832	64.921	163	107	6008082	36859.398	16967.883	33425.000	14364	65535	431.442	570.982	8.221	1.676	0.259	1.656	431.402	571.039	8.220	428	568	6	8	7	5
54	10.535	37.167	64	52	1809821	28278.453	11964.234	26660.500	14348	57497	607.031	573.250	7.781	1.185	0.261	1.182	607.021	573.254	7.770	604	571	6	7	6	4
55	39.837	84.296	242	155	7907728	32676.562	14774.209	30885.500	14235	65535	382.934	572.529	8.376	1.853	0.261	1.850	382.829	572.582	8.280	378	569	6	11	8	5
56	40.495	85.538	246	154	8717762	35438.059	16275.495	31569.000	14431	65535	348.484	585.423	8.354	1.893	0.273	1.900	348.465	585.406	8.298	345	581	6	8	11	5
57	34.898	85.571	212	152	6549565	30894.174	13034.467	28905.000	14263	65535	559.203	587.340	7.887	1.812	0.478	1.791	559.269	587.238	7.865	554	582	6	11	11	5
58	26.997	65.403	164	107	5362615	32698.871	14002.922	31314.500	14260	65535	382.707	603.128	8.335	1.639	0.201	1.652	382.666	603.116	8.264	379	599	6	8	9	5
59	21.235	61.508	129	89	4223047	32736.799	15366.464	28584.000	14285	65535	575.705	611.202	7.953	1.514	0.288	1.483	575.708	611.171	7.914	572	608	6	8	8	5
60	22.717	59.922	138	93	4215996	30550.695	13488.466	27413.500	14286	63608	476.080	629.225	8.268	1.569	0.254	1.524	476.044	629.267	8.205	472	626	6	9	7	5
61	26.174	67.645	159	102	5568866	35024.316	16200.205	31963.000	14877	65535	659.252	647.409	7.975	1.668	0.312	1.634	659.295	647.371	7.905	655	644	6	9	8	5
62	16.461	48.267	100	88	2431613	24316.131	6933.059	23841.500	14246	41815	500.360	649.810	7.310	1.292	0.334	1.326	500.336	649.839	7.327	497	646	6	8	8	3
63	23.046	63.921	140	102	3849290	27494.928	11646.943	23914.000	14299	62098	487.843	653.321	7.514	1.576	0.328	1.536	487.794	653.455	7.493	484	649	6	9	9	4
64	30.618	75.954	186	121	6877874	36977.816	17110.447	34897.000	14392	65535	474.726	659.995	8.710	1.770	0.326	1.776	474.721	660.019	8.646	471	657	6	9	8	6
65	33.746	77.989	205	126	7368325	35943.047	16725.580	32381.000	14381	65535	601.151	697.346	8.063	1.822	0.271	1.852	601.191	697.376	8.013	598	693	6	8	10	5
66	26.009	65.922	158	100	5604981	35474.562	17209.547	30645.000	14292	65535	528.373	698.279	8.127	1.691	0.298	1.678	528.379	698.339	8.092	525	695	6	8	7	5
67	32.758	79.023	199	123	7082911	35592.520	17320.809	30253.000	14322	65535	515.668	738.693	7.894	1.836	0.317	1.867	515.609	738.729	7.840	511	735	6	10	9	5
68	24.857	64.369	151	110	4395274	29107.775	11322.505	26711.000	14248	61403	603.656	738.265	7.960	1.576	0.351	1.530	603.777	738.379	7.921	600	735	6	8	8	5
69	17.120	50.613	104	76	2866532	27562.809	10906.731	25262.000	14214	58267	707.981	750.125	7.702	1.386	0.208	1.388	707.912	750.094	7.673	705	747	6	7	7	4
70	18.108	53.163	110	99	2527759	22979.627	5750.376	22655.000	14324	37674	689.600	785.355	7.345	1.330	0.378	1.360	689.626	785.276	7.363	685	782	6	10	8	3
71	20.248	55.164	123	89	3838382	31206.357	13102.888	28899.000	14287	65153	720.756	785.618	7.780	1.455	0.222	1.440	720.813	785.529	7.786	717	783	6	8	7	4
72	18.766	52.303	114	84	3693391	32398.166	14800.156	30037.000	14270	65535	629.465	835.982	7.833	1.431	0.246	1.394	629.467	835.952	7.859	627	833	6	6	8	5
73	18.931	51.991	115	88	3267752	28415.234	9929.289	27026.000	14556	49284	664.765	834.730	7.791	1.394	0.281	1.393	664.749	834.729	7.767	662	831	6	7	8	4
74	19.260	55.301	117	99	2993901	25588.896	7543.622	25896.000	14505	42872	653.496	836.427	7.701	1.380	0.295	1.398	653.472	836.527	7.640	650	832	6	8	9	4
75	19.424	54.130	118	82	3763084	31890.543	14738.052	29161.500	14250	65535	711.788	846.169	8.161	1.469	0.243	1.426	711.785	846.226	8.102	709	843	6	7	7	5
76	17.778	51.854	108	78	3071782	28442.426	10522.560	27822.000	14289	52476	742.482	847.759	7.741	1.410	0.256	1.384	742.431	847.695	7.750	739	844	6	8	8	4
77	21.564	56.853	131	90	4137634	31584.992	14408.641	26354.000	14349	64112	684.015	871.580	7.534	1.534	0.197	1.533	684.000	871.552	7.525	680	868	6	8	8	4
78	24.034	63.680	146	105	4574863	31334.678	13606.606	28733.000	14236	65535	678.281	880.767	7.658	1.578	0.298	1.590	678.385	880.632	7.669	674	878	6	9	7	4
79	28.807	69.506	175	120	5143556	29391.748	12061.914	25182.000	14206	58245	813.491	904.349	7.600	1.706	0.337	1.672	813.510	904.315	7.567	808	902	6	12	6	4
80	18.766	56.957	114	80	3463852	30384.666	12994.114	28475.000	14310	65535	804.544	967.904	8.053	1.445	0.252	1.412	804.530	967.876	7.984	801	965	6	8	7	5
81	23.704	62.509	144	92	5563843	38637.797	18827.635	33646.500	14344	65535	354.139	206.097	8.958	1.650	0.322	1.594	354.215	206.097	8.953	351	203	7	8	7	5
82	9.548	35.477	58	51	1294740	22323.104	6868.953	21480.500	14278	41675	374.914	229.448	7.707	1.156	0.313	1.122	374.969	229.462	7.704	371	228	7	9	4	3
83	7.901	31.512	48	47	915834	19079.875	3627.470	18076.500	14485	29450	382.500	287.396	7.562	1.013	0.345	0.948	382.528	287.242	7.570	381	284	7	4	8	3
84	2.305	15.239	14	14	244299	17449.928	2854.978	16726.500	14684	22664	491.071	304.571	7.143	0.681	0.275	0.694	491.131	304.583	7.129	489	303	7	5	4	2
85	2.305	15.928	14	14	250519	17894.215	3041.834	16219.000	15449	25050	492.929	309.714	7.000	0.688	0.266	0.761	492.891	309.621	7.000	491	308	7	5	5	1
86	6.255	23.444	38	38	771889	20312.869	4122.653	19440.500	14260	31769	252.632	339.500	7.421	0.887	0.237	0.847	252.658	339.482	7.405	251	337	7	4	6	2
87	4.938	22.377	30	28	705802	23526.732	6491.573	22543.000	15572	39900	374.467	388.633	8.133	0.948	0.273	1.025	374.437	388.654	8.183	373	386	7	4	5	3
88	1.646	11.585	10	10	174607	17460.699	3260.070	17254.000	14305	24124	564.200	402.700	7.500	0.687	0.174	0.650	564.234	402.708	7.529	562	402	7	5	2	2
89	31.606	82.677	192	140	5487148	28578.896	10316.034	26539.500	14388	59038	387.083	407.281	8.302	1.767	0.472	1.786	387.095	407.450	8.295	384	402	7	7	12	4
90	19.754	60.645	120	102	2604812	21706.768	5361.227	21327.500	14249	38691	410.000	407.925	9.092	1.444	0.401	1.387	410.049	407.835	9.060	406	404	7	9	9	4
91	19.095	55.957	116	85	3041962	26223.811	10190.273	22918.500	14216	51242	522.233	427.431	8.534	1.447	0.242	1.481	522.292	427.526	8.520	518	424	7	9	7	4
92	25.186	64.784	153	100	5723560	37408.891	17531.092	34154.000	14361	65535	385.392	430.288	8.830	1.692	0.337	1.650	385.361	430.300	8.807	382	427	7	8	7	5
93	25.515	63.954	155	113	4416570	28494.000	10880.744	27012.000	14222	59700	319.755	438.484	8.110	1.556	0.283	1.545	319.724	438.546	8.083	316	435	7	9	8	4
94	38.355	84.711	233	136	8936866	38355.648	18112.020	34238.000	14284	65535	578.906	447.815	8.961	1.922	0.292	1.968	578.948	447.802	8.928	574	444	7	11	8	5
95	33.911	83.640	206	148	6058384	29409.631	11423.539	26991.000	14224	58960	277.966	452.155	8.922	1.736	0.398	1.713	277.983	452.092	8.922	273	448	7	11	11	4
96	9.712	48.267	59	57	1054925	17880.084	3143.321	17210.000	14221	27369	571.373	463.153	8.051	1.525	0.597	1.558	571.506	463.113	8.042	565	460	7	13	9	3
97	34.734	83.125	211	144	6749164	31986.559	14082.843	29307.000	14292	65364	480.284	463.341	9.175	1.838	0.388	1.859	480.303	463.333	9.156	476	459	7	10	9	5
98	17.449	49.164	106	85	2925442	27598.510	9459.637	25507.500	14368	53134	304.236	473.283	7.981	1.381	0.290	1.350	304.256	473.337	7.978	300	471	7	9	6	4
99	20.083	54.578	122	89	3836968	31450.557	14033.199	28224.000	14271	65535	573.434	484.443	8.705	1.483	0.261	1.493	573.382	484.377	8.741	570	482	7	8	7	4
100	15.638	48.407	95	68	3346206	35223.223	16890.705	31836.000	14358	65535	459.095	499.874	8.589	1.436	0.296	1.466	459.131	499.893	8.614	457	497	7	6	7	5
101	28.478	69.921	173	118	5876880	33970.406	15459.438	30100.000	14399	65535	403.653	519.763	9.040	1.707	0.326	1.768	403.624	519.812	9.027	399	517	7	10	6	5
102	22.058	61.267	134	93	4702221	35091.203	16286.177	32029.000	14667	65535	574.873	520.970	8.933	1.575	0.330	1.575	574.780	520.867	8.917	571	519	7	9	6	5
103	13.828	42.511	84	61	2632616	31340.666	13977.559	28320.500	14483	65535	515.929	521.952	8.440	1.373	0.278	1.432	515.868	521.910	8.415	513	520	7	7	6	4
104	9.548	37.960	58	49	1392512	24008.828	7620.361	22774.000	14489	40806	389.845	528.310	8.828	1.133	0.273	1.137	389.843	528.355	8.796	387	526	7	6	6	4
105	19.424	53.818	118	92	2902780	24599.830	7698.393	23327.000	14235	53522	574.102	534.297	8.847	1.415	0.294	1.395	574.126	534.362	8.818	570	532	7	10	6	4
106	9.712	36.511	59	51	1203995	20406.695	5359.035	18805.000	14527	36496	534.051	536.983	8.051	1.130	0.262	1.153	534.141	536.926	8.024	531	535	7	7	6	3
107	28.478	68.127	173	117	5200345	30059.797	12538.796	26783.000	14241	63952	529.803	546.751	8.618	1.668	0.216	1.671	529.883	546.848	8.603	526	543	7	8	9	4
108	8.066	28.340	49	47	1010064	20613.551	4643.674	19492.000	14214	31542	589.612	547.102	8.367	0.954	0.247	0.974	589.590	547.167	8.338	587	545	7	6	5	3
109	19.918	50.924	121	85	4537803	37502.504	16869.381	33444.000	14308	65535	394.488	552.289	8.554	1.515	0.221	1.522	394.486	552.297	8.567	392	549	7	6	7	4
110	60.413	150.703	367	232	13068031	35607.715	17125.031	30716.000	14228	65535	612.046	549.956	11.401	3.106	1.225	3.272	611.686	550.203	11.031	605	545	7	15	12	10
111	20.577	54.233	125	87	3912846	31302.768	13727.445	26639.000	14282	65535	565.584	561.032	8.608	1.519	0.218	1.513	565.556	561.132	8.579	562	558	7	8	7	4
112	31.771	72.574	193	122	5994058	31057.295	13822.301	26044.000	14340	65535	551.959	573.938	8.446	1.729	0.192	1.743	551.970	574.001	8.451	548	570	7	9	9	4
113	33.746	76.469	205	146	6245620	30466.439	11961.446	28542.000	14335	57232	628.259	579.961	8.810	1.726	0.337	1.757	628.253	579.914	8.822	625	575	7	8	11	4
114	17.449	58.266	106	101	2198143	20737.197	4071.009	20668.500	14280	29461	498.340	585.057	8.509	1.398	0.467	1.422	498.376	584.989	8.505	494	580	7	8	11	4
115	10.371	35.477	63	52	1691810	26854.127	9970.855	24568.000	14248	54171	387.905	586.778	8.143	1.152	0.220	1.174	387.918	586.802	8.144	385	585	7	7	5	4
116	36.709	81.054	223	162	5841960	26197.131	9287.483	24096.000	14269	59928	603.323	599.368	8.857	1.733	0.341	1.802	603.392	599.564	8.854	599	595	7	10	10	4
117	13.005	41.752	79	64	2068265	26180.570	9110.236	23912.000	14420	54221	530.835	602.316	8.177	1.229	0.219	1.225	530.827	602.284	8.190	528	599	7	7	7	4
118	7.572	28.651	46	40	980314	21311.174	6773.330	19114.500	14245	39338	495.891	605.065	8.283	1.020	0.230	1.014	495.887	605.162	8.282	493	603	7	6	5	3
119	28.314	76.851	172	119	5993818	34847.777	16351.463	31117.000	14220	65535	614.250	610.523	9.192	1.765	0.405	1.787	614.262	610.513	9.160	609	607	7	11	8	5
120	11.852	41.166	72	60	1661081	23070.570	7784.037	21470.500	14302	44993	457.444	619.319	8.236	1.180	0.241	1.200	457.500	619.331	8.243	454	616	7	7	7	4
121	19.095	57.680	116	92	2622384	22606.758	6629.183	20603.500	14287	36856	571.353	628.457	7.879	1.436	0.382	1.423	571.307	628.351	7.832	568	624	7	8	10	3
122	6.749	27.065	41	36	852635	20795.977	4892.741	19347.000	14312	32340	592.707	634.659	8.000	1.002	0.238	1.036	592.636	634.695	7.993	590	633	7	6	4	3
123	13.005	42.960	79	58	2159514	27335.621	11029.441	25502.000	14344	59444	600.177	638.190	8.354	1.313	0.258	1.327	600.197	638.212	8.312	598	635	7	6	7	4
124	14.651	41.407	89	71	2508157	28181.539	10458.809	26110.000	14244	56123	625.011	646.337	8.011	1.276	0.192	1.268	625.029	646.233	7.989	622	644	7	7	6	3
125	22.388	64.577	136	92	3814411	28047.141	10867.977	24024.000	14324	52056	667.676	659.331	8.610	1.643	0.357	1.649	667.660	659.343	8.607	663	656	7	10	8	4
126	24.034	62.991	146	103	4144696	28388.328	9822.195	26030.000	14336	50888	465.363	673.301	8.507	1.595	0.271	1.606	465.373	673.294	8.463	462	670	7	8	8	4
127	18.766	53.681	114	89	2938497	25776.289	8244.148	23982.500	14238	44589	431.991	675.921	8.544	1.515	0.437	1.523	432.074	675.892	8.557	427	674	7	10	5	4
128	19.589	56.301	119	89	3121400	26230.252	10757.956	22439.000	14211	52369	508.454	679.429	8.546	1.452	0.273	1.525	508.392	679.583	8.529	505	676	7	8	7	4
129	23.704	60.370	144	99	4698404	32627.805	14365.438	28043.000	14332	65535	621.743	685.257	8.611	1.594	0.251	1.601	621.817	685.351	8.635	619	681	7	6	9	5
130	28.149	66.956	171	110	6346245	37112.543	17430.281	33876.000	14398	65535	546.234	689.889	8.994	1.728	0.294	1.685	546.321	689.917	8.979	543	686	7	7	8	5
131	23.046	67.023	140	113	3189771	22784.078	6825.072	21642.500	14257	40813	675.314	696.621	8.664	1.543	0.422	1.542	675.293	696.547	8.643	670	694	7	12	7	4
132	21.400	59.611	130	101	3335707	25659.285	8250.702	24092.500	14219	45561	671.277	712.215	8.915	1.499	0.367	1.440	671.389	712.103	8.898	667	708	7	9	9	4
133	10.535	35.340	64	50	1705691	26651.422	8612.292	25822.000	14552	43495	572.000	712.859	8.734	1.201	0.256	1.174	571.983	712.839	8.689	570	711	7	5	5	4
134	10.206	35.374	62	55	1381660	22284.838	5361.274	22071.000	14227	34839	570.097	722.339	7.742	1.084	0.253	1.096	570.132	722.328	7.708	567	720	7	7	6	3
135	19.589	58.232	119	89	2975414	25003.479	8188.945	23070.000	14316	45297	705.176	725.168	8.664	1.462	0.330	1.512	705.166	725.182	8.656	702	721	7	7	9	4
136	23.869	60.508	145	98	4036332	27836.771	11515.263	23974.000	14376	58907	448.248	727.738	8.586	1.574	0.213	1.569	448.245	727.752	8.548	445	724	7	7	9	4
137	26.009	62.094	158	107	5303285	33565.094	14248.665	30324.500	14252	65535	532.842	742.797	8.323	1.626	0.226	1.632	532.887	742.813	8.258	529	740	7	9	7	4
138	32.264	75.506	196	124	6743873	34407.516	16253.955	31148.000	14467	65535	486.036	754.781	8.929	1.770	0.265	1.761	486.010	754.790	8.934	482	751	7	9	9	5
139	7.572	28.340	46	46	870427	18922.326	3305.112	18569.500	14321	25523	649.457	770.435	7.435	0.964	0.281	0.910	649.381	770.391	7.427	647	768	7	6	6	2
140	14.486	44.683	88	70	2536119	28819.533	10436.719	26940.000	14223	57099	584.977	773.648	8.886	1.294	0.249	1.278	584.867	773.640	8.912	582	771	7	7	6	4
141	16.461	48.819	100	85	2385118	23851.180	6823.488	22844.500	14302	42793	785.040	786.940	7.920	1.341	0.285	1.292	785.065	786.975	7.930	781	784	7	9	7	3
142	10.206	35.133	62	50	1410251	22745.984	6903.361	21457.500	14293	41099	659.532	788.161	7.935	1.147	0.165	1.144	659.492	788.157	7.935	657	786	7	6	6	3
143	21.071	60.129	128	90	4069281	31791.258	15094.487	29283.500	14221	65535	546.664	790.883	8.945	1.558	0.343	1.531	546.623	790.990	8.951	544	787	7	7	9	5
144	22.717	61.163	138	95	4589356	33256.203	14517.144	31430.500	14369	65535	605.167	791.203	8.732	1.580	0.270	1.558	605.226	791.260	8.731	601	789	7	9	6	5
145	22.881	58.851	139	110	3405762	24501.885	7924.576	23002.000	14306	48784	509.043	795.568	8.000	1.474	0.283	1.445	508.974	795.525	7.998	506	792	7	8	9	4
146	10.371	33.787	63	56	1532396	24323.746	7988.215	22070.000	14294	41119	721.079	813.270	7.698	1.089	0.231	1.090	721.174	813.284	7.661	719	810	7	5	7	3
147	25.844	64.473	157	101	5000467	31850.107	14341.650	27323.000	14217	65535	814.720	816.369	9.350	1.641	0.217	1.622	814.701	816.331	9.330	812	813	7	7	8	5
148	23.211	59.715	141	98	3786955	26857.836	9300.693	24675.000	14345	47454	797.957	826.823	8.688	1.545	0.215	1.534	797.986	826.852	8.681	794	823	7	8	8	4
149	14.980	48.130	91	75	2003707	22018.758	6286.237	21461.000	14245	37264	667.099	863.582	7.868	1.297	0.274	1.304	667.118	863.645	7.834	663	861	7	9	6	3
150	28.643	67.230	174	116	4928766	28326.242	10973.264	25841.500	14312	59350	749.845	884.724	8.609	1.660	0.209	1.666	749.865	884.652	8.550	746	881	7	9	9	4
151	9.877	35.822	60	48	1213916	20231.934	4927.115	18743.500	14263	31691	724.433	894.067	8.067	1.131	0.172	1.120	724.437	894.104	8.050	722	891	7	6	7	3
152	23.046	61.060	140	100	4073365	29095.465	11720.507	25338.000	14698	65535	694.293	900.629	8.429	1.602	0.297	1.604	694.344	900.558	8.376	691	896	7	7	10	4
153	19.918	53.852	121	106	2961629	24476.273	7685.738	22836.000	14255	47056	665.149	901.273	7.702	1.394	0.345	1.389	665.112	901.183	7.660	662	897	7	8	10	3
154	33.746	77.815	205	136	5347956	26087.590	8438.630	25044.000	14225	44842	573.576	900.263	8.576	1.737	0.227	1.750	573.554	900.252	8.571	569	896	7	10	9	4
155	14.651	47.096	89	77	1928599	21669.652	5552.326	20481.000	14323	33929	622.169	908.045	8.730	1.267	0.332	1.261	622.193	908.040	8.681	620	904	7	6	9	4
156	10.700	39.235	65	57	1444233	22218.969	6428.837	21229.000	14312	38153	721.600	912.523	8.492	1.105	0.264	1.143	721.568	912.455	8.486	719	909	7	6	7	4
157	20.412	52.647	124	86	3615907	29160.541	11973.544	25899.000	14559	62046	703.589	917.435	8.621	1.515	0.224	1.557	703.577	917.439	8.663	701	914	7	6	8	4
158	12.181	41.614	74	59	1762428	23816.594	7470.950	21622.000	14489	43737	743.554	919.270	8.338	1.215	0.228	1.202	743.513	919.279	8.349	741	916	7	7	7	4
159	23.869	63.302	145	94	4925483	33968.848	15551.137	29885.000	14429	65535	778.545	935.048	8.766	1.667	0.330	1.698	778.582	935.062	8.767	775	932	7	8	7	5
160	28.149	70.781	171	125	4304042	25169.836	7491.622	23729.000	14219	43661	819.649	946.936	8.550	1.625	0.342	1.650	819.596	947.054	8.569	816	943	7	9	9	4
161	19.260	60.749	117	97	2577496	22029.881	5805.146	21021.000	14266	40444	738.308	950.564	8.692	1.540	0.497	1.578	738.269	950.584	8.699	733	947	7	11	8	4
162	11.852	43.545	72	69	1633865	22692.570	4868.160	22904.500	14388	34826	862.250	955.417	8.458	1.189	0.386	1.219	862.346	955.488	8.437	859	953	7	8	6	4
163	25.680	69.747	156	118	3656914	23441.756	7086.526	22264.000	14319	44297	714.609	965.840	8.372	1.565	0.282	1.593	714.595	965.864	8.362	711	962	7	9	9	4
164	5.103	28.581	31	31	517272	16686.193	2160.980	15917.000	14390	22196	376.871	278.710	8.968	0.986	0.416	1.000	376.852	278.712	8.971	375	275	8	5	9	2
165	19.424	56.542	118	91	2993245	25366.482	9070.129	22935.500	14336	57368	277.856	281.949	9.212	1.430	0.297	1.419	277.804	281.976	9.243	274	279	8	10	7	4
166	3.786	19.894	23	21	401259	17446.043	2846.425	15839.000	14354	23957	418.304	431.739	9.043	0.832	0.254	0.929	418.313	431.707	9.034	417	430	8	4	5	3
167	3.786	19.686	23	23	390327	16970.738	1795.311	16527.000	14381	21747	390.565	436.870	8.652	0.786	0.207	0.814	390.576	436.843	8.663	389	435	8	5	5	2
168	20.083	68.609	122	102	2569084	21058.066	5736.418	19393.500	14392	38283	371.123	442.721	9.000	1.488	0.388	1.459	371.161	442.596	8.979	367	438	8	10	11	3
169	4.280	22.169	26	24	471786	18145.615	3549.586	16820.000	14514	27751	398.346	501.385	9.154	0.839	0.251	0.864	398.317	501.383	9.139	397	499	8	4	5	3
170	10.206	40.925	62	54	1409274	22730.227	6613.918	21417.500	14354	37033	597.016	513.242	9.758	1.190	0.335	1.146	596.959	513.291	9.717	593	511	8	9	6	4
171	3.786	25.686	23	23	394988	17173.391	2514.500	16425.000	14348	22512	314.087	545.174	8.913	1.160	0.504	1.208	313.994	545.239	8.911	311	542	8	7	7	3
172	4.774	26.513	29	29	516338	17804.758	3275.560	17443.000	14323	28088	561.862	542.310	9.034	0.928	0.394	0.933	561.850	542.399	9.034	559	538	8	6	8	3
173	1.975	15.343	12	12	187733	15644.417	873.380	15655.500	14383	17192	376.000	558.000	8.667	0.767	0.223	0.767	376.025	557.997	8.673	374	557	8	5	3	2
174	6.585	26.513	40	40	796438	19910.949	3912.344	19180.500	14290	31752	406.575	561.625	8.600	0.921	0.291	0.873	406.582	561.618	8.612	405	558	8	5	8	2
175	3.622	19.101	22	22	391157	17779.863	2713.874	17299.000	14242	23994	464.727	566.864	9.273	0.780	0.272	0.762	464.721	566.868	9.244	462	565	8	6	4	3
176	4.280	22.755	26	26	464098	17849.924	3252.677	17019.500	14465	24008	431.231	586.000	8.923	0.872	0.359	0.911	431.236	585.996	8.936	428	584	8	7	5	3
177	30.454	74.264	185	126	5761722	31144.443	12481.227	28316.000	14265	61339	636.557	619.135	9.438	1.692	0.242	1.692	636.560	619.084	9.405	633	615	8	8	9	4
178	21.564	58.095	131	88	4491877	34289.137	14987.166	32657.000	14218	65535	659.191	619.534	9.824	1.546	0.263	1.526	659.174	619.515	9.884	656	617	8	8	7	5
179	22.058	59.474	134	99	3870462	28884.045	11989.722	25358.000	14334	59139	366.993	621.933	9.560	1.564	0.299	1.594	366.954	621.973	9.573	363	620	8	10	6	4
180	18.437	53.096	112	78	3841223	34296.633	15354.844	29884.500	14607	65535	662.804	628.438	9.652	1.478	0.245	1.495	662.821	628.437	9.686	659	626	8	8	7	4
181	48.726	129.324	296	216	8293092	28017.203	11741.765	25060.000	14223	59314	553.821	639.801	10.601	2.531	0.866	2.597	553.504	639.432	10.410	548	633	8	15	14	7
182	8.395	28.651	51	43	1558744	30563.607	10449.527	29670.000	14334	55284	602.333	645.510	9.000	1.067	0.173	1.124	602.365	645.462	8.960	600	644	8	6	5	3
183	21.894	60.541	133	104	3209648	24132.691	7433.521	22488.000	14420	44587	394.308	658.211	8.917	1.537	0.428	1.418	394.069	658.179	8.880	389	656	8	12	6	3
184	77.863	185.418	473	317	12944209	27366.193	10772.295	24431.000	14207	65535	701.992	679.302	11.865	2.989	1.190	2.883	701.847	679.227	11.816	691	675	8	22	13	10
185	2.634	18.652	16	16	246243	15390.188	1092.102	15190.000	14274	18197	420.750	703.688	8.125	0.776	0.336	0.755	420.717	703.657	8.119	419	701	8	4	6	2
186	26.174	65.540	159	117	4510335	28366.887	10691.202	26724.000	14279	53003	691.000	703.704	9.849	1.567	0.324	1.575	691.046	703.560	9.852	687	700	8	9	9	4
187	12.511	38.787	76	60	2083913	27419.908	10131.894	25011.000	14526	52965	519.974	780.079	9.026	1.207	0.163	1.247	519.944	780.029	9.054	517	777	8	7	7	3
188	15.145	47.889	92	75	1910339	20764.555	5280.765	18978.500	14255	35322	511.217	784.728	9.000	1.278	0.199	1.270	511.166	784.731	9.028	508	781	8	8	8	3
189	10.535	40.373	64	57	1450821	22669.078	6562.269	21503.000	14317	39981	558.188	792.547	9.359	1.129	0.287	1.142	558.206	792.541	9.381	555	790	8	8	7	4
190	28.972	72.022	176	124	4778830	27152.443	10102.294	24306.500	14280	54775	798.182	802.619	9.511	1.678	0.293	1.642	798.239	802.594	9.499	793	799	8	11	8	4
191	19.260	54.956	117	96	2817180	24078.461	6745.305	23462.000	14413	37693	563.077	823.043	9.239	1.369	0.294	1.400	562.999	823.069	9.272	560	819	8	7	9	4
192	15.145	46.958	92	66	2523939	27434.119	10832.445	24706.500	14307	55140	567.424	834.685	9.239	1.337	0.208	1.325	567.389	834.690	9.259	564	832	8	8	7	4
193	25.021	62.817	152	115	4247576	27944.578	9539.616	26721.500	14327	56049	566.388	871.118	9.033	1.511	0.265	1.520	566.439	871.094	9.045	562	868	8	10	8	4
194	11.194	34.925	68	55	1649132	24251.941	6846.329	22974.000	14320	45983	776.588	878.691	9.088	1.165	0.157	1.145	776.663	878.706	9.106	774	876	8	6	6	3
195	17.943	53.233	109	86	2538577	23289.697	6853.526	22115.000	14388	42437	822.119	879.303	9.413	1.410	0.336	1.442	822.212	879.295	9.379	819	876	8	7	8	4
196	6.914	27.995	42	41	778484	18535.334	3162.637	18173.500	14449	27969	837.214	876.262	9.381	0.950	0.268	0.937	837.230	876.234	9.356	835	873	8	6	7	3
197	8.066	34.132	49	45	894539	18255.898	3372.916	16946.000	14261	26952	866.490	898.898	8.980	1.039	0.253	1.061	866.450	898.901	8.991	863	896	8	7	6	3
198	25.351	64.955	154	108	4260690	27666.818	10119.451	24896.500	14277	52283	584.623	919.623	9.669	1.590	0.277	1.606	584.573	919.700	9.629	582	915	8	7	10	4
199	17.943	48.923	109	86	2904293	26644.891	9568.915	24271.000	14227	58781	823.963	925.422	9.018	1.344	0.203	1.364	824.025	925.584	9.012	821	922	8	7	8	3
200	9.054	32.305	55	46	1072304	19496.436	4246.842	17720.000	14488	30951	868.527	943.018	8.964	1.104	0.184	1.096	868.567	943.067	8.955	866	941	8	6	6	3
201	9.712	33.098	59	49	1235257	20936.559	4916.580	20166.000	14294	34073	627.119	947.288	8.966	1.122	0.185	1.124	627.080	947.215	8.970	625	945	8	6	6	3
202	19.918	52.129	121	95	3062060	25306.281	7849.801	23953.000	14486	49680	798.322	951.091	8.893	1.388	0.226	1.398	798.300	951.154	8.862	795	947	8	8	9	3
203	8.066	30.133	49	42	1040182	21228.203	5328.386	20880.000	14206	36686	756.531	955.347	9.041	1.057	0.193	1.093	756.515	955.349	9.025	755	953	8	5	6	3
204	19.260	54.923	117	84	3212766	27459.539	10259.664	24059.000	14223	51890	288.838	304.829	10.479	1.457	0.257	1.480	288.829	304.902	10.473	286	301	9	7	8	4
205	30.618	76.335	186	112	7412905	39854.328	19164.143	35767.500	14285	65535	560.565	392.016	11.473	1.907	0.463	1.813	560.641	391.961	11.438	557	388	9	8	8	6
206	5.761	23.789	35	35	640303	18294.371	2601.240	17565.000	14327	24741	564.057	551.429	9.343	0.850	0.219	0.852	564.061	551.411	9.306	562	549	9	5	6	2
207	3.128	16.859	19	19	321519	16922.053	2128.624	15821.000	14408	21247	382.947	555.368	9.000	0.761	0.303	0.806	382.921	555.419	9.000	381	553	9	6	5	1
208	2.634	22.273	16	16	245123	15320.188	868.812	15035.500	14220	16799	641.188	608.125	9.188	0.903	0.292	0.912	641.166	608.086	9.185	639	606	9	5	6	2
209	2.469	14.550	15	15	256712	17114.133	1712.901	17389.000	14663	19991	435.267	643.667	9.333	0.684	0.197	0.703	435.259	643.718	9.332	434	641	9	3	5	2
210	30.783	73.230	187	120	6724875	35961.898	16797.242	31846.000	14216	65535	381.235	652.551	10.545	1.737	0.254	1.752	381.326	652.540	10.524	377	649	9	10	8	5
211	10.700	36.511	65	54	1387006	21338.555	5152.713	19984.000	14264	33102	408.185	710.800	10.200	1.138	0.184	1.182	408.181	710.873	10.212	405	708	9	7	6	3
212	16.297	49.508	99	86	2238038	22606.445	6228.271	21165.000	14229	42896	457.596	739.960	9.758	1.276	0.296	1.302	457.572	740.024	9.730	454	736	9	8	8	3
213	32.923	82.058	200	125	7571477	37857.387	17925.396	33131.000	14266	65535	445.240	745.965	11.240	1.887	0.392	1.876	445.280	745.981	11.285	440	742	9	10	8	6
214	12.346	45.476	75	63	1633492	21779.893	6477.288	19956.000	14214	43144	755.467	747.613	10.347	1.181	0.303	1.210	755.415	747.559	10.400	753	744	9	6	8	4
215	4.445	20.135	27	27	467273	17306.408	2763.235	16843.000	14370	25210	786.259	824.000	9.407	0.808	0.220	0.773	786.251	824.004	9.417	784	823	9	6	4	2
216	23.704	60.990	144	107	3510300	24377.084	7572.055	22730.000	14279	42800	870.535	883.160	10.986	1.484	0.253	1.492	870.534	883.157	10.962	867	879	9	8	9	5
217	16.461	45.439	100	97	2057277	20572.770	3032.095	20693.500	14510	28999	876.680	890.000	10.450	1.240	0.342	1.299	876.744	889.950	10.460	873	887	9	9	7	3
218	12.511	37.994	76	63	1527255	20095.461	4644.570	19373.000	14237	32311	642.329	950.605	10.171	1.190	0.193	1.186	642.283	950.581	10.164	640	948	9	6	7	3
219	6.091	21.962	37	37	711158	19220.486	3620.604	18553.000	14284	26532	687.270	953.865	9.514	0.852	0.202	0.861	687.239	953.936	9.517	685	952	9	5	5	2
220	23.704	64.784	144	91	5167334	35884.266	17713.104	31600.500	14321	65535	483.701	409.104	11.819	1.672	0.343	1.633	483.718	409.144	11.765	480	406	10	9	7	5
221	17.614	52.647	107	79	2771311	25900.104	9337.287	24474.000	14298	46755	262.028	456.953	11.710	1.396	0.227	1.363	261.978	456.981	11.684	259	453	10	7	8	4
222	71.113	173.317	432	293	13213039	30585.738	14980.082	25110.000	14210	65535	638.968	584.674	13.576	2.552	0.837	2.639	638.943	584.278	13.322	631	578	10	15	14	8
223	23.375	61.542	142	99	4300887	30287.938	12635.164	28881.000	14484	62291	339.401	593.070	11.261	1.531	0.206	1.550	339.415	593.080	11.217	336	589	10	8	9	4
224	22.717	64.232	138	97	3862748	27990.928	10119.972	26980.500	14247	53398	675.239	641.913	11.812	1.546	0.308	1.518	675.185	641.987	11.839	672	638	10	8	8	5
225	6.255	35.133	38	38	625302	16455.316	1565.423	16410.500	14331	19411	689.895	655.842	10.737	1.051	0.427	0.922	689.867	655.847	10.750	688	653	10	6	8	3
226	1.975	13.067	12	12	203048	16920.666	1679.561	17075.000	14708	19471	390.500	682.000	10.667	0.686	0.191	0.685	390.503	682.019	10.691	389	680	10	4	4	2
227	19.095	54.682	116	79	3310402	28537.949	11353.525	25127.500	14340	59423	715.060	692.776	11.405	1.530	0.257	1.557	715.020	692.721	11.387	712	689	10	7	8	4
228	8.395	28.925	51	51	993750	19485.295	3577.118	19524.000	14226	28058	401.627	701.745	10.608	0.960	0.258	0.964	401.556	701.675	10.641	399	699	10	6	7	2
229	9.054	31.167	55	48	1226711	22303.836	5779.592	22565.000	14272	34358	734.073	712.309	10.727	1.047	0.199	1.066	734.121	712.339	10.693	732	710	10	5	6	3
230	14.486	42.648	88	67	2062389	23436.238	7738.050	20688.000	14280	45997	516.193	839.068	11.818	1.293	0.209	1.263	516.204	839.173	11.799	514	836	10	6	7	4
231	1.646	9.206	10	10	159783	15978.300	1133.147	16125.500	14537	17508	523.200	844.500	10.600	0.592	0.094	0.615	523.199	844.477	10.604	522	844	10	3	2	2
232	20.577	57.198	125	88	3235292	25882.336	9347.942	23936.000	14357	53799	849.272	850.672	11.224	1.510	0.265	1.512	849.226	850.756	11.164	846	847	10	7	8	4
233	10.371	37.512	63	51	1455717	23106.619	6613.259	21861.000	14213	39698	533.778	860.825	11.111	1.174	0.231	1.161	533.713	860.862	11.126	531	858	10	7	6	4
234	29.795	73.712	181	121	5054878	27927.502	10596.178	25721.000	14255	55101	883.116	880.050	11.448	1.719	0.291	1.714	883.072	880.044	11.398	878	876	10	11	9	4
235	30.454	75.539	185	125	4963670	26830.648	9036.270	25133.000	14365	50640	632.114	886.005	12.189	1.666	0.237	1.711	632.155	886.125	12.151	628	882	10	9	9	5
236	24.857	64.403	151	117	4244222	28107.430	10695.955	27144.000	14275	65535	596.060	940.722	11.662	1.546	0.299	1.552	596.010	940.476	11.685	592	937	10	8	10	4
237	19.589	54.578	119	80	3148092	26454.555	9702.276	23755.000	14247	48729	648.294	997.832	11.471	1.489	0.189	1.506	648.281	997.851	11.426	645	995	10	8	7	4
238	50.372	115.638	306	186	9409650	30750.490	13699.703	27510.500	14280	65535	461.941	353.405	13.781	2.348	0.757	2.364	461.931	353.662	13.930	458	348	11	9	12	8
239	45.927	99.502	279	163	10227418	36657.414	17369.676	33181.000	14225	65535	469.910	408.688	13.409	1.991	0.247	1.976	469.906	408.652	13.378	465	404	11	11	11	6
240	12.181	41.511	74	64	1759139	23772.148	6115.837	23733.000	14373	37216	447.392	435.635	12.500	1.151	0.262	1.199	447.437	435.655	12.486	444	433	11	7	6	4
241	6.749	28.443	41	41	693877	16923.830	1770.654	16386.000	14465	20918	296.585	445.293	11.512	0.922	0.265	0.878	296.585	445.278	11.512	294	442	11	6	7	2
242	47.409	100.881	288	172	10297933	35756.711	16433.203	32449.000	14442	65535	325.677	506.701	12.944	2.040	0.347	2.055	325.704	506.618	12.844	321	502	11	10	11	5
243	2.634	14.446	16	16	297455	18590.938	2240.011	18865.500	15083	22888	314.812	554.125	11.250	0.663	0.193	0.689	314.810	554.106	11.239	314	552	11	3	5	2
244	10.041	36.408	61	59	1255362	20579.705	4799.125	19374.000	14224	32952	651.049	604.689	12.475	1.089	0.374	1.076	651.038	604.618	12.463	647	602	11	8	6	4
245	19.918	55.475	121	85	3544500	29293.389	12283.201	24780.000	14434	63144	697.182	668.149	12.298	1.505	0.239	1.498	697.211	668.164	12.260	694	664	11	7	8	4
246	27.491	68.472	167	113	4844088	29006.516	10640.655	26954.000	14325	55477	571.419	694.162	13.317	1.630	0.233	1.640	571.418	694.107	13.267	568	690	11	8	9	5
247	18.931	52.751	115	80	3462754	30110.904	12676.532	26844.000	14365	63898	420.348	715.783	12.383	1.493	0.229	1.522	420.357	715.760	12.349	417	713	11	8	7	4
248	2.305	14.894	14	14	228163	16297.357	1659.411	16063.000	14374	19539	770.786	753.357	11.214	0.715	0.245	0.744	770.804	753.321	11.199	770	752	11	4	5	2
249	22.058	56.576	134	105	3144792	23468.598	6893.913	22198.000	14329	41051	821.709	809.478	12.127	1.437	0.251	1.453	821.711	809.388	12.135	818	806	11	8	8	3
250	9.877	32.891	60	58	1142109	19035.150	3386.517	18567.000	14292	26840	537.283	867.350	11.583	1.017	0.255	1.062	537.328	867.279	11.624	535	865	11	6	6	3
251	27.491	69.506	167	120	3926836	23513.988	7455.017	22015.000	14338	45265	785.569	967.216	12.269	1.615	0.277	1.637	785.726	967.309	12.291	781	963	11	9	9	4
252	19.260	60.059	117	96	2430575	20774.145	5632.512	18897.000	14213	35023	642.308	981.752	12.291	1.427	0.393	1.456	642.321	981.625	12.321	637	979	11	10	7	4
253	13.334	44.476	81	66	1903168	23495.900	8214.980	21807.000	14544	51585	414.086	205.370	12.926	1.243	0.224	1.225	414.097	205.362	12.917	411	203	12	8	6	3
254	31.606	77.229	192	133	5991908	31207.854	12830.186	28421.000	14477	65535	330.729	277.651	13.708	1.766	0.378	1.736	330.813	277.631	13.737	325	274	12	12	8	4
255	6.255	28.202	38	37	777295	20455.131	5525.040	18720.000	14225	42646	421.763	308.184	13.447	0.982	0.309	1.007	421.824	308.265	13.440	419	306	12	6	5	3
256	18.601	51.854	113	82	3488188	30868.920	11791.652	29065.000	14254	62658	258.646	324.531	13.752	1.432	0.239	1.426	258.629	324.575	13.798	255	322	12	8	6	4
257	15.474	44.027	94	75	2218137	23597.201	6314.496	23163.500	14284	37870	412.628	326.649	12.883	1.294	0.213	1.291	412.627	326.668	12.814	410	323	12	6	8	3
258	19.260	50.198	117	95	2921607	24971.000	7793.906	22612.000	14352	47698	391.162	331.419	12.778	1.377	0.260	1.390	391.178	331.542	12.707	388	328	12	7	9	3
259	14.815	59.715	90	83	1687512	18750.133	3830.888	17766.500	14343	31266	345.756	337.956	13.011	1.367	0.389	1.347	345.811	337.918	13.018	341	334	12	10	9	3
260	34.569	82.091	210	130	7160827	34099.176	16246.374	29830.500	14228	65535	336.786	376.957	14.062	1.838	0.295	1.875	336.777	376.893	14.102	332	374	12	10	7	5
261	39.837	84.470	242	142	9369293	38716.086	17534.229	35498.500	14217	65535	350.269	410.814	13.860	1.971	0.292	1.987	350.316	410.787	13.801	346	407	12	9	9	5
262	14.980	45.821	91	68	2332061	25627.045	7827.778	24029.000	14510	45532	470.824	426.703	13.209	1.324	0.234	1.315	470.853	426.717	13.195	468	424	12	6	7	4
263	34.898	84.333	212	125	8117048	38287.961	18158.990	36483.000	14278	65535	568.066	428.005	14.854	1.896	0.329	1.872	568.147	428.009	14.820	564	424	12	9	9	6
264	6.585	27.513	40	35	745491	18637.275	3728.432	17760.000	14272	30206	304.950	442.400	13.200	0.970	0.259	1.013	304.939	442.418	13.186	303	440	12	5	6	3
265	45.269	96.985	275	169	9246840	33624.871	14839.909	32225.000	14228	65535	460.105	468.131	14.102	2.039	0.374	2.057	460.165	468.164	14.101	455	464	12	11	9	5
266	20.577	56.716	125	88	4259815	34078.520	15393.508	30800.000	14292	65535	272.936	479.272	13.480	1.538	0.240	1.546	272.847	479.376	13.360	270	476	12	7	8	4
267	36.544	80.057	222	141	7736087	34847.238	15884.901	31095.000	14255	65535	478.320	485.099	13.662	1.840	0.249	1.818	478.299	485.181	13.642	475	481	12	8	9	5
268	6.914	29.685	42	40	786310	18721.666	3553.739	17824.500	14287	28952	385.738	597.905	13.286	0.943	0.264	0.928	385.711	597.920	13.262	383	595	12	6	6	3
269	41.977	112.499	255	184	6468621	25367.141	8811.404	23270.000	14315	49722	533.184	614.722	15.992	2.249	0.857	2.169	532.928	614.865	16.123	528	611	12	15	10	7
270	3.786	17.963	23	23	418660	18202.609	3418.833	17005.000	14477	28015	699.522	731.087	12.565	0.762	0.175	0.736	699.529	731.059	12.576	698	729	12	4	5	2
271	25.186	65.611	153	100	4030846	26345.398	9014.414	24665.000	14242	48903	763.007	746.196	14.203	1.632	0.278	1.596	763.050	746.159	14.208	760	743	12	8	8	5
272	4.280	22.618	26	25	465987	17922.576	3193.798	16972.500	14231	25187	463.385	780.308	12.885	0.854	0.269	0.907	463.299	780.316	12.881	461	779	12	6	4	3
273	9.383	32.442	57	57	1063040	18649.824	2465.154	18816.000	14366	23920	897.228	916.193	12.474	1.018	0.299	1.019	897.289	916.220	12.479	895	913	12	5	8	2
274	36.380	85.712	221	132	7482678	33858.273	15657.767	30728.000	14210	65535	740.081	972.367	14.502	1.886	0.314	1.857	740.170	972.426	14.485	736	968	12	9	9	6
275	14.651	45.613	89	74	2094032	23528.449	7085.175	22063.000	14440	42038	276.517	222.708	14.011	1.308	0.291	1.252	276.620	222.715	14.048	272	220	13	10	6	3
276	11.688	42.234	71	70	1399778	19715.184	4054.875	19463.000	14262	28918	406.042	268.268	13.549	1.147	0.368	1.125	406.064	268.301	13.536	403	264	13	7	9	3
277	12.017	40.751	73	73	1324381	18142.205	2669.812	17620.000	14216	24661	428.699	280.548	13.507	1.100	0.322	1.129	428.702	280.569	13.476	425	277	13	8	8	2
278	4.938	27.721	30	30	543612	18120.400	2841.814	18223.000	14231	26847	443.300	310.867	13.533	1.027	0.346	1.014	443.411	310.764	13.551	440	309	13	7	5	3
279	18.931	55.371	115	87	3307427	28760.234	11037.413	25422.000	14825	55744	249.148	329.104	14.296	1.515	0.396	1.526	249.129	329.185	14.320	245	327	13	10	6	4
280	34.569	82.299	210	130	7730964	36814.113	18259.807	31835.000	14254	65535	496.590	364.633	14.881	1.874	0.346	1.911	496.672	364.658	14.846	491	362	13	12	7	5
281	27.820	68.094	169	112	5792436	34274.770	16469.977	29007.000	14218	65535	555.314	403.953	14.769	1.691	0.262	1.701	555.336	403.924	14.759	551	401	13	9	7	5
282	20.248	58.336	123	92	3078113	25025.309	7979.480	22520.000	14294	44868	613.756	532.870	14.634	1.575	0.369	1.605	613.686	532.894	14.584	609	531	13	11	5	4
283	26.174	68.161	159	118	3479173	21881.592	5442.497	20762.000	14258	37918	442.566	605.050	14.088	1.546	0.303	1.553	442.611	604.983	14.092	438	601	13	10	9	4
284	21.894	74.334	133	104	2881419	21664.805	6458.372	19638.000	14227	43762	646.639	612.376	14.985	1.704	0.583	1.760	646.536	612.320	14.917	642	609	13	10	8	5
285	9.218	37.201	56	51	1002211	17896.625	2706.136	17591.500	14315	24239	521.571	617.054	14.179	1.054	0.271	1.093	521.563	617.036	14.164	519	614	13	7	7	3
286	10.865	38.201	66	53	1545588	23418.000	6123.739	22286.500	14388	39626	560.849	757.349	14.121	1.182	0.235	1.159	560.835	757.315	14.125	558	755	13	7	6	4
287	12.181	39.165	74	73	1314269	17760.393	2446.935	17513.500	14233	23844	754.378	860.081	13.541	1.110	0.325	1.132	754.415	860.060	13.557	751	857	13	8	7	3
288	9.548	37.063	58	51	1206996	20810.275	5126.493	19975.000	14321	32967	858.948	862.052	14.586	1.094	0.285	1.060	859.004	862.079	14.588	857	859	13	6	7	4
289	43.294	94.365	263	149	9758870	37105.969	17469.150	34372.000	14238	65535	374.643	223.677	16.281	2.011	0.283	1.979	374.683	223.682	16.277	371	219	14	9	10	6
290	42.635	95.710	259	148	9865338	38090.109	18545.879	35586.000	14210	65535	411.633	284.409	16.548	2.045	0.384	1.983	411.665	284.385	16.534	408	280	14	9	10	6
291	35.227	84.608	214	136	6607076	30874.188	13480.596	28226.500	14298	65535	479.701	302.949	16.131	1.857	0.327	1.856	479.667	303.016	16.075	475	299	14	11	8	5
292	43.458	104.019	264	164	8982578	34024.918	17142.635	28696.000	14260	65535	339.716	322.330	16.985	2.017	0.395	2.033	339.963	322.609	16.911	335	317	14	10	11	6
293	39.507	143.840	240	188	5146662	21444.426	7078.348	18953.000	14273	50284	512.033	335.671	16.004	2.415	0.879	2.394	512.000	335.741	16.164	503	330	14	20	11	6
294	28.807	73.334	175	117	5331797	30467.412	13011.398	27578.000	14447	65535	490.834	340.777	16.326	1.718	0.311	1.736	490.847	340.833	16.257	487	337	14	10	8	5
295	20.083	59.440	122	82	3925036	32172.426	16047.543	26825.000	14587	65535	474.090	346.762	15.861	1.599	0.388	1.561	474.078	346.736	15.824	471	344	14	7	7	5
296	32.264	74.920	196	121	6691124	34138.387	16071.128	27968.500	14241	65535	467.337	367.296	16.173	1.831	0.306	1.831	467.373	367.312	16.122	463	364	14	9	8	5
297	33.911	78.678	206	135	6926700	33624.758	15195.877	29459.000	14459	65535	489.456	375.602	16.442	1.798	0.284	1.791	489.469	375.665	16.426	486	372	14	8	9	6
298	3.622	16.480	22	22	417812	18991.455	2043.223	19097.500	15669	22513	608.273	544.091	14.500	0.748	0.179	0.713	608.305	544.083	14.485	606	543	14	5	3	2
299	13.334	45.510	81	73	1816603	22427.197	5261.842	23020.000	14273	32341	620.049	580.346	15.370	1.191	0.322	1.223	620.107	580.292	15.401	617	577	14	7	8	4
300	9.712	36.167	59	52	1183649	20061.848	4556.122	19679.000	14257	32429	365.356	622.102	15.254	1.099	0.251	1.091	365.334	622.118	15.279	363	619	14	6	7	3
301	9.383	34.340	57	52	1162809	20400.158	3889.073	21085.000	14249	27863	367.298	629.333	15.368	1.027	0.239	1.052	367.316	629.289	15.376	365	627	14	6	6	3
302	13.334	55.267	81	71	1473059	18185.914	3293.035	17429.000	14269	28362	609.741	652.025	16.346	1.570	0.603	1.490	609.805	652.129	16.426	606	648	14	8	8	5
303	26.832	68.368	163	114	4142855	25416.289	8903.396	22383.000	14323	48806	688.644	657.252	15.466	1.601	0.220	1.613	688.567	657.198	15.468	685	653	14	9	9	4
304	24.363	68.368	148	108	3746177	25312.006	9072.621	23729.500	14307	52750	444.507	734.007	16.041	1.594	0.340	1.618	444.451	733.923	16.016	440	731	14	10	8	5
305	26.009	64.818	158	105	4832399	30584.805	12652.363	28761.500	14214	59583	451.658	755.956	15.601	1.646	0.253	1.628	451.564	755.937	15.551	447	753	14	10	7	5
306	27.655	72.022	168	124	4047994	24095.203	8468.232	21623.500	14206	53266	498.458	796.113	16.149	1.620	0.317	1.636	498.411	796.116	16.122	495	792	14	9	9	5
307	12.017	41.407	73	62	1361538	18651.205	2920.268	18325.000	14279	24482	836.356	843.315	15.192	1.194	0.255	1.180	836.369	843.315	15.205	833	841	14	8	6	4
308	15.803	48.819	96	83	1878017	19562.678	3742.299	19018.500	14246	30947	866.865	877.260	14.760	1.270	0.275	1.284	866.944	877.218	14.753	863	874	14	8	8	3
309	13.334	41.062	81	62	1896689	23415.914	6613.843	21453.000	14429	41239	349.741	229.148	16.086	1.237	0.160	1.233	349.760	229.222	16.100	347	226	15	7	7	3
310	21.400	58.992	130	89	3955171	30424.393	14563.854	24682.000	14219	65535	296.985	235.254	16.400	1.555	0.289	1.523	296.866	235.190	16.439	294	232	15	8	7	5
311	12.181	36.960	74	60	1729134	23366.676	6384.189	21301.500	14488	38113	345.892	239.865	15.878	1.200	0.197	1.211	345.916	239.943	15.863	343	238	15	7	5	3
312	18.766	52.958	114	80	3840155	33685.570	15561.391	29286.500	14303	65535	300.360	247.342	16.535	1.510	0.281	1.548	300.295	247.379	16.512	298	245	15	7	6	5
313	21.564	58.199	131	88	4432891	33838.863	14736.014	30877.000	14276	65535	299.443	256.374	17.237	1.582	0.320	1.560	299.438	256.312	17.224	297	253	15	6	8	5
314	30.124	74.713	183	124	5294622	28932.361	12290.350	26013.000	14358	65535	332.464	263.803	16.945	1.719	0.306	1.757	332.384	263.776	16.911	328	261	15	10	7	5
315	37.861	115.055	230	158	8789463	38215.055	19029.398	33859.000	14288	65535	283.439	268.352	17.243	2.016	0.543	2.105	283.547	268.312	17.233	278	264	15	12	10	6
316	46.586	98.642	283	161	11525437	40725.926	19391.082	37363.000	14453	65535	388.756	275.739	17.820	2.121	0.385	2.104	388.807	275.760	17.846	385	272	15	9	9	7
317	30.289	70.506	184	118	5611721	30498.484	13762.581	27384.000	14270	63707	471.527	289.761	16.571	1.717	0.220	1.677	471.546	289.887	16.541	468	286	15	8	8	5
318	35.721	82.988	217	139	7525862	34681.391	15417.537	31273.000	14217	65535	267.982	292.982	17.217	1.888	0.348	1.903	268.062	293.073	17.227	265	288	15	7	11	5
319	44.775	113.017	272	185	8770950	32246.141	16553.033	26183.000	14314	65535	293.324	301.268	16.827	2.190	0.661	2.235	292.604	301.021	16.776	288	297	15	15	10	5
320	18.437	54.544	112	77	3669777	32765.865	15018.029	28157.500	14629	65535	426.268	299.625	16.777	1.520	0.342	1.428	426.307	299.638	16.759	423	297	15	8	6	5
321	21.400	60.611	130	99	3606993	27746.100	11596.178	24767.000	14342	65535	386.046	315.500	16.131	1.513	0.325	1.498	386.044	315.340	16.080	383	312	15	8	9	4
322	26.832	78.678	163	120	5001972	30686.945	14904.597	26756.000	14247	65535	311.466	316.135	16.325	1.815	0.625	1.675	311.167	315.761	16.355	307	313	15	11	11	5
323	30.289	73.300	184	118	6786326	36882.207	17268.738	32322.000	14237	65535	372.565	327.435	16.875	1.828	0.369	1.830	372.555	327.370	16.874	370	324	15	7	9	6
324	40.660	88.158	247	159	7759522	31415.068	12097.886	29972.000	14563	63061	298.628	342.093	17.194	1.911	0.364	1.904	298.528	342.016	17.174	293	339	15	12	8	5
325	36.874	101.295	224	159	6887830	30749.240	13598.780	26667.000	14265	65535	253.080	391.179	17.031	1.950	0.598	2.087	253.085	390.941	17.044	249	385	15	9	13	5
326	17.449	52.543	106	79	2582497	24363.180	8557.917	22586.500	14247	50838	436.679	398.340	16.217	1.427	0.313	1.384	436.664	398.326	16.207	434	394	15	6	9	4
327	40.001	88.124	243	147	8138022	33489.801	15449.202	28099.000	14250	65535	517.210	403.872	17.008	1.929	0.279	1.947	517.161	403.859	16.982	513	400	15	9	9	5
328	30.618	72.437	186	123	5724853	30778.779	13337.026	27402.500	14207	63701	348.145	437.339	17.355	1.731	0.272	1.733	348.132	437.363	17.332	344	434	15	9	8	5
329	31.606	84.296	192	138	4715166	24558.156	8211.571	23112.000	14411	51784	451.958	442.130	17.198	1.713	0.424	1.724	451.970	442.283	17.153	447	438	15	11	9	5
330	18.601	50.924	113	82	3669756	32475.717	14776.412	28624.000	14305	65535	477.381	449.451	16.549	1.484	0.239	1.516	477.422	449.465	16.523	474	447	15	7	6	4
331	18.272	53.992	111	82	3097491	27905.324	9895.755	26592.000	14465	58004	537.865	451.883	17.072	1.443	0.307	1.363	537.789	451.896	17.027	535	449	15	7	7	5
332	31.771	78.782	193	119	5996733	31071.156	13848.692	28292.000	14315	65535	551.938	455.731	17.140	1.785	0.263	1.783	551.922	455.692	17.101	548	452	15	9	9	5
333	22.552	63.817	137	98	3382358	24688.744	9130.803	21596.000	14442	58429	580.409	484.672	16.496	1.567	0.325	1.576	580.539	484.512	16.510	576	481	15	10	9	4
334	31.771	75.850	193	128	5504110	28518.705	10206.315	27241.000	14325	52804	356.041	508.259	17.114	1.756	0.315	1.777	356.066	508.280	17.087	352	504	15	9	9	5
335	23.375	61.749	142	103	3865995	27225.316	9662.714	25975.000	14234	54443	574.176	510.035	16.972	1.532	0.284	1.546	574.202	510.029	16.960	571	507	15	8	7	5
336	48.726	109.638	296	188	9495952	32080.918	14581.159	28957.000	14315	65535	439.551	509.355	17.764	2.074	0.448	2.045	439.964	509.311	17.722	432	505	15	14	10	6
337	15.309	45.476	93	67	2348522	25252.924	8507.665	24063.000	14230	45764	591.323	515.323	16.634	1.381	0.247	1.380	591.353	515.335	16.652	588	513	15	7	6	4
338	20.906	57.991	127	86	3442728	27108.094	10617.358	23383.000	14252	58281	503.142	516.409	16.417	1.545	0.238	1.546	503.126	516.418	16.373	500	513	15	8	8	4
339	20.083	57.335	122	91	2863612	23472.230	7019.593	21464.000	14390	40148	577.795	533.320	16.549	1.452	0.257	1.488	577.875	533.310	16.547	574	530	15	9	8	4
340	30.289	79.953	184	129	4523355	24583.451	7114.562	23619.500	14304	42769	527.924	537.533	17.207	1.799	0.434	1.858	528.025	537.416	17.180	523	533	15	9	10	5
341	35.063	86.090	213	142	6284672	29505.502	12773.777	25780.000	14370	63852	336.991	537.174	16.756	1.873	0.422	1.842	337.356	537.180	16.677	330	534	15	13	7	5
342	24.528	61.886	149	106	3774599	25332.879	8305.457	24144.000	14289	45548	559.027	564.671	16.705	1.554	0.240	1.575	559.022	564.568	16.724	555	561	15	9	8	4
343	21.729	59.025	132	99	3520790	26672.652	10023.401	24660.000	14555	54910	469.235	576.318	16.689	1.575	0.336	1.582	469.256	576.381	16.652	465	573	15	9	7	4
344	33.911	80.746	206	130	6011034	29179.777	12515.730	25569.500	14231	65535	434.209	580.515	17.199	1.801	0.303	1.806	434.084	580.610	17.179	430	577	15	10	8	5
345	23.869	64.818	145	103	3619649	24963.096	8051.337	23289.000	14269	43339	360.566	611.048	16.690	1.625	0.355	1.631	360.570	610.992	16.705	358	607	15	7	10	4
346	14.651	43.201	89	69	2379655	26737.697	9014.823	25104.000	14400	49625	579.416	625.596	16.831	1.302	0.222	1.285	579.369	625.603	16.828	577	623	15	6	6	4
347	3.292	21.272	20	20	331906	16595.301	2028.813	15470.000	14561	19899	617.100	724.050	15.100	0.986	0.500	0.920	617.136	724.046	15.089	613	722	15	8	6	2
348	10.865	37.683	66	66	1204997	18257.531	2440.033	18243.500	14405	23353	798.864	843.545	15.576	1.103	0.363	1.091	798.928	843.537	15.591	795	840	15	8	8	2
349	17.284	53.922	105	85	2219805	21141.000	5125.265	20122.000	14228	33139	556.457	879.343	16.781	1.358	0.289	1.340	556.403	879.335	16.760	553	875	15	8	9	4
350	13.663	44.372	83	76	1719018	20711.061	3925.631	20513.000	14330	33406	599.771	927.494	16.542	1.198	0.336	1.203	599.832	927.455	16.506	596	925	15	9	6	4
351	12.181	38.891	74	58	1624973	21959.094	6431.193	20496.500	14299	43950	666.243	1001.662	16.108	1.217	0.201	1.193	666.179	1001.679	16.089	664	999	15	6	6	4
352	15.145	43.890	92	73	2471798	26867.369	8882.160	25240.000	14311	49780	411.804	215.250	17.141	1.308	0.248	1.305	411.786	215.376	17.134	409	212	16	6	7	4
353	4.774	20.928	29	29	535272	18457.654	3244.931	17977.000	14242	26307	305.724	259.138	16.483	0.790	0.170	0.788	305.761	259.169	16.477	304	257	16	4	5	2
354	11.029	37.304	67	56	1472448	21976.836	6132.021	20413.000	14239	38372	322.388	307.910	17.134	1.151	0.191	1.158	322.421	307.867	17.152	319	305	16	7	7	3
355	21.071	59.233	128	95	3111614	24309.484	7872.342	23011.500	14249	43469	467.484	306.477	17.680	1.596	0.388	1.633	467.581	306.479	17.704	463	304	16	10	6	4
356	11.358	37.994	69	60	1501537	21761.406	5423.614	21007.000	14224	38047	338.261	342.145	17.188	1.168	0.263	1.186	338.259	342.224	17.159	335	339	16	7	7	3
357	11.358	37.304	69	57	1505555	21819.637	5873.140	21144.000	14281	38688	425.362	378.551	17.072	1.173	0.191	1.166	425.392	378.557	17.079	422	376	16	7	6	3
358	39.672	89.952	241	155	7408494	30740.639	12891.669	27650.000	14255	61763	523.290	380.050	17.921	1.947	0.408	1.975	523.188	380.103	17.899	517	377	16	13	7	5
359	20.083	60.370	122	90	3436389	28167.123	11155.626	23938.500	14301	55596	360.852	389.393	17.574	1.630	0.453	1.617	360.772	389.422	17.564	359	384	16	5	12	4
360	17.284	56.198	105	88	2045336	19479.391	3534.411	18796.000	14237	28634	487.324	398.724	17.867	1.388	0.374	1.326	487.206	398.704	17.835	483	396	16	10	7	4
361	34.734	78.092	211	136	7379536	34974.105	15880.755	31003.000	14522	65535	541.365	412.308	17.962	1.900	0.383	1.991	541.377	412.235	17.886	536	410	16	11	6	5
362	31.112	72.126	189	127	5310289	28096.768	10501.646	25210.000	14228	56246	288.058	414.021	17.598	1.730	0.296	1.733	288.291	414.084	17.558	283	411	16	10	7	5
363	21.894	69.024	133	108	3148832	23675.428	8038.155	21533.000	14405	53750	336.241	429.789	17.835	1.597	0.462	1.637	336.232	429.418	17.754	334	426	16	6	10	4
364	31.441	75.298	191	127	5113579	26772.664	8885.408	25489.000	14280	49711	403.707	428.366	18.016	1.707	0.318	1.728	403.699	428.350	18.016	400	425	16	9	8	5
365	17.284	56.405	105	85	2650204	25240.039	7533.828	25158.000	14316	44638	292.914	437.552	17.276	1.376	0.343	1.361	292.958	437.679	17.239	289	434	16	8	9	4
366	23.046	60.923	140	96	4045642	28897.443	12694.382	24236.500	14265	64255	298.614	445.593	17.936	1.643	0.383	1.593	298.629	445.575	17.932	296	442	16	6	8	5
367	1.646	10.688	10	10	169249	16924.900	2244.045	16999.500	14459	20253	494.700	453.800	16.800	0.561	0.192	0.563	494.705	453.765	16.825	493	453	16	4	3	2
368	12.511	55.267	76	70	1328782	17483.975	2654.475	16808.000	14232	25228	540.566	463.908	16.947	1.445	0.526	1.465	540.699	463.923	16.958	535	461	16	11	8	3
369	18.437	53.474	112	93	2264577	20219.438	4481.509	19794.000	14259	32809	447.304	470.795	16.911	1.413	0.329	1.360	447.271	470.715	16.914	445	467	16	6	9	3
370	19.260	59.129	117	90	2910068	24872.377	7846.334	23511.000	14265	46481	555.085	473.333	17.103	1.429	0.281	1.394	555.024	473.393	17.096	552	468	16	8	10	4
371	3.786	23.652	23	23	358783	15599.261	1182.072	15405.000	14364	18972	549.217	513.696	17.087	0.943	0.458	0.921	549.226	513.704	17.081	546	512	16	8	4	3
372	10.371	35.236	63	49	1515064	24048.635	7847.922	22298.000	14213	45139	429.270	528.095	17.159	1.182	0.230	1.174	429.279	528.008	17.119	427	526	16	5	6	4
373	20.248	55.267	123	85	2877087	23390.951	6933.303	21454.000	14442	40614	448.480	529.772	17.431	1.506	0.216	1.532	448.461	529.776	17.407	445	527	16	8	7	4
374	30.947	76.506	188	125	6040132	32128.361	14352.181	28574.500	14229	65535	361.420	533.670	17.660	1.750	0.306	1.721	361.365	533.675	17.635	357	531	16	10	7	5
375	5.761	26.479	35	32	771598	22045.656	6301.353	20014.000	14289	35060	521.457	566.714	17.143	0.965	0.277	0.999	521.468	566.689	17.175	520	564	16	4	6	3
376	28.972	67.782	176	125	4965537	28213.279	10311.349	26753.500	14241	59703	472.920	597.977	17.375	1.667	0.239	1.649	473.005	598.016	17.353	469	594	16	9	8	4
377	4.280	22.514	26	26	416121	16004.654	1921.533	15318.000	14336	21164	517.654	600.731	16.500	0.817	0.216	0.820	517.653	600.728	16.519	516	598	16	5	6	2
378	8.725	31.271	53	44	1131625	21351.416	4860.018	20360.000	14282	32558	536.019	602.528	16.792	1.070	0.198	1.072	535.991	602.558	16.762	534	600	16	5	6	3
379	16.955	53.337	103	78	2429626	23588.602	7973.547	21418.000	14290	49342	407.476	604.049	17.350	1.389	0.260	1.389	407.485	603.996	17.345	404	601	16	9	7	4
380	22.058	57.647	134	92	3814581	28467.021	10290.905	25097.500	14288	52195	418.604	613.276	17.582	1.546	0.223	1.547	418.609	613.269	17.549	416	610	16	8	7	5
381	16.955	51.509	103	75	2416372	23459.922	6375.632	22390.000	14269	37582	474.748	629.214	17.650	1.396	0.240	1.393	474.754	629.251	17.633	471	626	16	8	7	4
382	12.675	43.923	77	70	1351352	17550.025	2473.177	17048.000	14296	24039	602.078	648.506	17.221	1.209	0.347	1.215	602.035	648.513	17.210	599	645	16	7	8	3
383	16.791	52.095	102	81	2382128	23354.195	6825.662	22137.500	14229	39516	547.775	655.137	17.235	1.339	0.233	1.359	547.788	655.107	17.244	544	652	16	8	8	4
384	4.445	21.031	27	24	502212	18600.445	3425.288	17670.000	14251	27672	655.926	655.815	16.815	0.877	0.223	0.888	655.950	655.762	16.820	654	654	16	5	4	3
385	13.828	47.062	84	65	1960489	23339.154	7062.982	21619.500	14221	38650	597.619	659.845	17.488	1.335	0.302	1.401	597.642	659.804	17.504	595	656	16	6	8	4
386	10.206	38.305	62	50	1383691	22317.598	6431.288	20685.500	14416	37532	633.903	669.903	17.581	1.175	0.314	1.098	633.924	669.887	17.573	632	667	16	5	7	4
387	14.157	43.201	86	67	2202662	25612.350	8023.713	23593.000	14614	49246	620.419	677.105	17.779	1.289	0.256	1.304	620.366	677.184	17.780	618	674	16	6	7	4
388	1.811	11.722	11	11	168902	15354.728	715.319	15268.000	14281	16563	674.727	679.545	16.000	0.628	0.315	0.614	674.734	679.541	16.000	674	677	16	3	6	1
389	5.103	20.479	31	31	580378	18721.871	3047.712	18445.000	14260	26226	677.161	687.645	16.484	0.800	0.172	0.825	677.142	687.632	16.505	675	686	16	5	5	2
390	20.577	56.164	125	92	3145114	25160.912	7988.076	23239.000	14255	42958	528.960	689.464	17.744	1.489	0.256	1.483	528.871	689.510	17.735	526	687	16	8	7	4
391	11.194	37.201	68	59	1415273	20812.838	4741.998	20289.000	14209	32141	614.765	688.426	17.235	1.131	0.236	1.157	614.800	688.410	17.269	612	685	16	7	7	3
392	24.692	64.540	150	116	3123712	20824.746	4747.715	19988.000	14420	38150	684.773	700.407	16.993	1.525	0.325	1.491	684.693	700.464	16.963	681	696	16	9	10	3
393	14.815	46.510	90	67	2340043	26000.479	9827.674	22328.500	14306	51529	601.467	713.411	17.544	1.351	0.264	1.340	601.567	713.317	17.579	599	710	16	6	8	4
394	19.095	56.783	116	96	2444767	21075.578	5470.376	19460.500	14317	34371	463.181	725.121	17.250	1.360	0.276	1.395	463.153	725.263	17.266	459	721	16	9	8	4
395	18.108	55.853	110	86	2396373	21785.209	5477.370	20756.500	14244	36247	625.145	727.264	17.182	1.390	0.324	1.360	625.054	727.320	17.195	622	723	16	8	9	4
396	25.680	67.782	156	111	3978579	25503.711	8993.835	23188.500	14211	48484	476.885	730.032	17.429	1.586	0.241	1.592	476.870	730.064	17.390	473	727	16	10	8	4
397	18.437	52.199	112	83	2807036	25062.822	8947.783	22345.500	14306	51839	644.527	763.312	17.268	1.410	0.236	1.416	644.551	763.314	17.249	641	761	16	8	6	4
398	10.865	48.819	66	65	1123903	17028.834	1986.110	16634.500	14266	22310	713.621	798.682	17.333	1.296	0.490	1.288	713.482	798.671	17.313	708	796	16	11	6	3
399	22.881	63.128	139	101	3180764	22883.193	6837.241	20656.000	14220	40550	639.755	810.317	17.489	1.548	0.261	1.556	639.667	810.249	17.487	635	807	16	10	7	4
400	13.334	41.270	81	57	1992779	24602.209	7593.086	22562.000	14829	42413	740.580	819.123	17.457	1.318	0.221	1.283	740.565	819.085	17.418	738	816	16	6	7	4
401	5.761	28.651	35	32	603516	17243.314	2691.692	16678.000	14215	25852	655.971	825.600	17.114	0.947	0.275	0.966	655.918	825.587	17.089	653	824	16	7	5	3
402	6.091	25.479	37	36	682603	18448.730	3501.286	17440.000	14307	26827	544.622	830.703	17.405	0.899	0.268	0.852	544.632	830.681	17.391	542	828	16	6	6	3
403	8.231	31.719	50	43	890048	17800.961	3175.593	17069.500	14223	27716	824.680	862.720	17.020	1.065	0.200	1.091	824.680	862.735	17.030	822	861	16	6	5	3
404	19.095	56.509	116	84	3086277	26605.836	8925.170	25181.500	14241	46631	708.733	863.966	18.000	1.431	0.252	1.400	708.671	863.952	17.967	705	861	16	8	7	5
405	3.951	20.687	24	24	392530	16355.417	1549.428	16073.000	14428	19453	551.833	870.250	16.500	0.766	0.172	0.748	551.830	870.242	16.501	550	868	16	5	5	2
406	13.334	43.201	81	64	1976796	24404.889	6987.008	23038.000	14252	40496	773.272	873.926	17.901	1.271	0.247	1.255	773.272	873.935	17.909	771	870	16	6	8	4
407	11.523	51.165	70	64	1214605	17351.500	2315.288	16903.000	14286	24062	560.529	899.914	17.257	1.182	0.327	1.261	560.459	899.888	17.256	558	897	16	7	7	3
408	11.852	42.408	72	58	1648737	22899.125	7269.626	20410.000	14364	46887	593.181	907.431	17.653	1.243	0.324	1.281	593.159	907.313	17.635	590	905	16	7	6	4
409	19.589	55.612	119	84	2657417	22331.234	6141.012	20574.000	14330	38582	690.908	993.513	17.420	1.460	0.209	1.488	690.919	993.560	17.389	688	990	16	7	8	4
410	6.091	24.341	37	37	727233	19654.945	3651.351	19041.000	14431	28227	249.811	378.108	17.541	0.893	0.246	0.903	249.785	378.154	17.553	247	376	17	6	6	2
411	12.346	39.891	75	53	1827356	24364.746	8080.464	21707.000	14325	42712	283.547	478.427	18.613	1.329	0.253	1.350	283.538	478.372	18.634	281	476	17	6	6	4
412	4.115	21.721	25	25	418029	16721.160	1966.586	16150.000	14218	22044	370.680	535.400	17.840	0.917	0.363	1.000	370.673	535.332	17.856	369	532	17	4	7	3
413	7.078	27.650	43	43	760969	17696.953	2016.118	17419.000	14467	21723	528.186	549.465	17.488	0.916	0.246	0.911	528.142	549.423	17.463	526	547	17	6	6	2
414	5.103	24.237	31	31	516458	16659.936	1872.665	16117.000	14290	20257	516.065	557.548	17.290	0.850	0.257	0.841	516.067	557.580	17.279	514	554	17	5	7	2
415	1.975	13.308	12	12	181212	15101.000	699.624	15123.000	14245	16122	439.083	557.417	17.083	0.666	0.243	0.684	439.089	557.416	17.079	438	556	17	4	5	2
416	1.646	9.999	10	10	218171	21817.100	6797.444	21283.500	14269	32374	529.000	569.500	17.400	0.597	0.101	0.601	528.952	569.521	17.415	528	569	17	3	2	2
417	4.280	22.514	26	26	461844	17763.230	1486.805	17548.500	15214	21062	482.962	583.000	17.654	0.813	0.241	0.804	482.993	582.986	17.667	481	581	17	5	6	2
418	2.140	13.757	13	13	204420	15724.615	1756.866	15232.000	14210	20782	573.308	585.538	17.385	0.658	0.153	0.683	573.300	585.518	17.364	572	584	17	4	4	2
419	4.938	23.307	30	27	513707	17123.566	2119.600	16781.000	14283	22588	590.700	590.600	17.767	0.902	0.239	0.941	590.704	590.620	17.760	589	589	17	5	5	3
420	3.457	17.514	21	19	356300	16966.666	1876.953	16709.000	14401	20931	394.476	654.524	18.143	0.767	0.223	0.683	394.491	654.520	18.153	393	653	17	4	4	3
421	3.457	17.963	21	21	355031	16906.238	2240.104	16660.000	14423	23041	399.476	657.429	17.571	0.730	0.152	0.774	399.501	657.474	17.597	398	656	17	4	4	2
422	9.877	36.167	60	49	1176618	19610.301	4061.362	19001.500	14246	31028	556.133	659.350	17.983	1.119	0.160	1.112	556.157	659.343	17.982	553	657	17	7	6	3
423	22.717	62.920	138	107	2934716	21266.059	5630.972	20225.000	14225	41216	659.406	678.812	18.210	1.514	0.314	1.515	659.373	678.977	18.186	655	675	17	9	8	4
424	22.388	56.680	136	106	3441703	25306.641	6749.463	25028.000	14220	40912	505.757	689.669	17.934	1.446	0.249	1.457	505.715	689.654	17.905	502	686	17	9	8	3
425	11.194	42.063	68	56	1552231	22826.926	5962.399	22182.000	14290	37778	601.824	700.353	18.265	1.247	0.355	1.252	601.802	700.391	18.248	600	696	17	5	9	4
426	9.548	43.130	58	58	975076	16811.654	1955.744	16583.000	14209	22343	505.690	717.052	17.310	1.304	0.456	1.380	505.655	717.084	17.292	502	714	17	9	8	2
427	9.218	39.925	56	55	934831	16693.410	1697.968	16606.500	14276	21597	671.089	714.536	18.429	1.043	0.302	1.080	671.100	714.564	18.413	668	712	17	7	7	3
428	2.305	14.446	14	14	222642	15903.000	1381.270	15785.000	14232	19181	683.500	722.929	17.857	0.636	0.249	0.638	683.515	722.924	17.867	681	721	17	5	4	2
429	2.305	13.998	14	14	226545	16181.786	1423.025	15629.500	14266	18797	690.643	724.929	17.929	0.674	0.286	0.704	690.633	724.962	17.937	688	723	17	5	5	2
430	1.646	10.240	10	10	160991	16099.100	1435.032	15749.500	14642	19362	527.500	757.400	17.900	0.602	0.297	0.624	527.530	757.347	17.909	527	755	17	2	5	2
431	5.926	24.789	36	33	702518	19514.389	3730.489	19474.500	14253	28047	775.194	786.333	17.667	0.904	0.207	0.860	775.226	786.292	17.658	773	785	17	5	4	3
432	8.231	30.823	50	45	901353	18027.061	2564.172	17621.500	14407	24306	537.340	814.440	17.900	1.058	0.236	1.082	537.359	814.434	17.883	535	812	17	6	6	3
433	14.486	48.200	88	70	1976504	22460.273	5438.893	22048.500	14250	36741	713.193	828.750	18.136	1.323	0.294	1.305	713.224	828.818	18.124	710	825	17	7	8	4
434	15.145	42.545	92	75	2022773	21986.662	4846.428	21901.000	14754	35201	761.207	835.446	18.130	1.274	0.209	1.279	761.197	835.465	18.132	758	833	17	7	6	4
435	8.066	30.237	49	43	942944	19243.756	4081.319	18410.000	14251	29458	625.061	849.571	18.204	1.032	0.219	1.059	625.037	849.583	18.242	623	847	17	5	6	3
436	11.194	36.856	68	56	1489484	21904.176	5472.982	20269.000	14453	36159	681.735	895.559	17.868	1.160	0.201	1.149	681.714	895.548	17.856	678	893	17	8	6	3
437	9.383	30.926	57	48	1336949	23455.246	6239.020	21950.000	15013	37684	759.754	898.018	18.000	1.101	0.163	1.088	759.732	897.992	17.941	758	896	17	5	5	3
438	13.169	41.407	80	70	1681231	21015.387	4693.106	19957.500	14243	31459	785.050	904.888	18.188	1.239	0.261	1.235	785.019	904.888	18.228	783	901	17	6	9	3
439	13.005	41.303	79	67	1506856	19074.127	3832.043	17514.000	14724	30475	792.215	919.924	18.127	1.217	0.214	1.210	792.252	920.009	18.122	789	917	17	7	7	3
440	20.741	57.094	126	89	2868502	22765.889	6654.593	21307.500	14240	39740	803.167	924.500	18.325	1.489	0.223	1.487	803.120	924.468	18.322	799	921	17	9	7	4
441	3.128	16.032	19	19	303456	15971.368	1191.327	15652.000	14333	18130	865.474	926.842	17.368	0.729	0.197	0.724	865.489	926.851	17.374	863	925	17	5	4	2
442	16.955	50.094	103	93	2118894	20571.787	4378.533	19971.000	14252	30071	714.369	940.320	17.660	1.308	0.317	1.313	714.407	940.253	17.645	711	936	17	8	9	3
443	3.457	17.963	21	21	375077	17860.809	2614.303	17235.000	14428	22894	844.571	937.810	17.524	0.740	0.170	0.725	844.526	937.845	17.528	843	936	17	5	4	2
444	12.675	46.062	77	69	1441313	18718.352	2724.234	18800.000	14286	26039	625.506	949.299	18.494	1.199	0.314	1.234	625.487	949.227	18.510	622	946	17	7	8	4
445	5.926	22.410	36	36	684898	19024.945	3397.171	18462.500	14452	26482	711.917	951.861	17.528	0.836	0.182	0.860	711.947	951.849	17.528	710	950	17	5	5	2
446	3.786	20.342	23	21	387074	16829.305	2647.010	15557.000	14219	22146	736.565	951.261	18.000	0.837	0.247	0.978	736.575	951.250	17.993	735	950	17	5	4	3
447	13.663	43.545	83	64	1977537	23825.746	7354.898	22641.000	14269	41662	839.289	959.590	18.157	1.271	0.214	1.257	839.298	959.559	18.151	837	957	17	6	6	4
448	4.609	22.514	28	26	483117	17254.178	2073.806	16953.000	14293	21979	800.286	958.821	18.286	0.845	0.205	0.846	800.294	958.824	18.286	798	957	17	5	5	3
449	13.169	45.372	80	68	1502044	18775.551	3347.936	18365.500	14307	26928	782.175	971.075	18.237	1.215	0.267	1.240	782.107	971.073	18.240	779	968	17	7	7	4
450	12.346	41.855	75	61	1564275	20857.000	4940.052	19644.000	14231	33026	750.120	972.520	18.040	1.197	0.218	1.206	750.105	972.456	18.057	747	970	17	7	7	3
451	6.585	28.651	40	34	714265	17856.625	2762.185	17192.500	14390	24490	664.100	973.475	18.175	1.005	0.214	1.012	664.105	973.448	18.166	662	971	17	5	6	3
452	11.358	37.994	69	61	1275291	18482.479	2722.229	18130.000	14233	24083	677.565	1005.797	17.754	1.155	0.255	1.187	677.540	1005.779	17.738	675	1003	17	6	6	3
453	10.206	33.891	62	50	1289548	20799.162	4787.188	19667.000	14327	34373	669.000	939.887	18.919	1.139	0.163	1.172	668.984	939.856	18.899	667	937	18	5	7	3
