 	Volume (micron^3)	Surface (micron^2)	Nb of obj. voxels	Nb of surf. voxels	IntDen	Mean	StdDev	Median	Min	Max	X	Y	Z	Mean dist. to surf. (micron)	SD dist. to surf. (micron)	Median dist. to surf. (micron)	XM	YM	ZM	BX	BY	BZ	B-width	B-height	B-depth
1	34.240	81.435	208	136	5716218	27481.816	13072.623	24849.500	11048	62766	13.822	378.986	7.312	1.774	0.272	1.777	13.845	378.898	7.276	9	375	5	11	9	5
2	26.832	71.644	163	108	4265576	26169.178	13664.138	22077.000	10919	65535	58.067	526.595	7.086	1.664	0.325	1.656	58.089	526.409	7.067	54	523	5	9	9	5
3	12.346	40.236	75	55	1704966	22732.881	9160.866	19871.000	11219	44621	124.667	538.627	6.720	1.287	0.262	1.258	124.681	538.692	6.710	122	536	5	6	7	4
4	24.528	63.472	149	110	3761109	25242.342	11823.904	22690.000	10930	63278	101.577	620.658	7.087	1.564	0.358	1.532	101.673	620.487	7.082	99	616	5	7	10	5
5	17.284	50.061	105	82	2109952	20094.781	7622.203	18036.000	11098	46554	423.362	781.324	6.905	1.336	0.209	1.329	423.295	781.368	6.879	420	778	5	8	8	4
6	22.223	59.681	135	91	3960209	29334.881	15650.144	25035.000	11019	65535	406.393	804.341	7.311	1.577	0.256	1.577	406.368	804.292	7.260	403	801	5	7	8	5
7	48.397	108.637	294	192	6935539	23590.270	11266.737	20093.000	10908	65535	20.384	411.486	7.752	2.135	0.515	2.152	20.680	411.663	7.775	13	408	6	14	9	5
8	27.655	67.438	168	113	4383636	26093.072	13011.723	22843.000	10962	64775	45.845	434.982	8.476	1.670	0.248	1.670	45.778	434.916	8.451	42	432	6	9	8	5
9	32.923	73.505	200	129	5648277	28241.385	14549.437	22418.500	10941	65535	113.125	483.710	7.680	1.737	0.204	1.744	113.124	483.763	7.641	109	479	6	9	10	4
10	23.869	66.196	145	105	3241454	22354.855	8742.919	22201.000	11108	47427	67.000	494.579	8.014	1.530	0.279	1.502	67.057	494.628	7.988	63	491	6	9	8	5
11	23.375	60.819	142	100	3642525	25651.584	12463.877	22566.500	10942	62700	7.782	521.232	7.937	1.616	0.347	1.607	7.685	521.279	7.880	6	517	6	6	9	5
12	13.992	42.752	85	68	2151523	25312.035	11256.931	23503.000	11463	55511	117.141	534.729	7.106	1.258	0.194	1.252	117.143	534.752	7.085	114	532	6	7	6	4
13	32.923	77.333	200	131	5544109	27720.545	14326.629	23206.000	10971	65535	90.070	569.405	8.375	1.752	0.227	1.742	90.200	569.485	8.296	85	565	6	10	9	5
14	20.906	55.957	127	87	3078341	24238.906	10796.922	21121.000	11020	52301	83.591	629.969	7.622	1.496	0.186	1.510	83.619	629.947	7.622	80	627	6	8	7	4
15	27.491	74.713	167	121	3795735	22728.951	10325.171	20166.000	10984	57372	246.713	627.293	8.240	1.701	0.433	1.780	246.842	627.578	8.177	243	622	6	9	10	5
16	37.697	85.297	229	147	6304308	27529.729	14052.198	23853.000	10952	65535	94.354	633.074	8.380	1.847	0.276	1.854	94.516	633.182	8.367	90	629	6	10	9	5
17	35.063	81.987	213	138	5607582	26326.676	12416.664	24957.000	10915	58868	300.146	649.775	7.972	1.811	0.319	1.856	300.129	649.822	7.933	296	646	6	10	8	5
18	57.121	136.150	347	227	8468463	24404.793	11521.739	21549.000	10917	58645	361.585	700.037	8.190	2.337	0.744	2.328	361.738	699.745	8.121	357	693	6	10	17	5
19	33.252	80.609	202	125	6104273	30219.174	16987.037	24289.500	11097	65535	315.896	715.054	8.624	1.800	0.256	1.784	315.809	715.109	8.646	312	711	6	9	9	6
20	36.380	84.263	221	138	6446113	29167.932	16299.452	23829.000	11030	65535	418.538	756.281	7.787	1.841	0.260	1.855	418.656	756.279	7.737	413	753	6	11	8	5
21	35.721	77.574	217	141	6637153	30585.959	15299.385	26376.000	11047	65535	352.668	783.309	8.548	1.799	0.242	1.776	352.689	783.353	8.527	348	779	6	10	9	5
22	18.931	54.544	115	77	3157429	27455.904	14332.833	24038.000	10985	65535	598.339	842.061	7.783	1.549	0.353	1.534	598.311	842.061	7.755	595	840	6	8	5	5
23	24.034	69.332	146	123	2336756	16005.178	3885.940	14986.500	10929	27180	571.726	842.911	7.370	1.510	0.405	1.534	571.739	843.045	7.360	567	838	6	10	10	4
24	14.321	45.717	87	69	1772937	20378.586	8499.626	16520.000	11040	43120	690.126	878.437	7.494	1.283	0.248	1.304	690.150	878.511	7.476	687	875	6	7	7	4
25	22.058	60.611	134	93	3351582	25011.807	11566.031	22122.000	11239	60655	696.582	886.075	7.933	1.514	0.274	1.487	696.623	886.049	7.908	693	883	6	8	8	5
26	1.646	12.033	10	10	168721	16872.100	3584.938	16429.000	11540	21933	5.000	366.200	7.700	0.757	0.278	0.773	5.000	366.281	7.683	5	364	7	1	5	3
27	16.461	51.888	100	86	1688700	16887.000	4699.099	16206.500	11044	32466	38.250	417.660	8.680	1.372	0.401	1.379	38.317	417.900	8.699	36	413	7	6	10	4
28	15.474	48.682	94	74	1716657	18262.309	5772.069	16466.000	11081	32324	36.191	455.819	8.255	1.308	0.265	1.303	36.127	455.844	8.262	33	452	7	7	8	4
29	28.643	73.023	174	117	3828624	22003.586	8237.896	19925.500	11009	44656	119.218	466.063	9.385	1.658	0.222	1.669	119.255	466.129	9.382	116	462	7	8	10	5
30	42.964	93.743	261	172	6270507	24024.932	10404.008	21518.000	10928	54410	79.172	471.199	8.839	1.936	0.402	1.934	79.229	471.148	8.849	73	468	7	13	8	5
31	24.363	59.922	148	102	4063254	27454.418	14130.505	22687.000	11024	65535	53.000	471.088	8.743	1.578	0.227	1.532	53.067	471.198	8.748	50	468	7	7	7	5
32	17.284	52.440	105	82	1936519	18443.039	5775.847	17986.000	11055	34868	105.848	475.190	8.095	1.331	0.223	1.336	105.820	475.205	8.132	102	472	7	8	7	4
33	28.807	71.333	175	119	3966112	22663.498	9910.680	21315.000	11012	50769	131.669	485.971	8.217	1.647	0.254	1.667	131.646	485.869	8.144	127	482	7	10	9	4
34	5.761	26.961	35	33	495435	14155.286	3204.183	13026.000	10998	23796	126.029	506.714	8.000	0.909	0.285	0.997	126.026	506.750	8.007	123	505	7	6	5	3
35	33.911	79.090	206	142	4797715	23289.879	8642.492	22585.000	10955	50423	192.767	521.277	8.879	1.714	0.293	1.772	192.657	521.264	8.938	188	517	7	10	9	5
36	10.865	37.890	66	55	1188383	18005.803	6356.767	16537.000	11040	38471	47.727	527.000	8.000	1.155	0.189	1.168	47.687	526.982	7.996	45	524	7	6	7	3
37	3.292	17.514	20	20	279195	13959.750	2174.445	13556.000	10976	18755	34.550	542.500	7.700	0.746	0.225	0.725	34.543	542.462	7.711	33	540	7	4	6	2
38	8.395	34.340	51	43	790683	15503.588	4151.082	14439.000	11042	25499	144.314	545.667	8.098	1.074	0.244	1.116	144.357	545.639	8.081	141	544	7	7	5	3
39	37.367	82.262	227	151	5041165	22207.775	9192.547	19112.000	10989	46943	64.925	558.137	8.238	1.797	0.270	1.803	64.774	558.199	8.227	60	554	7	11	9	4
40	30.618	72.919	186	127	4163731	22385.650	8729.374	20942.000	10917	45022	205.565	557.833	8.683	1.692	0.263	1.688	205.541	557.842	8.718	201	554	7	10	9	4
41	5.432	31.616	33	32	457372	13859.758	2206.263	14079.000	10907	20204	198.424	566.788	7.939	0.953	0.325	1.028	198.379	566.713	7.938	196	564	7	6	7	3
42	27.655	79.575	168	120	3691130	21971.012	8716.568	19826.000	10922	49216	251.774	595.143	8.673	1.784	0.519	1.845	251.978	595.185	8.663	246	592	7	13	7	4
43	18.437	55.371	112	88	2508325	22395.760	9733.322	20486.500	10919	49755	172.446	598.741	8.054	1.510	0.413	1.464	172.583	598.728	8.050	167	597	7	12	5	4
44	22.881	58.784	139	96	3647462	26240.734	11833.014	23900.000	11195	57393	214.640	599.719	8.295	1.559	0.220	1.565	214.625	599.734	8.205	211	597	7	8	7	4
45	22.717	61.301	138	96	2968030	21507.463	8440.996	19603.000	10966	44679	155.246	602.341	8.290	1.550	0.237	1.550	155.269	602.375	8.226	152	599	7	8	8	4
46	31.441	80.987	191	136	4358342	22818.545	9205.927	20647.000	10975	48541	232.644	611.749	9.110	1.692	0.316	1.691	232.707	611.874	9.146	228	608	7	10	9	5
47	24.692	63.232	150	99	3476179	23174.527	10483.640	20268.000	10948	57383	272.893	614.213	8.427	1.610	0.217	1.618	272.834	614.347	8.394	269	611	7	9	8	4
48	27.326	76.781	166	126	3283540	19780.361	6450.162	18187.500	10926	36290	275.096	639.151	8.072	1.710	0.495	1.738	275.072	639.031	8.043	271	634	7	9	11	4
49	36.709	97.986	223	151	5242910	23510.807	8869.035	23164.000	10905	49681	150.888	638.220	9.336	1.932	0.615	1.844	150.978	638.252	9.295	147	635	7	10	8	7
50	23.704	61.127	144	109	2818166	19570.598	6486.709	18537.000	10985	39134	235.958	639.896	8.882	1.489	0.253	1.519	236.062	639.910	8.862	232	636	7	9	9	4
51	20.906	60.404	127	96	2423793	19084.984	6918.525	16733.000	11072	37765	170.984	649.291	8.701	1.460	0.248	1.452	170.966	649.354	8.666	167	646	7	8	8	4
52	29.795	78.229	181	125	4076059	22519.662	9063.470	19119.000	10998	42165	202.166	653.287	8.558	1.796	0.427	1.764	202.091	653.363	8.569	197	649	7	11	10	4
53	2.469	14.101	15	15	219038	14602.533	2335.987	14602.000	11278	18926	176.400	654.467	7.733	0.647	0.173	0.705	176.419	654.495	7.728	175	653	7	4	4	2
54	14.980	44.613	91	75	1632117	17935.352	5871.258	16223.000	11000	33525	244.055	669.176	7.901	1.268	0.220	1.255	243.949	669.009	7.910	241	666	7	7	7	3
55	32.264	77.989	196	122	5455807	27835.750	14906.679	24579.000	10930	65535	146.046	677.474	8.944	1.793	0.266	1.800	146.014	677.590	8.948	142	674	7	9	8	5
56	10.865	37.442	66	62	1087239	16473.318	3544.509	16360.500	11307	28346	284.030	709.849	8.364	1.101	0.336	1.073	284.066	709.869	8.367	282	706	7	6	8	3
57	3.951	19.238	24	24	352685	14695.208	2734.017	14195.000	11168	20232	341.875	713.417	7.792	0.763	0.250	0.787	341.821	713.440	7.792	339	712	7	7	4	2
58	32.594	74.987	198	134	4550588	22982.768	10107.991	19751.500	11234	57383	490.374	737.732	8.505	1.729	0.240	1.732	490.366	737.677	8.480	486	734	7	10	9	4
59	18.601	52.095	113	86	2465272	21816.566	7574.277	20881.000	10931	43752	275.726	741.106	8.938	1.380	0.208	1.376	275.733	741.160	8.927	272	738	7	8	7	4
60	60.578	116.324	368	233	9284439	25229.453	11388.109	22291.000	10926	62584	314.967	749.486	8.543	2.160	0.433	2.110	315.157	749.306	8.578	308	744	7	14	12	4
61	34.734	77.815	211	138	5304657	25140.555	11184.904	21696.000	10923	58664	335.924	763.114	8.355	1.775	0.276	1.794	335.930	763.033	8.305	332	758	7	9	11	4
62	18.766	57.198	114	88	2474905	21709.693	8478.058	19402.000	10995	45644	520.561	764.623	8.789	1.452	0.312	1.426	520.587	764.591	8.790	516	762	7	10	6	4
63	21.400	58.336	130	90	3107242	23901.861	10017.490	20964.000	10966	51388	329.808	784.315	8.385	1.544	0.255	1.552	329.910	784.283	8.363	327	781	7	7	9	4
64	35.557	85.642	216	148	5485092	25393.945	12509.284	21685.000	10956	64366	334.597	796.162	8.949	1.777	0.324	1.818	334.366	796.276	8.933	331	792	7	9	9	5
65	26.667	66.645	162	112	4185892	25838.840	12355.578	22010.500	11012	57244	521.228	795.161	8.710	1.637	0.257	1.656	521.166	795.262	8.721	517	791	7	9	9	4
66	26.667	70.610	162	110	3852020	23777.900	10257.078	22095.000	10918	52510	592.778	802.000	9.031	1.634	0.294	1.623	592.801	802.033	9.027	589	798	7	9	9	5
67	12.346	41.959	75	60	1435780	19143.732	6639.580	17936.000	11217	38081	446.733	806.427	8.107	1.212	0.192	1.194	446.752	806.462	8.118	444	803	7	6	7	4
68	11.358	52.302	69	62	1052317	15250.971	3993.149	13623.000	11055	24658	524.928	806.739	8.203	1.387	0.559	1.288	525.252	806.866	8.185	519	803	7	11	8	3
69	25.844	66.196	157	106	3517178	22402.408	8656.261	20691.000	10923	41932	482.452	817.873	8.516	1.613	0.214	1.625	482.479	817.890	8.520	479	814	7	8	9	4
70	29.960	76.884	182	126	3665423	20139.688	6847.403	18540.000	11079	44760	495.319	839.187	8.604	1.670	0.287	1.676	495.383	839.340	8.582	491	834	7	9	11	4
71	16.297	51.165	99	80	2057937	20787.242	8002.987	18647.000	11178	42809	636.374	846.101	9.182	1.393	0.328	1.341	636.317	845.921	9.127	634	842	7	6	9	5
72	72.759	150.630	442	281	11775222	26640.773	12269.536	23201.000	10969	59041	515.009	857.400	8.654	2.449	0.684	2.533	514.996	857.395	8.681	508	851	7	15	15	5
73	22.223	60.267	135	95	3294603	24404.467	11119.599	20987.000	10907	53266	721.911	853.993	9.519	1.559	0.294	1.555	721.996	854.181	9.507	718	850	7	8	9	5
74	3.128	18.100	19	19	261142	13744.315	1900.346	13624.000	11251	18052	661.632	876.000	7.947	0.770	0.239	0.846	661.655	875.982	7.957	660	874	7	5	5	2
75	14.321	51.095	87	81	1368489	15729.759	3484.068	15378.000	11033	23774	711.609	886.667	8.494	1.236	0.392	1.235	711.609	886.634	8.482	708	883	7	8	9	4
76	17.778	54.163	108	86	1977624	18311.334	5849.095	17333.000	10958	37704	767.796	923.426	8.046	1.371	0.263	1.349	767.659	923.431	8.040	764	920	7	9	9	3
77	22.223	63.231	135	99	2984198	22105.170	9356.756	19732.000	10946	51543	724.859	949.193	9.037	1.496	0.271	1.504	724.866	949.170	9.046	721	946	7	8	8	5
78	25.844	63.784	157	107	4223020	26898.217	12524.984	23773.000	10908	60116	779.917	956.981	8.682	1.621	0.219	1.607	779.864	956.987	8.669	776	953	7	8	8	5
79	1.975	11.930	12	12	199639	16636.584	4102.122	16568.500	11273	23350	5.500	352.583	8.417	0.638	0.127	0.631	5.424	352.634	8.393	5	351	8	3	4	2
80	26.997	67.886	164	110	4115663	25095.506	10415.619	22667.500	10936	51095	63.963	410.787	9.768	1.637	0.268	1.620	64.060	410.740	9.738	61	407	8	8	9	5
81	26.009	62.887	158	104	4085955	25860.475	13091.734	21688.000	10948	57541	71.513	438.354	9.418	1.626	0.181	1.613	71.521	438.377	9.398	68	435	8	8	8	4
82	14.980	51.302	91	74	1474102	16198.923	4192.334	15414.000	10908	32449	80.121	457.846	8.978	1.356	0.338	1.318	80.141	457.913	8.976	77	454	8	7	9	3
83	26.174	70.058	159	113	3811155	23969.527	9929.030	22249.000	10916	50337	227.956	552.289	9.862	1.586	0.277	1.600	228.013	552.237	9.871	224	549	8	9	8	5
84	32.100	76.817	195	117	5673129	29092.969	16436.812	25606.000	11016	65535	263.790	568.933	10.759	1.873	0.370	1.837	263.818	568.922	10.685	260	566	8	9	7	6
85	28.643	65.748	174	117	4356033	25034.672	11095.084	21186.000	10968	55008	32.730	597.678	9.402	1.655	0.211	1.656	32.806	597.635	9.390	29	594	8	8	8	4
86	21.071	59.370	128	93	2570094	20078.859	8161.074	17131.000	10991	44490	52.961	621.406	9.664	1.520	0.271	1.534	52.994	621.489	9.631	49	618	8	9	8	4
87	52.677	135.702	320	229	6691829	20911.965	8809.764	18359.500	10920	49950	338.900	627.722	10.366	2.212	0.706	2.228	338.942	628.301	10.294	335	619	8	9	17	6
88	17.284	48.923	105	83	2141104	20391.467	6765.248	19140.000	11004	39394	38.733	629.952	9.905	1.355	0.241	1.337	38.700	630.026	9.906	35	627	8	8	7	4
89	26.009	70.781	158	122	2880227	18229.285	5909.254	17043.500	10927	34909	91.747	656.430	9.424	1.568	0.353	1.603	91.582	656.427	9.418	88	652	8	9	9	4
90	32.594	81.884	198	139	4672827	23600.137	10115.880	21521.000	11019	53345	108.490	659.131	9.657	1.781	0.437	1.763	108.474	659.108	9.663	103	656	8	12	7	5
91	28.478	68.920	173	116	4690847	27114.723	12351.210	24869.000	10930	56653	413.607	673.249	10.254	1.677	0.294	1.685	413.569	673.243	10.220	409	670	8	10	7	5
92	5.597	23.066	34	31	708374	20834.529	7473.476	19841.000	11015	45744	238.294	709.706	9.059	0.946	0.229	1.026	238.302	709.697	9.063	237	708	8	4	4	3
93	3.786	16.584	23	22	464117	20179.000	7220.976	18221.000	11163	38573	230.957	710.087	8.826	0.840	0.271	0.892	230.957	710.159	8.826	230	709	8	3	3	3
94	31.277	75.643	190	127	4708311	24780.584	11072.352	21522.500	11014	55049	466.800	713.347	9.405	1.771	0.346	1.743	466.799	713.351	9.380	462	710	8	11	8	4
95	32.594	82.814	198	141	4200466	21214.475	8742.699	18723.500	11023	49410	200.086	718.172	9.646	1.818	0.519	1.821	200.263	717.918	9.611	196	713	8	9	12	4
96	7.408	32.753	45	43	728200	16182.223	3293.835	15722.000	11006	23605	508.244	753.956	8.756	1.120	0.406	1.116	508.245	753.860	8.732	506	751	8	5	8	3
97	32.594	82.125	198	133	4979778	25150.395	12286.378	21739.000	10931	63664	239.657	758.434	9.818	1.816	0.423	1.827	239.633	758.547	9.806	236	753	8	8	11	5
98	24.034	63.231	146	102	3264638	22360.535	9912.137	20275.000	10929	53845	267.473	772.644	9.664	1.552	0.224	1.570	267.478	772.756	9.726	264	769	8	8	8	4
99	2.798	21.031	17	17	215383	12669.588	1803.667	11743.000	11074	16792	299.882	772.176	9.000	0.795	0.263	0.841	299.798	772.193	9.000	297	770	8	6	5	3
100	14.486	45.613	88	72	1561072	17739.455	5608.111	16895.000	11035	33664	563.557	796.466	9.091	1.265	0.205	1.234	563.603	796.509	9.083	561	793	8	6	8	3
101	4.445	21.272	27	27	375718	13915.481	2446.502	13305.000	11247	19802	561.741	806.222	8.333	0.855	0.273	0.829	561.818	806.209	8.299	559	805	8	7	3	2
102	19.589	53.681	119	91	2741920	23041.344	9330.538	21817.000	10915	51382	337.269	813.345	9.916	1.407	0.227	1.411	337.381	813.329	9.902	334	810	8	8	7	4
103	5.597	30.374	34	34	434517	12779.912	1604.482	12557.000	10924	18236	331.029	821.265	9.147	0.927	0.321	0.939	331.003	821.294	9.145	329	818	8	6	7	3
104	13.828	41.752	84	70	1500980	17868.809	5039.775	16302.500	10993	33426	635.369	871.440	9.060	1.241	0.211	1.220	635.335	871.426	9.048	632	868	8	7	7	3
105	4.280	20.583	26	26	342438	13170.692	1635.225	12781.500	11119	18192	655.462	873.923	8.385	0.797	0.221	0.789	655.467	873.931	8.383	654	871	8	4	6	2
106	25.680	66.059	156	102	4366915	27993.045	13994.271	25589.000	10944	65535	463.577	875.564	10.237	1.631	0.253	1.611	463.561	875.544	10.206	460	872	8	8	8	5
107	9.054	30.926	55	45	985277	17914.127	5341.325	16536.000	10929	32240	757.364	881.491	8.927	1.102	0.164	1.091	757.395	881.524	8.879	755	879	8	5	6	3
108	11.194	38.787	68	60	1041681	15318.838	3628.307	14505.000	10916	23642	732.588	885.471	8.779	1.134	0.235	1.154	732.591	885.542	8.765	729	883	8	7	6	3
109	21.894	57.232	133	105	2562830	19269.398	5821.486	18413.000	10953	35982	513.414	898.316	10.045	1.441	0.253	1.450	513.529	898.304	10.036	510	895	8	8	8	4
110	17.943	52.543	109	85	2127728	19520.439	6418.890	17730.000	10993	36166	551.009	914.193	9.835	1.366	0.230	1.372	550.981	914.168	9.828	548	911	8	7	8	4
111	38.520	82.710	234	148	5814420	24847.949	11439.035	20469.000	11001	53530	591.778	919.581	9.457	1.825	0.203	1.824	591.734	919.599	9.472	587	915	8	10	10	4
112	20.741	55.164	126	97	2651665	21044.961	7591.089	20305.000	11028	41343	852.563	934.286	9.905	1.453	0.272	1.432	852.374	934.302	9.911	849	932	8	9	6	4
113	31.441	74.883	191	139	4136807	21658.676	7442.132	20956.000	10934	47928	764.152	980.016	9.827	1.651	0.307	1.699	763.982	980.051	9.813	760	976	8	9	10	4
114	25.351	68.472	154	114	3050351	19807.475	7209.105	18312.000	11076	44676	48.779	379.623	10.786	1.594	0.340	1.599	48.883	379.598	10.786	44	376	9	10	8	4
115	32.100	78.263	195	134	4358177	22349.625	9128.789	20093.000	11026	44888	116.431	440.021	10.492	1.756	0.311	1.753	116.267	440.079	10.479	112	437	9	11	8	4
116	16.461	50.372	100	69	1937766	19377.660	7024.131	17054.500	11064	42143	126.010	457.130	11.320	1.423	0.253	1.397	126.065	457.198	11.264	123	454	9	7	7	5
117	52.677	124.084	320	209	7668312	23963.475	11236.151	20641.500	10913	62613	235.491	543.416	11.038	2.298	0.680	2.271	235.173	543.480	11.080	229	540	9	16	8	5
118	16.461	48.752	100	70	2573501	25735.010	12690.477	22713.000	11153	65168	142.150	706.410	10.460	1.438	0.236	1.483	142.172	706.501	10.382	139	703	9	7	7	4
119	28.149	68.576	171	113	3880311	22691.877	9369.523	20235.000	11090	49083	477.491	709.129	11.485	1.676	0.231	1.649	477.589	709.085	11.473	473	706	9	9	8	5
120	30.618	85.571	186	149	3488479	18755.264	5952.099	17161.500	10912	43935	232.194	720.688	10.011	1.832	0.652	1.781	232.208	720.600	10.028	222	717	9	17	8	3
121	45.104	99.191	274	169	7288749	26601.273	12946.554	23142.500	10943	65535	255.920	765.887	10.938	2.039	0.458	2.049	255.823	765.807	10.882	250	762	9	13	9	5
122	40.330	121.738	245	196	4422437	18050.764	6655.683	15863.000	10938	37125	622.086	782.033	10.951	2.020	0.636	2.005	621.654	781.790	10.975	616	778	9	15	13	5
123	20.577	58.369	125	100	2341251	18730.008	5910.394	17586.000	11174	34782	305.728	807.664	10.208	1.448	0.320	1.396	305.791	807.672	10.264	302	803	9	8	10	4
124	8.231	33.098	50	47	703293	14065.860	2164.709	13993.500	11014	21547	322.440	818.880	9.660	0.995	0.314	0.975	322.479	818.844	9.668	320	816	9	6	7	3
125	60.907	144.422	370	273	7453673	20145.062	6443.068	19037.000	10975	41019	685.673	829.265	10.622	2.522	0.890	2.585	685.431	829.299	10.594	677	824	9	19	12	5
126	28.643	74.298	174	133	3340565	19198.650	6569.648	17540.500	10981	41406	373.391	834.943	10.902	1.632	0.384	1.630	373.408	835.027	10.892	370	830	9	8	11	4
127	11.358	40.269	69	60	1043210	15118.985	3926.695	13735.000	10923	24557	765.304	878.348	9.957	1.194	0.265	1.190	765.262	878.214	9.920	763	875	9	6	8	3
128	2.469	13.998	15	15	185142	12342.800	1150.901	11987.000	11055	15113	803.600	901.200	9.867	0.659	0.258	0.681	803.645	901.217	9.863	801	900	9	5	4	2
129	19.754	55.508	120	92	2334899	19457.492	5649.300	19084.000	11014	33919	613.492	949.492	10.933	1.418	0.257	1.466	613.455	949.496	10.936	610	946	9	8	8	5
130	5.432	24.789	33	32	449790	13630.000	2142.008	12879.000	11190	19454	707.212	965.121	9.667	0.866	0.241	0.850	707.182	965.118	9.685	705	963	9	5	5	3
131	15.638	49.371	95	79	1706875	17967.105	5422.813	16949.000	10950	35661	731.568	991.347	9.863	1.352	0.315	1.306	731.626	991.216	9.875	728	987	9	7	10	3
132	27.984	68.643	170	132	2944824	17322.494	4851.316	16622.000	10923	37035	775.800	991.353	9.929	1.585	0.344	1.576	775.726	991.437	9.888	771	987	9	11	10	3
133	29.301	70.162	178	114	4543607	25525.883	11088.861	22892.000	10917	55446	30.781	357.888	12.365	1.712	0.241	1.717	30.831	357.826	12.343	27	355	10	9	8	5
134	4.938	21.376	30	30	407288	13576.267	1842.169	13308.000	11163	18370	53.133	389.633	10.500	0.821	0.202	0.828	53.163	389.540	10.495	51	388	10	5	5	2
135	29.960	96.330	182	152	2827017	15533.061	3483.925	15124.500	10941	25502	100.049	437.066	14.077	2.129	0.880	2.059	100.084	437.016	14.188	95	434	10	11	8	8
136	20.741	56.198	126	95	2693520	21377.143	7724.538	20246.000	10905	39861	244.389	553.262	12.048	1.438	0.244	1.441	244.318	553.323	12.018	241	550	10	8	7	5
137	34.569	78.367	210	139	5211716	24817.695	9469.509	24262.000	10955	47878	294.300	590.076	12.186	1.761	0.264	1.779	294.201	590.120	12.131	291	586	10	9	9	5
138	24.528	64.369	149	101	3098595	20795.939	8150.381	18049.000	10916	40396	195.584	740.161	11.416	1.623	0.264	1.627	195.689	740.092	11.420	192	736	10	8	9	4
139	4.115	23.099	25	24	341296	13651.840	2212.390	12736.000	11175	18998	574.360	759.040	11.080	0.835	0.309	0.861	574.351	759.039	11.072	572	757	10	5	6	3
140	32.923	74.850	200	132	4083135	20415.676	6890.371	18320.000	10913	36144	595.885	778.215	11.505	1.751	0.228	1.714	595.906	778.187	11.479	592	774	10	9	9	4
141	29.960	72.196	182	111	5293378	29084.494	15383.236	25038.500	10913	65535	401.571	851.923	11.896	1.770	0.269	1.736	401.628	851.921	11.856	398	848	10	8	9	5
142	19.754	57.439	120	85	2397148	19976.232	8651.056	17265.500	10976	49640	443.983	875.942	11.308	1.462	0.216	1.483	443.916	875.964	11.277	441	872	10	7	9	4
143	9.877	55.716	60	60	788309	13138.483	1459.816	13178.000	10916	16637	530.900	911.633	11.000	1.558	0.563	1.585	530.745	911.579	10.972	526	909	10	11	8	3
144	13.992	46.992	85	69	1410158	16590.094	5218.113	14823.000	10909	33745	582.871	925.388	10.941	1.253	0.213	1.255	582.919	925.338	10.915	580	922	10	7	8	3
145	61.401	132.807	373	229	6526098	17496.242	4707.238	16605.000	10968	34655	706.072	978.563	12.885	2.325	0.564	2.261	706.039	978.600	12.722	701	973	10	11	12	8
146	12.346	44.338	75	62	1239434	16525.787	4730.493	15171.000	10921	31615	92.760	422.627	12.413	1.216	0.302	1.235	92.697	422.638	12.401	90	420	11	7	6	4
147	27.655	66.300	168	114	3814799	22707.137	7809.377	22814.000	11030	40132	169.887	481.167	12.315	1.652	0.225	1.677	169.958	481.141	12.224	166	477	11	8	9	4
148	22.058	62.060	134	90	3399560	25369.852	12322.080	22104.000	10906	58921	182.836	485.470	13.030	1.594	0.352	1.533	182.833	485.528	12.972	179	482	11	8	8	5
149	10.206	52.336	62	60	818011	13193.726	1734.489	12769.500	11039	19644	101.194	527.887	12.129	1.224	0.399	1.285	101.200	527.908	12.119	97	524	11	9	8	3
150	15.803	47.855	96	69	2032301	21169.803	8593.448	18408.500	10910	44772	361.646	637.885	12.646	1.377	0.251	1.382	361.750	637.876	12.632	359	635	11	7	7	4
151	19.424	61.301	118	96	2185094	18517.746	6643.216	15943.000	10921	36877	30.898	639.814	12.669	1.545	0.441	1.559	30.968	639.668	12.661	28	635	11	7	11	4
152	35.227	88.710	214	150	4785859	22363.826	8645.259	19636.500	11032	47898	114.963	695.561	12.696	1.965	0.605	1.903	114.582	695.643	12.662	109	693	11	15	7	5
153	22.552	79.712	137	119	2477235	18082.008	5018.659	17579.000	10995	31680	141.569	718.175	12.686	1.546	0.498	1.680	141.603	718.306	12.637	138	713	11	9	11	4
154	20.083	59.233	122	87	2482248	20346.295	7845.309	18803.000	10974	40913	586.098	775.164	13.008	1.483	0.280	1.425	586.059	775.188	12.971	583	771	11	7	8	5
155	19.754	54.611	120	89	2504006	20866.717	7812.320	19135.000	11137	42538	280.183	794.650	12.083	1.414	0.226	1.402	280.215	794.616	12.089	277	791	11	7	8	4
156	15.474	47.407	94	69	1817085	19330.691	6590.690	16961.000	11030	34247	314.213	802.043	12.606	1.359	0.232	1.386	314.246	802.079	12.568	311	799	11	7	7	4
157	4.609	22.444	28	28	395816	14136.286	1942.246	13713.500	10978	18708	587.821	830.250	11.071	0.897	0.362	0.930	587.830	830.252	11.056	585	828	11	6	6	2
158	4.445	19.997	27	23	521751	19324.111	6941.491	16650.000	11361	34414	567.259	846.333	12.037	0.919	0.205	1.006	567.284	846.337	12.070	566	845	11	4	4	3
159	2.798	15.343	17	17	232749	13691.117	2974.892	12841.000	11154	20624	744.941	847.118	11.588	0.711	0.170	0.686	745.012	847.110	11.591	743	846	11	5	3	2
160	3.128	19.101	19	19	237034	12475.474	1338.745	12203.000	10962	15372	757.053	854.368	12.053	0.831	0.366	0.808	757.017	854.356	12.066	756	852	11	4	5	3
161	4.445	19.204	27	24	454159	16820.703	5342.023	16134.000	10930	30109	783.926	871.148	11.889	0.894	0.236	0.948	783.935	871.090	11.898	782	870	11	5	3	3
162	6.914	28.410	42	36	806699	19207.119	6660.270	18252.000	11071	38586	796.405	879.667	11.905	1.058	0.242	1.081	796.376	879.610	11.847	795	877	11	4	7	3
163	13.169	44.924	80	64	1212065	15150.812	3628.059	13858.500	11050	24881	258.062	561.750	13.738	1.239	0.284	1.261	258.025	561.703	13.735	255	559	12	8	7	4
164	13.663	57.268	83	70	1469515	17705.000	5450.471	16497.000	10968	34849	67.759	656.337	13.867	1.490	0.541	1.486	67.821	656.251	13.923	63	653	12	9	9	5
165	23.375	59.129	142	95	3236395	22791.514	8552.330	21521.000	10935	45158	409.070	666.761	13.437	1.598	0.258	1.632	409.044	666.796	13.367	405	664	12	9	6	4
166	5.926	27.858	36	34	492004	13666.777	2087.432	13144.000	11043	19502	465.833	698.750	13.444	0.909	0.304	0.861	465.812	698.738	13.447	464	696	12	5	6	4
167	16.626	49.545	101	74	2407157	23833.238	10122.550	21541.000	10974	49657	520.129	726.406	14.713	1.434	0.318	1.396	520.078	726.397	14.725	517	724	12	7	6	6
168	1.646	11.033	10	10	133291	13329.100	2356.389	12744.000	11045	17821	255.800	778.800	12.900	0.567	0.251	0.560	255.779	778.811	12.917	255	777	12	3	5	2
169	12.017	41.511	73	60	1118099	15316.425	3343.282	14047.000	10994	23252	299.425	809.753	13.301	1.186	0.258	1.197	299.407	809.701	13.331	297	807	12	6	7	4
170	13.498	47.544	82	69	1231966	15023.976	3491.570	14203.000	10986	24134	462.659	884.159	13.073	1.244	0.286	1.237	462.702	884.120	13.092	459	881	12	8	7	3
171	2.305	11.481	14	14	203040	14502.857	2341.011	13873.000	11579	19352	796.286	900.929	12.429	0.639	0.098	0.655	796.289	900.881	12.422	795	900	12	3	3	2
172	11.523	45.372	70	61	1024309	14632.985	3454.142	13514.500	10924	24583	583.414	935.414	13.114	1.187	0.289	1.167	583.407	935.481	13.133	580	931	12	7	8	3
173	18.272	57.784	111	88	1948521	17554.244	5648.097	16269.000	10907	31981	628.459	950.793	13.919	1.402	0.308	1.348	628.381	950.847	13.923	625	947	12	8	9	5
174	2.798	18.067	17	17	214808	12635.765	1424.137	12067.000	10938	15298	621.529	955.647	12.412	0.811	0.233	0.774	621.461	955.684	12.386	620	953	12	5	5	2
175	29.631	74.368	180	119	3767705	20931.695	7291.218	19980.000	10952	38639	695.406	995.178	14.100	1.709	0.291	1.706	695.432	995.276	14.102	692	991	12	8	9	5
176	19.589	53.440	119	82	2319509	19491.672	7011.017	16785.000	11337	37703	322.059	609.176	14.479	1.496	0.201	1.519	322.001	609.265	14.472	319	606	13	7	7	4
177	17.943	55.612	109	86	1868249	17139.898	4948.513	15781.000	10959	28593	394.156	673.119	14.486	1.374	0.318	1.433	394.101	673.091	14.484	391	669	13	7	9	4
178	15.638	48.682	95	74	1653706	17407.432	5621.749	15413.000	10920	34871	182.863	747.811	14.726	1.304	0.252	1.314	182.825	747.875	14.704	180	745	13	7	7	4
179	1.646	11.033	10	10	120672	12067.200	611.769	11944.000	11341	13020	548.000	754.100	14.000	0.560	0.318	0.508	548.008	754.092	14.007	547	753	13	3	3	3
180	6.420	25.927	39	36	609067	15617.103	2993.140	14769.000	11353	23605	666.103	819.205	14.385	0.935	0.238	0.920	666.144	819.206	14.387	664	817	13	5	5	3
181	23.211	59.370	141	95	3000412	21279.518	7895.315	19076.000	10953	40126	708.447	859.539	14.667	1.551	0.196	1.578	708.512	859.638	14.673	705	856	13	8	8	4
182	3.951	20.687	24	23	315877	13161.542	1835.546	12905.500	10994	17084	824.875	905.792	13.583	0.845	0.268	0.752	824.924	905.770	13.581	822	905	13	7	3	3
183	15.474	56.094	94	86	1357791	14444.585	2435.859	13831.000	10935	21144	857.883	943.255	13.670	1.282	0.386	1.307	857.809	943.232	13.668	855	939	13	8	10	3
184	14.157	47.511	86	66	1779746	20694.721	7989.019	18956.500	10964	43995	18.302	468.709	15.756	1.357	0.335	1.342	18.293	468.726	15.760	14	467	14	9	5	5
185	34.898	86.297	212	133	4519871	21320.146	8391.309	19664.500	10938	42949	206.042	534.170	16.462	1.857	0.334	1.838	206.027	534.220	16.454	203	529	14	8	11	6
186	8.395	38.097	51	47	725451	14224.529	2417.333	13819.000	11103	21006	333.510	639.588	14.745	1.052	0.295	1.090	333.456	639.598	14.740	331	637	14	6	7	3
187	12.840	45.821	78	63	1419208	18194.975	5687.159	17208.000	11007	35152	42.718	640.667	15.679	1.221	0.246	1.241	42.744	640.686	15.648	40	637	14	7	8	4
188	2.305	12.378	14	14	251866	17990.428	4676.017	18778.500	11472	25852	67.000	667.500	14.714	0.718	0.279	0.713	66.979	667.535	14.676	66	667	14	3	2	3
189	5.926	28.651	36	33	493396	13705.444	1576.352	13539.500	10969	17309	145.528	703.361	15.250	0.926	0.272	0.945	145.535	703.348	15.243	144	701	14	4	6	3
190	27.326	72.952	166	127	3058662	18425.674	5728.753	17446.000	10906	36087	440.946	706.813	15.934	1.572	0.316	1.587	440.913	706.705	15.895	437	702	14	9	11	4
191	17.284	55.508	105	87	1654899	15760.942	4338.285	14118.000	11117	27973	267.467	780.810	15.657	1.376	0.341	1.388	267.453	780.887	15.658	265	776	14	7	9	4
192	25.844	66.956	157	105	3394094	21618.434	8676.186	20649.000	10915	45570	603.013	864.580	16.076	1.637	0.274	1.620	603.000	864.582	16.038	600	861	14	7	8	5
193	16.297	56.750	99	85	1578419	15943.626	3701.795	15592.000	10972	25492	731.202	877.212	15.323	1.289	0.327	1.343	731.268	877.206	15.352	728	874	14	8	8	4
194	17.778	59.922	108	91	1757678	16274.796	4211.614	15577.500	10927	28253	767.407	883.657	15.259	1.354	0.327	1.345	767.384	883.740	15.281	763	881	14	9	6	4
195	44.117	108.119	268	191	5090876	18995.807	6474.446	17204.500	10953	40171	614.892	919.377	15.757	1.941	0.462	1.955	614.828	919.166	15.754	610	913	14	11	14	5
196	18.766	51.543	114	91	1979368	17362.877	4474.410	16707.500	11002	31813	597.193	921.684	15.851	1.373	0.248	1.363	597.201	921.679	15.846	594	918	14	8	8	4
197	19.589	55.923	119	81	2376998	19974.773	7169.490	19115.000	11089	39635	768.160	971.546	15.874	1.502	0.285	1.449	768.116	971.601	15.856	765	969	14	7	6	5
198	14.815	48.474	90	80	1387515	15416.833	3420.255	14922.500	11037	25167	8.922	374.578	16.611	1.290	0.353	1.319	8.910	374.562	16.602	5	372	15	10	6	4
199	18.601	54.785	113	79	2410111	21328.416	7942.281	19128.000	10923	45975	15.655	385.566	17.212	1.488	0.276	1.457	15.634	385.438	17.183	13	383	15	7	7	5
200	9.712	48.026	59	58	764939	12965.067	1735.647	12351.000	10910	17655	73.119	434.712	16.034	1.373	0.506	1.421	73.038	434.641	16.028	69	430	15	9	10	3
201	4.938	27.202	30	29	388785	12959.500	1760.954	12551.500	10957	18009	21.833	435.600	16.000	0.954	0.402	0.999	21.863	435.574	15.997	20	432	15	5	9	3
202	18.108	62.197	110	89	1630713	14824.664	3169.691	14071.000	10908	25618	75.764	447.136	16.718	1.505	0.459	1.515	75.877	447.187	16.700	70	444	15	12	7	4
203	24.363	71.918	148	125	2288150	15460.473	3046.054	15157.000	10953	26034	106.351	468.764	16.770	1.616	0.529	1.525	106.389	468.671	16.741	103	463	15	8	13	4
204	16.791	50.924	102	70	2017990	19784.215	7730.966	17430.000	11127	42688	56.814	476.363	16.775	1.468	0.318	1.398	56.853	476.422	16.775	54	474	15	8	6	5
205	2.305	12.964	14	14	194752	13910.857	2570.942	12658.000	11311	18998	131.286	477.214	15.714	0.646	0.182	0.664	131.296	477.221	15.737	130	475	15	3	5	2
206	22.552	61.026	137	89	3759731	27443.291	13790.777	22987.000	10944	61603	98.825	500.314	17.343	1.613	0.285	1.590	98.813	500.379	17.335	96	497	15	7	7	5
207	19.424	56.750	118	86	2140115	18136.568	5854.873	16350.500	10920	31714	159.669	562.729	16.475	1.453	0.251	1.491	159.703	562.688	16.466	156	559	15	8	8	4
208	28.807	91.156	175	152	2798900	15993.714	3806.913	15156.000	10912	26719	121.891	578.229	16.669	1.760	0.625	1.762	121.866	578.244	16.650	117	571	15	12	14	4
209	14.157	47.440	86	75	1319493	15342.941	3144.986	15303.500	10922	25263	269.756	578.163	16.198	1.286	0.340	1.300	269.751	578.118	16.180	267	574	15	7	9	3
210	13.334	44.338	81	66	1596152	19705.580	6663.189	18494.000	10975	40563	186.086	592.667	16.975	1.265	0.271	1.249	186.150	592.708	16.962	184	589	15	5	8	5
211	11.688	43.234	71	60	1080085	15212.465	4315.472	13327.000	10954	27033	215.676	601.352	16.310	1.188	0.294	1.183	215.717	601.285	16.316	212	599	15	8	6	4
212	15.803	48.233	96	76	1752954	18259.938	5640.954	17069.000	11103	35926	223.156	628.250	16.885	1.300	0.211	1.296	223.128	628.236	16.884	220	625	15	8	7	4
213	23.375	71.644	142	110	2329474	16404.746	4260.033	16093.000	10924	27307	165.106	635.261	16.577	1.551	0.383	1.602	164.954	635.352	16.577	160	632	15	11	8	4
214	16.791	55.267	102	81	1590645	15594.559	3360.698	15305.500	11040	27308	202.118	635.912	16.980	1.465	0.428	1.364	202.191	636.088	16.982	199	631	15	8	10	4
215	24.363	68.783	148	99	2965784	20039.082	7247.417	19221.500	10955	40144	264.250	642.959	17.122	1.602	0.280	1.597	264.384	642.965	17.115	260	639	15	9	8	5
216	12.181	40.236	74	59	1398192	18894.486	5918.573	18373.500	10961	33855	168.919	660.568	16.770	1.220	0.250	1.237	168.920	660.591	16.756	167	658	15	5	6	4
217	5.432	27.409	33	31	437106	13245.637	1827.943	12712.000	11028	18608	390.879	690.879	16.091	0.941	0.306	0.957	390.860	690.869	16.097	388	689	15	6	5	3
218	11.852	45.028	72	61	1147761	15941.125	4042.448	14756.500	10945	27260	400.847	697.694	16.486	1.191	0.321	1.177	400.743	697.672	16.496	398	695	15	7	6	4
219	17.120	46.647	104	82	1857247	17858.145	4983.823	16923.500	11123	30867	462.038	726.029	15.962	1.338	0.216	1.308	462.036	726.036	15.930	459	723	15	7	8	3
220	19.095	63.231	116	98	1820736	15696.000	3522.662	15076.000	10961	26469	353.060	724.379	16.845	1.547	0.468	1.649	352.947	724.368	16.827	349	721	15	11	7	4
221	6.420	31.719	39	37	568517	14577.359	2852.375	14475.000	10920	21489	429.513	749.333	16.436	0.963	0.331	0.900	429.543	749.332	16.404	427	747	15	6	5	4
222	10.700	37.960	65	51	1116925	17183.461	4534.304	16241.000	10926	26593	439.262	769.492	16.831	1.188	0.241	1.167	439.278	769.477	16.825	437	767	15	6	6	4
223	24.198	65.266	147	104	2998289	20396.523	7572.781	18735.000	10929	42206	314.293	770.735	16.898	1.560	0.257	1.546	314.273	770.704	16.876	311	767	15	7	9	5
224	14.651	47.959	89	68	1513506	17005.686	5096.044	15699.000	10927	33617	508.730	773.270	16.494	1.414	0.341	1.482	508.737	773.311	16.422	505	771	15	9	5	4
225	5.268	23.652	32	28	455809	14244.031	2653.530	13384.500	11299	20728	522.344	788.531	16.000	0.925	0.197	0.988	522.353	788.516	16.006	521	787	15	4	5	3
226	15.638	47.648	95	71	1591789	16755.674	5030.057	15282.000	11014	30431	329.295	793.042	16.663	1.388	0.297	1.386	329.348	793.006	16.633	326	790	15	8	7	4
227	29.137	74.127	177	117	3984900	22513.559	8930.723	21270.000	10966	45746	451.288	815.910	16.672	1.748	0.319	1.737	451.233	815.860	16.689	446	813	15	11	7	5
228	13.828	43.716	84	77	1298027	15452.702	3414.861	14457.500	11049	23712	600.667	824.369	15.690	1.184	0.285	1.216	600.620	824.338	15.694	598	821	15	7	8	3
229	5.268	23.307	32	30	471971	14749.094	2421.625	14586.000	10944	19798	483.156	832.219	16.281	0.861	0.222	0.858	483.143	832.170	16.287	481	830	15	5	5	3
230	19.260	56.164	117	84	2001504	17106.871	4630.929	15877.000	10943	30441	579.128	844.727	16.342	1.501	0.258	1.489	579.115	844.749	16.321	576	841	15	7	8	4
231	23.869	64.266	145	106	2670532	18417.463	5654.542	16957.000	11001	31641	550.352	894.028	16.207	1.542	0.292	1.528	550.355	894.139	16.209	547	889	15	7	10	4
232	13.334	44.994	81	64	1598533	19734.975	7029.148	17089.000	11028	36895	664.963	891.889	16.580	1.368	0.345	1.426	664.954	891.867	16.535	661	890	15	8	5	4
233	12.346	43.682	75	62	1191750	15890.000	3835.624	15132.000	10930	26792	703.200	896.133	15.853	1.247	0.297	1.225	703.150	896.148	15.817	699	894	15	9	6	3
234	18.766	54.267	114	86	2066442	18126.684	5524.988	16917.000	10954	32113	704.342	921.912	16.096	1.392	0.244	1.381	704.472	921.960	16.094	700	918	15	9	8	4
235	16.955	48.889	103	78	1980615	19229.271	6153.251	18279.000	11125	36985	718.049	932.049	16.456	1.432	0.301	1.452	717.965	932.013	16.420	714	930	15	9	5	4
236	17.943	64.921	109	92	1658117	15212.083	3192.334	14580.000	11003	25064	768.321	957.294	16.321	1.580	0.593	1.675	768.370	957.312	16.321	763	954	15	11	8	4
237	8.066	31.960	49	45	718999	14673.449	2744.328	14429.000	10985	22213	7.918	390.020	17.306	1.014	0.284	0.995	7.912	390.013	17.314	6	387	16	5	7	3
238	19.260	55.371	117	84	2447420	20918.119	8219.523	18896.000	10943	42301	23.026	407.983	17.692	1.494	0.308	1.480	22.958	408.026	17.697	20	405	16	7	7	5
239	11.358	38.994	69	54	1127836	16345.449	4180.620	15366.000	10923	25879	57.812	424.246	17.913	1.196	0.182	1.188	57.770	424.218	17.902	55	422	16	7	6	4
240	20.083	58.128	122	99	2101725	17227.254	4995.512	15901.000	10909	35145	40.934	434.820	18.057	1.417	0.306	1.411	40.778	434.686	18.024	38	431	16	7	9	5
241	1.811	11.136	11	11	158000	14363.637	2098.282	13824.000	11426	18341	29.182	459.909	16.364	0.603	0.118	0.614	29.190	459.924	16.338	28	459	16	3	3	2
242	3.622	27.513	22	22	280998	12772.637	1677.188	12132.000	11268	17960	88.773	486.227	16.727	1.064	0.324	1.110	88.823	486.264	16.730	86	483	16	6	7	3
243	10.865	37.994	66	58	986855	14952.349	3093.371	14310.000	11050	24590	167.379	495.652	16.833	1.170	0.268	1.166	167.342	495.631	16.823	164	494	16	8	5	3
244	11.688	38.546	71	57	1207455	17006.408	4222.932	15880.000	11208	28051	72.859	521.577	16.944	1.187	0.164	1.171	72.886	521.563	16.928	70	519	16	7	6	3
245	4.115	22.618	25	23	349115	13964.600	2555.140	13073.000	11086	20765	97.320	519.200	17.240	0.900	0.309	0.887	97.342	519.186	17.232	95	517	16	6	5	3
246	7.572	31.719	46	42	676692	14710.695	2915.456	14501.500	10974	20815	156.957	530.435	16.696	1.001	0.277	0.984	156.935	530.457	16.649	155	528	16	5	6	3
247	29.631	67.679	180	124	3780702	21003.900	7237.289	19170.000	10905	40376	68.683	541.328	17.617	1.679	0.229	1.658	68.712	541.237	17.580	65	538	16	8	8	5
248	21.071	59.818	128	95	2140867	16725.523	4122.314	15695.000	11077	27624	42.625	569.469	17.656	1.471	0.248	1.510	42.710	569.467	17.647	39	566	16	8	8	4
249	16.626	49.682	101	73	2131465	21103.613	8092.348	19647.000	10922	39018	152.584	594.703	17.703	1.402	0.254	1.408	152.556	594.602	17.735	150	591	16	6	8	4
250	22.223	60.267	135	97	2802636	20760.268	7460.931	19714.000	11087	41528	18.030	600.400	17.756	1.517	0.253	1.493	17.949	600.473	17.759	14	597	16	9	7	5
251	9.877	37.994	60	55	883233	14720.550	3351.078	13653.000	11040	24667	94.567	601.833	17.183	1.132	0.309	1.183	94.535	602.019	17.210	92	598	16	6	8	3
252	10.535	40.477	64	55	965228	15081.688	3041.611	14901.500	10918	22723	88.078	615.125	17.438	1.122	0.294	1.069	88.110	615.130	17.446	85	613	16	7	6	4
253	3.128	17.514	19	19	258818	13622.000	2172.769	12965.000	11028	17751	278.526	622.579	17.053	0.713	0.268	0.680	278.513	622.561	17.055	276	621	16	5	4	3
254	14.157	56.405	86	80	1268887	14754.500	2513.544	14541.000	10906	21137	309.419	638.349	16.977	1.575	0.577	1.583	309.418	638.306	16.962	305	634	16	10	10	4
255	8.395	35.926	51	45	693919	13606.255	2483.379	12769.000	10905	20821	290.647	639.333	16.980	1.107	0.273	1.120	290.670	639.350	16.977	287	637	16	8	6	3
256	7.572	28.651	46	39	739846	16083.608	3486.844	15158.000	11062	24114	170.522	667.174	17.152	1.028	0.179	1.042	170.485	667.124	17.144	168	665	16	6	5	3
257	25.844	72.437	157	112	2975419	18951.713	6273.519	17338.000	10962	34151	229.803	668.497	17.631	1.596	0.273	1.608	229.840	668.493	17.630	226	665	16	9	8	5
258	22.388	62.991	136	95	2649732	19483.324	6878.132	17537.000	11018	36514	139.559	672.154	17.412	1.536	0.234	1.545	139.524	672.114	17.389	137	668	16	7	9	4
259	6.091	27.962	37	33	515319	13927.541	2708.386	13014.000	11006	24227	275.784	671.459	17.054	0.967	0.248	0.986	275.802	671.439	17.048	273	670	16	6	4	3
260	5.268	30.030	32	31	433853	13557.906	2050.687	13015.000	10935	18607	137.188	680.188	17.031	1.047	0.338	1.101	137.126	680.177	17.037	134	678	16	7	6	3
261	7.901	34.236	48	45	670357	13965.771	2484.333	13584.000	11049	20839	191.979	681.021	17.312	1.029	0.320	0.986	191.961	680.977	17.299	189	678	16	7	6	3
262	16.955	72.092	103	96	1436247	13944.146	2349.651	13424.000	10948	21315	217.718	694.563	16.835	1.581	0.618	1.522	217.788	694.681	16.831	214	688	16	9	12	3
263	13.663	40.510	83	67	1482377	17859.963	4820.564	16919.000	11055	31397	399.120	715.542	17.120	1.235	0.189	1.232	399.044	715.535	17.164	396	713	16	7	6	3
264	18.108	50.475	110	80	2474768	22497.891	9847.756	20471.500	11105	51275	367.455	718.282	17.382	1.451	0.251	1.511	367.486	718.272	17.322	364	716	16	8	6	4
265	30.618	72.919	186	128	3576220	19226.988	6759.170	17000.000	10998	38191	331.806	725.645	17.269	1.697	0.272	1.695	331.887	725.739	17.275	328	721	16	8	10	4
266	13.334	45.750	81	72	1295446	15993.160	3735.736	15495.000	10964	26277	286.951	751.198	16.852	1.244	0.311	1.236	286.785	751.264	16.882	284	748	16	8	7	3
267	2.305	12.619	14	14	176999	12642.786	1236.993	12551.500	10991	15259	419.357	757.214	16.500	0.657	0.115	0.637	419.356	757.214	16.479	418	756	16	4	3	2
268	14.815	45.854	90	74	1464045	16267.167	3845.990	15653.000	11004	26115	464.178	774.311	16.844	1.273	0.268	1.277	464.082	774.346	16.803	461	771	16	8	7	3
269	11.523	38.442	70	59	1244960	17785.143	4545.877	17318.000	11170	29001	432.171	777.771	17.200	1.160	0.200	1.192	432.186	777.800	17.244	429	775	16	7	6	3
270	5.432	24.341	33	32	449061	13607.909	2326.396	13214.000	10992	21095	497.515	792.121	17.333	0.881	0.268	0.840	497.531	792.036	17.306	496	789	16	4	7	3
271	15.638	44.820	95	78	1645367	17319.652	4453.593	16490.000	11072	28192	377.716	817.179	16.905	1.292	0.209	1.286	377.674	817.225	16.889	375	814	16	7	8	3
272	2.634	15.446	16	15	273509	17094.312	6074.310	14987.000	11141	34355	396.062	827.062	17.125	0.763	0.275	0.837	396.039	827.050	17.145	395	826	16	3	3	3
273	5.761	27.962	35	31	490845	14024.143	2377.353	13650.000	11009	19231	559.543	836.743	16.714	0.952	0.253	0.918	559.518	836.722	16.713	557	835	16	6	5	3
274	5.103	18.204	31	31	417331	13462.290	1616.403	13538.000	11037	18115	474.548	853.548	16.484	0.789	0.157	0.811	474.569	853.532	16.453	473	852	16	4	4	2
275	3.786	19.101	23	21	290495	12630.218	1516.583	12294.000	10945	17816	478.870	857.870	17.217	0.804	0.210	0.832	478.896	857.831	17.205	477	856	16	4	5	3
276	15.145	50.131	92	71	1658104	18022.869	5692.956	16200.500	10975	32828	674.685	911.500	17.337	1.339	0.265	1.325	674.666	911.534	17.327	672	908	16	7	7	4
277	8.725	38.027	53	53	662067	12491.830	1203.965	12446.000	10928	17405	731.415	963.453	16.321	1.062	0.356	1.073	731.402	963.412	16.308	729	959	16	6	9	2
278	12.346	55.475	75	68	1050966	14012.880	2518.386	13205.000	10946	20994	56.453	515.280	18.107	1.411	0.494	1.443	56.531	515.246	18.120	52	511	17	9	9	3
279	2.469	19.653	15	15	189068	12604.533	1900.109	11618.000	10906	17173	121.667	551.667	17.400	0.869	0.220	0.871	121.647	551.542	17.415	120	550	17	5	5	2
280	5.926	25.030	36	36	520476	14457.667	2639.615	14057.000	11198	22110	436.306	836.444	17.444	0.873	0.246	0.844	436.367	836.531	17.427	434	833	17	5	7	2
