 	Volume (micron^3)	Surface (micron^2)	Nb of obj. voxels	Nb of surf. voxels	IntDen	Mean	StdDev	Median	Min	Max	X	Y	Z	Mean dist. to surf. (micron)	SD dist. to surf. (micron)	Median dist. to surf. (micron)	XM	YM	ZM	BX	BY	BZ	B-width	B-height	B-depth
1	23.540	64.128	143	107	3994212	27931.553	12148.444	26195.000	11918	61270	655.713	450.126	6.014	1.533	0.294	1.529	655.759	450.062	5.978	652	446	4	8	9	5
2	21.564	57.958	131	90	4426736	33791.879	17494.445	29480.000	11982	65535	668.542	477.359	6.305	1.594	0.317	1.611	668.558	477.305	6.282	665	475	4	8	6	5
3	29.631	83.333	180	131	5295090	29417.166	13840.988	25856.500	11910	65535	736.628	575.344	5.767	1.821	0.570	1.931	736.692	575.305	5.793	731	571	4	13	9	4
4	19.424	57.265	118	111	2245939	19033.381	4288.041	18568.500	11893	28122	523.814	679.525	5.449	1.340	0.397	1.405	523.744	679.540	5.448	520	675	4	8	10	4
5	20.083	53.785	122	90	3251997	26655.713	11564.297	25027.500	12185	55091	575.361	721.590	5.779	1.467	0.243	1.455	575.354	721.563	5.810	573	718	4	6	8	4
6	31.277	72.092	190	123	5750746	30267.084	14591.279	26364.500	11848	65535	412.879	760.058	5.847	1.748	0.282	1.744	412.861	760.053	5.812	410	756	4	7	9	5
7	28.643	74.920	174	117	4693942	26976.678	12719.032	22889.500	11859	59998	459.851	768.276	6.368	1.745	0.345	1.742	459.775	768.266	6.327	455	764	4	10	9	5
8	23.046	63.991	140	93	3842310	27445.072	13612.270	24325.500	11893	65025	545.814	781.879	6.129	1.615	0.334	1.610	545.789	781.867	6.107	542	778	4	8	8	5
9	22.058	63.921	134	104	2822919	21066.561	7105.834	18846.500	11960	36703	413.463	821.149	5.866	1.594	0.426	1.556	413.475	821.163	5.793	409	816	4	9	10	4
10	24.363	63.817	148	107	3450289	23312.764	8933.402	20712.000	11887	42727	479.865	825.534	5.655	1.542	0.196	1.576	479.874	825.458	5.625	476	822	4	9	8	4
11	7.243	28.996	44	38	824332	18734.818	5548.006	17422.000	11856	33434	453.114	845.659	5.136	1.017	0.211	1.049	453.157	845.674	5.137	450	843	4	7	5	3
12	21.235	59.818	129	98	2779412	21545.830	7956.790	19419.000	11875	43314	276.822	907.504	5.690	1.503	0.354	1.525	276.811	907.598	5.668	273	904	4	8	8	4
13	26.009	68.576	158	118	3758579	23788.475	9063.272	21269.000	11823	45348	250.291	940.443	5.722	1.656	0.398	1.668	250.380	940.375	5.698	245	938	4	12	6	4
14	38.026	83.055	231	152	6138848	26575.100	11512.688	24574.000	11945	55848	143.368	972.658	5.645	1.832	0.332	1.810	143.471	972.609	5.705	138	969	4	12	8	4
15	7.572	30.823	46	40	782379	17008.238	3760.136	15576.000	12184	27617	251.478	972.304	5.196	0.999	0.202	1.014	251.474	972.350	5.191	249	970	4	6	6	3
16	28.149	70.680	171	112	5972554	34927.215	18491.219	30231.000	12062	65535	989.930	160.871	7.298	1.752	0.338	1.766	989.826	160.835	7.380	987	157	5	7	9	6
17	41.812	94.640	254	162	6978758	27475.426	12159.874	23653.000	11844	58239	869.827	178.193	6.642	2.015	0.487	1.951	869.808	178.234	6.698	864	173	5	12	11	5
18	26.997	73.679	164	119	4367431	26630.678	12571.130	22725.500	11819	65535	840.616	250.988	7.591	1.709	0.412	1.724	840.439	250.942	7.539	836	248	5	11	7	5
19	27.491	72.852	167	107	5146767	30818.965	16738.119	26467.000	11832	65535	854.222	255.479	7.042	1.722	0.304	1.714	854.237	255.473	7.053	850	252	5	10	7	5
20	70.784	193.730	430	304	10918279	25391.346	12769.476	21070.500	11870	65535	847.233	263.456	9.281	3.073	1.180	3.199	847.611	263.658	9.235	836	256	5	20	13	10
21	23.375	63.198	142	98	3880843	27329.881	13504.898	24524.000	11914	63104	909.556	290.437	7.070	1.611	0.338	1.576	909.580	290.450	7.087	907	286	5	6	10	5
22	36.544	100.951	222	153	6225260	28041.711	13320.828	23232.500	11842	59991	789.365	304.842	6.374	2.058	0.651	2.099	789.370	304.983	6.367	786	298	5	8	15	4
23	26.174	71.162	159	117	4446754	27967.006	13116.557	24100.000	11884	59986	966.560	307.094	7.409	1.749	0.450	1.727	966.559	307.106	7.412	964	302	5	6	11	5
24	40.824	117.431	248	172	5499720	22176.291	9075.988	19379.500	11908	47419	935.032	316.669	9.355	2.303	0.832	2.465	934.839	316.671	9.548	930	312	5	11	11	8
25	23.211	62.783	141	107	3662861	25977.738	10877.843	24646.000	11840	51946	784.248	324.638	6.206	1.541	0.305	1.531	784.127	324.632	6.206	780	321	5	10	8	4
26	55.146	122.293	335	198	8856924	26438.580	11194.118	23031.000	11831	60674	790.675	336.788	7.770	2.465	0.752	2.629	790.590	336.798	7.828	786	333	5	12	9	8
27	33.911	83.125	206	139	5497114	26685.020	11849.598	24037.500	11936	61720	952.651	339.859	7.427	1.822	0.397	1.746	952.612	339.855	7.439	949	335	5	8	11	6
28	26.667	67.404	162	106	5064528	31262.518	15957.454	27997.500	12131	65535	855.549	348.562	7.210	1.678	0.276	1.660	855.474	348.460	7.209	852	346	5	8	7	5
29	24.034	57.714	146	111	3447026	23609.768	8289.808	22643.000	11879	46987	875.027	368.390	5.973	1.500	0.297	1.459	875.022	368.427	5.965	872	364	5	7	10	4
30	16.461	48.441	100	72	2462157	24621.570	11733.771	20612.000	11863	56864	816.770	396.850	6.330	1.398	0.255	1.407	816.813	396.829	6.311	813	394	5	8	6	4
31	29.960	74.127	182	125	5793736	31833.715	16071.548	26556.000	11848	65535	704.176	412.659	6.473	1.751	0.346	1.736	704.159	412.651	6.460	699	409	5	11	8	4
32	13.992	47.992	85	72	1574756	18526.541	5532.961	17259.000	11970	37055	812.824	427.118	5.824	1.350	0.393	1.309	812.710	427.204	5.794	809	424	5	9	7	3
33	12.346	40.580	75	58	1742798	23237.307	9549.707	21068.000	11877	46133	743.853	434.307	6.853	1.245	0.224	1.219	743.878	434.281	6.870	741	432	5	6	6	4
34	29.466	74.401	179	125	3948637	22059.424	8239.770	20335.000	11830	43010	850.961	453.587	6.419	1.656	0.257	1.680	850.951	453.664	6.403	847	449	5	9	10	4
35	25.515	62.679	155	106	3951611	25494.264	11257.114	21310.000	12020	53663	837.561	457.310	6.419	1.594	0.200	1.598	837.495	457.215	6.407	834	454	5	8	8	4
36	17.284	51.991	105	87	2097204	19973.371	6738.011	18113.000	11829	36908	820.133	489.590	6.229	1.372	0.300	1.348	820.143	489.626	6.273	816	486	5	9	8	4
37	29.301	71.781	178	119	4443557	24963.803	10505.844	22145.000	11831	51517	650.618	506.478	6.629	1.689	0.271	1.680	650.642	506.546	6.630	645	503	5	11	8	4
38	41.318	92.468	251	156	7426675	29588.346	14384.199	24029.000	11884	61484	619.845	531.044	7.378	1.911	0.314	1.858	619.836	531.008	7.382	615	526	5	10	11	5
39	36.544	80.435	222	143	5261540	23700.631	9150.346	20578.000	11901	40818	725.856	551.072	6.419	1.780	0.192	1.795	725.849	551.108	6.396	721	547	5	10	9	4
40	27.984	77.711	170	131	3625323	21325.430	7438.721	18589.000	11893	40872	777.276	571.494	6.618	1.597	0.296	1.607	777.404	571.595	6.626	773	567	5	9	10	4
41	10.041	34.443	61	51	1221586	20026.000	6235.770	19111.000	11856	37383	693.148	572.148	6.016	1.145	0.192	1.156	693.123	572.190	6.010	691	569	5	5	7	3
42	6.914	23.444	42	42	696924	16593.428	2370.842	16276.000	12215	22120	577.405	572.571	5.524	0.896	0.228	0.844	577.371	572.650	5.504	575	571	5	6	4	2
43	6.420	30.030	39	36	594151	15234.641	2902.880	14449.000	11827	23078	584.949	574.333	6.154	0.953	0.238	0.980	584.956	574.290	6.135	582	572	5	7	6	3
44	19.095	54.923	116	86	2481511	21392.336	7689.077	19457.500	11837	37163	676.121	589.690	6.345	1.446	0.267	1.462	676.073	589.730	6.375	673	586	5	7	8	4
45	19.589	62.887	119	92	2541318	21355.613	7395.937	20779.000	11866	40881	626.908	632.101	6.420	1.504	0.426	1.585	626.904	632.120	6.433	623	627	5	8	10	4
46	19.424	54.026	118	90	2624696	22243.186	8257.289	20845.500	11869	44304	529.347	641.237	6.195	1.439	0.247	1.406	529.336	641.338	6.168	526	638	5	8	7	4
47	11.688	36.167	71	57	1516378	21357.438	6630.159	20403.000	11900	39036	497.338	643.451	6.113	1.184	0.168	1.179	497.308	643.421	6.133	495	641	5	6	6	3
48	32.100	79.986	195	143	4253108	21810.811	7349.977	20460.000	11840	41162	584.133	643.846	6.785	1.741	0.439	1.722	584.094	643.818	6.815	579	639	5	11	10	4
49	12.017	38.442	73	61	1435367	19662.562	5526.530	18304.000	11971	30769	493.233	650.000	5.890	1.181	0.194	1.193	493.203	650.018	5.847	490	647	5	7	7	3
50	15.145	48.993	92	72	2113138	22968.891	9469.249	21041.500	11878	49719	625.739	657.228	6.783	1.411	0.345	1.393	625.762	657.143	6.779	623	653	5	6	9	4
51	24.692	62.646	150	101	4274835	28498.900	13004.017	24394.500	12019	60850	638.607	701.033	6.480	1.629	0.275	1.655	638.599	701.106	6.464	636	696	5	6	10	4
52	21.729	72.782	132	104	2569243	19463.963	5893.823	18304.500	11870	32742	497.189	705.000	6.530	1.581	0.447	1.610	497.110	704.956	6.519	492	701	5	11	9	4
53	9.218	50.750	56	56	786676	14047.786	1675.623	13642.500	11954	17983	371.482	767.143	5.946	1.286	0.464	1.367	371.479	767.175	5.951	367	764	5	10	7	3
54	7.572	31.271	46	39	776449	16879.326	4072.213	15481.500	11824	28812	431.652	778.565	6.000	1.073	0.251	1.122	431.550	778.636	5.962	429	776	5	7	6	3
55	5.268	25.134	32	32	439878	13746.188	1432.675	13117.000	12054	16558	533.344	780.406	5.594	0.838	0.204	0.830	533.309	780.409	5.603	531	778	5	5	6	2
56	30.454	71.781	185	124	4515234	24406.670	10146.401	22007.000	11823	47965	339.503	787.573	6.530	1.704	0.252	1.690	339.465	787.571	6.549	335	784	5	10	8	4
57	28.643	88.365	174	134	3807156	21880.207	7629.262	20075.500	11991	42888	402.609	792.086	6.362	2.035	0.743	2.123	402.726	791.854	6.382	397	786	5	12	14	4
58	24.528	63.506	149	116	3339350	22411.744	7756.557	21720.000	12048	44838	504.537	791.624	6.060	1.500	0.265	1.507	504.580	791.690	6.066	500	788	5	10	8	4
59	6.091	29.340	37	37	536876	14510.162	2504.313	14220.000	11871	22076	576.162	794.838	5.568	0.918	0.252	0.935	576.237	794.918	5.593	573	793	5	7	5	2
60	8.231	34.684	50	46	767866	15357.320	2770.392	14889.000	11850	23469	563.360	796.980	5.780	1.010	0.257	1.029	563.361	797.028	5.789	561	794	5	6	6	3
61	25.351	70.058	154	111	3279414	21294.896	7922.166	19131.000	11885	40947	359.565	815.013	6.708	1.634	0.349	1.647	359.535	815.083	6.708	355	811	5	10	9	4
62	14.980	47.889	91	75	1652008	18153.934	4961.125	17311.000	11847	32538	360.000	861.121	5.934	1.305	0.267	1.267	360.012	861.145	5.928	356	858	5	9	7	3
63	6.585	32.305	40	40	606961	15174.025	2576.780	14635.000	11910	22362	414.900	898.225	5.725	1.002	0.354	0.987	414.901	898.269	5.740	412	895	5	7	7	3
64	13.005	42.682	79	77	1327764	16807.139	3393.920	16341.000	12091	25650	302.101	905.063	6.430	1.233	0.414	1.272	301.961	905.186	6.417	298	902	5	9	7	3
65	24.857	62.991	151	104	3785171	25067.357	9948.626	22991.000	11894	51244	354.477	962.742	6.450	1.647	0.311	1.645	354.540	962.793	6.410	352	958	5	6	10	4
66	26.174	102.915	159	142	2514353	15813.541	3243.825	15061.000	11822	25676	179.113	973.635	8.038	2.011	0.629	2.037	179.038	973.708	7.942	175	970	5	11	8	7
67	7.408	24.582	45	45	830887	18464.156	3225.915	17782.000	12594	24864	243.156	974.889	5.511	0.895	0.206	0.970	243.156	974.864	5.497	241	973	5	6	5	2
68	16.297	53.818	99	88	1550338	15659.979	3074.042	14564.000	11826	23896	264.051	1007.980	5.707	1.338	0.362	1.364	264.094	1007.975	5.731	260	1004	5	10	8	3
69	32.594	85.882	198	137	4686342	23668.395	9574.112	21233.500	11852	51663	935.015	142.495	7.571	1.832	0.453	1.767	934.927	142.544	7.576	930	137	6	11	12	4
70	12.181	40.821	74	59	1685403	22775.717	8351.804	20482.500	11875	42798	907.108	151.284	7.230	1.224	0.253	1.237	907.082	151.274	7.265	904	149	6	7	6	4
71	21.729	57.335	132	98	2924915	22158.447	8423.564	19743.500	11969	46330	918.227	164.682	7.470	1.493	0.284	1.515	918.278	164.689	7.460	915	161	6	8	8	4
72	8.889	34.925	54	51	838018	15518.852	3431.643	14607.000	11825	26041	892.630	187.333	6.704	1.036	0.261	1.033	892.685	187.396	6.731	889	185	6	8	6	3
73	6.749	33.995	41	38	674727	16456.756	3878.696	16454.000	11828	23302	835.024	210.707	6.951	0.990	0.328	1.086	834.932	210.763	6.969	832	208	6	7	6	3
74	27.161	68.197	165	107	5340355	32365.787	17575.512	26570.000	11880	65535	821.800	238.824	7.758	1.706	0.294	1.696	821.720	238.794	7.757	818	236	6	9	7	5
75	43.458	112.191	264	167	6904804	26154.561	11897.238	24087.500	11849	65535	882.102	262.322	9.716	2.300	0.819	2.367	882.034	262.492	9.575	878	257	6	10	12	8
76	27.491	74.954	167	126	4250350	25451.197	11489.742	22855.000	11978	61236	973.701	292.713	7.946	1.692	0.476	1.631	973.392	292.870	7.945	969	289	6	11	9	5
77	12.017	42.096	73	61	1356891	18587.549	5226.642	17305.000	12004	35332	853.904	369.726	6.918	1.204	0.211	1.195	853.927	369.674	6.917	851	367	6	7	7	3
78	17.778	53.648	108	77	2880507	26671.361	12153.646	23613.500	11887	61600	818.176	380.907	7.639	1.465	0.261	1.503	818.150	380.962	7.575	816	377	6	6	9	4
79	9.712	33.443	59	48	1027076	17408.068	4612.316	15265.000	12148	29871	791.729	385.644	7.051	1.112	0.162	1.126	791.720	385.618	7.029	789	383	6	6	6	3
80	24.363	67.471	148	112	3416145	23082.061	8645.739	20711.500	11848	42530	746.466	390.182	7.804	1.586	0.407	1.537	746.408	390.128	7.750	742	386	6	10	10	4
81	24.528	62.335	149	101	3648627	24487.430	9979.232	22123.000	11919	51457	922.893	406.362	7.691	1.588	0.231	1.606	922.943	406.270	7.724	920	402	6	7	9	4
82	25.515	61.679	155	117	4214524	27190.477	10544.303	25335.000	11894	52856	762.768	421.897	7.942	1.518	0.264	1.559	762.814	421.859	7.950	759	418	6	9	8	4
83	12.840	41.718	78	58	1801347	23094.191	9247.072	21250.500	11822	41312	753.180	426.295	7.538	1.281	0.233	1.272	753.143	426.277	7.529	750	424	6	7	6	4
84	23.540	59.852	143	110	3395079	23741.811	8803.807	21845.000	11961	47592	792.259	433.846	7.182	1.519	0.305	1.509	792.277	433.873	7.183	788	430	6	9	8	4
85	7.408	31.512	45	42	722500	16055.556	3322.705	15535.000	11819	24862	705.311	433.889	7.267	1.053	0.298	1.060	705.340	433.861	7.254	702	431	6	8	6	3
86	6.091	24.893	37	34	709614	19178.756	5651.312	17339.000	12241	36032	778.405	434.459	7.297	0.938	0.244	0.929	778.388	434.432	7.317	776	432	6	5	5	3
87	3.786	21.962	23	22	360582	15677.479	3290.309	14564.000	11891	22577	792.217	480.348	6.957	0.870	0.364	0.945	792.115	480.436	6.963	790	477	6	6	7	3
88	1.811	11.585	11	11	170506	15500.546	2907.270	15494.000	11839	20692	674.364	493.273	6.455	0.662	0.142	0.621	674.377	493.169	6.459	674	492	6	2	4	2
89	5.597	27.443	34	34	517588	15223.177	3213.804	14249.000	11874	23342	806.412	511.206	6.853	0.922	0.343	0.927	806.426	511.288	6.867	803	508	6	7	7	2
90	1.811	12.515	11	11	160765	14615.000	1606.602	14394.000	12329	17618	576.727	555.545	6.000	0.638	0.291	0.614	576.717	555.573	6.000	574	554	6	6	4	1
91	21.235	52.888	129	91	3761748	29160.838	13624.783	25089.000	12059	63987	531.628	580.364	7.729	1.500	0.207	1.495	531.642	580.347	7.749	529	577	6	7	7	4
92	5.103	25.823	31	31	475865	15350.483	3005.164	14348.000	11924	23362	651.290	592.839	6.323	0.913	0.358	0.843	651.329	592.733	6.295	649	590	6	6	8	2
93	19.260	65.126	117	113	1956549	16722.641	3411.825	16234.000	11998	26232	450.094	694.504	7.538	1.397	0.421	1.447	450.091	694.667	7.535	446	690	6	9	10	4
94	24.034	63.369	146	105	3116335	21344.760	7865.806	19506.000	11846	45128	632.719	742.945	7.514	1.590	0.325	1.589	632.844	742.941	7.562	628	740	6	10	7	4
95	13.334	45.165	81	66	1377167	17002.062	4432.101	15929.000	11820	29840	498.630	746.383	6.901	1.277	0.284	1.228	498.619	746.378	6.912	495	743	6	8	7	3
96	3.622	22.962	22	22	326249	14829.500	2622.407	14775.500	11831	22497	537.409	769.727	6.727	0.865	0.245	0.900	537.411	769.592	6.762	536	768	6	4	5	2
97	26.997	81.780	164	125	3166960	19310.732	6210.656	17689.000	12011	35546	368.957	780.439	7.415	1.700	0.516	1.690	369.079	780.515	7.418	364	775	6	10	11	4
98	19.095	57.061	116	77	3043404	26236.242	11742.729	23198.500	11889	56172	588.914	794.466	8.155	1.522	0.307	1.475	588.957	794.339	8.126	586	791	6	7	8	5
99	7.078	30.133	43	37	727925	16928.488	4395.955	16085.000	11844	29261	318.930	838.977	6.907	1.027	0.221	1.032	318.860	838.981	6.904	317	837	6	6	5	3
100	2.305	12.411	14	14	201358	14382.714	1709.642	14148.000	12000	19035	390.143	909.500	6.071	0.594	0.214	0.629	390.116	909.537	6.064	389	908	6	4	4	2
101	4.774	22.169	29	27	457046	15760.207	2782.285	15296.000	12029	23658	187.310	922.069	6.690	0.897	0.237	0.855	187.372	922.056	6.702	185	921	6	6	3	3
102	32.264	81.265	196	121	5736209	29266.373	15004.955	25738.000	11847	65535	351.781	1003.918	8.781	1.840	0.327	1.855	351.891	1003.674	8.695	348	999	6	8	10	6
103	34.734	105.258	211	172	3801131	18014.838	5075.217	16699.000	11858	32632	235.972	1006.910	7.697	2.164	0.876	2.085	236.276	1007.047	7.570	227	1003	6	17	9	6
104	17.284	56.542	105	89	2067947	19694.732	5723.934	19399.000	11882	35830	970.038	144.543	8.190	1.412	0.401	1.341	970.025	144.520	8.220	967	140	7	7	10	3
105	27.161	72.437	165	112	4606632	27918.982	13365.475	23081.000	12143	58999	870.085	147.048	8.448	1.721	0.357	1.713	870.078	147.060	8.458	866	142	7	9	11	4
106	5.597	27.065	34	34	489562	14398.883	1813.012	14175.500	11901	18373	828.206	203.588	7.441	0.977	0.353	0.900	828.132	203.549	7.443	825	202	7	8	5	2
107	14.815	48.337	90	74	1731411	19237.900	5822.877	18166.000	11867	35279	998.089	219.311	7.878	1.335	0.318	1.307	998.014	219.369	7.850	995	215	7	7	9	3
108	6.420	27.168	39	35	696613	17861.871	4702.996	16876.000	11911	29725	939.180	278.282	7.744	0.965	0.226	0.951	939.176	278.304	7.751	937	276	7	5	6	3
109	22.223	59.129	135	91	2977338	22054.355	7396.776	19251.000	12082	36666	1000.763	314.274	8.585	1.550	0.207	1.562	1000.732	314.302	8.573	997	311	7	8	8	4
110	14.815	49.957	90	81	1681098	18678.867	5575.743	17098.500	12183	33388	760.178	338.889	7.711	1.264	0.385	1.289	760.168	338.894	7.721	757	334	7	7	10	3
111	15.803	63.402	96	85	1528510	15921.979	3844.474	14759.000	11863	30120	733.958	361.031	8.104	1.717	0.670	1.674	733.659	361.135	8.107	729	356	7	14	9	3
112	8.066	32.201	49	48	830910	16957.348	3294.656	15716.000	11936	24606	780.857	404.673	7.633	0.987	0.287	0.988	780.865	404.708	7.663	778	402	7	7	6	3
113	8.889	31.408	54	54	906412	16785.408	3249.580	16049.500	12009	25516	811.426	519.296	7.463	0.995	0.288	0.972	811.481	519.334	7.437	809	516	7	6	8	2
114	48.232	140.598	293	227	5778795	19722.850	6455.999	17747.000	11889	37909	568.249	563.382	9.294	2.295	0.764	2.323	568.307	563.228	9.162	561	558	7	17	12	6
115	9.383	34.581	57	53	1052944	18472.701	4555.910	18061.000	11877	30122	790.351	563.789	8.456	1.050	0.315	1.028	790.359	563.843	8.459	788	560	7	5	8	4
116	11.852	40.718	72	58	1311526	18215.639	4906.594	16366.500	11932	30530	570.264	620.167	7.903	1.246	0.278	1.223	570.293	620.176	7.901	566	617	7	8	7	3
117	21.235	58.784	129	89	3319992	25736.373	10867.894	22615.000	11865	55184	532.442	834.140	8.698	1.512	0.233	1.504	532.437	834.146	8.722	529	831	7	8	7	5
118	21.894	58.507	133	111	2544193	19129.271	5217.094	17733.000	11925	30696	915.789	104.917	9.692	1.444	0.333	1.443	915.817	104.831	9.672	912	101	8	8	9	4
119	24.363	81.402	148	123	3244274	21920.770	7750.346	21061.000	11895	47563	925.405	180.926	11.088	2.170	0.767	2.263	925.263	180.908	11.112	919	178	8	14	7	7
120	2.963	16.584	18	16	383185	21288.055	8816.999	19150.000	11871	41821	891.667	375.500	9.056	0.808	0.265	0.936	891.681	375.476	9.079	890	374	8	4	4	3
121	6.749	28.065	41	34	837891	20436.365	7638.905	17405.000	11822	36269	919.781	378.805	9.756	1.031	0.282	1.024	919.825	378.768	9.690	918	377	8	5	5	4
122	19.589	83.436	119	105	1855600	15593.277	2633.335	15203.000	11836	23298	859.294	399.504	9.975	1.872	0.714	1.952	859.184	399.571	9.989	853	394	8	14	10	5
123	26.503	69.506	161	118	3428256	21293.516	7547.990	19729.000	11844	38393	776.963	413.031	9.565	1.615	0.302	1.608	776.932	412.985	9.549	773	409	8	9	9	4
124	34.898	79.608	212	130	6695829	31584.100	15560.836	26715.500	12038	65535	678.670	426.802	9.618	1.820	0.244	1.803	678.628	426.754	9.589	674	423	8	10	9	5
125	23.869	66.163	145	104	3569243	24615.469	9278.375	24048.000	11873	52615	737.110	553.262	10.007	1.565	0.323	1.545	737.069	553.423	9.997	734	549	8	8	9	5
126	26.009	62.887	158	108	3760442	23800.266	8685.928	22268.500	11918	42075	793.797	552.943	9.620	1.628	0.224	1.621	793.784	553.005	9.592	790	549	8	8	9	4
127	26.338	74.368	160	118	3419111	21369.443	7247.585	20135.000	11824	38646	691.912	552.125	9.962	1.681	0.458	1.755	691.803	551.977	9.950	688	548	8	9	10	5
128	11.194	35.029	68	55	1385721	20378.250	6729.222	18716.000	11830	41448	619.691	646.985	8.941	1.183	0.193	1.191	619.706	647.003	8.947	617	645	8	7	5	3
129	22.223	73.264	135	115	2334409	17291.918	3847.835	16774.000	11925	27493	472.526	654.437	9.622	1.661	0.535	1.704	472.498	654.499	9.631	470	649	8	7	12	4
130	6.255	27.513	38	33	629832	16574.525	3914.999	15396.000	11947	23517	517.658	655.711	8.895	0.970	0.195	0.994	517.654	655.710	8.874	516	653	8	5	6	3
131	8.395	31.167	51	45	929722	18229.844	4699.940	17087.000	11818	30041	569.373	664.020	9.216	1.035	0.226	1.034	569.381	664.044	9.226	567	662	8	6	5	3
132	31.771	76.747	193	123	4956637	25682.057	10724.456	24607.000	11835	53637	625.969	700.212	10.114	1.772	0.280	1.786	626.031	700.117	10.092	622	697	8	9	8	5
133	25.844	65.507	157	109	3761161	23956.439	9673.127	20726.000	12101	49738	405.146	728.917	9.624	1.598	0.219	1.608	405.036	728.819	9.634	401	725	8	9	8	4
134	17.943	55.026	109	77	2201587	20198.045	6671.200	17879.000	11865	33833	421.018	770.642	9.596	1.486	0.293	1.524	421.007	770.648	9.569	418	767	8	7	8	4
135	7.737	28.651	47	40	847874	18039.873	5215.586	15505.000	11909	31628	518.404	780.617	9.000	1.047	0.191	1.121	518.378	780.603	8.978	517	778	8	4	6	3
136	27.820	69.024	169	115	4241174	25095.705	10518.375	22600.000	11860	51256	363.680	796.704	10.361	1.687	0.296	1.668	363.720	796.638	10.309	359	793	8	10	8	5
137	23.704	64.818	144	100	3084256	21418.445	7392.875	19807.500	11821	39845	505.729	825.444	9.292	1.595	0.297	1.639	505.704	825.403	9.231	502	822	8	9	8	4
138	26.174	61.645	159	106	4430642	27865.674	12013.170	23886.000	12015	55375	418.730	856.604	9.358	1.632	0.208	1.624	418.716	856.545	9.322	415	853	8	8	8	4
139	4.445	21.962	27	26	415160	15376.296	3281.119	14840.000	11839	22800	319.815	877.407	9.185	0.810	0.224	0.816	319.881	877.365	9.154	318	875	8	5	6	3
140	9.218	32.650	56	53	1003168	17913.715	3170.317	18565.000	11824	23574	438.607	888.000	9.464	1.004	0.263	0.989	438.672	888.036	9.441	436	886	8	7	5	4
141	11.523	39.684	70	58	1225270	17503.857	3911.602	16984.500	11832	25924	431.843	890.171	9.214	1.166	0.235	1.193	431.771	890.163	9.241	430	887	8	5	7	4
142	14.321	46.477	87	63	2128372	24464.047	10342.262	21703.000	12116	55544	248.448	889.897	10.195	1.355	0.282	1.309	248.466	889.895	10.139	246	887	8	6	6	5
143	17.449	48.233	106	85	2048216	19322.793	4926.035	18406.000	11868	32959	361.283	889.726	9.962	1.359	0.256	1.338	361.249	889.631	9.952	358	887	8	8	6	4
144	10.700	40.959	65	63	1035625	15932.692	3109.466	14953.000	11993	23293	307.308	892.785	9.415	1.090	0.307	1.095	307.262	892.715	9.423	304	890	8	8	7	3
145	32.264	75.332	196	137	4149225	21169.516	6702.953	19536.000	11844	35473	267.878	906.602	9.592	1.744	0.341	1.707	267.864	906.645	9.610	263	903	8	12	8	4
146	23.540	59.025	143	100	3799049	26566.775	10861.570	24478.000	11855	51612	237.615	924.350	9.385	1.582	0.234	1.593	237.563	924.350	9.368	234	921	8	8	8	4
147	25.515	67.782	155	105	3640899	23489.672	8731.292	20884.000	11855	43666	363.723	939.761	9.613	1.616	0.263	1.622	363.687	939.711	9.613	360	935	8	8	10	4
148	10.371	40.580	63	54	1466950	23284.920	7958.275	22476.000	11837	39319	978.794	112.698	10.762	1.201	0.322	1.205	978.901	112.607	10.726	976	109	9	6	8	4
149	26.997	69.610	164	115	4358718	26577.549	11007.352	25233.500	11858	59303	935.598	210.000	10.774	1.610	0.298	1.593	935.486	209.982	10.800	932	206	9	9	9	5
150	32.758	89.677	199	139	6124826	30778.020	16048.226	26542.000	11889	65535	810.332	211.241	11.020	1.930	0.521	2.002	810.274	211.076	11.039	806	207	9	10	11	5
151	25.021	67.990	152	108	4190225	27567.270	12783.608	25695.500	11955	62681	940.546	219.599	10.855	1.607	0.304	1.601	940.540	219.610	10.873	937	217	9	9	7	5
152	29.137	68.783	177	114	5505854	31106.520	15601.981	27651.000	11840	65535	888.983	236.520	10.842	1.736	0.295	1.772	889.039	236.502	10.852	885	234	9	9	7	5
153	23.375	63.198	142	93	4285763	30181.430	15576.552	27498.000	11932	65535	914.134	312.563	10.986	1.615	0.288	1.584	914.166	312.478	10.994	911	309	9	7	8	5
154	19.260	56.991	117	91	2436140	20821.709	7002.458	19047.000	12144	40746	775.359	348.094	10.829	1.440	0.362	1.404	775.355	348.049	10.801	772	344	9	8	9	4
155	13.005	52.440	79	73	1233845	15618.291	3035.497	14985.000	11980	23406	815.101	361.203	9.810	1.394	0.540	1.422	815.129	361.194	9.812	810	359	9	13	5	3
156	19.260	54.923	117	80	2878781	24604.965	10261.082	23541.000	11942	52678	937.735	373.590	11.145	1.471	0.266	1.431	937.766	373.604	11.125	935	370	9	7	8	5
157	1.975	12.274	12	12	200200	16683.334	3455.536	16783.000	12467	23315	897.500	374.750	9.833	0.654	0.276	0.677	897.482	374.730	9.838	897	373	9	2	4	3
158	4.609	25.134	28	27	431965	15427.321	2345.930	15264.000	11942	19393	776.679	376.536	10.143	0.852	0.287	0.894	776.687	376.559	10.115	774	375	9	6	4	3
159	12.017	49.441	73	63	1334883	18286.068	6121.144	16073.000	11991	42679	884.164	403.425	10.644	1.508	0.451	1.566	883.792	403.376	10.609	879	402	9	11	5	4
160	25.186	61.404	153	102	3998316	26132.785	10670.999	23088.000	11922	50682	857.209	442.438	11.405	1.608	0.194	1.587	857.136	442.449	11.423	854	439	9	7	8	5
161	20.906	56.060	127	94	3355985	26425.078	10590.373	25944.000	11891	54613	832.827	447.110	11.118	1.462	0.250	1.439	832.811	447.088	11.095	829	444	9	8	7	5
162	7.078	30.478	43	41	722183	16794.953	4140.546	15866.000	11959	26724	770.233	460.791	10.535	0.971	0.316	0.952	770.198	460.734	10.522	768	458	9	6	7	4
163	15.803	45.165	96	78	1908898	19884.354	5468.354	18743.000	12105	32492	824.188	479.010	9.969	1.312	0.239	1.295	824.238	479.020	9.956	821	476	9	8	7	3
164	4.115	21.031	25	25	424969	16998.760	4034.621	16182.000	11986	24963	715.680	542.400	10.320	0.808	0.241	0.779	715.609	542.407	10.301	713	541	9	6	4	3
165	10.535	36.615	64	55	1198658	18729.031	4510.745	18036.500	11996	28636	598.297	563.875	9.828	1.150	0.262	1.183	598.312	563.857	9.800	595	562	9	8	5	3
166	22.223	55.371	135	92	3825403	28336.318	12638.729	23944.000	11982	61702	655.733	652.533	10.519	1.565	0.222	1.569	655.690	652.433	10.488	652	650	9	8	6	4
167	26.997	74.713	164	114	3884344	23685.023	8901.933	21873.500	11838	43666	492.561	663.165	10.622	1.752	0.428	1.699	492.635	663.158	10.651	487	659	9	11	9	4
168	23.540	61.301	143	107	2853783	19956.525	6184.077	17642.000	11830	34674	669.000	701.084	10.301	1.551	0.281	1.542	668.980	701.172	10.296	666	697	9	7	9	4
169	10.206	34.788	62	50	1274765	20560.727	6610.000	19315.000	11834	37236	465.226	716.710	10.097	1.158	0.217	1.151	465.206	716.705	10.146	462	715	9	7	5	4
170	12.511	43.923	76	68	1226876	16143.105	3174.667	15367.000	11835	25713	453.645	732.329	10.237	1.164	0.316	1.211	453.612	732.355	10.232	450	729	9	8	7	3
171	5.103	22.755	31	31	461872	14899.097	2294.279	14497.000	11933	21700	582.065	736.387	9.581	0.854	0.238	0.870	582.056	736.346	9.594	580	734	9	5	6	2
172	11.852	39.580	72	60	1327029	18430.959	4476.042	17925.500	11860	30231	479.458	762.333	9.889	1.208	0.227	1.197	479.465	762.300	9.858	476	759	9	7	7	3
173	23.375	63.713	142	116	2760152	19437.689	5367.006	18116.500	11836	33201	421.437	811.514	9.937	1.603	0.445	1.523	421.495	811.439	9.902	417	808	9	11	8	3
174	11.688	41.166	71	61	1499315	21117.113	6805.756	20174.000	12356	34169	328.113	817.042	10.535	1.196	0.309	1.263	328.099	817.030	10.520	325	815	9	8	5	4
175	10.206	32.857	62	52	1224243	19745.855	5218.801	19304.500	11986	32817	420.839	827.048	10.000	1.133	0.171	1.127	420.776	826.976	9.943	418	825	9	6	5	3
176	9.712	31.719	59	49	1220525	20686.865	6176.313	20189.000	11876	36402	432.559	826.949	10.034	1.129	0.172	1.127	432.543	826.898	10.055	430	825	9	6	5	3
177	9.383	30.582	57	48	1243507	21815.912	6837.519	20260.000	12093	40123	423.702	834.105	10.053	1.103	0.168	1.111	423.700	834.088	10.089	422	832	9	5	5	3
178	18.272	56.646	111	91	2097317	18894.748	4537.375	19321.000	11858	30102	469.045	843.964	9.856	1.491	0.421	1.411	468.987	843.965	9.787	465	839	9	9	10	3
179	5.926	25.927	36	35	589772	16382.556	2999.906	16238.500	11915	24278	508.333	841.722	9.583	0.893	0.244	0.853	508.269	841.710	9.592	506	840	9	6	4	3
180	3.457	19.894	21	21	300474	14308.286	2013.445	14111.000	11952	18890	347.476	862.714	9.476	0.794	0.237	0.763	347.501	862.673	9.468	346	860	9	4	6	2
181	1.975	14.101	12	12	156796	13066.333	528.362	13039.500	12155	14054	372.417	888.417	9.083	0.704	0.256	0.695	372.437	888.428	9.081	371	886	9	4	5	2
182	10.041	33.650	61	52	1090891	17883.459	4250.400	17027.000	11842	28074	197.852	913.656	9.852	1.131	0.205	1.144	197.823	913.618	9.814	195	912	9	6	5	3
183	17.284	48.819	105	84	2047991	19504.676	5439.054	18188.000	11847	32756	420.067	932.114	9.829	1.342	0.252	1.347	420.115	932.130	9.785	417	928	9	7	9	3
184	25.351	66.574	154	120	2933324	19047.559	5189.258	18211.500	11942	31768	344.968	963.896	10.883	1.566	0.371	1.533	344.809	963.883	10.841	340	961	9	11	7	4
185	8.889	31.167	54	46	908404	16822.297	3908.502	15937.500	11949	24666	307.500	973.815	10.241	1.070	0.200	1.071	307.496	973.789	10.252	305	971	9	6	6	3
186	7.901	32.513	48	43	795230	16567.291	3169.012	16501.500	12093	24180	127.875	986.750	10.250	1.034	0.247	1.000	127.866	986.799	10.254	126	984	9	5	6	3
187	17.943	57.232	109	97	1906193	17488.010	3853.696	17027.000	11831	27380	143.101	991.358	10.294	1.521	0.476	1.555	143.130	991.237	10.305	140	986	9	7	11	3
188	25.021	66.715	152	96	4550402	29936.855	15482.834	26438.500	11824	65535	959.895	97.539	11.954	1.679	0.298	1.646	959.842	97.531	11.954	956	94	10	8	8	5
189	23.704	58.369	144	113	3635147	25244.076	8570.730	24334.500	11831	46377	959.542	131.569	11.007	1.503	0.294	1.481	959.613	131.523	10.993	955	128	10	9	8	4
190	23.211	62.542	141	96	3217406	22818.482	8258.826	20589.000	11846	41855	909.113	249.206	11.574	1.588	0.256	1.596	909.100	249.232	11.579	906	245	10	7	9	4
191	24.528	64.336	149	93	4250103	28524.182	14089.003	24949.000	11820	65535	947.107	283.611	11.785	1.682	0.301	1.631	947.110	283.561	11.836	944	280	10	7	8	5
192	15.803	52.647	96	77	1952848	20342.166	6306.962	19340.500	11827	32778	859.688	322.219	11.448	1.337	0.301	1.398	859.724	322.129	11.476	856	320	10	8	7	4
193	28.314	72.748	172	108	4412975	25656.832	11522.447	22702.500	11873	55736	977.727	335.215	11.843	1.762	0.330	1.759	977.773	335.215	11.794	974	331	10	8	9	5
194	15.638	49.234	95	73	2073171	21822.854	7350.624	19270.000	11822	38175	726.168	359.179	11.411	1.333	0.246	1.351	726.170	359.255	11.416	723	356	10	8	7	4
195	28.149	67.886	171	113	4768602	27886.561	13591.160	23292.000	11881	65535	745.444	371.006	12.368	1.668	0.208	1.662	745.401	370.981	12.327	741	368	10	9	7	5
196	4.445	19.445	27	27	391865	14513.519	1806.020	14950.000	12012	17384	767.111	372.185	10.481	0.775	0.169	0.757	767.075	372.153	10.485	765	371	10	5	4	2
197	27.984	76.506	170	115	4397817	25869.512	12236.492	22853.500	11870	63177	838.600	375.147	11.882	1.807	0.436	1.880	838.723	375.142	11.859	833	372	10	12	7	5
198	14.486	51.888	88	84	1455860	16543.863	3383.100	15527.000	11879	25571	858.659	381.023	11.045	1.552	0.588	1.624	858.836	380.862	10.999	855	376	10	9	11	3
199	4.115	22.514	25	24	366505	14660.200	3356.135	14109.000	11832	27351	887.880	380.880	10.720	0.825	0.235	0.829	887.822	380.931	10.741	885	379	10	6	4	3
200	14.651	45.613	89	75	1636511	18387.764	4928.745	17678.000	11825	28708	805.562	384.539	11.393	1.272	0.306	1.267	805.619	384.539	11.408	802	382	10	8	6	4
201	17.120	54.096	104	72	2549744	24516.770	10834.894	22774.500	11833	53797	770.635	396.183	12.135	1.438	0.290	1.371	770.607	396.242	12.126	768	393	10	7	7	5
202	9.383	34.340	57	49	1081547	18974.508	5026.007	18911.000	11946	29354	878.561	409.439	11.702	1.072	0.256	1.078	878.550	409.461	11.686	876	407	10	6	6	4
203	8.395	31.960	51	47	931748	18269.568	5330.255	18337.000	11985	32514	891.373	434.745	11.608	1.021	0.267	0.995	891.344	434.736	11.581	889	432	10	6	6	4
204	18.601	55.026	113	82	2430443	21508.346	7955.875	18704.000	11829	41098	853.159	457.903	11.372	1.444	0.246	1.437	853.132	457.968	11.416	850	454	10	7	8	4
205	24.528	68.954	149	119	2700294	18122.779	4650.018	17360.000	11853	29228	780.154	471.309	10.993	1.642	0.480	1.642	780.066	471.479	10.974	776	466	10	9	12	3
206	6.914	25.375	42	42	691850	16472.619	2614.332	16214.500	12027	23166	710.143	470.405	10.500	0.894	0.227	0.891	710.178	470.442	10.518	708	468	10	5	6	2
207	6.420	26.616	39	39	607725	15582.692	2593.199	15342.000	11874	22304	702.820	475.692	10.462	0.879	0.219	0.894	702.852	475.771	10.451	701	473	10	5	6	2
208	18.766	49.612	114	89	2527590	22171.842	7195.517	20996.500	12100	38740	776.667	483.325	11.044	1.368	0.220	1.391	776.672	483.288	11.082	773	480	10	8	7	3
209	13.828	44.476	84	70	1663035	19798.035	6266.803	17782.500	11887	35910	792.976	496.952	11.429	1.254	0.323	1.295	793.013	496.966	11.451	791	493	10	5	9	4
210	24.692	72.230	150	119	3128075	20853.834	6470.447	20045.500	11884	40188	777.107	508.347	11.320	1.653	0.504	1.723	777.007	508.422	11.278	772	504	10	11	10	4
211	3.292	18.652	20	19	296894	14844.700	2701.266	14542.500	11848	21551	793.800	521.650	11.150	0.786	0.268	0.775	793.750	521.720	11.130	792	519	10	5	5	3
212	20.083	56.646	122	90	2774551	22742.221	8142.146	21302.500	12055	41086	659.664	543.861	11.328	1.450	0.264	1.464	659.639	543.807	11.315	656	541	10	8	7	4
213	6.749	27.858	41	34	708077	17270.170	4260.960	15897.000	11928	27055	640.024	545.805	10.951	0.999	0.166	1.007	639.994	545.831	10.974	638	543	10	5	6	3
214	1.646	12.274	10	10	137580	13758.000	1890.659	13061.500	11892	17451	688.800	598.200	10.200	0.694	0.266	0.774	688.810	598.217	10.181	687	597	10	5	3	2
215	3.292	21.376	20	19	288488	14424.400	2123.196	14258.500	11884	18410	635.050	660.750	10.900	0.949	0.416	0.996	635.068	660.697	10.909	632	659	10	7	5	3
216	3.292	17.514	20	20	278759	13937.950	1663.213	13476.000	11968	17217	672.200	670.400	10.550	0.727	0.159	0.716	672.238	670.412	10.554	670	669	10	5	4	2
217	12.840	39.580	78	62	1407385	18043.396	4609.692	16992.000	11949	30849	477.397	705.513	10.897	1.219	0.181	1.226	477.389	705.416	10.870	475	702	10	6	8	3
218	15.145	51.647	92	80	1538119	16718.686	3662.808	15859.500	11821	24244	514.902	732.000	10.957	1.321	0.327	1.316	514.930	731.861	10.930	512	728	10	7	9	3
219	3.457	18.308	21	21	308955	14712.143	2405.307	14894.000	11848	19812	548.524	730.476	10.333	0.764	0.227	0.724	548.542	730.461	10.300	546	728	10	5	5	2
220	5.268	21.272	32	32	522056	16314.250	2359.187	16865.000	12192	20605	363.938	768.250	10.438	0.816	0.183	0.819	363.978	768.258	10.405	362	766	10	5	5	2
221	8.395	31.408	51	50	806510	15813.922	2422.034	15638.000	11988	22655	351.882	769.490	10.529	0.964	0.264	0.941	351.847	769.483	10.531	349	767	10	7	6	3
222	8.395	30.926	51	45	941356	18457.961	4090.602	18276.000	12143	29115	411.020	831.451	10.706	1.037	0.225	1.057	410.989	831.442	10.665	409	829	10	5	6	3
223	13.169	45.647	80	80	1263070	15788.375	2632.009	15315.500	11840	22275	349.475	979.550	10.450	1.186	0.378	1.173	349.457	979.601	10.433	346	975	10	7	10	2
224	8.725	33.202	53	46	1043985	19697.830	6017.840	18955.000	11854	36746	966.868	164.491	12.283	1.079	0.252	1.074	966.812	164.529	12.308	964	162	11	6	6	4
225	20.906	57.921	127	102	2681353	21113.016	6639.433	19948.000	11844	37563	890.000	172.827	11.858	1.510	0.389	1.443	889.998	172.808	11.831	886	169	11	9	10	3
226	3.951	21.721	24	24	333311	13887.958	1470.471	13340.000	12059	16824	966.583	237.083	11.708	0.791	0.226	0.811	966.562	237.065	11.722	965	235	11	5	5	2
227	5.926	27.858	36	36	510277	14174.361	1940.753	13714.000	11856	20724	965.722	251.806	11.528	0.881	0.223	0.881	965.757	251.820	11.543	964	249	11	5	6	2
228	10.206	33.891	62	51	1026784	16561.033	3358.081	15876.000	11825	24172	954.903	321.403	11.855	1.139	0.197	1.122	954.914	321.380	11.868	953	318	11	5	7	3
229	4.938	25.030	30	28	455505	15183.500	2588.317	14155.000	11915	21213	792.600	388.533	12.133	0.890	0.256	0.898	792.619	388.547	12.126	790	386	11	6	6	3
230	19.754	73.505	120	106	2036289	16969.074	4471.679	15682.000	11887	35379	818.008	405.742	11.933	1.703	0.678	1.616	817.876	405.913	11.939	813	400	11	13	11	3
231	5.761	24.133	35	35	559253	15978.657	2851.172	15951.000	11822	21505	820.943	413.457	11.600	0.875	0.240	0.860	820.916	413.422	11.609	819	411	11	6	6	2
232	5.597	27.721	34	32	570236	16771.646	4076.261	16461.000	12020	26556	813.559	432.441	11.647	1.046	0.334	1.012	813.608	432.402	11.664	811	430	11	6	6	3
233	5.432	23.203	33	33	503979	15272.091	2320.361	14938.000	11836	19723	637.333	522.879	11.455	0.822	0.191	0.843	637.323	522.863	11.455	635	521	11	6	5	2
