 	Volume (micron^3)	Surface (micron^2)	Nb of obj. voxels	Nb of surf. voxels	IntDen	Mean	StdDev	Median	Min	Max	X	Y	Z	Mean dist. to surf. (micron)	SD dist. to surf. (micron)	Median dist. to surf. (micron)	XM	YM	ZM	BX	BY	BZ	B-width	B-height	B-depth
1	29.960	71.403	182	114	6358764	34938.266	16036.392	31001.500	14249	65535	823.538	654.962	7.313	1.742	0.250	1.700	823.508	654.932	7.271	819	652	5	10	7	5
2	58.438	162.700	355	245	11145256	31395.088	14964.264	26028.000	14160	65535	983.254	747.518	7.327	2.663	0.945	2.736	983.224	747.904	7.255	979	737	5	10	20	5
3	37.038	79.364	225	167	6207067	27586.965	9445.134	26204.000	14370	52072	879.000	904.120	6.996	1.721	0.350	1.755	878.946	904.235	7.006	874	900	5	11	10	5
4	29.960	75.817	182	124	6082095	33418.105	15386.191	29159.000	14209	65535	1005.379	906.654	7.648	1.779	0.407	1.737	1005.348	906.648	7.608	1002	903	5	8	9	6
5	33.417	75.676	203	139	5587273	27523.512	10329.082	25154.000	14176	53477	941.404	916.202	6.626	1.729	0.237	1.721	941.354	916.186	6.665	937	912	5	10	9	4
6	10.206	37.890	62	56	1173902	18933.902	4028.810	18192.000	14249	33797	887.516	939.468	6.258	1.126	0.276	1.130	887.499	939.419	6.242	884	937	5	8	6	3
7	34.734	82.332	211	129	6747796	31980.076	14173.624	28305.000	14200	65535	982.076	948.431	7.232	1.813	0.241	1.807	982.093	948.465	7.228	978	944	5	9	10	5
8	31.771	73.575	193	129	7617661	39469.746	18534.066	34228.000	14223	65535	855.798	37.886	8.378	1.734	0.236	1.738	855.767	37.677	8.393	852	35	6	9	8	5
9	37.367	82.299	227	143	9443091	41599.520	19150.549	40582.000	14420	65535	846.449	74.846	8.771	1.908	0.345	1.951	846.464	74.854	8.711	843	70	6	7	11	6
10	45.434	95.222	276	204	7877489	28541.627	9985.755	26650.000	14306	57625	928.399	200.402	7.946	1.893	0.498	1.851	928.436	200.389	7.900	921	196	6	15	10	4
11	34.898	78.437	212	129	8646907	40787.297	19450.736	38308.000	14214	65535	874.330	233.057	8.948	1.882	0.303	1.882	874.242	233.105	8.857	871	229	6	8	8	6
12	31.606	76.991	192	114	8367695	43581.746	19727.527	46319.000	14433	65535	897.234	259.677	9.271	1.991	0.568	1.976	897.272	259.651	9.224	894	257	6	8	6	7
13	22.058	58.199	134	90	5254389	39211.859	18890.039	36584.000	14180	65535	937.694	273.978	8.254	1.590	0.282	1.584	937.712	273.979	8.233	935	270	6	7	8	5
14	21.071	60.578	128	91	4402222	34392.359	17354.803	28120.500	14274	65535	716.812	284.117	8.984	1.662	0.501	1.581	716.639	284.449	8.764	714	280	6	7	8	6
15	55.640	112.258	338	191	12818342	37924.090	18144.738	33469.500	14227	65535	670.607	291.870	8.784	2.216	0.453	2.220	670.512	291.958	8.735	665	287	6	12	10	6
16	51.195	111.465	311	189	11359735	36526.480	17028.953	36048.000	14161	65535	957.669	297.984	8.019	2.090	0.353	2.073	957.569	298.034	8.028	953	292	6	11	13	5
17	18.437	54.578	112	83	3649935	32588.705	14478.634	30414.000	14169	65535	904.991	365.018	8.152	1.416	0.245	1.420	904.976	364.992	8.156	902	362	6	8	8	5
18	47.409	94.707	288	184	9359339	32497.705	14348.347	27324.000	14292	64081	890.590	404.740	7.562	1.959	0.292	1.964	890.553	404.686	7.559	885	400	6	12	10	4
19	13.663	43.856	83	61	2825366	34040.555	16381.126	29398.000	14700	65535	645.855	434.819	7.373	1.379	0.280	1.413	645.806	434.732	7.354	644	432	6	5	7	4
20	34.075	82.506	207	124	8260348	39905.062	19460.727	34650.000	14218	65535	914.478	443.990	8.121	1.917	0.382	1.980	914.467	443.891	8.120	911	440	6	8	10	6
21	35.886	81.298	218	140	8336738	38241.918	17653.549	34190.000	14240	65535	962.771	459.261	7.894	1.883	0.344	1.909	962.982	459.196	7.842	957	455	6	11	8	5
22	16.461	50.683	100	67	3479098	34790.980	17940.699	30276.500	14291	65535	952.270	479.620	7.990	1.463	0.334	1.373	952.248	479.586	7.978	949	477	6	7	6	5
23	30.783	80.298	187	133	5980951	31983.695	13432.800	31061.000	14206	65535	806.246	481.588	8.187	1.697	0.329	1.714	806.267	481.537	8.147	802	477	6	9	10	5
24	39.837	93.294	242	166	6877554	28419.645	10716.705	27169.000	14216	57268	840.603	504.570	7.678	1.899	0.452	1.839	840.674	504.616	7.692	837	498	6	8	14	4
25	28.643	72.885	174	123	5740514	32991.461	15302.562	27881.000	14533	65535	674.655	526.276	7.546	1.800	0.442	1.803	674.619	526.119	7.532	672	521	6	7	12	4
26	37.532	86.779	228	141	8512922	37337.379	17509.979	35793.000	14163	65535	661.298	541.776	8.044	1.866	0.282	1.893	661.326	541.683	8.017	657	537	6	9	11	5
27	40.824	88.744	248	159	8048239	32452.576	14021.896	27767.000	14169	63569	859.851	542.290	7.440	1.888	0.318	1.859	859.930	542.219	7.427	856	537	6	8	12	4
28	34.569	79.401	210	137	6606690	31460.428	13524.594	27912.500	14209	62046	779.391	547.081	7.567	1.807	0.291	1.781	779.362	547.025	7.584	776	542	6	9	11	4
29	29.466	80.676	179	139	4402456	24594.727	7964.314	23096.000	14200	40303	809.838	548.464	7.419	1.676	0.388	1.658	809.809	548.425	7.421	805	544	6	11	10	4
30	17.943	50.475	109	79	3618717	33199.238	14667.655	30412.000	14308	65535	967.587	548.651	7.743	1.428	0.232	1.404	967.551	548.649	7.762	964	546	6	8	6	4
31	51.195	102.671	311	201	9951202	31997.434	13550.592	28302.000	14191	65535	994.424	575.341	7.322	1.991	0.374	1.989	994.423	575.262	7.290	990	570	6	10	13	4
32	13.334	39.580	81	65	2269187	28014.654	10470.780	25101.000	14342	54681	764.444	586.543	7.012	1.225	0.158	1.183	764.470	586.607	7.026	762	584	6	6	6	3
33	15.145	47.752	92	69	2452584	26658.521	9234.602	24280.000	14264	49075	760.630	595.641	7.337	1.354	0.267	1.348	760.626	595.626	7.318	758	592	6	6	9	4
34	15.638	48.545	95	72	2625452	27636.336	10766.331	24018.000	14431	50454	883.168	601.305	7.547	1.367	0.285	1.419	883.148	601.295	7.557	880	598	6	7	7	4
35	14.321	45.580	87	68	2450777	28169.850	11653.487	25097.000	14177	54073	873.494	602.310	7.701	1.361	0.302	1.406	873.449	602.172	7.696	871	599	6	5	8	4
36	34.240	95.329	208	169	5707002	27437.510	10988.138	25177.500	14259	65535	696.519	611.784	8.779	2.171	0.824	2.191	696.215	611.460	8.590	692	606	6	11	14	6
37	26.832	65.989	163	110	4793725	29409.355	12771.341	25104.000	14250	61092	924.325	612.920	7.423	1.620	0.240	1.629	924.249	612.829	7.425	920	610	6	10	7	4
38	26.009	70.403	158	116	4692037	29696.438	13336.689	25282.000	14233	65535	1002.063	616.772	7.525	1.640	0.367	1.672	1002.050	616.962	7.584	997	613	6	10	8	5
39	26.832	65.955	163	113	5625415	34511.750	15622.793	31747.000	14187	65535	686.681	634.626	7.761	1.637	0.264	1.647	686.577	634.605	7.772	683	632	6	9	7	5
40	27.326	70.747	166	121	5176029	31180.898	12053.192	28709.000	14186	65535	927.928	669.169	7.946	1.609	0.381	1.590	927.943	669.059	7.924	924	666	6	10	8	5
41	27.326	66.886	166	110	4873938	29361.072	12484.131	24097.000	14178	57277	698.771	691.693	7.458	1.651	0.211	1.651	698.755	691.654	7.449	695	688	6	8	9	4
42	35.721	112.465	217	174	5310648	24473.033	8419.344	22220.000	14247	53638	932.055	707.843	9.060	2.610	0.967	2.650	932.025	707.694	9.110	928	700	6	9	19	7
43	13.005	40.925	79	63	2427628	30729.469	12186.733	28688.000	14581	60492	756.785	719.797	7.899	1.252	0.226	1.239	756.834	719.806	7.911	754	717	6	6	6	4
44	14.815	43.682	90	73	2385163	26501.811	9036.090	24719.500	14317	49293	766.978	733.378	7.122	1.287	0.242	1.289	766.968	733.353	7.158	765	729	6	6	9	3
45	29.466	76.332	179	127	5729296	32007.240	13237.107	31138.000	14178	65535	687.793	743.659	8.123	1.665	0.363	1.628	687.807	743.595	8.116	685	738	6	7	12	5
46	19.260	55.716	117	81	3343382	28575.914	11592.836	24546.000	14229	56886	762.838	775.744	7.487	1.495	0.286	1.515	762.856	775.759	7.467	759	773	6	9	6	4
47	32.758	78.092	199	129	7688778	38637.074	17650.885	34963.000	14185	65535	962.176	784.965	8.025	1.891	0.432	1.995	962.244	784.865	8.019	956	783	6	13	5	5
48	32.923	79.123	200	150	5138813	25694.064	8289.118	23922.000	14259	48817	852.555	790.455	6.990	1.756	0.488	1.744	852.681	790.586	7.004	847	785	6	12	11	3
49	17.943	50.820	109	81	3672600	33693.578	15429.745	29378.000	14239	65535	920.908	787.257	7.725	1.448	0.274	1.466	920.952	787.146	7.721	917	785	6	9	5	4
50	18.272	56.405	111	88	2816212	25371.279	8138.790	25091.000	14277	42431	754.207	787.315	7.586	1.404	0.311	1.444	754.187	787.367	7.546	751	784	6	8	7	4
51	17.614	51.613	107	77	3662942	34233.102	15812.662	30523.000	14284	65535	936.318	788.037	7.701	1.427	0.241	1.434	936.257	788.037	7.729	933	785	6	8	7	4
52	34.569	81.884	210	146	7086868	33746.992	15081.640	29808.000	14199	65535	995.205	796.919	8.324	1.845	0.421	1.824	995.113	796.887	8.281	989	794	6	13	7	5
53	26.503	92.090	161	135	4376720	27184.596	13327.670	23099.000	14193	65535	885.932	808.193	7.460	1.943	0.594	1.931	885.960	807.436	7.494	882	803	6	9	14	4
54	16.791	48.233	102	80	2591016	25402.117	8829.771	23363.500	14474	50338	856.422	823.794	7.010	1.332	0.256	1.341	856.475	823.808	7.013	852	821	6	10	7	3
55	4.609	25.549	28	28	572652	20451.857	6224.973	18500.000	14175	38158	1010.714	826.286	7.429	1.064	0.442	0.992	1010.755	826.388	7.406	1010	822	6	2	8	4
56	40.495	100.362	246	172	6092147	24764.826	8962.563	21395.000	14214	51363	911.455	838.467	7.687	2.086	0.673	2.005	911.044	838.285	7.641	904	834	6	17	10	4
57	16.955	51.784	103	91	2428149	23574.262	6252.195	23869.000	14158	35931	851.126	850.243	7.437	1.301	0.329	1.348	851.086	850.257	7.435	847	847	6	9	7	4
58	15.803	46.614	96	67	2867797	29872.885	12100.827	24895.500	14775	56617	872.896	861.552	7.417	1.402	0.226	1.422	872.902	861.517	7.425	870	859	6	7	6	4
59	23.211	59.715	141	98	3846434	27279.674	10013.512	23794.000	14164	49007	982.071	863.738	7.709	1.541	0.217	1.556	982.094	863.773	7.694	978	860	6	8	8	4
60	16.297	49.267	99	83	2127328	21488.162	5781.759	19978.000	14165	37742	786.778	870.202	7.172	1.329	0.305	1.314	786.758	870.175	7.179	783	866	6	9	8	3
61	36.051	88.332	219	141	7627934	34830.750	17323.508	30978.000	14169	65535	822.781	877.584	8.055	1.940	0.401	2.000	822.835	877.621	8.063	818	873	6	11	9	5
62	15.803	44.787	96	68	2760951	28759.906	11903.965	24830.000	14615	59227	922.240	877.656	7.542	1.405	0.232	1.445	922.193	877.654	7.517	920	875	6	6	6	4
63	15.968	50.854	97	79	2332694	24048.393	7535.590	22216.000	14441	45392	997.402	878.237	7.784	1.305	0.248	1.320	997.462	878.193	7.752	994	875	6	8	8	4
64	17.449	56.853	106	86	2530903	23876.443	7573.705	22399.000	14201	43511	960.019	905.576	7.208	1.428	0.355	1.375	960.059	905.606	7.222	956	902	6	10	8	4
65	10.206	33.650	62	52	1684989	27177.242	9054.885	24846.000	14172	47592	951.726	923.565	7.887	1.156	0.243	1.156	951.615	923.507	7.843	949	922	6	7	4	4
66	28.807	94.539	175	129	5115075	29229.000	13075.226	23856.000	14297	61317	864.137	956.766	7.931	1.778	0.531	1.821	864.080	956.799	7.926	858	953	6	12	9	5
67	12.017	36.441	73	73	1335077	18288.727	2964.056	17720.000	14241	28781	914.342	956.534	6.534	1.101	0.323	1.125	914.427	956.547	6.556	910	954	6	9	6	2
68	11.523	41.718	70	55	1922189	27459.844	9878.960	25145.000	14302	51290	652.971	50.314	8.757	1.233	0.269	1.261	652.995	50.321	8.737	651	47	7	6	7	4
69	48.561	128.494	295	227	7952834	26958.760	12876.004	20699.000	14161	65535	749.288	58.854	8.485	2.345	0.858	2.300	749.848	58.140	8.480	741	52	7	16	16	4
70	31.112	77.885	189	124	6452945	34142.566	16055.279	31846.000	14317	65535	687.360	80.048	9.011	1.801	0.378	1.908	687.435	80.147	8.993	684	75	7	8	10	5
71	20.083	53.922	122	86	3674242	30116.738	12736.361	26283.500	14263	64572	916.885	107.541	8.311	1.467	0.244	1.477	917.018	107.500	8.301	913	104	7	8	8	4
72	14.980	45.717	91	73	2181827	23976.121	7724.030	21748.000	14265	44719	623.538	115.176	8.033	1.306	0.252	1.272	623.440	115.080	8.033	620	113	7	9	6	3
73	26.009	90.882	158	131	3242815	20524.146	5095.465	19074.500	14250	35145	637.810	115.519	9.000	2.058	0.772	2.063	637.875	115.559	8.951	632	112	7	13	8	6
74	10.206	37.201	62	58	1326371	21393.080	5118.000	20329.000	14328	31403	811.177	116.565	8.323	1.078	0.302	1.085	811.256	116.593	8.307	808	113	7	7	7	3
75	10.865	36.856	66	57	1532363	23217.621	6083.912	22701.000	14266	37917	821.000	119.091	8.258	1.136	0.248	1.174	821.010	119.088	8.297	818	117	7	7	6	3
76	20.906	63.921	127	94	4292534	33799.480	17459.455	27948.000	14175	65535	849.512	123.992	8.276	1.572	0.420	1.492	849.784	123.926	8.271	842	121	7	12	7	4
77	38.684	91.156	235	164	6993144	29758.061	12656.456	26002.000	14416	59833	690.281	128.557	8.809	1.888	0.473	1.850	690.231	128.555	8.775	685	123	7	12	12	4
78	23.704	62.887	144	101	4886201	33931.953	16094.721	30177.000	14173	65535	852.764	132.271	8.292	1.551	0.257	1.568	852.555	132.142	8.266	849	129	7	9	8	4
79	32.100	86.297	195	136	6958358	35683.887	16951.404	32669.000	14246	65535	689.682	142.000	8.318	1.904	0.548	1.870	689.594	141.977	8.283	684	137	7	12	11	4
80	22.881	64.473	139	98	4842008	34834.590	16465.684	29467.000	14373	65535	737.165	140.007	8.353	1.600	0.318	1.619	737.144	140.012	8.327	733	137	7	10	7	4
81	44.446	120.155	270	186	9043719	33495.254	17216.148	26906.500	14252	65535	678.063	169.578	10.941	2.678	1.083	2.830	677.955	169.605	10.864	673	166	7	14	8	9
82	36.215	85.815	220	136	8738783	39721.742	18085.562	37183.500	14631	65535	794.091	193.018	9.327	1.905	0.338	1.860	793.987	192.951	9.344	790	188	7	9	10	6
83	18.931	53.818	115	89	3032323	26368.025	9678.506	23017.000	14205	59397	902.400	204.017	8.026	1.440	0.321	1.417	902.500	203.963	8.065	899	200	7	8	9	3
84	10.206	39.925	62	56	1237725	19963.307	5159.916	18352.500	14207	35312	662.984	219.532	8.161	1.180	0.396	1.186	663.003	219.658	8.146	661	215	7	5	9	3
85	46.750	97.604	284	172	9875903	34774.305	16579.137	32157.500	14357	65535	976.028	233.958	9.039	2.008	0.301	2.000	976.081	233.912	8.983	971	229	7	11	11	5
86	22.717	59.025	138	108	4340119	31450.137	13208.644	29498.500	14344	65535	787.551	258.884	9.065	1.503	0.325	1.471	787.522	258.882	9.024	785	255	7	7	9	5
87	16.791	54.956	102	89	2414824	23674.744	7997.424	21348.000	14182	48271	975.941	268.510	8.265	1.452	0.445	1.392	975.868	268.772	8.273	973	263	7	6	11	3
88	30.783	76.506	187	126	6454305	34515.000	15688.027	33107.000	14202	65535	907.107	272.385	9.016	1.740	0.330	1.770	907.148	272.393	9.003	904	268	7	7	10	5
89	26.338	66.300	160	109	5807840	36299.000	16955.742	33062.500	14293	65535	929.662	278.669	8.413	1.622	0.216	1.614	929.570	278.511	8.349	926	275	7	8	9	4
90	24.363	63.991	148	100	5703804	38539.215	17652.275	35141.000	14211	65535	699.432	294.797	9.507	1.632	0.275	1.617	699.469	294.734	9.492	696	292	7	8	8	6
91	22.223	80.505	135	116	3527053	26126.318	8710.060	24793.000	14348	45579	901.704	300.593	8.311	1.935	0.756	1.994	901.510	300.636	8.324	895	297	7	15	8	4
92	33.087	84.300	201	132	8432253	41951.508	19284.932	37665.000	14532	65535	883.274	309.617	9.169	1.949	0.455	2.043	883.205	309.647	9.137	880	304	7	8	11	6
93	14.815	46.751	90	72	2179727	24219.189	7604.258	22842.500	14247	40847	866.322	317.411	8.133	1.288	0.266	1.269	866.311	317.215	8.173	864	314	7	6	8	4
94	39.507	111.813	240	163	9345081	38937.836	18829.148	34442.000	14235	65535	964.062	333.650	9.304	2.048	0.588	2.132	964.074	333.736	9.258	960	327	7	8	14	5
95	34.240	81.024	208	134	9096489	43733.121	19145.701	43176.000	14377	65535	860.995	357.774	9.144	1.918	0.389	2.000	860.995	357.796	9.144	857	353	7	9	10	5
96	1.646	12.723	10	10	161654	16165.400	1029.964	16189.000	14541	17442	680.100	372.500	7.500	0.680	0.184	0.641	680.136	372.483	7.500	678	371	7	4	4	2
97	15.309	45.924	93	68	2715067	29194.270	12525.281	25407.000	14475	59536	902.237	375.710	8.409	1.381	0.276	1.434	902.240	375.787	8.410	900	373	7	6	7	4
98	21.071	56.957	128	85	4531074	35399.016	16510.998	33148.000	14180	65535	849.359	373.617	9.195	1.553	0.294	1.513	849.348	373.642	9.125	846	371	7	8	6	5
99	50.043	131.807	304	209	8380312	27566.816	12624.314	22803.000	14174	65535	656.030	380.967	10.490	2.505	0.898	2.557	655.978	381.429	10.151	652	374	7	9	14	8
100	37.532	83.641	228	156	7240231	31755.398	13723.097	28438.500	14189	65535	863.724	401.224	8.237	1.854	0.380	1.831	863.659	401.186	8.218	858	398	7	13	8	4
101	24.857	64.266	151	104	4657522	30844.516	13479.559	26378.000	14159	65535	978.166	404.139	8.417	1.592	0.253	1.621	978.170	404.128	8.425	975	400	7	8	9	4
102	35.557	80.057	216	141	8133001	37652.781	17095.793	33564.500	14170	65535	920.065	403.144	9.486	1.844	0.325	1.829	920.108	403.171	9.490	916	398	7	8	11	6
103	16.626	47.855	101	76	3364159	33308.504	15776.028	29115.000	14329	65535	952.505	417.337	8.208	1.409	0.290	1.361	952.394	417.390	8.191	949	415	7	8	6	4
104	16.626	46.406	101	83	3220833	31889.436	11912.183	30352.000	14804	65535	864.129	428.000	8.030	1.357	0.306	1.320	864.077	427.985	8.050	862	424	7	6	9	3
105	32.100	74.987	195	130	5707819	29270.867	12049.465	25650.000	14264	58128	832.015	430.605	8.667	1.718	0.270	1.722	832.068	430.546	8.664	828	426	7	9	10	4
106	20.741	64.577	126	94	3526252	27986.127	11417.680	24618.000	14174	57758	851.778	431.421	8.579	1.646	0.622	1.520	851.775	431.424	8.452	848	428	7	8	8	6
107	14.486	46.614	88	68	2716408	30868.273	12583.872	28068.000	14320	61658	655.875	446.761	8.068	1.301	0.234	1.289	655.859	446.803	8.046	653	443	7	7	8	4
108	18.766	52.888	114	86	3307410	29012.369	12193.391	23924.000	14399	57077	689.526	445.412	8.395	1.430	0.237	1.481	689.543	445.517	8.385	687	441	7	6	9	4
109	12.511	38.787	76	60	1742363	22925.828	6376.837	21734.000	14310	41374	685.921	479.066	7.974	1.207	0.168	1.227	685.961	479.109	7.973	683	476	7	6	7	3
110	22.223	63.024	135	103	3908574	28952.400	12189.070	24235.000	14553	63745	670.585	483.815	8.407	1.665	0.452	1.649	670.554	483.445	8.340	668	479	7	6	12	4
111	11.852	37.201	72	59	1712531	23785.152	6944.468	22142.000	14349	39663	682.264	487.944	7.889	1.189	0.197	1.197	682.245	487.982	7.846	680	485	7	6	7	3
112	14.651	44.268	89	70	2040705	22929.270	6737.379	21173.000	14211	43012	723.472	512.292	8.045	1.262	0.178	1.246	723.544	512.305	8.022	721	509	7	7	8	3
113	17.614	53.199	107	78	3284781	30698.889	14835.034	25948.000	14346	64423	773.710	535.738	8.654	1.462	0.308	1.492	773.691	535.707	8.619	771	532	7	6	9	4
114	37.038	105.294	225	169	6788372	30170.543	14103.186	26430.000	14281	65535	691.582	543.471	9.947	2.463	0.872	2.534	691.201	543.956	10.186	686	536	7	12	14	7
115	15.638	50.405	95	80	1934598	20364.189	4612.245	19615.000	14220	35621	905.095	560.895	7.958	1.289	0.236	1.288	905.105	560.908	7.933	901	557	7	8	8	3
116	18.766	52.751	114	80	3750630	32900.262	15050.427	29178.000	14218	65535	964.912	560.991	8.711	1.451	0.224	1.448	964.905	561.015	8.729	962	558	7	7	7	5
117	15.638	44.716	95	77	2044203	21517.926	5190.543	20432.000	14176	34817	911.768	580.895	7.863	1.279	0.206	1.285	911.811	580.908	7.840	909	578	7	7	7	3
118	23.375	59.956	142	102	4279310	30135.986	13043.541	27341.500	14365	65535	861.401	605.225	8.239	1.550	0.277	1.544	861.376	605.058	8.218	859	601	7	6	10	4
119	31.441	73.990	191	117	7571753	39642.688	18344.359	34676.000	14412	65535	865.707	615.723	8.948	1.844	0.329	1.938	865.691	615.756	8.897	862	611	7	7	10	5
120	12.017	43.820	73	71	1427067	19548.863	3424.788	19716.000	14180	27321	659.740	630.425	7.603	1.142	0.336	1.140	659.664	630.443	7.636	657	627	7	8	8	3
121	8.560	32.098	52	51	998314	19198.346	2645.373	18452.500	15218	25294	720.904	641.673	7.519	1.023	0.331	0.974	720.836	641.650	7.515	718	639	7	7	6	3
122	26.503	65.507	161	106	5382046	33428.855	16613.652	27911.000	14189	65535	927.112	643.360	8.602	1.657	0.240	1.654	927.218	643.336	8.598	923	640	7	9	8	5
123	9.712	48.474	59	59	991689	16808.289	2060.580	16430.000	14173	21574	897.288	666.576	7.373	1.418	0.536	1.431	897.344	666.617	7.373	892	664	7	11	6	2
124	3.128	16.032	19	19	370303	19489.631	4704.352	19298.000	14451	30690	956.895	665.105	7.632	0.723	0.181	0.710	956.794	665.128	7.652	955	664	7	5	3	2
125	20.083	55.682	122	87	4540213	37214.859	17741.055	33295.000	14610	65535	970.516	668.057	8.549	1.553	0.311	1.572	970.538	668.024	8.533	967	666	7	8	6	5
126	21.071	59.095	128	85	4591635	35872.148	17389.832	31004.000	14342	65535	1003.367	670.461	8.812	1.604	0.366	1.534	1003.268	670.453	8.792	1000	667	7	8	7	5
127	22.552	59.129	137	93	4730096	34526.250	16772.129	28984.000	14490	65535	898.781	690.234	8.387	1.568	0.242	1.601	898.686	690.155	8.423	896	686	7	7	9	4
128	33.252	89.640	202	149	5543017	27440.678	10304.784	25049.000	14264	57349	1002.292	696.871	8.738	1.783	0.477	1.822	1002.253	696.777	8.707	998	692	7	10	13	4
129	34.734	95.296	211	149	5943123	28166.459	11357.646	24654.000	14228	61512	821.948	698.938	8.716	1.979	0.633	2.036	822.037	699.073	8.724	817	692	7	10	14	5
130	64.529	143.703	392	238	13930184	35536.184	18040.879	28736.000	14198	65535	978.161	698.796	9.015	2.333	0.563	2.388	977.994	698.656	8.978	973	694	7	14	12	5
131	33.746	79.367	205	127	6965532	33978.203	15792.913	28949.000	14163	65535	852.629	715.927	9.268	1.826	0.283	1.802	852.632	715.888	9.222	849	711	7	8	11	5
132	5.926	31.271	36	35	623827	17328.527	3331.229	15989.000	14182	27041	882.972	726.444	7.778	0.958	0.259	1.037	883.005	726.369	7.799	881	724	7	5	6	3
133	62.224	139.671	378	216	11000304	29101.334	12253.666	25916.000	14178	65535	822.167	736.111	10.648	2.616	0.833	2.615	822.306	736.179	10.382	817	732	7	12	10	9
134	28.478	74.575	173	114	5840444	33759.793	16222.678	28444.000	14228	65535	911.197	750.173	8.815	1.768	0.360	1.789	911.189	750.185	8.785	908	745	7	7	11	5
135	20.248	60.026	123	90	3461528	28142.504	12145.779	24223.000	14194	65211	892.455	801.545	9.081	1.530	0.346	1.490	892.581	801.593	9.032	888	798	7	9	8	5
136	6.914	33.202	42	40	777424	18510.096	3389.672	18005.500	14338	26769	964.262	804.262	7.786	1.014	0.366	1.025	964.368	804.257	7.788	960	803	7	8	4	3
137	27.326	70.024	166	114	5275570	31780.543	13833.893	29715.500	14281	65535	918.596	831.030	9.361	1.724	0.340	1.730	918.496	830.960	9.279	915	828	7	9	8	5
138	8.725	31.616	53	46	1066955	20131.227	4242.259	19054.000	14186	30369	953.830	842.302	7.792	1.080	0.224	1.085	953.826	842.247	7.790	952	840	7	5	6	3
139	28.149	76.402	171	124	5235197	30615.188	13099.050	27137.000	14294	65535	973.924	877.573	8.509	1.766	0.438	1.758	973.805	877.685	8.495	968	873	7	12	9	4
140	1.646	11.585	10	10	163247	16324.700	2076.819	15648.500	14173	20690	986.800	918.100	7.400	0.621	0.128	0.615	986.822	918.068	7.369	985	917	7	4	3	2
141	12.840	42.096	78	72	1775629	22764.475	6122.394	22408.500	14220	39274	965.603	930.603	8.500	1.165	0.308	1.200	965.706	930.651	8.484	962	928	7	8	6	4
142	3.128	17.826	19	18	623572	32819.578	14153.608	27531.000	17363	65535	660.053	26.684	8.947	0.858	0.285	0.972	660.074	26.590	8.959	658	26	8	5	3	3
143	22.717	65.678	138	115	3114333	22567.631	6353.800	21563.500	14374	41594	732.652	30.355	9.014	1.510	0.362	1.489	732.602	30.340	9.000	729	25	8	9	11	3
144	10.371	37.201	63	56	1675776	26599.619	8065.355	27109.000	14795	43707	660.032	57.540	8.698	1.115	0.291	1.098	660.079	57.647	8.642	658	54	8	6	8	3
145	11.358	37.890	69	57	1717949	24897.812	8417.907	22942.000	14287	43972	662.333	74.261	8.855	1.163	0.215	1.169	662.381	74.316	8.794	660	71	8	6	7	3
146	4.938	29.651	30	28	588105	19603.500	4700.245	18634.500	14278	27528	646.733	74.267	9.033	1.051	0.376	1.087	646.810	74.314	9.050	644	72	8	6	7	3
147	26.338	98.404	160	127	5486503	34290.645	16960.611	27906.500	14183	65535	906.444	77.787	11.669	2.190	0.873	2.240	906.420	77.293	11.489	904	73	8	7	12	8
148	40.001	89.018	243	173	6727262	27684.205	10532.441	24282.000	14193	50250	887.070	96.531	9.691	1.821	0.326	1.824	887.109	96.612	9.677	882	91	8	11	11	4
149	8.395	35.374	51	51	939940	18430.195	3537.800	17378.000	14199	28752	854.333	102.451	8.529	0.997	0.255	1.022	854.222	102.335	8.531	851	100	8	7	6	2
150	6.585	27.754	40	40	815317	20382.926	4203.878	19142.500	15088	30989	862.325	113.075	8.450	0.907	0.256	0.893	862.345	113.143	8.419	860	110	8	6	6	2
151	8.066	29.581	49	46	1044639	21319.164	5777.841	19501.000	14395	34021	708.857	139.673	8.653	0.973	0.247	0.994	708.827	139.684	8.652	707	137	8	5	6	3
152	39.672	86.849	241	140	9807997	40697.082	18657.727	35960.000	14520	65535	936.498	161.320	10.037	1.984	0.306	2.026	936.505	161.298	10.005	933	157	8	8	10	5
153	18.766	54.993	114	80	3960629	34742.359	17632.164	29999.500	14333	65535	693.316	167.237	9.930	1.530	0.340	1.465	693.257	167.167	9.955	690	164	8	7	7	5
154	14.486	44.442	88	63	2558033	29068.557	12229.780	24834.500	14216	54917	837.182	178.489	9.648	1.369	0.234	1.378	837.140	178.463	9.653	834	176	8	7	6	4
155	16.791	48.474	102	84	2342031	22961.088	6456.049	21332.000	14368	40528	842.980	207.088	9.039	1.375	0.315	1.325	842.979	207.039	9.064	841	203	8	5	10	3
156	19.918	55.405	121	95	3492601	28864.471	10915.056	27386.000	14554	64849	853.504	214.000	9.091	1.447	0.329	1.394	853.557	213.888	9.066	851	209	8	6	11	4
157	6.091	29.203	37	33	799061	21596.244	5783.638	21245.000	14301	38034	911.459	252.892	8.892	1.030	0.298	1.046	911.468	252.863	8.879	909	251	8	6	7	3
158	33.252	77.125	202	131	6890645	34112.105	15854.784	30501.500	14318	65535	831.594	282.267	9.708	1.770	0.270	1.775	831.627	282.388	9.722	828	278	8	8	10	5
159	28.972	70.955	176	118	6467459	36746.926	16863.543	31578.000	14205	65535	651.790	288.125	9.585	1.726	0.319	1.733	651.688	288.171	9.613	649	283	8	7	11	4
160	13.169	43.338	80	64	1697592	21219.900	5423.017	19062.000	14896	37391	658.088	307.675	9.025	1.260	0.271	1.239	658.139	307.597	9.021	656	304	8	5	9	3
161	27.326	69.024	166	113	4935149	29729.812	11675.429	26827.000	14384	56707	979.801	326.006	9.596	1.659	0.269	1.657	979.694	326.012	9.566	975	323	8	10	8	4
162	6.914	28.202	42	35	903373	21508.881	6341.165	18969.500	14792	38772	875.167	325.929	9.119	1.015	0.200	0.993	875.176	325.925	9.140	873	324	8	5	5	3
163	18.601	54.889	113	76	3950632	34961.344	17072.123	32132.000	14158	65535	848.035	358.858	10.159	1.516	0.317	1.451	848.046	358.885	10.134	845	356	8	7	7	5
164	9.877	34.892	60	46	1445025	24083.750	7043.938	22290.500	14812	39611	786.467	365.017	9.467	1.198	0.276	1.179	786.462	364.964	9.471	784	363	8	6	5	4
165	12.675	37.442	77	67	1882845	24452.533	5977.249	26161.000	14246	36373	787.442	388.507	8.714	1.164	0.225	1.231	787.458	388.541	8.659	784	386	8	7	6	3
166	20.577	58.440	125	88	3551974	28415.793	10542.830	25906.000	14188	54709	819.144	387.112	10.232	1.516	0.310	1.472	819.096	387.136	10.243	817	383	8	6	9	5
167	8.066	27.995	49	49	854046	17429.510	2287.778	16844.000	14201	23830	724.980	408.041	8.531	0.957	0.262	0.980	724.960	407.975	8.536	723	405	8	5	7	2
168	11.029	50.613	67	66	1209595	18053.656	2953.914	17324.000	14157	25633	738.433	407.597	10.075	1.973	0.612	2.027	738.383	407.690	10.024	735	405	8	8	8	6
169	31.935	77.540	194	126	7117274	36686.980	17540.598	33620.500	14228	65535	822.021	412.041	10.459	1.776	0.295	1.748	822.101	412.145	10.497	819	407	8	8	10	5
170	3.457	20.238	21	21	362099	17242.809	2342.607	16864.000	14422	21545	897.667	467.143	8.286	0.888	0.292	0.876	897.694	467.254	8.252	897	464	8	3	7	2
171	7.737	27.995	47	47	1098834	23379.447	5643.814	22801.000	14574	33928	790.936	482.915	8.532	0.990	0.306	0.995	790.930	482.860	8.505	789	480	8	5	7	2
172	2.305	16.032	14	14	240866	17204.715	1790.183	17284.000	14276	19927	692.714	497.571	9.000	0.757	0.331	0.774	692.734	497.602	8.992	690	496	8	6	5	3
173	16.297	47.715	99	95	2302385	23256.414	4506.180	24089.000	14535	34153	648.404	509.970	9.465	1.316	0.453	1.321	648.356	509.987	9.486	646	506	8	7	10	3
174	13.005	39.235	79	67	2080152	26331.037	9310.506	24872.000	14298	47919	728.203	523.063	8.848	1.237	0.250	1.231	728.184	523.027	8.800	726	519	8	5	8	3
175	4.280	20.064	26	26	428766	16491.000	1540.874	16546.500	14463	20190	919.462	525.769	8.000	0.822	0.323	0.806	919.434	525.783	8.000	917	522	8	6	7	1
176	7.737	29.237	47	40	930481	19797.469	4403.008	18306.000	14520	33419	711.809	577.617	8.830	1.025	0.177	1.038	711.774	577.619	8.821	710	575	8	5	6	3
177	5.761	29.133	35	35	598306	17094.457	2146.889	16623.000	14304	22124	711.343	599.143	8.257	0.934	0.288	1.005	711.354	599.171	8.232	709	596	8	6	7	2
178	34.569	82.643	210	140	7987155	38034.070	17288.184	34874.000	14180	65535	646.000	620.305	9.976	1.945	0.460	2.007	645.928	620.330	9.987	644	614	8	6	13	5
179	50.537	127.155	307	191	9805125	31938.518	16200.934	25695.000	14194	65535	795.130	627.476	12.068	2.687	0.996	2.848	795.080	627.434	11.592	791	623	8	9	9	10
180	13.169	42.889	80	69	1809084	22613.551	6268.452	21483.000	14201	38229	881.900	635.812	9.300	1.184	0.232	1.236	881.888	635.832	9.316	879	633	8	7	7	4
181	10.865	33.650	66	55	1788422	27097.303	9098.944	25830.000	14603	51435	937.197	639.349	8.909	1.157	0.178	1.156	937.183	639.299	8.894	935	637	8	5	6	3
182	33.252	93.572	202	142	6182856	30608.197	12358.111	27673.500	14194	65535	847.946	644.431	9.554	1.975	0.621	2.068	847.893	644.749	9.538	845	638	8	7	14	4
183	11.523	36.856	70	61	1739877	24855.385	7141.408	23251.000	14707	46929	939.486	648.057	8.786	1.158	0.232	1.157	939.545	648.051	8.741	937	645	8	6	7	3
184	4.938	25.030	30	30	518860	17295.334	2147.517	16683.000	14226	21507	886.600	714.467	8.333	0.877	0.246	0.898	886.582	714.415	8.317	885	712	8	5	6	2
185	21.894	67.956	133	96	4159241	31272.488	14686.643	28368.000	14352	65535	943.940	716.180	10.120	1.656	0.427	1.767	943.938	716.028	10.130	942	711	8	5	11	5
186	12.181	40.684	74	55	1985827	26835.500	9036.976	24486.000	14463	51106	845.851	746.432	9.622	1.307	0.295	1.330	845.846	746.449	9.660	844	743	8	5	7	4
187	9.548	36.029	58	45	1288146	22209.414	7006.568	20241.500	14159	38794	961.310	751.948	9.741	1.185	0.287	1.209	961.316	751.956	9.730	958	750	8	7	5	4
188	11.852	45.991	72	72	1357056	18848.000	3422.350	18013.500	14157	27809	914.819	764.694	9.208	1.297	0.461	1.358	914.775	764.504	9.225	912	761	8	7	10	3
189	7.243	27.306	44	44	863753	19630.750	3241.990	19822.500	14467	26115	1009.227	775.500	8.523	0.936	0.264	0.913	1009.267	775.521	8.520	1007	773	8	6	6	2
190	6.255	25.375	38	38	725214	19084.578	3319.631	18585.000	14455	26935	998.447	783.895	8.605	0.878	0.228	0.872	998.404	783.841	8.646	996	782	8	6	5	2
191	10.865	38.338	66	57	1361128	20623.152	4869.179	20863.500	14309	32439	967.545	812.045	8.833	1.149	0.253	1.137	967.446	812.045	8.805	964	810	8	8	5	3
192	9.218	32.994	56	54	1235839	22068.553	4786.256	22036.500	14306	32079	997.821	820.464	8.589	1.027	0.281	1.008	997.830	820.475	8.575	995	818	8	7	6	3
193	2.469	17.274	15	15	270658	18043.867	3310.666	17187.000	14725	25300	944.467	821.933	8.667	0.849	0.263	0.881	944.585	821.957	8.619	942	820	8	6	4	2
194	9.383	33.339	57	55	1170450	20534.211	3715.557	20265.000	14344	27545	1000.789	833.000	8.561	1.039	0.338	1.006	1000.702	832.944	8.518	998	831	8	7	5	4
195	7.737	30.304	47	47	888131	18896.404	3733.508	18609.000	14175	31300	751.128	21.085	9.255	1.008	0.318	0.992	751.093	21.076	9.236	749	18	9	6	7	2
196	13.334	43.167	81	65	2741357	33843.914	16339.910	29449.000	14447	65535	610.617	37.765	10.506	1.361	0.314	1.465	610.626	37.630	10.533	607	36	9	7	5	4
197	12.017	39.131	73	62	1815308	24867.232	7213.022	24345.000	14264	40304	809.082	80.740	10.288	1.156	0.221	1.194	809.053	80.738	10.330	806	78	9	7	6	4
198	5.103	22.858	31	31	547234	17652.709	2518.319	17686.000	14213	23188	673.387	110.742	9.484	0.915	0.280	0.838	673.335	110.723	9.497	671	109	9	6	5	2
199	7.243	29.789	44	40	949987	21590.613	5490.269	20348.500	14521	34780	719.568	168.318	10.318	1.000	0.254	0.977	719.559	168.260	10.314	717	166	9	6	7	3
200	16.132	47.855	98	70	3087968	31509.877	14355.959	26274.500	14238	59711	799.735	171.367	10.592	1.437	0.295	1.511	799.723	171.362	10.597	798	168	9	5	8	4
201	7.243	31.201	44	44	831938	18907.682	3265.601	18457.500	14207	26735	651.386	177.364	9.750	1.096	0.427	1.032	651.461	177.463	9.790	650	173	9	4	10	2
202	14.157	43.234	86	68	2069396	24062.744	7492.272	22485.000	14473	45369	655.640	190.058	9.953	1.260	0.193	1.264	655.687	190.065	9.972	652	187	9	7	7	3
203	9.383	37.304	57	54	1295854	22734.281	5410.796	22934.000	14484	33962	765.825	242.263	10.491	1.091	0.392	1.038	765.792	242.198	10.516	763	239	9	7	7	4
204	12.017	36.270	73	59	2233551	30596.590	11732.467	28782.000	14167	59142	967.726	260.068	10.959	1.198	0.184	1.211	967.745	260.036	10.932	965	258	9	6	6	4
205	39.672	90.089	241	153	8449634	35060.723	16414.090	32451.000	14169	65535	718.867	269.087	11.307	1.900	0.349	1.849	718.885	268.895	11.263	715	264	9	9	12	5
206	24.034	66.404	146	98	5099355	34927.090	16575.609	32281.500	14265	65535	885.973	284.979	11.089	1.600	0.286	1.569	885.990	284.929	11.064	883	281	9	7	9	5
207	14.321	43.338	87	70	2281340	26222.299	8463.019	24480.000	14263	47906	830.644	297.621	10.034	1.285	0.250	1.227	830.702	297.603	10.068	828	294	9	7	8	3
208	8.725	32.650	53	47	1077615	20332.359	4649.472	19703.000	14169	31572	886.604	334.094	9.906	1.084	0.225	1.092	886.578	334.095	9.885	884	331	9	6	7	3
209	7.901	34.821	48	48	804236	16754.916	2037.722	16448.000	14327	23453	662.979	339.792	9.375	1.027	0.376	0.977	663.040	339.780	9.390	660	336	9	7	8	2
210	17.614	55.026	107	78	3277474	30630.598	12790.804	28413.000	14192	65535	828.028	376.617	10.271	1.407	0.264	1.427	828.075	376.627	10.241	825	373	9	7	8	4
211	10.535	46.232	64	64	1092737	17074.016	2149.222	16604.500	14213	22953	695.891	397.797	10.141	1.214	0.461	1.212	695.888	397.708	10.133	692	394	9	8	10	3
212	27.326	67.438	166	116	5200052	31325.615	14257.539	26136.000	14437	65011	971.331	410.759	10.566	1.708	0.361	1.693	971.600	410.819	10.565	966	408	9	11	7	4
213	8.725	34.684	53	49	1140581	21520.396	6474.655	20339.000	14363	44932	643.887	492.038	9.849	1.164	0.362	1.182	643.762	491.818	9.866	643	488	9	4	9	3
214	16.791	53.440	102	79	2847767	27919.285	9923.105	26998.000	14426	49393	702.069	527.000	10.755	1.449	0.377	1.451	702.089	526.911	10.688	699	523	9	7	9	4
215	6.914	27.962	42	36	819563	19513.404	4198.794	18340.000	14424	31228	821.000	606.810	9.881	1.017	0.228	1.033	821.011	606.756	9.878	819	604	9	5	6	3
216	22.058	62.957	134	87	4526164	33777.344	17221.223	29290.000	14224	65535	977.112	685.836	10.873	1.640	0.337	1.647	977.158	685.783	10.857	973	683	9	9	7	5
217	6.255	26.375	38	34	834561	21962.131	5565.751	20069.000	15110	36497	964.079	724.842	9.868	1.000	0.259	1.019	964.034	724.934	9.872	963	721	9	4	7	3
218	16.461	50.820	100	76	2407765	24077.650	8594.446	21344.000	14217	45697	945.720	780.630	10.520	1.448	0.331	1.512	945.718	780.620	10.506	941	778	9	10	6	4
219	15.968	46.647	97	77	2414393	24890.650	8116.582	23171.000	14213	44147	865.309	39.031	10.897	1.307	0.234	1.319	865.347	39.050	10.860	862	36	10	8	7	3
220	17.943	49.682	109	77	4080419	37435.035	17834.908	34059.000	14265	65535	862.092	72.321	11.468	1.463	0.231	1.480	862.116	72.442	11.366	859	69	10	7	7	4
221	4.774	24.100	29	29	495877	17099.207	2110.781	16880.000	14618	22768	814.552	128.034	10.414	0.862	0.198	0.869	814.541	127.972	10.411	813	126	10	5	5	2
222	21.729	60.611	132	88	4531293	34327.977	16658.693	29380.500	14658	65535	912.038	137.765	11.492	1.561	0.278	1.532	912.017	137.664	11.484	909	134	10	7	9	5
223	21.729	71.196	132	109	3573919	27075.145	11395.400	23330.000	14182	64529	782.992	159.621	10.917	1.850	0.729	1.743	783.103	160.199	10.981	780	151	10	8	14	4
224	39.837	91.089	242	152	9045403	37377.699	17723.205	32505.500	14349	65535	930.095	173.190	12.959	1.940	0.387	1.990	930.111	173.177	12.918	925	169	10	11	9	6
225	21.071	57.820	128	84	4961081	38758.445	19514.219	33332.000	14199	65535	966.125	210.852	12.086	1.670	0.412	1.634	966.103	210.824	12.099	964	208	10	6	7	6
226	3.622	21.584	22	22	428767	19489.408	3853.299	19498.000	14441	26744	649.364	212.227	10.727	0.893	0.333	0.849	649.355	212.241	10.757	649	209	10	2	7	3
227	39.837	93.676	242	152	8750351	36158.477	17842.613	31126.500	14343	65535	877.632	246.388	11.773	1.982	0.391	2.025	877.679	246.404	11.719	874	241	10	8	12	5
228	30.289	73.575	184	123	6054589	32905.375	15054.912	29455.500	14175	65535	986.408	263.255	11.815	1.733	0.315	1.750	986.407	263.213	11.809	982	260	10	10	7	5
229	40.660	102.262	247	158	8155073	33016.488	14844.347	28687.000	14605	65535	652.166	267.300	13.231	2.331	0.860	2.318	652.252	267.392	13.328	648	264	10	10	8	8
230	50.866	112.710	309	169	11705568	37882.098	17188.961	34906.000	14180	65535	956.699	281.003	12.880	2.441	0.759	2.394	956.744	280.966	12.769	952	276	10	10	10	8
231	10.865	39.787	66	51	1836374	27823.848	10247.714	25557.000	14344	50014	985.182	288.470	11.606	1.189	0.265	1.166	985.181	288.452	11.581	982	286	10	7	6	4
232	25.680	75.127	156	109	5148093	33000.598	15985.664	28563.000	14178	65535	661.288	294.321	12.231	1.716	0.468	1.830	661.246	294.344	12.182	658	289	10	8	11	5
233	11.688	38.305	71	53	1932056	27212.057	11629.405	23174.000	14189	55634	935.704	296.930	11.761	1.249	0.243	1.220	935.742	296.972	11.753	933	294	10	6	6	4
234	22.552	65.989	137	109	3243725	23676.824	6636.196	22255.000	14170	40811	713.628	313.299	11.657	1.586	0.481	1.579	713.633	313.299	11.645	708	311	10	12	6	4
235	66.175	173.043	402	288	11380985	28310.908	11285.811	25011.500	14202	65481	987.831	343.294	14.095	2.755	0.975	2.838	987.774	343.171	14.109	980	336	10	16	17	8
236	2.305	14.550	14	14	216929	15494.929	1144.275	15185.500	14256	17712	672.143	362.643	10.643	0.685	0.154	0.710	672.157	362.649	10.662	671	361	10	4	4	2
237	10.700	36.511	65	55	1484981	22845.861	6104.811	21101.000	14328	40031	673.215	414.215	10.892	1.144	0.213	1.164	673.188	414.233	10.902	671	411	10	6	7	3
238	2.963	15.584	18	18	330032	18335.111	2332.983	17491.000	15728	23909	666.333	422.333	10.722	0.701	0.195	0.754	666.314	422.382	10.746	665	420	10	4	5	2
239	14.321	45.924	87	64	2242134	25771.654	9761.347	22767.000	14288	48631	687.529	437.828	11.471	1.366	0.289	1.426	687.520	437.758	11.465	685	434	10	6	8	4
240	8.725	35.270	53	48	1071620	20219.246	4703.002	18617.000	14179	34922	696.113	438.094	11.698	1.066	0.301	1.031	696.050	438.146	11.698	694	435	10	7	7	4
241	2.305	16.032	14	14	221035	15788.214	1456.403	15668.000	14168	18099	873.286	510.929	10.214	0.793	0.206	0.821	873.377	510.937	10.231	871	510	10	5	3	2
242	24.034	67.612	146	103	4510139	30891.363	12659.232	28068.500	14276	63407	709.342	787.322	12.473	1.693	0.397	1.711	709.315	787.282	12.442	707	783	10	6	10	6
243	10.371	33.995	63	53	1402745	22265.793	5962.031	20803.000	14223	36135	990.635	963.556	11.079	1.143	0.193	1.126	990.605	963.582	11.095	988	961	10	6	6	3
244	52.183	134.353	317	259	7572428	23887.785	6754.566	23142.000	14179	41682	844.041	46.035	12.845	2.112	0.694	2.108	844.065	46.071	12.813	838	39	11	13	16	4
245	19.918	58.336	121	90	3253967	26892.289	11641.393	22701.000	14171	59762	875.207	134.058	12.463	1.484	0.281	1.495	875.132	133.941	12.471	871	131	11	9	8	4
246	19.589	56.164	119	85	3780480	31768.740	14235.838	29613.000	14338	65535	755.143	157.832	12.941	1.461	0.259	1.400	755.125	157.932	12.945	752	154	11	7	8	5
247	26.832	66.267	163	102	6122424	37560.883	18255.564	33035.000	14166	65535	884.712	159.258	13.221	1.716	0.280	1.686	884.741	159.222	13.226	881	156	11	8	7	5
248	26.174	66.196	159	110	4905367	30851.365	12975.832	28775.000	14164	65535	734.868	204.962	12.711	1.591	0.232	1.585	734.806	204.940	12.749	730	202	11	10	7	4
249	19.260	53.096	117	81	3974955	33973.973	15773.830	29044.000	14306	65535	835.205	207.821	12.590	1.500	0.230	1.523	835.214	207.781	12.545	832	204	11	7	8	4
250	31.277	90.641	190	147	4956801	26088.426	9267.156	24483.000	14244	50571	948.042	221.332	13.358	1.871	0.557	1.949	948.043	221.246	13.357	944	216	11	9	12	6
251	1.975	13.412	12	12	190902	15908.500	2278.726	15052.000	14192	21376	785.250	290.250	11.583	0.662	0.151	0.654	785.241	290.244	11.565	784	289	11	4	3	2
252	14.321	40.821	87	72	2537132	29162.438	10118.171	28382.000	14486	59196	669.080	319.115	12.920	1.265	0.221	1.266	669.088	319.079	12.901	667	316	11	5	7	4
253	8.395	30.133	51	42	1206340	23653.725	6778.667	21228.000	14369	40181	945.451	405.235	11.961	1.070	0.153	1.072	945.459	405.239	11.959	943	403	11	6	5	3
254	17.449	47.511	106	79	3179160	29992.076	13059.909	27303.000	14303	65535	963.953	664.104	12.340	1.460	0.283	1.502	963.941	664.025	12.262	960	662	11	8	5	4
255	23.375	61.438	142	108	3859174	27177.281	9435.681	25493.500	14253	51584	937.908	767.592	13.007	1.545	0.377	1.487	938.012	767.739	12.995	935	763	11	7	10	5
256	8.066	32.305	49	45	958237	19555.857	3540.337	18705.000	14952	29662	927.898	804.898	11.714	1.033	0.286	0.987	927.914	804.886	11.734	923	803	11	9	5	3
257	41.483	89.332	252	149	10192703	40447.234	18997.033	37147.000	14329	65535	782.774	80.921	14.806	2.017	0.349	2.044	782.767	80.914	14.776	780	76	12	7	10	6
258	51.689	99.984	314	185	12076034	38458.707	18010.734	34846.500	14188	65535	919.889	158.182	14.825	2.095	0.306	2.100	919.865	158.176	14.765	914	153	12	11	10	6
259	17.120	47.752	104	74	3385409	32552.010	14955.267	28813.500	14279	65535	961.087	203.327	13.260	1.419	0.236	1.390	961.069	203.327	13.214	958	201	12	7	6	4
260	31.277	75.576	190	119	7265745	38240.762	19246.221	29685.500	14203	65535	965.311	221.768	14.000	1.856	0.383	1.949	965.328	221.745	13.980	960	219	12	11	6	5
261	4.938	29.789	30	30	511300	17043.334	1851.420	17065.000	14246	21821	664.433	236.867	12.600	0.944	0.287	0.926	664.419	236.880	12.601	662	234	12	6	6	2
262	12.675	45.510	77	71	1550243	20133.025	4026.301	19917.000	14228	29148	929.169	241.364	12.662	1.229	0.405	1.200	929.225	241.369	12.635	925	239	12	10	6	3
263	11.852	43.097	72	59	1527210	21211.250	5792.002	19994.000	14178	39282	688.389	280.306	13.069	1.275	0.310	1.237	688.294	280.406	13.028	685	277	12	8	8	3
264	13.663	42.615	83	62	2775999	33445.770	14833.111	29792.000	14926	65535	997.241	280.349	13.325	1.355	0.276	1.328	997.216	280.295	13.319	995	278	12	6	6	4
265	36.215	91.022	220	138	7521230	34187.410	16075.635	29304.000	14180	65535	894.505	312.173	14.627	2.009	0.522	2.061	894.407	312.005	14.646	892	306	12	6	13	6
266	10.206	36.615	62	54	1431557	23089.629	6560.976	21205.000	14317	37772	664.177	311.613	13.403	1.101	0.264	1.104	664.136	311.593	13.416	662	309	12	5	7	4
267	7.737	27.065	47	43	1050727	22355.895	6036.882	21497.000	14209	35093	820.957	351.979	12.660	0.989	0.226	0.984	820.939	351.970	12.599	819	350	12	5	5	3
268	7.737	29.203	47	42	1166314	24815.191	7321.333	23875.000	14707	42478	1005.915	360.915	13.128	1.060	0.257	1.064	1006.015	360.864	13.113	1004	359	12	4	6	4
269	21.894	63.405	133	90	4746487	35687.871	16981.695	31401.000	14243	65535	787.850	382.549	14.241	1.632	0.343	1.688	787.774	382.554	14.193	784	380	12	9	7	5
270	5.926	24.341	36	35	676075	18779.861	3193.417	18459.500	14528	26236	976.750	384.556	12.556	0.878	0.234	0.861	976.711	384.555	12.561	975	382	12	4	6	3
271	5.103	25.375	31	31	558261	18008.420	3172.662	17314.000	14259	25346	672.065	439.194	12.419	0.913	0.366	0.851	672.169	439.226	12.369	668	437	12	8	5	3
272	34.075	82.125	207	143	6243397	30161.338	13213.172	26715.000	14172	65535	956.609	449.691	13.556	1.799	0.369	1.777	956.433	449.635	13.573	954	444	12	7	12	5
273	11.194	40.718	68	61	1257980	18499.705	3379.994	17899.500	14164	27695	672.191	448.676	13.544	1.118	0.335	1.113	672.234	448.702	13.515	670	446	12	6	6	4
274	20.248	61.026	123	88	3129859	25446.008	8323.408	24144.000	14182	49815	863.683	502.439	14.049	1.656	0.447	1.749	863.736	502.473	13.955	860	499	12	8	8	5
275	10.371	40.580	63	54	1413252	22432.572	6515.325	20567.000	14215	39154	990.254	618.651	13.365	1.190	0.326	1.192	990.272	618.661	13.378	988	615	12	5	8	4
276	39.837	92.468	242	154	7047931	29123.682	11469.450	26535.500	14382	57627	1005.810	622.793	13.884	1.918	0.407	1.959	1005.807	622.737	13.846	1001	618	12	10	10	5
277	34.404	87.643	209	132	6857798	32812.430	14602.146	30204.000	14170	65535	792.550	712.861	13.799	1.882	0.404	1.883	792.460	712.846	13.783	788	708	12	10	10	5
278	13.005	44.683	79	62	1805383	22852.949	7068.710	21146.000	14158	41349	904.633	775.671	13.190	1.298	0.298	1.280	904.654	775.598	13.204	902	772	12	6	8	4
279	9.877	34.684	60	48	1522226	25370.434	8638.604	23414.500	14288	48171	983.083	805.533	12.950	1.122	0.159	1.119	983.101	805.514	12.919	980	803	12	7	6	3
280	2.305	17.963	14	14	217721	15551.500	1138.813	15322.000	14212	18161	885.857	818.857	12.857	0.861	0.465	0.881	885.798	818.872	12.857	884	817	12	7	5	2
281	24.198	64.955	147	106	3617116	24606.230	8499.944	22711.000	14405	47427	1000.129	927.537	13.272	1.585	0.294	1.636	1000.234	927.571	13.218	996	924	12	9	8	4
282	35.063	80.435	213	142	5628638	26425.531	8868.817	24668.000	14181	50660	915.526	938.263	13.296	1.757	0.277	1.770	915.506	938.266	13.266	911	934	12	10	9	4
283	18.272	52.095	111	85	2652452	23895.965	7123.112	21865.000	14157	40625	962.423	947.405	13.901	1.399	0.285	1.395	962.396	947.346	13.857	959	944	12	8	8	4
284	9.548	39.476	58	51	1070556	18457.861	3415.813	17589.000	14291	29034	870.500	955.862	13.138	1.165	0.347	1.148	870.446	955.827	13.129	867	953	12	9	7	3
285	34.404	83.299	209	130	7988002	38220.105	18019.887	34283.000	14251	65535	792.536	49.995	15.574	1.883	0.366	1.861	792.591	49.925	15.566	788	47	13	10	7	6
286	44.446	110.053	270	173	9216751	34136.113	16106.321	30856.500	14218	65535	762.904	74.704	15.044	2.001	0.476	2.128	762.998	74.659	15.071	757	70	13	12	10	5
287	27.655	74.160	168	123	4668868	27790.881	9969.576	26501.500	14244	52909	790.375	96.125	15.000	1.601	0.303	1.619	790.354	96.021	14.994	787	92	13	8	10	5
288	65.516	138.944	398	227	13532602	34001.512	15810.873	30916.000	14265	65535	721.884	123.083	15.704	2.409	0.558	2.395	721.836	122.993	15.700	716	117	13	13	15	7
289	33.417	79.608	203	134	6729401	33149.758	16371.164	26923.000	14230	65535	872.847	141.177	15.468	1.833	0.416	1.784	872.694	141.029	15.427	868	138	13	11	8	5
290	13.498	42.856	82	60	2426007	29585.451	13698.876	24254.000	14383	61850	824.659	150.329	14.451	1.350	0.257	1.420	824.666	150.270	14.447	822	148	13	7	6	4
291	33.417	86.093	203	126	8239671	40589.512	19687.566	35473.000	14341	65535	660.044	217.852	15.374	1.999	0.526	2.047	660.063	217.842	15.387	655	215	13	11	7	6
292	2.798	14.791	17	17	291385	17140.295	2170.399	16501.000	14265	22014	727.882	220.529	13.235	0.673	0.196	0.747	727.913	220.544	13.209	726	219	13	5	4	2
293	56.792	135.565	345	224	10039711	29100.611	12612.182	26375.000	14258	65535	684.475	234.988	15.626	2.389	0.779	2.358	684.134	235.087	15.739	677	230	13	16	10	7
294	31.935	80.298	194	129	5948170	30660.670	12411.059	26800.000	14176	57029	689.186	246.964	15.278	1.751	0.335	1.738	689.196	246.913	15.275	684	243	13	10	10	5
295	18.272	59.474	111	90	2569562	23149.207	6387.701	22695.000	14249	37803	750.667	279.099	14.649	1.396	0.377	1.401	750.727	279.117	14.636	747	275	13	8	9	4
296	1.811	16.136	11	11	171465	15587.728	997.055	15797.000	14336	16828	823.364	282.818	13.182	0.764	0.311	0.856	823.392	282.850	13.171	821	281	13	6	4	2
297	30.783	75.817	187	121	6557494	35066.812	16877.664	30327.000	14248	65535	783.914	284.941	16.048	1.815	0.383	1.895	783.874	285.063	15.992	781	281	13	7	10	6
298	16.626	47.440	101	83	2529315	25042.723	7237.868	23536.000	14746	44457	960.327	291.297	14.832	1.314	0.239	1.328	960.430	291.373	14.803	957	288	13	7	7	4
299	26.338	64.092	160	126	3273623	20460.145	4437.046	19600.500	14185	33776	687.162	299.612	13.906	1.544	0.319	1.537	687.089	299.645	13.914	683	295	13	10	9	3
300	24.363	66.748	148	102	4099389	27698.574	11432.912	24733.500	14196	57901	924.169	321.122	14.554	1.606	0.297	1.640	924.139	321.002	14.575	921	317	13	8	10	4
301	40.166	85.227	244	156	6784118	27803.762	11014.173	24155.500	14199	52261	721.061	323.566	14.484	1.868	0.264	1.843	721.142	323.465	14.498	717	318	13	9	12	4
302	8.725	30.719	53	51	1148101	21662.283	4637.578	21533.000	14228	30611	667.453	340.642	13.585	0.989	0.262	0.997	667.479	340.622	13.576	665	338	13	6	6	3
303	51.360	100.984	312	186	10876539	34860.703	16980.047	29069.000	14176	65535	878.433	352.179	15.000	2.118	0.332	2.124	878.426	352.216	15.009	875	346	13	8	12	5
304	69.961	145.249	425	281	10989133	25856.783	9265.101	23873.000	14167	55264	678.501	397.344	14.908	2.378	0.565	2.370	678.120	397.458	15.040	671	391	13	16	13	6
305	28.149	76.265	171	112	5003421	29259.771	12205.141	27491.000	14162	61318	727.620	397.825	15.170	1.733	0.374	1.752	727.625	397.883	15.145	723	394	13	10	8	5
306	31.771	101.259	193	167	4015123	20803.746	5184.704	19465.000	14185	36894	881.378	402.295	14.731	2.324	0.668	2.356	881.170	402.048	14.782	875	396	13	14	14	5
307	21.729	55.646	132	105	3562533	26988.887	8554.890	25640.500	14184	48009	787.333	427.682	13.932	1.500	0.365	1.448	787.349	427.671	13.900	782	425	13	11	6	3
308	6.585	24.789	40	36	811500	20287.500	4464.884	19722.500	14399	28577	943.000	475.550	13.675	0.935	0.207	0.913	942.891	475.516	13.643	941	474	13	5	4	3
309	22.717	63.543	138	95	4382933	31760.385	14241.887	28141.500	14242	65535	962.855	497.000	15.362	1.615	0.324	1.615	962.899	496.999	15.350	960	492	13	6	10	5
310	53.335	113.325	324	200	8976011	27703.738	11057.233	24176.500	14192	57826	726.494	575.105	15.228	2.152	0.439	2.170	726.260	574.946	15.172	721	570	13	12	12	5
311	13.992	47.303	85	69	1941476	22840.895	6251.640	21860.000	14269	41345	890.576	597.518	14.165	1.267	0.245	1.278	890.574	597.402	14.167	888	594	13	6	8	4
312	27.491	77.092	167	120	4333167	25947.107	9636.589	23664.000	14242	54809	878.114	617.108	15.257	1.742	0.400	1.761	878.025	617.133	15.228	875	612	13	9	12	5
313	10.371	38.201	63	51	1479671	23486.842	7294.040	22981.000	14236	42187	697.841	628.841	14.111	1.209	0.283	1.216	697.859	628.768	14.143	695	626	13	7	7	3
314	2.963	20.928	18	18	304900	16938.889	1599.012	16596.500	14877	20133	829.278	629.833	13.944	0.895	0.235	0.919	829.275	629.807	13.948	827	628	13	6	5	2
315	34.075	91.882	207	138	5803081	28034.207	11193.695	25736.000	14224	56930	893.386	653.836	15.048	1.861	0.442	1.902	893.421	653.917	15.061	889	648	13	10	12	5
316	72.266	141.387	439	277	11173462	25452.078	8362.083	23525.000	14160	49916	790.157	659.271	15.203	2.329	0.456	2.347	790.053	659.131	15.163	783	653	13	16	14	5
317	25.186	73.541	153	105	4502204	29426.170	11322.011	27610.000	14256	57277	947.647	661.569	14.719	1.735	0.440	1.717	947.633	661.493	14.725	944	657	13	9	10	5
318	3.786	20.238	23	23	389012	16913.564	2237.330	16318.000	14206	21864	851.261	661.478	13.348	0.848	0.278	0.819	851.282	661.490	13.313	849	660	13	6	4	2
319	39.507	99.432	240	172	5668007	23616.695	6617.854	23500.000	14159	40288	979.583	702.804	14.796	1.821	0.424	1.845	979.496	702.735	14.813	975	698	13	10	12	4
320	17.284	47.233	105	83	2315532	22052.686	6048.727	20456.000	14315	39483	887.229	703.076	13.981	1.327	0.191	1.317	887.241	703.048	14.008	884	700	13	8	7	3
321	10.371	39.925	63	59	1182599	18771.412	3536.571	17939.000	14205	28599	973.333	721.317	13.825	1.161	0.388	1.135	973.244	721.217	13.864	971	718	13	6	8	3
322	22.223	62.301	135	98	3703875	27436.111	9874.102	27078.000	14504	53971	752.770	722.548	15.007	1.570	0.377	1.547	752.722	722.541	14.995	751	718	13	5	10	5
323	21.564	57.543	131	93	3721364	28407.359	11158.411	24808.000	14222	59639	888.298	731.458	14.519	1.549	0.267	1.577	888.357	731.508	14.448	884	729	13	10	6	4
324	8.560	34.443	52	51	1092527	21010.135	5215.667	19795.000	14199	32737	971.923	738.000	14.519	1.160	0.433	1.049	971.863	738.178	14.509	971	734	13	3	9	4
325	16.626	54.889	101	72	2803965	27762.029	11851.597	24700.000	14173	57022	787.545	775.842	14.792	1.481	0.369	1.484	787.627	775.796	14.765	783	773	13	9	6	5
326	27.820	79.745	169	129	3710056	21952.994	5510.226	21792.000	14166	35399	741.391	778.396	14.320	1.583	0.348	1.613	741.377	778.338	14.336	737	775	13	10	9	4
327	26.832	68.023	163	121	4321966	26515.129	8248.110	26560.000	14288	47264	978.202	815.828	14.969	1.573	0.301	1.583	978.158	815.794	14.957	975	811	13	7	10	5
328	2.140	13.757	13	13	199930	15379.230	1062.290	14908.000	14273	18017	909.385	818.923	13.769	0.673	0.240	0.725	909.361	818.891	13.774	908	817	13	4	5	2
329	12.675	41.440	77	75	1480490	19227.143	3300.076	19556.000	14287	27776	853.156	869.091	14.558	1.133	0.345	1.108	853.181	869.074	14.565	849	866	13	9	7	4
330	10.700	36.719	65	52	1379796	21227.631	5051.396	20997.000	14170	35312	880.431	880.569	14.138	1.173	0.201	1.132	880.355	880.570	14.169	878	878	13	6	6	4
331	2.305	14.998	14	14	230294	16449.572	1884.920	15775.000	14264	20299	920.214	883.571	13.429	0.685	0.155	0.667	920.218	883.618	13.418	919	882	13	3	4	2
332	10.206	34.581	62	54	1312363	21167.145	4451.267	20469.000	14173	31479	918.355	977.694	14.242	1.105	0.250	1.143	918.382	977.637	14.267	916	975	13	6	7	3
333	5.761	24.445	35	33	723517	20671.914	3737.216	20027.000	14327	28415	967.086	990.571	13.600	0.886	0.231	0.869	967.143	990.568	13.574	964	988	13	6	5	3
334	14.815	46.718	90	68	2527171	28079.678	10997.120	24672.500	14440	57194	668.144	79.289	15.311	1.334	0.288	1.348	668.196	79.238	15.306	665	77	14	7	6	4
335	14.321	44.787	87	72	2595468	29832.965	11740.690	27610.000	14165	62147	675.103	86.828	15.966	1.295	0.280	1.285	675.123	86.655	15.935	673	83	14	5	8	5
336	25.021	71.232	152	106	5270235	34672.598	17019.588	28853.000	14258	65535	903.158	131.572	15.862	1.773	0.426	1.854	903.136	131.497	15.834	898	129	14	11	6	5
337	25.021	68.539	152	128	3388171	22290.600	6080.240	21178.000	14207	40695	861.441	146.612	15.803	1.535	0.379	1.529	861.482	146.719	15.776	857	142	14	10	10	4
338	14.815	49.167	90	62	3571414	39682.379	19555.031	35620.000	14237	65535	847.789	176.622	16.211	1.524	0.475	1.414	847.720	176.555	16.189	846	174	14	5	6	6
339	20.906	59.889	127	86	4451599	35051.961	17674.174	31265.000	14469	65535	855.598	178.551	16.126	1.567	0.318	1.506	855.597	178.528	16.116	853	175	14	6	8	5
340	47.244	105.053	287	171	10712636	37326.258	18381.861	33414.000	14185	65535	744.112	199.105	16.453	2.043	0.378	2.110	744.208	199.077	16.424	740	194	14	9	12	6
341	18.437	54.544	112	76	3848976	34365.855	17345.189	31150.000	14244	65535	710.607	202.009	15.893	1.524	0.346	1.482	710.643	202.084	15.899	708	198	14	6	8	5
342	15.968	49.234	97	70	2807697	28945.330	12210.581	23611.000	14403	60572	862.546	225.567	15.258	1.369	0.261	1.374	862.562	225.599	15.254	860	222	14	6	8	4
343	30.124	76.265	183	115	6788936	37098.012	18333.217	30161.000	14338	65535	803.399	234.027	16.049	1.811	0.341	1.914	803.412	233.968	16.007	800	230	14	8	9	5
344	21.400	56.027	130	90	4676780	35975.230	17200.127	31334.000	14191	65535	865.962	235.523	15.746	1.589	0.341	1.590	865.916	235.430	15.721	864	232	14	5	8	5
345	21.071	55.819	128	89	4108787	32099.898	14965.894	27816.500	14236	65535	905.758	267.852	15.500	1.535	0.238	1.542	905.817	267.915	15.500	902	265	14	8	7	4
346	26.832	70.058	163	116	4460925	27367.639	10002.777	24175.000	14181	50832	898.000	272.429	15.405	1.619	0.313	1.653	897.902	272.401	15.397	894	269	14	10	7	4
347	24.857	68.231	151	110	4532041	30013.516	13727.766	26569.000	14158	65535	832.967	302.258	15.728	1.597	0.319	1.583	832.855	302.274	15.742	830	297	14	7	11	5
348	39.343	85.815	239	145	9478401	39658.582	18622.154	37546.000	14375	65535	749.096	320.163	15.895	1.982	0.360	2.040	749.115	320.092	15.845	746	315	14	7	11	5
349	13.663	42.408	83	65	2373776	28599.711	10398.183	27095.000	14470	51286	751.530	355.301	15.867	1.259	0.211	1.251	751.569	355.295	15.859	749	353	14	6	6	4
350	45.763	93.157	278	165	9951943	35798.355	17341.717	30796.000	14157	65535	849.917	366.410	15.885	1.999	0.234	2.006	849.813	366.496	15.873	846	361	14	9	11	5
351	21.400	58.025	130	97	3193195	24563.039	7727.571	21931.500	14267	48352	822.246	377.015	15.900	1.471	0.267	1.439	822.172	377.055	15.880	819	373	14	8	9	4
352	15.145	47.062	92	71	2813724	30583.957	13341.392	26275.500	14200	62688	805.457	453.870	15.707	1.392	0.335	1.422	805.283	453.879	15.702	802	452	14	9	5	4
353	12.675	40.821	77	58	2303705	29918.246	10751.781	28040.000	14838	53855	767.727	472.039	15.896	1.255	0.221	1.240	767.708	472.023	15.905	765	469	14	6	7	4
354	3.457	17.618	21	20	400281	19061.000	3545.518	17313.000	14483	27247	995.952	496.476	15.238	0.787	0.255	0.772	996.008	496.449	15.255	995	495	14	3	5	3
355	26.338	69.576	160	106	5156435	32227.719	14791.768	29100.000	14328	65535	957.050	510.994	15.781	1.668	0.294	1.705	957.125	511.008	15.773	953	507	14	8	9	5
356	2.140	16.032	13	13	210596	16199.692	1377.733	15640.000	14713	18634	969.846	545.846	14.077	0.708	0.304	0.773	969.807	545.822	14.070	968	544	14	4	5	2
357	2.140	16.929	13	13	214079	16467.615	1365.658	16165.000	14509	19662	976.769	551.923	14.308	0.806	0.314	0.836	976.711	551.969	14.290	975	549	14	4	6	2
358	33.746	80.124	205	150	5711608	27861.502	9279.767	26333.000	14366	51269	812.049	595.229	15.893	1.717	0.377	1.711	812.019	595.098	15.892	807	591	14	11	10	5
359	12.511	40.821	76	62	1737801	22865.803	6796.271	21538.500	14532	43930	884.211	629.908	15.039	1.255	0.260	1.254	884.107	629.972	15.035	881	627	14	8	6	3
360	14.486	46.336	88	81	1716761	19508.648	4536.532	18015.500	14167	33682	794.909	687.386	15.307	1.225	0.334	1.259	795.011	687.503	15.300	791	684	14	8	8	3
361	3.292	18.756	20	20	356070	17803.500	1961.823	17852.500	14985	22587	708.450	704.550	14.650	0.808	0.304	0.725	708.423	704.600	14.660	707	701	14	4	7	2
362	40.330	99.880	245	171	5990204	24449.812	7567.517	24531.000	14226	39769	807.490	746.486	15.543	1.830	0.356	1.853	807.462	746.511	15.537	802	742	14	12	10	4
363	1.975	12.274	12	11	201127	16760.584	870.737	16994.500	15548	17945	993.000	760.000	15.167	0.664	0.231	0.608	993.005	759.981	15.169	992	759	14	3	3	3
364	8.889	38.891	54	50	966458	17897.371	3028.636	17415.000	14303	28057	785.741	839.037	15.185	1.108	0.359	1.139	785.734	839.022	15.165	783	836	14	6	8	3
365	9.548	33.443	58	52	1175294	20263.689	4866.454	19712.500	14234	32253	883.621	865.241	15.310	1.061	0.250	1.055	883.705	865.300	15.321	881	862	14	6	7	3
366	1.646	11.481	10	10	182598	18259.801	4597.183	16571.000	14364	29166	881.800	102.400	15.300	0.656	0.203	0.686	881.887	102.510	15.306	880	101	15	4	4	2
367	32.429	76.332	197	129	6445044	32715.959	15807.970	28141.000	14171	65535	650.548	144.777	16.426	1.734	0.258	1.727	650.619	144.926	16.420	647	140	15	9	10	5
368	36.874	81.572	224	145	6847336	30568.465	13002.697	26169.000	14193	65535	868.147	174.018	16.451	1.847	0.332	1.823	867.953	173.994	16.433	862	171	15	13	8	4
369	34.569	97.434	210	152	6303586	30017.076	13931.637	26042.500	14298	65535	702.076	189.648	16.548	2.139	0.732	2.157	701.977	189.192	16.506	698	183	15	8	16	4
370	2.469	15.239	15	15	259704	17313.600	2509.834	16783.000	14546	23182	668.333	226.200	15.200	0.691	0.246	0.769	668.306	226.265	15.173	667	224	15	3	5	2
371	5.761	26.375	35	34	678616	19389.029	3282.199	19346.000	14160	26713	756.514	224.486	16.400	0.885	0.258	0.869	756.484	224.547	16.378	755	222	15	5	6	3
372	22.717	62.887	138	99	3788651	27453.992	10635.549	25875.500	14243	55424	664.428	234.174	17.087	1.532	0.293	1.498	664.491	234.243	17.031	660	231	15	10	7	5
373	4.115	23.307	25	25	442573	17702.920	2462.197	17192.000	14285	23951	821.400	247.960	15.360	0.865	0.254	0.844	821.448	247.970	15.338	819	246	15	6	5	2
374	14.815	45.061	90	75	2017013	22411.256	6904.671	20376.500	14347	43605	933.167	256.844	16.211	1.265	0.251	1.266	933.055	256.870	16.213	930	254	15	8	7	3
375	40.001	90.330	243	157	8079753	33250.012	14879.847	28447.000	14232	65535	688.761	268.683	16.576	1.869	0.290	1.848	688.823	268.698	16.548	684	264	15	10	10	5
376	16.955	48.786	103	73	2942842	28571.281	12115.216	24200.000	14373	56888	700.146	285.728	16.485	1.396	0.207	1.446	700.191	285.705	16.490	697	283	15	7	7	4
377	2.963	16.929	18	18	300212	16678.445	2244.953	16241.000	14157	21725	940.222	314.444	15.444	0.779	0.241	0.759	940.224	314.460	15.412	939	312	15	3	6	2
378	19.589	56.405	119	84	3206385	26944.412	9964.395	25479.000	14196	51278	730.891	332.403	16.294	1.472	0.231	1.475	730.881	332.400	16.265	728	329	15	8	8	4
379	6.749	26.720	41	37	841556	20525.756	4852.864	19038.000	14220	32269	959.098	333.049	15.683	0.960	0.219	0.942	959.100	333.090	15.678	957	331	15	5	5	3
380	16.297	45.165	99	79	2708193	27355.484	9605.091	25579.000	14534	51438	771.455	399.747	15.960	1.307	0.199	1.309	771.468	399.725	15.938	769	396	15	6	8	3
381	3.786	20.928	23	23	407133	17701.436	2567.768	17237.000	14185	24184	870.087	409.478	15.696	0.774	0.239	0.790	870.082	409.521	15.724	867	408	15	6	4	2
382	37.532	83.433	228	163	6488949	28460.303	9717.250	27528.500	14196	52280	709.969	448.618	16.140	1.753	0.325	1.795	709.984	448.668	16.115	704	443	15	11	11	4
383	12.840	49.371	78	72	1518231	19464.500	4742.138	18142.500	14217	35026	997.436	453.308	15.679	1.229	0.348	1.221	997.538	453.208	15.686	993	450	15	9	7	3
384	16.132	45.958	98	77	2509966	25611.898	7010.246	24156.000	14352	41828	799.327	460.643	15.990	1.334	0.253	1.316	799.340	460.599	15.989	796	458	15	8	7	3
385	16.955	49.267	103	81	2265150	21991.748	5563.634	21118.000	14249	37096	763.476	463.709	15.913	1.359	0.266	1.320	763.458	463.601	15.914	761	460	15	6	9	3
386	5.926	26.616	36	35	658989	18305.250	3083.347	17910.000	14167	24918	700.361	480.528	16.333	0.882	0.238	0.891	700.413	480.547	16.313	698	478	15	6	6	3
387	8.395	31.408	51	51	929903	18233.393	2560.974	17628.000	14450	24915	841.333	537.373	15.431	0.975	0.264	0.986	841.306	537.390	15.408	839	534	15	6	7	2
388	4.445	21.169	27	27	446186	16525.408	1558.356	16053.000	14303	19891	921.889	713.852	15.407	0.836	0.217	0.827	921.891	713.828	15.403	920	712	15	5	5	2
389	3.786	19.445	23	23	412785	17947.174	2651.419	17422.000	14286	24133	889.609	120.174	16.565	0.825	0.280	0.790	889.717	120.176	16.575	886	119	16	7	4	2
390	2.634	17.618	16	16	253155	15822.188	1296.126	15197.500	14267	18306	719.562	184.312	16.688	0.706	0.196	0.732	719.595	184.338	16.708	718	182	16	4	5	2
391	2.140	13.860	13	13	207334	15948.770	906.986	16161.000	14681	18064	935.846	223.308	16.538	0.718	0.197	0.663	935.864	223.302	16.529	934	222	16	5	3	2
392	1.975	11.274	12	12	194311	16192.583	1648.352	15570.000	14322	19469	752.750	272.250	16.000	0.571	0.243	0.567	752.777	272.295	16.000	751	270	16	4	5	1
393	12.181	42.682	74	74	1383279	18692.959	3175.631	18333.000	14281	27422	758.513	326.514	16.459	1.318	0.542	1.182	758.480	326.717	16.448	756	321	16	6	11	2
394	3.951	21.617	24	24	420020	17500.834	2475.065	17066.000	14164	23271	733.625	352.708	16.292	0.825	0.301	0.784	733.574	352.724	16.259	731	351	16	7	4	2
395	5.103	21.617	31	31	613045	19775.645	4063.985	19483.000	14411	27743	836.226	360.806	16.387	0.815	0.210	0.828	836.275	360.766	16.396	834	358	16	5	6	2
396	4.609	25.030	28	28	455011	16250.393	1511.180	15870.500	14576	20015	886.071	380.036	16.214	0.859	0.319	0.877	886.079	380.033	16.207	884	377	16	5	8	2
397	2.798	15.135	17	17	283014	16647.883	2135.269	15547.000	14207	20940	664.882	416.353	16.176	0.704	0.252	0.802	664.851	416.365	16.158	663	415	16	5	4	2
398	1.975	13.653	12	12	194682	16223.500	1566.034	15786.500	14235	19347	716.000	430.583	16.000	0.783	0.400	0.749	715.982	430.597	16.000	714	428	16	5	6	1
399	2.634	15.135	16	16	267979	16748.688	2617.372	15677.000	14285	22154	719.125	488.250	16.125	0.681	0.282	0.691	719.182	488.200	16.112	716	487	16	6	4	2
400	4.609	20.479	28	28	488853	17459.035	2597.461	17094.000	14220	23516	703.714	493.071	16.357	0.802	0.214	0.787	703.698	493.090	16.341	702	490	16	4	6	2
401	7.408	35.407	45	45	789138	17536.400	2927.773	16944.000	14242	28520	870.844	60.311	17.200	1.161	0.363	1.203	870.785	60.400	17.180	867	57	17	9	6	2
