 	Volume (micron^3)	Surface (micron^2)	Nb of obj. voxels	Nb of surf. voxels	IntDen	Mean	StdDev	Median	Min	Max	X	Y	Z	Mean dist. to surf. (micron)	SD dist. to surf. (micron)	Median dist. to surf. (micron)	XM	YM	ZM	BX	BY	BZ	B-width	B-height	B-depth
1	60.413	153.665	367	256	11971089	32618.771	14261.617	28490.000	15211	65535	835.888	537.240	7.005	2.373	0.725	2.504	835.992	537.533	6.898	828	530	4	16	16	6
2	15.309	48.889	93	72	3085922	33181.957	14564.314	29665.000	15502	65535	804.710	566.183	5.903	1.330	0.284	1.307	804.524	566.213	5.902	801	563	4	8	7	5
3	26.667	64.266	162	107	6002494	37052.434	16693.539	31455.000	15215	65535	817.210	646.204	6.352	1.630	0.187	1.642	817.200	646.152	6.333	814	643	4	8	8	5
4	69.467	162.455	422	290	13665666	32383.096	13753.609	28521.500	15167	65535	898.656	418.128	8.737	2.889	0.987	2.993	898.550	418.469	8.829	892	409	5	13	18	8
5	21.729	56.509	132	91	4601277	34858.160	15013.578	31742.000	15223	65535	909.250	456.992	6.333	1.533	0.215	1.526	909.281	456.971	6.268	906	454	5	8	7	4
6	23.046	60.508	140	99	4459791	31855.650	12749.218	28881.000	15165	64223	985.821	458.264	6.671	1.556	0.299	1.588	985.908	458.194	6.665	982	455	5	9	8	4
7	7.243	29.307	44	38	1217580	27672.273	8999.980	25799.000	15171	45486	946.886	523.182	6.750	1.117	0.348	1.114	946.859	523.165	6.726	945	522	5	5	4	4
8	35.063	78.367	213	140	7843517	36824.023	16416.938	33586.000	15222	65535	866.549	527.028	7.460	1.803	0.275	1.764	866.609	527.053	7.439	863	523	5	8	10	5
9	14.980	47.511	91	70	3039604	33402.242	14904.059	30015.000	15175	65535	770.659	543.033	7.209	1.372	0.344	1.306	770.655	543.027	7.152	769	540	5	5	8	5
10	13.498	41.959	82	67	2178141	26562.695	8110.895	25791.500	15301	45981	992.573	574.024	6.841	1.251	0.238	1.285	992.483	574.021	6.803	989	571	5	8	6	4
11	29.631	73.575	180	116	6898054	38322.523	18418.648	32693.000	15181	65535	710.094	590.178	7.083	1.774	0.328	1.795	710.003	590.050	7.053	706	587	5	9	8	5
12	21.729	59.955	132	96	3955208	29963.697	11958.997	27043.000	15462	60248	622.697	607.674	6.394	1.496	0.288	1.520	622.730	607.751	6.410	619	604	5	9	8	4
13	30.783	78.300	187	122	7229909	38662.613	17748.271	33057.000	15210	65535	887.043	646.059	6.733	1.830	0.390	1.875	887.075	646.038	6.719	884	642	5	8	10	5
14	15.474	57.232	94	85	2056775	21880.586	5507.615	20582.500	15212	35167	839.691	648.521	6.223	1.358	0.439	1.301	839.732	648.474	6.223	835	645	5	10	9	3
15	49.713	127.841	302	217	10471639	34674.301	17334.174	27802.000	15280	65535	799.219	655.632	6.530	2.497	0.925	2.523	798.197	656.103	6.630	791	647	5	18	14	5
16	27.161	63.991	165	106	6926492	41978.738	18510.248	36457.000	15301	65535	447.473	678.533	7.048	1.725	0.324	1.732	447.493	678.567	7.046	445	675	5	6	8	5
17	25.351	66.059	154	102	5707963	37064.695	17302.783	34662.000	15273	65535	465.305	697.175	6.922	1.622	0.284	1.592	465.328	697.303	6.934	462	693	5	8	9	5
18	13.992	46.165	85	70	2536168	29837.271	11767.832	26866.000	15189	65535	517.000	698.953	7.118	1.318	0.350	1.241	516.988	698.849	7.090	515	695	5	5	9	5
19	56.463	138.325	343	219	11228761	32736.912	13955.585	28826.000	15216	65535	803.732	705.105	10.472	2.795	1.122	2.860	803.746	705.136	10.492	800	699	5	8	14	10
20	25.186	66.230	153	119	4399963	28757.928	10967.546	26454.000	15527	59808	366.373	769.431	7.000	1.610	0.436	1.525	366.360	769.097	6.961	363	764	5	7	12	4
21	20.741	53.544	126	91	4781999	37952.371	17138.217	35173.000	15353	65535	999.897	386.516	7.595	1.520	0.228	1.528	999.856	386.423	7.594	996	384	6	8	6	4
22	7.243	27.962	44	38	1147366	26076.500	8231.070	23186.000	15468	45003	1001.091	432.682	7.023	1.052	0.221	1.060	1001.067	432.730	7.024	999	431	6	5	5	3
23	26.667	66.022	162	126	4327271	26711.549	7768.140	26002.500	15250	48926	999.068	451.080	7.864	1.585	0.390	1.541	999.070	450.988	7.802	994	448	6	11	8	4
24	23.046	57.680	140	104	4212310	30087.928	12933.998	26157.000	15379	65535	828.207	464.207	7.379	1.516	0.231	1.521	828.191	464.132	7.378	825	461	6	7	8	4
25	23.540	61.301	143	99	4937747	34529.699	14726.372	32429.000	15169	65535	816.147	504.350	8.280	1.566	0.214	1.549	816.072	504.272	8.264	813	501	6	8	8	5
26	25.351	62.438	154	100	5231046	33967.832	15605.065	28561.000	15246	65535	780.234	509.169	7.506	1.612	0.171	1.615	780.224	509.097	7.486	777	505	6	8	9	4
27	19.424	52.406	118	84	4322282	36629.508	16396.658	31961.000	15223	65535	901.339	539.415	7.551	1.505	0.234	1.548	901.301	539.375	7.509	898	537	6	8	7	4
28	16.461	48.200	100	70	3328208	33282.078	13811.377	29554.500	15846	62662	955.010	555.970	7.550	1.425	0.226	1.448	954.999	556.016	7.534	952	553	6	7	7	4
29	13.992	50.164	85	70	1987578	23383.271	6890.208	22207.000	15225	41543	718.094	561.529	6.953	1.311	0.311	1.273	718.200	561.577	6.960	716	557	6	6	10	3
30	27.326	63.680	166	114	6663587	40142.090	17289.576	35855.500	15218	65535	1008.422	564.898	7.596	1.674	0.248	1.677	1008.479	564.843	7.580	1005	562	6	8	8	4
31	5.926	24.341	36	36	726025	20167.361	3229.391	19700.000	15274	26835	949.722	568.250	6.472	0.876	0.236	0.875	949.654	568.277	6.494	948	566	6	5	6	2
32	13.169	38.442	80	66	2324272	29053.400	9257.347	28716.500	15257	51700	980.925	576.350	6.988	1.215	0.172	1.225	980.924	576.320	6.966	978	573	6	6	7	3
33	23.211	63.610	141	110	3826274	27136.695	9374.279	25086.000	15248	51817	653.645	600.369	7.858	1.492	0.314	1.490	653.661	600.151	7.808	650	596	6	8	10	4
34	4.609	24.686	28	28	504742	18026.500	2008.499	18178.500	15165	22064	922.536	598.500	6.750	0.896	0.385	0.774	922.556	598.497	6.752	919	597	6	9	5	2
35	22.881	62.991	139	101	4933139	35490.207	14822.259	33200.000	15296	65535	848.683	605.655	8.050	1.520	0.255	1.501	848.857	605.727	8.017	845	602	6	9	8	5
36	34.404	82.054	209	155	5900926	28234.096	10529.979	24548.000	15169	62473	598.813	616.636	7.789	1.798	0.492	1.769	598.790	616.392	7.769	596	610	6	8	14	4
37	16.955	51.061	103	80	3145530	30539.127	13482.666	27635.000	15267	65535	780.544	617.408	7.699	1.385	0.272	1.392	780.738	617.414	7.691	777	615	6	8	6	4
38	23.540	61.542	143	104	4768715	33347.656	15154.521	29251.000	15613	65535	698.636	629.084	7.839	1.536	0.271	1.531	698.664	629.081	7.874	695	626	6	8	8	5
39	3.622	17.618	22	21	586571	26662.318	8065.633	26585.000	15913	41168	833.318	643.273	6.636	0.761	0.201	0.735	833.260	643.317	6.601	832	642	6	4	4	3
40	35.721	107.570	217	166	7186521	33117.609	14755.334	29018.000	15246	65535	515.240	666.853	7.373	2.304	0.930	2.360	515.187	667.121	7.364	511	658	6	9	18	4
41	27.820	69.988	169	131	5324571	31506.338	12644.590	27593.000	15372	65535	408.266	678.467	7.858	1.589	0.357	1.575	408.048	678.370	7.846	404	674	6	10	9	4
42	10.371	35.407	63	62	1338987	21253.762	3556.203	21098.000	15596	29227	837.190	676.302	7.476	1.038	0.292	1.055	837.268	676.403	7.465	834	673	6	7	7	3
43	2.305	14.653	14	14	294802	21057.285	4187.555	20198.000	15201	29542	666.000	687.429	7.286	0.716	0.271	0.714	665.985	687.428	7.273	664	686	6	5	3	3
44	35.227	82.158	214	146	7244393	33852.305	13996.512	31761.000	15350	65535	784.033	688.893	8.243	1.765	0.299	1.770	783.855	688.741	8.222	779	684	6	11	10	5
45	20.741	55.957	126	94	4180231	33176.438	15423.980	30502.500	15220	65535	732.206	693.952	7.286	1.507	0.274	1.498	732.347	693.821	7.256	728	691	6	9	7	4
46	21.235	55.957	129	98	4421251	34273.262	14067.944	33027.000	15215	65535	423.736	699.837	7.907	1.469	0.287	1.458	423.710	699.769	7.888	421	696	6	7	9	4
47	11.358	36.752	69	65	1955220	28336.521	8073.873	29541.000	15173	43105	551.275	705.072	7.464	1.080	0.269	1.103	551.171	705.098	7.481	549	702	6	6	7	4
48	28.478	79.364	173	149	4251931	24577.637	8598.943	21411.000	15175	56843	711.058	719.896	7.382	1.614	0.488	1.655	711.039	719.504	7.377	707	715	6	9	12	4
49	29.466	71.919	179	132	6186754	34562.871	14163.588	32439.000	15240	65535	637.542	730.872	7.994	1.613	0.317	1.625	637.419	731.040	8.014	632	727	6	11	8	5
50	8.066	29.685	49	43	1170807	23894.020	7680.043	22144.000	15402	45650	627.735	742.143	7.143	1.055	0.242	1.064	627.785	742.039	7.128	625	740	6	6	5	3
51	21.400	59.233	130	95	4737304	36440.801	17175.428	33035.500	15354	65535	463.946	807.123	7.638	1.574	0.338	1.600	463.886	807.107	7.635	459	804	6	11	7	4
52	28.314	76.436	172	120	4748371	27606.809	10300.547	24748.000	15167	54354	428.942	809.907	8.157	1.783	0.437	1.856	429.032	809.954	8.192	424	806	6	11	9	5
53	16.132	47.166	98	73	3670163	37450.645	16946.848	32168.500	15198	65535	416.122	812.918	8.357	1.426	0.309	1.419	416.131	812.821	8.316	414	810	6	5	7	5
54	19.095	53.681	116	85	3533361	30460.008	12163.072	27228.000	15172	56985	409.784	860.957	7.362	1.430	0.225	1.435	409.772	861.010	7.363	406	858	6	9	7	4
55	19.424	53.648	118	85	4614079	39102.363	18289.150	33301.000	15764	65535	439.195	880.975	7.619	1.528	0.280	1.561	439.224	880.975	7.643	436	878	6	7	7	4
56	18.272	53.407	111	76	4470713	40276.695	19555.951	37789.000	15166	65535	432.090	887.640	7.937	1.516	0.341	1.454	432.118	887.627	7.980	429	885	6	8	6	5
57	29.795	74.920	181	113	6554517	36212.801	16215.255	32133.000	15169	65535	777.039	499.691	9.309	1.752	0.282	1.731	777.060	499.646	9.296	774	495	7	8	10	6
58	55.310	135.461	336	225	10512367	31286.807	13933.928	26650.500	15200	65535	705.030	566.655	8.914	2.389	0.718	2.294	704.830	566.955	8.893	698	557	7	14	16	5
59	13.005	42.648	79	64	1956223	24762.316	7137.702	22773.000	15199	44630	748.076	561.937	8.114	1.244	0.242	1.232	748.167	561.914	8.172	745	559	7	7	7	3
60	19.095	57.576	116	98	2730743	23540.889	5907.909	22229.500	15168	41113	664.060	615.379	7.914	1.376	0.276	1.363	664.019	615.354	7.924	661	611	7	7	10	3
61	15.968	46.303	97	77	2650905	27328.918	9708.492	25827.000	15405	57531	692.680	615.103	7.969	1.305	0.199	1.295	692.605	615.176	7.937	690	612	7	7	7	3
62	15.145	46.544	92	78	2602193	28284.707	10507.925	26810.000	15263	65535	632.424	635.424	7.870	1.285	0.244	1.254	632.343	635.378	7.867	630	632	7	7	8	3
63	13.169	42.441	80	72	1669775	20872.188	4245.947	20087.500	15170	31892	757.425	634.612	8.225	1.200	0.300	1.206	757.499	634.665	8.214	754	631	7	8	7	3
64	42.306	117.117	257	205	7417447	28861.662	13677.223	23832.000	15183	65535	544.206	641.755	8.591	2.524	1.098	2.404	545.116	641.179	8.653	534	635	7	18	16	4
65	24.198	61.542	147	110	4724348	32138.422	12452.182	29864.000	15194	65535	705.980	645.558	8.082	1.531	0.275	1.534	705.983	645.571	8.087	702	642	7	9	9	4
66	11.029	40.373	67	58	1739212	25958.389	7306.176	26402.000	15242	46960	754.925	646.985	8.537	1.132	0.318	1.055	754.969	646.917	8.522	752	644	7	7	7	4
67	29.795	83.744	181	146	4889662	27014.707	9199.629	24475.000	15304	54376	722.243	653.006	7.961	1.896	0.591	1.953	722.425	653.013	7.955	715	650	7	14	8	3
68	40.166	106.844	244	180	7146162	29287.549	12588.456	26580.000	15170	65535	445.348	665.078	8.910	2.130	0.732	2.115	445.022	664.928	8.872	440	658	7	13	15	4
69	16.132	50.060	98	81	2752124	28082.898	10183.514	25148.000	15410	51288	702.031	663.561	8.337	1.330	0.309	1.356	702.025	663.526	8.392	698	661	7	9	6	4
70	22.881	63.610	139	108	3966116	28533.209	10999.674	25817.000	15198	61143	458.029	666.935	8.180	1.535	0.356	1.480	457.960	666.942	8.230	454	662	7	8	11	4
71	10.206	34.821	62	59	1650774	26625.387	7411.638	27982.500	15295	41336	635.306	677.097	8.532	1.045	0.304	1.057	635.405	677.239	8.536	632	675	7	8	5	4
72	17.284	52.888	105	82	3061863	29160.600	11132.416	27021.000	15260	55825	503.581	687.476	8.400	1.364	0.312	1.372	503.527	687.369	8.417	500	684	7	9	7	4
73	10.206	38.201	62	54	1832739	29560.307	10444.417	28746.000	15202	55254	558.387	690.419	8.581	1.167	0.333	1.165	558.280	690.406	8.590	555	689	7	8	4	4
74	23.211	60.508	141	97	5053420	35839.859	16730.352	30853.000	15174	65535	460.567	717.504	8.617	1.579	0.267	1.598	460.479	717.458	8.595	457	714	7	9	7	5
75	21.894	60.196	133	104	3566261	26813.992	8179.699	25020.000	15286	48781	420.090	718.286	8.075	1.481	0.325	1.491	420.029	718.360	8.093	416	715	7	10	7	3
76	14.486	41.407	88	70	2886906	32805.750	12288.779	31058.000	15417	61228	603.864	744.102	8.011	1.271	0.205	1.294	603.847	743.968	7.947	601	741	7	7	7	3
77	28.807	81.506	175	127	4873921	27850.977	9872.681	25200.000	15321	59678	741.223	745.486	9.823	2.124	0.817	2.196	741.173	745.540	9.917	737	742	7	9	9	7
78	15.803	46.614	96	70	2860333	29795.135	12415.166	25567.500	15181	61939	592.979	748.344	8.646	1.367	0.233	1.389	592.915	748.278	8.655	589	746	7	8	6	4
79	16.461	66.782	100	96	2077501	20775.010	4349.047	19762.500	15233	31242	726.360	743.430	8.760	1.779	0.692	1.715	726.406	743.610	8.731	722	736	7	9	15	4
80	32.758	71.745	199	151	5754718	28918.182	9756.986	26896.000	15447	60104	639.312	751.241	8.040	1.689	0.405	1.660	639.216	751.444	8.069	634	748	7	12	8	3
81	22.388	62.783	136	98	4095800	30116.176	12443.557	26067.500	15263	65535	696.772	771.140	8.353	1.589	0.385	1.611	696.882	771.314	8.353	693	766	7	8	10	4
82	20.083	55.301	122	95	3470850	28449.590	11217.058	24903.000	15193	63552	497.689	774.975	8.639	1.434	0.261	1.466	497.536	774.972	8.667	493	772	7	9	7	4
83	14.980	47.614	91	66	3139622	34501.340	16322.912	30670.000	15230	65535	420.791	788.956	9.055	1.399	0.337	1.317	420.802	788.976	9.067	419	786	7	5	8	5
84	30.124	84.263	183	130	5739044	31360.896	13131.949	28841.000	15240	63439	533.525	791.372	9.120	1.841	0.574	1.826	533.520	791.338	9.133	527	789	7	14	6	5
85	20.906	59.922	127	87	4450728	35045.102	16287.313	32293.000	15169	65535	510.047	817.063	8.756	1.529	0.268	1.508	510.094	817.113	8.790	506	814	7	9	7	5
86	16.461	53.889	100	80	3053136	30531.359	12457.502	27407.000	15431	62716	376.700	819.050	9.120	1.449	0.436	1.368	376.725	818.998	9.104	374	815	7	7	10	5
87	29.466	74.780	179	138	4909048	27424.850	9397.399	25054.000	15174	57351	412.374	887.235	8.905	1.643	0.425	1.610	412.400	887.402	8.864	409	881	7	9	12	4
88	26.997	69.128	164	107	5624503	34295.750	14913.430	32424.500	15176	65535	965.195	636.091	10.195	1.676	0.284	1.699	965.134	636.157	10.144	961	633	8	9	8	5
89	7.243	28.340	44	44	876999	19931.795	3521.315	19213.500	15216	28026	506.295	648.500	8.568	0.926	0.256	0.896	506.328	648.549	8.616	504	646	8	6	6	2
90	7.243	25.720	44	44	890289	20233.842	2619.676	20548.000	15272	25587	494.250	655.523	8.545	0.914	0.234	0.895	494.276	655.560	8.586	492	653	8	5	6	2
91	2.469	13.653	15	15	270224	18014.934	3091.220	16970.000	15498	24106	619.933	670.933	8.200	0.663	0.229	0.619	619.932	670.938	8.182	618	670	8	5	3	2
92	9.218	35.993	56	56	1048553	18724.160	2574.626	18366.500	15234	28406	824.536	686.500	8.286	1.055	0.328	1.093	824.510	686.408	8.257	822	683	8	6	8	2
93	10.700	33.547	65	54	1866948	28722.277	10359.506	25228.000	15348	52446	632.692	694.031	8.954	1.144	0.162	1.136	632.723	694.082	8.887	630	692	8	6	5	3
94	18.108	53.233	110	85	2908200	26438.182	9082.096	23248.000	15257	48341	405.164	705.336	9.800	1.405	0.306	1.378	405.273	705.370	9.775	401	702	8	8	8	4
95	13.334	40.614	81	67	2062975	25468.828	8176.040	22738.000	15983	46022	549.716	713.704	9.123	1.224	0.204	1.219	549.776	713.673	9.145	546	711	8	8	6	3
96	10.206	39.269	62	62	1196964	19305.871	2826.511	18919.000	15502	27514	755.129	726.065	8.484	1.130	0.373	1.082	755.034	725.967	8.489	752	722	8	8	9	2
97	31.277	82.814	190	138	5530733	29109.121	10656.562	27002.500	15237	50246	688.389	748.742	9.468	1.768	0.411	1.739	688.422	748.708	9.476	685	743	8	8	13	4
98	18.931	52.751	115	79	4277236	37193.355	16675.141	31103.000	15283	65535	470.357	821.774	9.409	1.491	0.235	1.530	470.401	821.775	9.355	468	818	8	6	8	4
99	50.537	123.843	307	212	11536266	37577.414	16151.521	34703.000	15194	65535	396.564	858.691	9.980	2.285	0.763	2.217	396.666	858.607	10.002	390	852	8	14	14	5
100	16.955	48.578	103	81	2696879	26183.291	9675.395	22765.000	15339	45724	672.010	577.835	10.777	1.383	0.328	1.352	672.186	577.860	10.715	667	576	9	10	5	4
101	26.667	68.472	162	113	5641190	34822.160	14623.747	32559.500	15275	65535	433.290	653.463	10.784	1.590	0.263	1.617	433.252	653.436	10.821	430	649	9	8	9	5
102	31.606	77.092	192	124	6632970	34546.719	15310.500	32892.000	15203	65535	935.484	653.667	10.943	1.800	0.362	1.849	935.444	653.592	10.932	930	651	9	12	7	5
103	26.667	64.851	162	119	5105568	31515.852	12552.942	29076.000	15172	65535	410.870	657.339	10.698	1.581	0.225	1.615	410.903	657.472	10.705	407	653	9	8	9	4
104	35.886	85.675	218	152	6663733	30567.582	11224.976	28256.500	15302	57201	907.041	671.124	10.399	1.822	0.401	1.772	906.974	671.168	10.387	901	667	9	13	9	4
105	21.564	58.369	131	105	3538947	27014.863	8770.627	24981.000	15254	52418	828.176	698.458	10.053	1.534	0.425	1.435	828.225	698.598	10.097	825	694	9	7	11	3
106	38.849	108.363	236	163	6643624	28150.949	11936.697	23765.500	15208	64092	387.903	731.436	12.169	2.303	0.858	2.296	387.971	731.497	11.843	385	727	9	7	10	8
107	18.272	51.750	111	88	3661496	32986.449	12837.248	30438.000	15334	65535	401.685	745.396	10.883	1.442	0.365	1.440	401.834	745.491	10.860	397	743	9	10	6	4
108	4.938	21.617	30	30	588440	19614.666	3191.575	18577.000	15364	28258	504.800	747.700	9.600	0.818	0.201	0.838	504.797	747.673	9.648	503	746	9	5	5	2
109	2.469	14.101	15	15	287322	19154.801	3258.453	18011.000	15178	26344	578.733	787.333	9.267	0.680	0.208	0.723	578.700	787.365	9.231	577	786	9	4	4	2
110	38.684	90.467	235	162	7221349	30729.145	11997.777	28509.000	15180	60720	631.677	802.911	10.226	1.889	0.496	1.852	631.691	802.899	10.234	628	796	9	9	14	4
111	1.975	10.929	12	12	222207	18517.250	2481.114	17640.500	15914	24026	479.667	866.917	9.083	0.557	0.210	0.547	479.689	866.940	9.072	478	866	9	4	3	2
112	20.083	60.645	122	106	2552754	20924.213	3856.807	20069.500	15185	30266	1001.303	337.254	11.164	1.469	0.410	1.412	1001.256	337.222	11.183	998	332	10	8	11	3
113	4.938	21.962	30	30	609771	20325.699	2724.905	20169.000	15272	25976	977.333	362.533	10.333	0.825	0.229	0.790	977.334	362.516	10.293	975	360	10	5	6	2
114	1.646	13.516	10	10	177019	17701.900	2273.069	16822.500	15659	20983	910.700	402.800	10.400	0.865	0.238	0.810	910.685	402.826	10.413	909	400	10	4	5	2
115	23.540	64.747	143	113	3417405	23897.938	6414.670	22699.000	15192	40749	875.280	427.238	11.860	1.494	0.317	1.477	875.325	427.292	11.837	871	423	10	9	10	4
116	17.284	55.301	105	95	2438239	23221.324	4844.719	24045.000	15201	31930	803.990	559.257	11.333	1.304	0.390	1.370	804.077	559.254	11.376	800	555	10	9	9	3
117	25.351	69.472	154	104	5143006	33396.145	13952.402	31310.500	15168	65535	845.656	563.487	12.143	1.640	0.335	1.629	845.664	563.471	12.127	842	559	10	8	10	5
118	20.412	58.958	124	81	4674148	37694.742	17669.744	31866.000	15195	65535	812.839	581.290	12.476	1.633	0.438	1.616	812.829	581.251	12.521	811	578	10	5	8	6
119	11.029	36.545	67	67	1466253	21884.373	4009.719	21634.000	15359	30761	888.537	654.761	10.478	1.100	0.343	1.091	888.576	654.724	10.457	884	652	10	9	6	2
120	24.034	67.816	146	117	3640789	24936.910	7245.600	23433.000	15174	47033	802.966	728.466	11.938	1.545	0.397	1.515	803.024	728.563	11.940	799	724	10	9	10	4
121	19.424	53.096	118	85	3898538	33038.457	14442.550	29046.000	15219	65133	377.212	855.763	11.585	1.499	0.247	1.483	377.221	855.801	11.591	374	853	10	7	7	4
122	14.651	43.820	89	85	2222444	24971.281	6611.447	26048.000	15167	37616	342.539	877.281	11.382	1.199	0.327	1.214	342.420	877.268	11.423	340	874	10	7	8	3
123	12.181	37.753	74	60	2145741	28996.500	10612.866	26022.000	15878	57064	454.554	889.500	11.014	1.203	0.186	1.174	454.492	889.482	11.044	452	887	10	7	6	3
124	12.017	42.993	73	62	1647519	22568.754	5938.297	21159.000	15233	37731	977.521	423.877	11.822	1.228	0.306	1.231	977.544	423.868	11.786	975	420	11	6	9	3
125	15.309	45.165	93	77	2328497	25037.602	7381.256	23215.000	15312	43756	926.473	424.538	11.935	1.304	0.243	1.231	926.503	424.569	11.956	924	421	11	6	8	3
126	15.145	49.682	92	72	2351314	25557.762	9066.801	22216.000	15177	48953	985.576	445.120	12.511	1.329	0.283	1.419	985.453	445.126	12.501	982	442	11	8	7	4
127	26.832	65.540	163	119	4773925	29287.883	10231.384	27970.000	15184	57093	955.742	445.368	12.288	1.576	0.289	1.599	955.757	445.464	12.264	952	442	11	9	8	4
128	19.260	54.682	117	82	3963354	33874.820	14863.102	30385.000	15709	65535	837.120	486.547	12.632	1.505	0.272	1.531	837.120	486.549	12.605	834	483	11	7	8	5
129	9.712	36.719	59	49	1491607	25281.475	8547.136	23430.000	15210	44149	932.322	487.458	12.576	1.115	0.287	1.126	932.311	487.467	12.569	930	485	11	6	6	4
130	8.725	38.546	53	49	1266507	23896.359	6279.705	23462.000	15366	41285	710.038	540.453	12.415	1.198	0.532	1.129	710.029	540.220	12.433	709	536	11	4	12	4
131	19.754	56.131	120	81	4319384	35994.867	17221.039	30520.500	15311	65535	855.117	540.583	13.042	1.587	0.391	1.464	855.150	540.578	13.038	852	538	11	7	7	5
132	21.235	58.577	129	95	3923297	30413.154	13369.693	24978.000	15200	59908	967.566	577.008	12.434	1.492	0.229	1.503	967.456	576.819	12.430	964	574	11	8	9	4
133	23.704	77.989	144	111	4093080	28424.166	10012.534	25704.500	15238	52287	886.861	606.583	12.521	1.783	0.637	1.933	886.873	606.563	12.509	883	601	11	9	12	4
134	3.622	21.824	22	21	445970	20271.363	4172.108	18342.500	15172	28696	997.182	603.591	11.864	0.789	0.252	0.804	997.184	603.594	11.891	995	601	11	5	6	3
135	17.614	51.095	107	85	2871991	26841.037	9740.437	24263.000	15521	56196	811.084	615.579	12.206	1.340	0.238	1.348	811.101	615.480	12.223	808	612	11	7	8	4
136	12.511	42.408	76	63	2078235	27345.197	9484.668	25269.500	15278	52674	863.316	614.289	12.803	1.249	0.278	1.235	863.417	614.274	12.801	860	612	11	8	6	4
137	8.395	36.270	51	45	1087938	21332.117	5306.615	19133.000	15233	35625	829.686	641.255	12.078	1.074	0.295	1.130	829.627	641.236	12.094	828	638	11	5	7	3
138	20.248	60.749	123	99	3608611	29338.301	12554.807	26416.000	15333	65535	473.398	651.252	12.683	1.444	0.339	1.456	473.165	650.984	12.727	470	647	11	8	10	4
139	8.231	32.409	50	47	1298916	25978.320	7299.149	25481.000	15281	42262	368.480	772.080	12.440	1.054	0.311	0.980	368.492	772.033	12.421	365	770	11	8	5	4
140	1.811	14.550	11	11	196896	17899.637	1971.637	17749.000	15425	20706	982.000	369.727	12.091	0.714	0.276	0.678	982.005	369.662	12.078	981	367	12	4	5	2
141	12.511	40.373	76	63	1893660	24916.578	8032.257	23030.500	15195	47470	963.263	400.684	13.026	1.215	0.214	1.202	963.324	400.573	12.994	961	397	12	5	8	3
142	4.445	22.618	27	27	628322	23271.186	5860.305	22295.000	15295	34729	1014.630	400.481	13.407	0.972	0.404	0.861	1014.676	400.533	13.412	1014	396	12	2	9	3
143	10.535	47.199	64	63	1249832	19528.625	3276.557	18969.000	15244	30207	818.422	487.281	13.422	1.384	0.612	1.279	818.426	487.334	13.412	817	481	12	4	13	4
144	12.840	40.373	78	63	2158645	27674.936	9219.161	26507.500	15487	55615	869.628	498.013	12.923	1.242	0.231	1.235	869.646	498.070	12.888	867	494	12	6	8	3
145	17.943	51.198	109	85	3029952	27797.725	8655.666	26397.000	15315	51368	772.881	540.963	13.064	1.365	0.251	1.323	772.887	540.937	13.082	770	537	12	7	9	4
146	17.284	52.510	105	77	3429483	32661.742	15060.899	28694.000	15183	65535	794.267	545.181	13.848	1.454	0.347	1.430	794.242	545.234	13.800	792	542	12	6	8	5
147	16.791	51.198	102	84	2568152	25177.961	7275.549	24109.000	15219	42355	891.108	545.059	13.725	1.319	0.282	1.339	891.159	545.125	13.712	887	542	12	8	7	4
148	19.095	55.164	116	88	2941189	25355.078	7608.995	24435.500	15289	40787	767.983	559.879	13.603	1.427	0.316	1.422	767.951	559.784	13.577	764	556	12	8	8	4
149	3.292	21.272	20	20	341193	17059.650	1321.637	16874.000	15363	20877	661.000	573.100	12.350	0.892	0.374	0.866	660.964	573.071	12.353	658	570	12	7	6	2
150	9.218	33.650	56	46	1270634	22689.893	6165.293	20840.500	15295	37557	584.393	603.125	13.000	1.125	0.215	1.130	584.425	603.124	12.988	583	600	12	5	7	3
151	22.881	57.954	139	106	3980282	28635.123	9156.841	27175.000	15184	52451	663.065	608.597	12.993	1.496	0.314	1.452	663.092	608.646	12.995	659	605	12	10	8	3
152	16.626	50.613	101	73	2934220	29051.684	12501.729	24614.000	15205	65535	673.119	608.970	13.307	1.403	0.259	1.387	673.050	608.906	13.285	670	606	12	8	7	4
153	14.321	46.062	87	71	2132191	24507.943	7336.857	22177.000	15181	42215	573.736	616.184	13.483	1.272	0.357	1.290	573.714	616.227	13.487	571	613	12	7	7	4
154	7.408	30.271	45	43	941838	20929.732	3899.644	20255.000	15179	29505	844.556	628.733	13.289	0.967	0.275	0.976	844.560	628.725	13.276	842	626	12	6	6	3
155	19.260	61.060	117	89	3290715	28125.770	10840.382	25911.000	15243	57455	699.410	636.171	13.402	1.536	0.405	1.545	699.424	636.227	13.387	696	631	12	8	10	4
156	13.498	59.162	82	81	1600017	19512.402	3386.216	18916.000	15397	28740	490.329	645.293	13.073	1.795	0.593	1.819	490.339	645.279	13.069	486	640	12	10	12	3
157	25.186	61.404	153	104	5958916	38947.164	17616.439	34311.000	15465	65535	680.033	675.497	13.608	1.623	0.233	1.611	680.067	675.540	13.556	677	671	12	7	9	4
158	23.211	70.714	141	105	4210416	29861.105	11818.082	27884.000	15176	56772	600.369	682.333	13.695	1.651	0.430	1.678	600.212	682.164	13.647	595	679	12	11	9	4
159	7.901	35.166	48	48	932024	19417.166	3230.610	18016.500	15250	27027	725.188	694.354	12.875	1.018	0.335	1.051	725.193	694.462	12.886	723	691	12	6	7	3
160	8.066	31.375	49	42	1342321	27394.307	8390.456	28709.000	15435	41916	722.939	703.735	13.571	1.034	0.254	1.001	722.973	703.684	13.538	720	702	12	6	5	4
161	19.260	55.231	117	98	2785453	23807.291	6418.823	22609.000	15179	42993	749.316	708.453	13.120	1.387	0.281	1.397	749.347	708.511	13.119	746	704	12	8	10	3
162	12.346	41.614	75	60	2356194	31415.920	13831.045	27406.000	15375	65535	624.613	714.680	14.000	1.224	0.218	1.184	624.565	714.529	13.960	622	712	12	6	7	5
163	16.461	52.062	100	74	2803215	28032.150	11733.361	24319.500	15256	64225	598.050	734.520	14.160	1.427	0.332	1.356	598.113	734.507	14.103	595	732	12	8	6	5
164	3.622	19.927	22	22	396768	18034.908	2071.187	17674.500	15165	21674	489.682	741.682	12.955	0.773	0.290	0.832	489.669	741.729	12.961	488	739	12	5	6	2
165	2.469	16.721	15	15	271443	18096.199	3194.700	16863.000	15204	25760	382.467	751.467	12.067	0.804	0.354	0.677	382.368	751.508	12.060	380	749	12	6	5	2
166	19.754	63.094	120	88	3774205	31451.709	13000.240	28348.000	15352	65535	695.992	758.092	13.367	1.556	0.421	1.576	695.984	758.073	13.307	692	754	12	9	9	4
167	18.272	53.025	111	90	2863489	25797.197	8243.028	23418.000	15313	47960	560.829	830.784	13.135	1.396	0.319	1.374	560.886	830.835	13.169	558	826	12	6	10	3
168	24.363	65.540	148	110	4359882	29458.662	10610.195	26719.500	15358	53480	511.412	836.405	13.446	1.557	0.355	1.555	511.401	836.498	13.435	507	832	12	9	10	4
169	15.803	48.545	96	75	2913364	30347.541	12863.013	26486.500	15172	65535	374.865	909.281	13.125	1.329	0.241	1.329	374.813	909.363	13.112	372	906	12	7	7	4
170	6.585	27.617	40	37	886472	22161.801	5462.643	20483.000	15857	35055	892.275	444.825	13.875	0.998	0.256	1.049	892.210	444.836	13.847	890	443	13	6	4	3
171	6.255	24.133	38	38	776166	20425.422	3422.807	20115.000	15503	27804	906.079	446.526	13.526	0.894	0.257	0.881	906.208	446.587	13.511	903	444	13	6	6	2
172	5.103	23.203	31	31	608977	19644.420	3299.848	18991.000	15234	28765	794.290	495.129	13.548	0.825	0.215	0.832	794.312	495.085	13.552	792	493	13	5	6	2
173	4.609	20.583	28	28	565454	20194.785	4227.775	19433.500	15268	28546	1004.286	500.143	13.500	0.801	0.196	0.768	1004.219	500.216	13.485	1002	498	13	5	5	2
174	5.926	23.892	36	36	761515	21153.195	3344.126	20510.500	15355	29272	795.222	505.944	13.528	0.842	0.193	0.852	795.191	505.918	13.518	793	504	13	6	5	2
175	3.622	16.377	22	22	439306	19968.455	2638.545	19993.500	15463	24067	952.136	523.045	13.455	0.736	0.163	0.707	952.151	523.009	13.480	950	522	13	5	3	2
176	1.811	12.274	11	11	231135	21012.273	3120.639	19950.000	15832	25944	1017.909	552.091	13.455	0.707	0.200	0.644	1017.928	552.064	13.474	1017	550	13	3	5	2
177	19.589	53.544	119	83	3968159	33345.875	13901.766	30279.000	15415	65535	725.504	614.151	14.429	1.523	0.263	1.541	725.515	614.251	14.382	722	611	13	7	8	4
178	17.284	49.682	105	76	3042195	28973.285	10987.496	25777.000	15340	55674	524.171	635.019	14.267	1.431	0.244	1.412	524.120	634.995	14.253	521	632	13	7	7	4
179	19.095	60.715	116	88	2989026	25767.465	8422.873	24212.500	15332	48830	865.405	638.328	14.724	1.531	0.377	1.560	865.458	638.295	14.718	861	634	13	9	9	4
180	26.009	65.092	158	113	4203766	26606.113	9029.414	24401.500	15362	51954	453.709	648.323	14.513	1.587	0.252	1.609	453.816	648.268	14.465	450	644	13	8	10	4
181	4.938	23.099	30	29	588825	19627.500	3869.548	17977.500	15371	28490	626.433	646.067	13.767	0.835	0.224	0.852	626.409	646.057	13.790	624	644	13	6	5	3
182	4.445	24.341	27	26	540000	20000.000	3872.214	18484.000	15491	30280	615.148	649.259	13.889	0.898	0.311	0.915	615.114	649.230	13.889	613	647	13	6	6	3
183	9.383	35.133	57	47	1364521	23938.965	7357.195	21212.000	15400	44609	463.281	659.404	13.807	1.172	0.285	1.170	463.350	659.490	13.777	461	656	13	5	8	3
184	11.358	39.580	69	56	1650939	23926.652	7454.416	21395.000	15187	43192	512.261	658.551	14.072	1.180	0.197	1.165	512.298	658.523	14.094	509	655	13	7	8	3
185	26.667	71.989	162	117	4831330	29823.025	10193.494	27172.500	15260	52535	716.827	662.963	14.679	1.722	0.449	1.750	716.845	662.968	14.682	711	659	13	11	8	4
186	21.071	59.785	128	91	4203103	32836.742	15105.683	27938.500	15683	65535	528.258	666.336	14.414	1.590	0.310	1.617	528.376	666.217	14.404	525	663	13	8	8	4
187	8.725	31.960	53	46	1237062	23340.793	6193.259	21667.000	15358	39226	615.113	669.585	13.698	1.067	0.248	1.054	615.084	669.572	13.680	613	667	13	5	7	3
188	17.449	48.371	106	81	2705813	25526.537	8293.264	24129.500	15294	48974	484.849	687.311	14.000	1.333	0.190	1.341	484.983	687.315	14.014	481	684	13	8	8	3
189	8.231	31.271	50	41	1037426	20748.520	4862.815	18916.000	15427	32945	652.920	695.320	13.920	1.067	0.161	1.070	652.924	695.349	13.940	650	693	13	6	6	3
190	27.326	68.127	166	119	5160937	31089.982	12819.693	28593.000	15172	65535	608.223	696.458	14.193	1.641	0.307	1.659	608.271	696.502	14.152	604	694	13	11	7	4
191	23.869	61.886	145	108	4815282	33208.840	12279.869	31936.000	15230	63004	442.903	699.759	14.076	1.504	0.284	1.520	442.926	699.761	14.035	440	696	13	8	9	4
192	20.412	54.508	124	92	3647315	29413.830	10778.328	27823.000	15203	55839	417.435	704.782	14.032	1.416	0.220	1.441	417.508	704.863	14.033	414	701	13	8	8	4
193	7.901	28.996	48	41	1247366	25986.791	6470.136	24957.000	16445	45396	515.854	705.771	14.167	1.046	0.201	1.058	515.929	705.781	14.187	514	704	13	5	5	3
194	19.589	57.302	119	86	3981638	33459.145	14304.819	30743.000	15364	65535	566.370	720.807	15.050	1.473	0.276	1.433	566.351	720.877	15.033	563	718	13	8	7	5
195	3.622	20.238	22	21	425492	19340.545	3216.392	18830.000	15242	25163	473.818	746.000	14.136	0.773	0.266	0.844	473.877	746.001	14.136	472	744	13	4	5	3
196	9.054	32.064	55	47	1246792	22668.945	6290.751	21027.000	15197	37496	443.873	755.055	13.982	1.099	0.191	1.080	443.867	755.066	13.988	442	753	13	6	5	3
197	8.066	27.202	49	49	1039343	21211.082	4063.420	20319.000	15278	30225	625.592	763.082	13.531	0.965	0.277	0.946	625.596	763.006	13.530	623	761	13	6	6	2
198	10.206	37.063	62	51	1497717	24156.727	6907.762	22470.500	15329	37601	470.887	775.806	14.806	1.150	0.257	1.181	470.900	775.800	14.763	468	773	13	6	7	4
199	31.277	75.265	190	128	6985098	36763.672	16428.559	32511.000	15267	65535	599.468	777.832	15.326	1.768	0.327	1.767	599.463	777.915	15.323	594	775	13	11	7	5
200	21.894	70.436	133	112	3068829	23073.902	6354.763	21191.000	15165	41753	565.556	781.865	14.053	1.539	0.413	1.566	565.679	781.797	14.087	561	777	13	10	11	3
201	24.363	73.334	148	108	4355488	29428.973	10585.263	26884.000	15176	53932	496.520	827.385	14.723	1.683	0.461	1.700	496.436	827.284	14.727	492	823	13	10	10	4
202	18.931	52.751	115	82	3708209	32245.295	13104.169	31421.000	15318	64403	395.487	829.565	15.026	1.458	0.298	1.432	395.513	829.604	15.006	392	827	13	8	6	5
203	10.535	36.511	64	56	1466491	22913.922	6205.159	20718.500	15268	38919	443.297	835.641	13.875	1.154	0.263	1.132	443.315	835.577	13.878	440	834	13	8	5	3
204	17.284	56.472	105	105	2084337	19850.828	3666.396	18846.000	15200	30957	356.029	848.800	13.486	1.379	0.456	1.390	356.154	848.661	13.490	352	845	13	10	9	2
205	9.548	34.132	58	49	1224718	21115.828	5249.903	19605.000	15200	38524	690.190	611.948	15.069	1.106	0.179	1.113	690.150	612.000	15.075	688	609	14	5	7	3
206	17.120	51.302	104	81	2496542	24005.211	6529.641	21634.500	15360	40684	739.250	623.135	14.971	1.413	0.336	1.338	739.168	623.217	14.912	736	619	14	8	9	3
207	18.601	57.335	113	93	2577699	22811.496	4818.535	22682.000	15380	36544	437.265	659.504	14.894	1.346	0.303	1.406	437.250	659.478	14.870	434	656	14	8	8	3
208	5.597	24.237	34	34	643645	18930.734	3035.693	18083.500	15214	26744	510.294	670.206	14.382	0.854	0.219	0.850	510.357	670.294	14.366	508	668	14	5	6	2
209	18.272	52.336	111	89	2903087	26153.938	8320.334	25182.000	15288	50332	462.216	675.513	15.009	1.449	0.367	1.423	462.181	675.652	15.024	460	670	14	6	11	3
210	5.432	23.996	33	33	629507	19075.969	3392.879	18104.000	15238	31679	656.182	682.364	14.485	0.864	0.224	0.881	656.116	682.376	14.448	654	681	14	6	4	2
211	10.535	36.960	64	57	1498115	23408.047	6063.268	22370.500	15397	38352	590.203	718.672	15.203	1.127	0.275	1.129	590.251	718.638	15.222	588	716	14	6	6	3
212	6.914	30.030	42	40	826536	19679.428	2747.738	19832.500	15217	26339	701.524	729.762	14.690	0.973	0.282	0.997	701.557	729.796	14.708	698	727	14	7	6	3
213	16.791	56.542	102	88	2320685	22751.814	5525.279	21757.000	15263	38608	423.618	742.382	14.912	1.385	0.389	1.372	423.465	742.348	14.873	419	738	14	10	9	3
214	4.609	21.962	28	28	497137	17754.893	1943.745	17208.500	15283	21203	538.286	748.143	14.286	0.821	0.226	0.856	538.328	748.145	14.266	536	746	14	5	5	2
215	4.280	17.859	26	26	546148	21005.691	3821.304	20369.000	15206	30405	528.538	753.308	14.462	0.759	0.151	0.784	528.500	753.302	14.443	527	752	14	4	4	2
216	10.535	35.133	64	52	1597054	24953.969	7309.909	23516.000	15276	41212	475.219	767.781	14.938	1.145	0.154	1.160	475.273	767.802	14.929	473	765	14	6	6	3
217	7.737	28.651	47	40	1163184	24748.596	5881.607	23989.000	15229	35551	632.277	769.872	14.851	1.056	0.206	1.072	632.323	769.837	14.794	630	768	14	6	5	3
218	13.992	41.062	85	69	2262568	26618.447	7419.525	25854.000	15283	45040	394.471	774.012	15.082	1.249	0.192	1.258	394.446	773.984	15.058	392	771	14	6	7	3
219	6.255	27.858	38	34	778385	20483.816	4594.067	19566.000	15302	32144	511.895	778.184	15.132	0.963	0.222	0.968	511.832	778.178	15.156	510	775	14	5	7	3
220	15.474	47.440	94	77	2371446	25228.148	7446.397	24507.000	15210	40766	407.170	781.564	15.649	1.288	0.245	1.313	407.290	781.524	15.621	403	779	14	9	6	4
221	12.017	39.165	73	72	1469734	20133.342	2605.029	19948.000	15184	25693	522.699	804.219	14.507	1.106	0.325	1.116	522.721	804.180	14.504	519	801	14	8	7	3
222	15.309	48.889	93	70	2662549	28629.559	11310.091	25428.000	15384	55958	486.032	806.161	15.720	1.381	0.318	1.369	486.053	806.072	15.678	484	802	14	5	10	4
223	11.688	36.960	71	59	1965844	27687.943	8806.615	25478.000	15226	51233	453.423	836.239	14.972	1.201	0.218	1.189	453.493	836.216	14.983	450	834	14	8	5	3
224	11.523	51.439	70	68	1313275	18761.072	2838.849	17536.500	15227	25061	345.486	912.757	15.257	1.264	0.447	1.294	345.537	912.699	15.231	342	910	14	8	8	3
225	3.786	18.204	23	23	430744	18728.000	2820.896	18006.000	15223	24995	528.174	720.565	15.304	0.744	0.196	0.769	528.206	720.510	15.284	526	719	15	5	5	2
226	19.754	55.301	120	93	2869863	23915.525	6381.223	22325.000	15837	42456	361.667	787.242	16.017	1.459	0.349	1.444	361.646	787.207	16.017	357	784	15	10	8	3
227	19.918	54.404	121	100	2814067	23256.752	5611.870	21748.000	15454	43542	356.223	878.124	16.107	1.428	0.351	1.420	356.157	878.065	16.120	354	873	15	7	10	3
